1787664523.474074, NoOp Chain Depth 128 Size 0 Mode ref, pipeline, prepare, start, 9783589312614092
1787664523.485404, NoOp Chain Depth 128 Size 0 Mode ref, pipeline, prepare, end, 9783589323473700
1787664523.485936, NoOp Chain Depth 128 Size 0 Mode ref, pipeline - train, run, start, 322499377113353105660910828221562650140, 1787664523.485864, 1, 1, 9783589324003988
1787664523.486061, NoOp Chain Depth 128 Size 0 Mode ref, Ref Stage 0, run, start, 9783589324123636
1787664523.486177, NoOp Chain Depth 128 Size 0 Mode ref, Ref Stage 0, run, end, 9783589324238228
1787664523.486197, NoOp Chain Depth 128 Size 0 Mode ref, Ref Stage 1, run, start, 9783589324256868
1787664523.486276, NoOp Chain Depth 128 Size 0 Mode ref, Ref Stage 1, run, end, 9783589324336388
1787664523.486295, NoOp Chain Depth 128 Size 0 Mode ref, Ref Stage 2, run, start, 9783589324354708
1787664523.486320, NoOp Chain Depth 128 Size 0 Mode ref, Ref Stage 2, run, end, 9783589324379460
1787664523.486385, NoOp Chain Depth 128 Size 0 Mode ref, Ref Stage 3, run, start, 9783589324444868
1787664523.486409, NoOp Chain Depth 128 Size 0 Mode ref, Ref Stage 3, run, end, 9783589324468772
1787664523.486674, NoOp Chain Depth 128 Size 0 Mode ref, Ref Stage 4, run, start, 9783589324734164
1787664523.486702, NoOp Chain Depth 128 Size 0 Mode ref, Ref Stage 4, run, end, 9783589324761588
1787664523.486744, NoOp Chain Depth 128 Size 0 Mode ref, Ref Stage 5, run, start, 9783589324804004
1787664523.486768, NoOp Chain Depth 128 Size 0 Mode ref, Ref Stage 5, run, end, 9783589324827876
1787664523.486809, NoOp Chain Depth 128 Size 0 Mode ref, Ref Stage 6, run, start, 9783589324868883
1787664523.486832, NoOp Chain Depth 128 Size 0 Mode ref, Ref Stage 6, run, end, 9783589324892067
1787664523.486874, NoOp Chain Depth 128 Size 0 Mode ref, Ref Stage 7, run, start, 9783589324933347
1787664523.486897, NoOp Chain Depth 128 Size 0 Mode ref, Ref Stage 7, run, end, 9783589324956371
1787664523.486938, NoOp Chain Depth 128 Size 0 Mode ref, Ref Stage 8, run, start, 9783589324997203
1787664523.486969, NoOp Chain Depth 128 Size 0 Mode ref, Ref Stage 8, run, end, 9783589325029027
1787664523.486984, NoOp Chain Depth 128 Size 0 Mode ref, Ref Stage 9, run, start, 9783589325044003
1787664523.487536, NoOp Chain Depth 128 Size 0 Mode ref, Ref Stage 9, run, end, 9783589325596131
1787664523.487584, NoOp Chain Depth 128 Size 0 Mode ref, Ref Stage 10, run, start, 9783589325643843
1787664523.487609, NoOp Chain Depth 128 Size 0 Mode ref, Ref Stage 10, run, end, 9783589325668227
1787664523.487649, NoOp Chain Depth 128 Size 0 Mode ref, Ref Stage 11, run, start, 9783589325708675
1787664523.487672, NoOp Chain Depth 128 Size 0 Mode ref, Ref Stage 11, run, end, 9783589325731763
1787664523.487713, NoOp Chain Depth 128 Size 0 Mode ref, Ref Stage 12, run, start, 9783589325772739
1787664523.487736, NoOp Chain Depth 128 Size 0 Mode ref, Ref Stage 12, run, end, 9783589325795715
1787664523.487776, NoOp Chain Depth 128 Size 0 Mode ref, Ref Stage 13, run, start, 9783589325835235
1787664523.487798, NoOp Chain Depth 128 Size 0 Mode ref, Ref Stage 13, run, end, 9783589325857859
1787664523.487837, NoOp Chain Depth 128 Size 0 Mode ref, Ref Stage 14, run, start, 9783589325896211
1787664523.487859, NoOp Chain Depth 128 Size 0 Mode ref, Ref Stage 14, run, end, 9783589325918819
1787664523.488230, NoOp Chain Depth 128 Size 0 Mode ref, Ref Stage 15, run, start, 9783589326290067
1787664523.488257, NoOp Chain Depth 128 Size 0 Mode ref, Ref Stage 15, run, end, 9783589326316851
1787664523.488297, NoOp Chain Depth 128 Size 0 Mode ref, Ref Stage 16, run, start, 9783589326356226
1787664523.488320, NoOp Chain Depth 128 Size 0 Mode ref, Ref Stage 16, run, end, 9783589326379410
1787664523.488359, NoOp Chain Depth 128 Size 0 Mode ref, Ref Stage 17, run, start, 9783589326418498
1787664523.488381, NoOp Chain Depth 128 Size 0 Mode ref, Ref Stage 17, run, end, 9783589326440642
1787664523.488420, NoOp Chain Depth 128 Size 0 Mode ref, Ref Stage 18, run, start, 9783589326479378
1787664523.488443, NoOp Chain Depth 128 Size 0 Mode ref, Ref Stage 18, run, end, 9783589326502066
1787664523.488488, NoOp Chain Depth 128 Size 0 Mode ref, Ref Stage 19, run, start, 9783589326547266
1787664523.488511, NoOp Chain Depth 128 Size 0 Mode ref, Ref Stage 19, run, end, 9783589326570210
1787664523.488550, NoOp Chain Depth 128 Size 0 Mode ref, Ref Stage 20, run, start, 9783589326610018
1787664523.488574, NoOp Chain Depth 128 Size 0 Mode ref, Ref Stage 20, run, end, 9783589326632738
1787664523.488614, NoOp Chain Depth 128 Size 0 Mode ref, Ref Stage 21, run, start, 9783589326673202
1787664523.488636, NoOp Chain Depth 128 Size 0 Mode ref, Ref Stage 21, run, end, 9783589326695842
1787664523.488675, NoOp Chain Depth 128 Size 0 Mode ref, Ref Stage 22, run, start, 9783589326734210
1787664523.488697, NoOp Chain Depth 128 Size 0 Mode ref, Ref Stage 22, run, end, 9783589326756578
1787664523.488737, NoOp Chain Depth 128 Size 0 Mode ref, Ref Stage 23, run, start, 9783589326796466
1787664523.488770, NoOp Chain Depth 128 Size 0 Mode ref, Ref Stage 23, run, end, 9783589326828994
1787664523.488818, NoOp Chain Depth 128 Size 0 Mode ref, Ref Stage 24, run, start, 9783589326877522
1787664523.488851, NoOp Chain Depth 128 Size 0 Mode ref, Ref Stage 24, run, end, 9783589326910242
1787664523.489614, NoOp Chain Depth 128 Size 0 Mode ref, Ref Stage 25, run, start, 9783589327675042
1787664523.489642, NoOp Chain Depth 128 Size 0 Mode ref, Ref Stage 25, run, end, 9783589327701426
1787664523.489702, NoOp Chain Depth 128 Size 0 Mode ref, Ref Stage 26, run, start, 9783589327761378
1787664523.489725, NoOp Chain Depth 128 Size 0 Mode ref, Ref Stage 26, run, end, 9783589327784802
1787664523.489764, NoOp Chain Depth 128 Size 0 Mode ref, Ref Stage 27, run, start, 9783589327823890
1787664523.489787, NoOp Chain Depth 128 Size 0 Mode ref, Ref Stage 27, run, end, 9783589327846625
1787664523.489825, NoOp Chain Depth 128 Size 0 Mode ref, Ref Stage 28, run, start, 9783589327885009
1787664523.489848, NoOp Chain Depth 128 Size 0 Mode ref, Ref Stage 28, run, end, 9783589327907345
1787664523.489887, NoOp Chain Depth 128 Size 0 Mode ref, Ref Stage 29, run, start, 9783589327946305
1787664523.489909, NoOp Chain Depth 128 Size 0 Mode ref, Ref Stage 29, run, end, 9783589327968593
1787664523.490006, NoOp Chain Depth 128 Size 0 Mode ref, Ref Stage 30, run, start, 9783589328065441
1787664523.490041, NoOp Chain Depth 128 Size 0 Mode ref, Ref Stage 30, run, end, 9783589328099937
1787664523.490079, NoOp Chain Depth 128 Size 0 Mode ref, Ref Stage 31, run, start, 9783589328139313
1787664523.490112, NoOp Chain Depth 128 Size 0 Mode ref, Ref Stage 31, run, end, 9783589328171569
1787664523.490159, NoOp Chain Depth 128 Size 0 Mode ref, Ref Stage 32, run, start, 9783589328218705
1787664523.490192, NoOp Chain Depth 128 Size 0 Mode ref, Ref Stage 32, run, end, 9783589328251665
1787664523.490225, NoOp Chain Depth 128 Size 0 Mode ref, Ref Stage 33, run, start, 9783589328284593
1787664523.490923, NoOp Chain Depth 128 Size 0 Mode ref, Ref Stage 33, run, end, 9783589328983697
1787664523.490970, NoOp Chain Depth 128 Size 0 Mode ref, Ref Stage 34, run, start, 9783589329029569
1787664523.490995, NoOp Chain Depth 128 Size 0 Mode ref, Ref Stage 34, run, end, 9783589329053969
1787664523.491035, NoOp Chain Depth 128 Size 0 Mode ref, Ref Stage 35, run, start, 9783589329094785
1787664523.491058, NoOp Chain Depth 128 Size 0 Mode ref, Ref Stage 35, run, end, 9783589329117617
1787664523.491097, NoOp Chain Depth 128 Size 0 Mode ref, Ref Stage 36, run, start, 9783589329156721
1787664523.491121, NoOp Chain Depth 128 Size 0 Mode ref, Ref Stage 36, run, end, 9783589329180305
1787664523.491160, NoOp Chain Depth 128 Size 0 Mode ref, Ref Stage 37, run, start, 9783589329219681
1787664523.491183, NoOp Chain Depth 128 Size 0 Mode ref, Ref Stage 37, run, end, 9783589329242209
1787664523.491222, NoOp Chain Depth 128 Size 0 Mode ref, Ref Stage 38, run, start, 9783589329281217
1787664523.491246, NoOp Chain Depth 128 Size 0 Mode ref, Ref Stage 38, run, end, 9783589329305521
1787664523.491285, NoOp Chain Depth 128 Size 0 Mode ref, Ref Stage 39, run, start, 9783589329344801
1787664523.491308, NoOp Chain Depth 128 Size 0 Mode ref, Ref Stage 39, run, end, 9783589329367457
1787664523.491351, NoOp Chain Depth 128 Size 0 Mode ref, Ref Stage 40, run, start, 9783589329410240
1787664523.491383, NoOp Chain Depth 128 Size 0 Mode ref, Ref Stage 40, run, end, 9783589329442336
1787664523.491415, NoOp Chain Depth 128 Size 0 Mode ref, Ref Stage 41, run, start, 9783589329474624
1787664523.491463, NoOp Chain Depth 128 Size 0 Mode ref, Ref Stage 41, run, end, 9783589329521936
1787664523.491500, NoOp Chain Depth 128 Size 0 Mode ref, Ref Stage 42, run, start, 9783589329559888
1787664523.491523, NoOp Chain Depth 128 Size 0 Mode ref, Ref Stage 42, run, end, 9783589329582416
1787664523.491563, NoOp Chain Depth 128 Size 0 Mode ref, Ref Stage 43, run, start, 9783589329621888
1787664523.491585, NoOp Chain Depth 128 Size 0 Mode ref, Ref Stage 43, run, end, 9783589329644192
1787664523.491624, NoOp Chain Depth 128 Size 0 Mode ref, Ref Stage 44, run, start, 9783589329683648
1787664523.491647, NoOp Chain Depth 128 Size 0 Mode ref, Ref Stage 44, run, end, 9783589329706112
1787664523.491687, NoOp Chain Depth 128 Size 0 Mode ref, Ref Stage 45, run, start, 9783589329746640
1787664523.491719, NoOp Chain Depth 128 Size 0 Mode ref, Ref Stage 45, run, end, 9783589329778720
1787664523.491766, NoOp Chain Depth 128 Size 0 Mode ref, Ref Stage 46, run, start, 9783589329825600
1787664523.492718, NoOp Chain Depth 128 Size 0 Mode ref, Ref Stage 46, run, end, 9783589330777824
1787664523.492764, NoOp Chain Depth 128 Size 0 Mode ref, Ref Stage 47, run, start, 9783589330823408
1787664523.492788, NoOp Chain Depth 128 Size 0 Mode ref, Ref Stage 47, run, end, 9783589330847536
1787664523.492827, NoOp Chain Depth 128 Size 0 Mode ref, Ref Stage 48, run, start, 9783589330886448
1787664523.492850, NoOp Chain Depth 128 Size 0 Mode ref, Ref Stage 48, run, end, 9783589330909152
1787664523.492888, NoOp Chain Depth 128 Size 0 Mode ref, Ref Stage 49, run, start, 9783589330947504
1787664523.492911, NoOp Chain Depth 128 Size 0 Mode ref, Ref Stage 49, run, end, 9783589330969887
1787664523.492954, NoOp Chain Depth 128 Size 0 Mode ref, Ref Stage 50, run, start, 9783589331013503
1787664523.492977, NoOp Chain Depth 128 Size 0 Mode ref, Ref Stage 50, run, end, 9783589331036687
1787664523.493016, NoOp Chain Depth 128 Size 0 Mode ref, Ref Stage 51, run, start, 9783589331075279
1787664523.493038, NoOp Chain Depth 128 Size 0 Mode ref, Ref Stage 51, run, end, 9783589331097743
1787664523.493078, NoOp Chain Depth 128 Size 0 Mode ref, Ref Stage 52, run, start, 9783589331136943
1787664523.493101, NoOp Chain Depth 128 Size 0 Mode ref, Ref Stage 52, run, end, 9783589331160207
1787664523.493140, NoOp Chain Depth 128 Size 0 Mode ref, Ref Stage 53, run, start, 9783589331199823
1787664523.493163, NoOp Chain Depth 128 Size 0 Mode ref, Ref Stage 53, run, end, 9783589331222687
1787664523.493202, NoOp Chain Depth 128 Size 0 Mode ref, Ref Stage 54, run, start, 9783589331262127
1787664523.493225, NoOp Chain Depth 128 Size 0 Mode ref, Ref Stage 54, run, end, 9783589331284703
1787664523.493265, NoOp Chain Depth 128 Size 0 Mode ref, Ref Stage 55, run, start, 9783589331324223
1787664523.493287, NoOp Chain Depth 128 Size 0 Mode ref, Ref Stage 55, run, end, 9783589331347135
1787664523.493329, NoOp Chain Depth 128 Size 0 Mode ref, Ref Stage 56, run, start, 9783589331388383
1787664523.493362, NoOp Chain Depth 128 Size 0 Mode ref, Ref Stage 56, run, end, 9783589331421807
1787664523.493401, NoOp Chain Depth 128 Size 0 Mode ref, Ref Stage 57, run, start, 9783589331460447
1787664523.493434, NoOp Chain Depth 128 Size 0 Mode ref, Ref Stage 57, run, end, 9783589331493775
1787664523.493483, NoOp Chain Depth 128 Size 0 Mode ref, Ref Stage 58, run, start, 9783589331542351
1787664523.494450, NoOp Chain Depth 128 Size 0 Mode ref, Ref Stage 58, run, end, 9783589332510094
1787664523.494497, NoOp Chain Depth 128 Size 0 Mode ref, Ref Stage 59, run, start, 9783589332557166
1787664523.494523, NoOp Chain Depth 128 Size 0 Mode ref, Ref Stage 59, run, end, 9783589332582366
1787664523.494564, NoOp Chain Depth 128 Size 0 Mode ref, Ref Stage 60, run, start, 9783589332623166
1787664523.494589, NoOp Chain Depth 128 Size 0 Mode ref, Ref Stage 60, run, end, 9783589332648862
1787664523.494630, NoOp Chain Depth 128 Size 0 Mode ref, Ref Stage 61, run, start, 9783589332689774
1787664523.494653, NoOp Chain Depth 128 Size 0 Mode ref, Ref Stage 61, run, end, 9783589332712878
1787664523.494693, NoOp Chain Depth 128 Size 0 Mode ref, Ref Stage 62, run, start, 9783589332753038
1787664523.494716, NoOp Chain Depth 128 Size 0 Mode ref, Ref Stage 62, run, end, 9783589332775598
1787664523.494757, NoOp Chain Depth 128 Size 0 Mode ref, Ref Stage 63, run, start, 9783589332816862
1787664523.494780, NoOp Chain Depth 128 Size 0 Mode ref, Ref Stage 63, run, end, 9783589332839438
1787664523.494820, NoOp Chain Depth 128 Size 0 Mode ref, Ref Stage 64, run, start, 9783589332879758
1787664523.494843, NoOp Chain Depth 128 Size 0 Mode ref, Ref Stage 64, run, end, 9783589332902638
1787664523.494883, NoOp Chain Depth 128 Size 0 Mode ref, Ref Stage 65, run, start, 9783589332942846
1787664523.494906, NoOp Chain Depth 128 Size 0 Mode ref, Ref Stage 65, run, end, 9783589332965294
1787664523.494947, NoOp Chain Depth 128 Size 0 Mode ref, Ref Stage 66, run, start, 9783589333006958
1787664523.494971, NoOp Chain Depth 128 Size 0 Mode ref, Ref Stage 66, run, end, 9783589333030286
1787664523.495011, NoOp Chain Depth 128 Size 0 Mode ref, Ref Stage 67, run, start, 9783589333070638
1787664523.495034, NoOp Chain Depth 128 Size 0 Mode ref, Ref Stage 67, run, end, 9783589333093534
1787664523.495073, NoOp Chain Depth 128 Size 0 Mode ref, Ref Stage 68, run, start, 9783589333132446
1787664523.495095, NoOp Chain Depth 128 Size 0 Mode ref, Ref Stage 68, run, end, 9783589333155086
1787664523.495136, NoOp Chain Depth 128 Size 0 Mode ref, Ref Stage 69, run, start, 9783589333195262
1787664523.495158, NoOp Chain Depth 128 Size 0 Mode ref, Ref Stage 69, run, end, 9783589333217678
1787664523.495199, NoOp Chain Depth 128 Size 0 Mode ref, Ref Stage 70, run, start, 9783589333258638
1787664523.495222, NoOp Chain Depth 128 Size 0 Mode ref, Ref Stage 70, run, end, 9783589333281326
1787664523.495261, NoOp Chain Depth 128 Size 0 Mode ref, Ref Stage 71, run, start, 9783589333320734
1787664523.495284, NoOp Chain Depth 128 Size 0 Mode ref, Ref Stage 71, run, end, 9783589333343438
1787664523.495324, NoOp Chain Depth 128 Size 0 Mode ref, Ref Stage 72, run, start, 9783589333383950
1787664523.495347, NoOp Chain Depth 128 Size 0 Mode ref, Ref Stage 72, run, end, 9783589333406542
1787664523.495387, NoOp Chain Depth 128 Size 0 Mode ref, Ref Stage 73, run, start, 9783589333446206
1787664523.495410, NoOp Chain Depth 128 Size 0 Mode ref, Ref Stage 73, run, end, 9783589333469006
1787664523.495451, NoOp Chain Depth 128 Size 0 Mode ref, Ref Stage 74, run, start, 9783589333510142
1787664523.495483, NoOp Chain Depth 128 Size 0 Mode ref, Ref Stage 74, run, end, 9783589333542318
1787664523.495522, NoOp Chain Depth 128 Size 0 Mode ref, Ref Stage 75, run, start, 9783589333581406
1787664523.495554, NoOp Chain Depth 128 Size 0 Mode ref, Ref Stage 75, run, end, 9783589333613454
1787664523.495600, NoOp Chain Depth 128 Size 0 Mode ref, Ref Stage 76, run, start, 9783589333659726
1787664523.495623, NoOp Chain Depth 128 Size 0 Mode ref, Ref Stage 76, run, end, 9783589333682110
1787664523.495662, NoOp Chain Depth 128 Size 0 Mode ref, Ref Stage 77, run, start, 9783589333721598
1787664523.495685, NoOp Chain Depth 128 Size 0 Mode ref, Ref Stage 77, run, end, 9783589333744286
1787664523.495724, NoOp Chain Depth 128 Size 0 Mode ref, Ref Stage 78, run, start, 9783589333783822
1787664523.495747, NoOp Chain Depth 128 Size 0 Mode ref, Ref Stage 78, run, end, 9783589333806430
1787664523.495787, NoOp Chain Depth 128 Size 0 Mode ref, Ref Stage 79, run, start, 9783589333846734
1787664523.495810, NoOp Chain Depth 128 Size 0 Mode ref, Ref Stage 79, run, end, 9783589333869166
1787664523.495850, NoOp Chain Depth 128 Size 0 Mode ref, Ref Stage 80, run, start, 9783589333909246
1787664523.495872, NoOp Chain Depth 128 Size 0 Mode ref, Ref Stage 80, run, end, 9783589333931613
1787664523.497509, NoOp Chain Depth 128 Size 0 Mode ref, Ref Stage 81, run, start, 9783589335569804
1787664523.497540, NoOp Chain Depth 128 Size 0 Mode ref, Ref Stage 81, run, end, 9783589335599724
1787664523.497585, NoOp Chain Depth 128 Size 0 Mode ref, Ref Stage 82, run, start, 9783589335645372
1787664523.497609, NoOp Chain Depth 128 Size 0 Mode ref, Ref Stage 82, run, end, 9783589335669036
1787664523.497650, NoOp Chain Depth 128 Size 0 Mode ref, Ref Stage 83, run, start, 9783589335709164
1787664523.497673, NoOp Chain Depth 128 Size 0 Mode ref, Ref Stage 83, run, end, 9783589335732172
1787664523.497712, NoOp Chain Depth 128 Size 0 Mode ref, Ref Stage 84, run, start, 9783589335771628
1787664523.497735, NoOp Chain Depth 128 Size 0 Mode ref, Ref Stage 84, run, end, 9783589335794396
1787664523.497777, NoOp Chain Depth 128 Size 0 Mode ref, Ref Stage 85, run, start, 9783589335836044
1787664523.497799, NoOp Chain Depth 128 Size 0 Mode ref, Ref Stage 85, run, end, 9783589335858444
1787664523.497838, NoOp Chain Depth 128 Size 0 Mode ref, Ref Stage 86, run, start, 9783589335897804
1787664523.497861, NoOp Chain Depth 128 Size 0 Mode ref, Ref Stage 86, run, end, 9783589335920444
1787664523.497900, NoOp Chain Depth 128 Size 0 Mode ref, Ref Stage 87, run, start, 9783589335959996
1787664523.497923, NoOp Chain Depth 128 Size 0 Mode ref, Ref Stage 87, run, end, 9783589335982524
1787664523.497990, NoOp Chain Depth 128 Size 0 Mode ref, Ref Stage 88, run, start, 9783589336049260
1787664523.498013, NoOp Chain Depth 128 Size 0 Mode ref, Ref Stage 88, run, end, 9783589336072764
1787664523.498053, NoOp Chain Depth 128 Size 0 Mode ref, Ref Stage 89, run, start, 9783589336112812
1787664523.498076, NoOp Chain Depth 128 Size 0 Mode ref, Ref Stage 89, run, end, 9783589336135212
1787664523.498115, NoOp Chain Depth 128 Size 0 Mode ref, Ref Stage 90, run, start, 9783589336174876
1787664523.498138, NoOp Chain Depth 128 Size 0 Mode ref, Ref Stage 90, run, end, 9783589336197436
1787664523.498177, NoOp Chain Depth 128 Size 0 Mode ref, Ref Stage 91, run, start, 9783589336236860
1787664523.498200, NoOp Chain Depth 128 Size 0 Mode ref, Ref Stage 91, run, end, 9783589336259308
1787664523.498240, NoOp Chain Depth 128 Size 0 Mode ref, Ref Stage 92, run, start, 9783589336300268
1787664523.498273, NoOp Chain Depth 128 Size 0 Mode ref, Ref Stage 92, run, end, 9783589336332428
1787664523.498313, NoOp Chain Depth 128 Size 0 Mode ref, Ref Stage 93, run, start, 9783589336372732
1787664523.498345, NoOp Chain Depth 128 Size 0 Mode ref, Ref Stage 93, run, end, 9783589336404780
1787664523.498393, NoOp Chain Depth 128 Size 0 Mode ref, Ref Stage 94, run, start, 9783589336452364
1787664523.498425, NoOp Chain Depth 128 Size 0 Mode ref, Ref Stage 94, run, end, 9783589336484684
1787664523.498472, NoOp Chain Depth 128 Size 0 Mode ref, Ref Stage 95, run, start, 9783589336532124
1787664523.498954, NoOp Chain Depth 128 Size 0 Mode ref, Ref Stage 95, run, end, 9783589337013948
1787664523.498999, NoOp Chain Depth 128 Size 0 Mode ref, Ref Stage 96, run, start, 9783589337058588
1787664523.499023, NoOp Chain Depth 128 Size 0 Mode ref, Ref Stage 96, run, end, 9783589337082475
1787664523.499063, NoOp Chain Depth 128 Size 0 Mode ref, Ref Stage 97, run, start, 9783589337123083
1787664523.499087, NoOp Chain Depth 128 Size 0 Mode ref, Ref Stage 97, run, end, 9783589337146587
1787664523.499127, NoOp Chain Depth 128 Size 0 Mode ref, Ref Stage 98, run, start, 9783589337186619
1787664523.499150, NoOp Chain Depth 128 Size 0 Mode ref, Ref Stage 98, run, end, 9783589337209275
1787664523.499190, NoOp Chain Depth 128 Size 0 Mode ref, Ref Stage 99, run, start, 9783589337249323
1787664523.499213, NoOp Chain Depth 128 Size 0 Mode ref, Ref Stage 99, run, end, 9783589337272411
1787664523.499253, NoOp Chain Depth 128 Size 0 Mode ref, Ref Stage 100, run, start, 9783589337312747
1787664523.499286, NoOp Chain Depth 128 Size 0 Mode ref, Ref Stage 100, run, end, 9783589337345531
1787664523.499326, NoOp Chain Depth 128 Size 0 Mode ref, Ref Stage 101, run, start, 9783589337385035
1787664523.499359, NoOp Chain Depth 128 Size 0 Mode ref, Ref Stage 101, run, end, 9783589337418059
1787664523.499409, NoOp Chain Depth 128 Size 0 Mode ref, Ref Stage 102, run, start, 9783589337468395
1787664523.499441, NoOp Chain Depth 128 Size 0 Mode ref, Ref Stage 102, run, end, 9783589337500379
1787664523.499474, NoOp Chain Depth 128 Size 0 Mode ref, Ref Stage 103, run, start, 9783589337533899
1787664523.500641, NoOp Chain Depth 128 Size 0 Mode ref, Ref Stage 103, run, end, 9783589338701258
1787664523.500683, NoOp Chain Depth 128 Size 0 Mode ref, Ref Stage 104, run, start, 9783589338743226
1787664523.500707, NoOp Chain Depth 128 Size 0 Mode ref, Ref Stage 104, run, end, 9783589338766634
1787664523.500747, NoOp Chain Depth 128 Size 0 Mode ref, Ref Stage 105, run, start, 9783589338806698
1787664523.500770, NoOp Chain Depth 128 Size 0 Mode ref, Ref Stage 105, run, end, 9783589338829130
1787664523.500810, NoOp Chain Depth 128 Size 0 Mode ref, Ref Stage 106, run, start, 9783589338869642
1787664523.500833, NoOp Chain Depth 128 Size 0 Mode ref, Ref Stage 106, run, end, 9783589338892186
1787664523.500873, NoOp Chain Depth 128 Size 0 Mode ref, Ref Stage 107, run, start, 9783589338932314
1787664523.500896, NoOp Chain Depth 128 Size 0 Mode ref, Ref Stage 107, run, end, 9783589338955274
1787664523.500937, NoOp Chain Depth 128 Size 0 Mode ref, Ref Stage 108, run, start, 9783589338997002
1787664523.500977, NoOp Chain Depth 128 Size 0 Mode ref, Ref Stage 108, run, end, 9783589339036122
1787664523.501016, NoOp Chain Depth 128 Size 0 Mode ref, Ref Stage 109, run, start, 9783589339076026
1787664523.501049, NoOp Chain Depth 128 Size 0 Mode ref, Ref Stage 109, run, end, 9783589339108442
1787664523.501096, NoOp Chain Depth 128 Size 0 Mode ref, Ref Stage 110, run, start, 9783589339155674
1787664523.501129, NoOp Chain Depth 128 Size 0 Mode ref, Ref Stage 110, run, end, 9783589339188458
1787664523.501176, NoOp Chain Depth 128 Size 0 Mode ref, Ref Stage 111, run, start, 9783589339235370
1787664523.501208, NoOp Chain Depth 128 Size 0 Mode ref, Ref Stage 111, run, end, 9783589339267450
1787664523.501863, NoOp Chain Depth 128 Size 0 Mode ref, Ref Stage 112, run, start, 9783589339922810
1787664523.501888, NoOp Chain Depth 128 Size 0 Mode ref, Ref Stage 112, run, end, 9783589339947434
1787664523.501928, NoOp Chain Depth 128 Size 0 Mode ref, Ref Stage 113, run, start, 9783589339987946
1787664523.501953, NoOp Chain Depth 128 Size 0 Mode ref, Ref Stage 113, run, end, 9783589340012730
1787664523.501994, NoOp Chain Depth 128 Size 0 Mode ref, Ref Stage 114, run, start, 9783589340053929
1787664523.502017, NoOp Chain Depth 128 Size 0 Mode ref, Ref Stage 114, run, end, 9783589340076473
1787664523.502056, NoOp Chain Depth 128 Size 0 Mode ref, Ref Stage 115, run, start, 9783589340115657
1787664523.502079, NoOp Chain Depth 128 Size 0 Mode ref, Ref Stage 115, run, end, 9783589340137993
1787664523.502120, NoOp Chain Depth 128 Size 0 Mode ref, Ref Stage 116, run, start, 9783589340179337
1787664523.502143, NoOp Chain Depth 128 Size 0 Mode ref, Ref Stage 116, run, end, 9783589340202105
1787664523.502183, NoOp Chain Depth 128 Size 0 Mode ref, Ref Stage 117, run, start, 9783589340242745
1787664523.502206, NoOp Chain Depth 128 Size 0 Mode ref, Ref Stage 117, run, end, 9783589340265289
1787664523.502246, NoOp Chain Depth 128 Size 0 Mode ref, Ref Stage 118, run, start, 9783589340305913
1787664523.502278, NoOp Chain Depth 128 Size 0 Mode ref, Ref Stage 118, run, end, 9783589340337945
1787664523.502317, NoOp Chain Depth 128 Size 0 Mode ref, Ref Stage 119, run, start, 9783589340376681
1787664523.502350, NoOp Chain Depth 128 Size 0 Mode ref, Ref Stage 119, run, end, 9783589340408937
1787664523.502397, NoOp Chain Depth 128 Size 0 Mode ref, Ref Stage 120, run, start, 9783589340456233
1787664523.502429, NoOp Chain Depth 128 Size 0 Mode ref, Ref Stage 120, run, end, 9783589340488489
1787664523.502476, NoOp Chain Depth 128 Size 0 Mode ref, Ref Stage 121, run, start, 9783589340534969
1787664523.502497, NoOp Chain Depth 128 Size 0 Mode ref, Ref Stage 121, run, end, 9783589340557033
1787664523.502538, NoOp Chain Depth 128 Size 0 Mode ref, Ref Stage 122, run, start, 9783589340597769
1787664523.502563, NoOp Chain Depth 128 Size 0 Mode ref, Ref Stage 122, run, end, 9783589340621929
1787664523.502601, NoOp Chain Depth 128 Size 0 Mode ref, Ref Stage 123, run, start, 9783589340660745
1787664523.502624, NoOp Chain Depth 128 Size 0 Mode ref, Ref Stage 123, run, end, 9783589340682777
1787664523.502664, NoOp Chain Depth 128 Size 0 Mode ref, Ref Stage 124, run, start, 9783589340723769
1787664523.502697, NoOp Chain Depth 128 Size 0 Mode ref, Ref Stage 124, run, end, 9783589340755993
1787664523.502744, NoOp Chain Depth 128 Size 0 Mode ref, Ref Stage 125, run, start, 9783589340803193
1787664523.502776, NoOp Chain Depth 128 Size 0 Mode ref, Ref Stage 125, run, end, 9783589340835737
1787664523.503760, NoOp Chain Depth 128 Size 0 Mode ref, Ref Stage 126, run, start, 9783589341819960
1787664523.503787, NoOp Chain Depth 128 Size 0 Mode ref, Ref Stage 126, run, end, 9783589341846968
1787664523.503851, NoOp Chain Depth 128 Size 0 Mode ref, Ref Stage 127, run, start, 9783589341910504
1787664523.503874, NoOp Chain Depth 128 Size 0 Mode ref, Ref Stage 127, run, end, 9783589341933640
1787664523.503916, NoOp Chain Depth 128 Size 0 Mode ref, pipeline - train, run, end, 322499377113353105660910828221562650140, 1787664523.485864, 1, 1, 9783589341975400
1787664523.503986, NoOp Chain Depth 128 Size 0 Mode ref, pipeline - train, run, start, 269695565562057862175552902299777384909, 1787664523.503965, 2, 1, 9783589342045976
1787664523.504024, NoOp Chain Depth 128 Size 0 Mode ref, Ref Stage 0, run, start, 9783589342084040
1787664523.504048, NoOp Chain Depth 128 Size 0 Mode ref, Ref Stage 0, run, end, 9783589342107752
1787664523.504089, NoOp Chain Depth 128 Size 0 Mode ref, Ref Stage 1, run, start, 9783589342149032
1787664523.504113, NoOp Chain Depth 128 Size 0 Mode ref, Ref Stage 1, run, end, 9783589342172408
1787664523.504153, NoOp Chain Depth 128 Size 0 Mode ref, Ref Stage 2, run, start, 9783589342213064
1787664523.504177, NoOp Chain Depth 128 Size 0 Mode ref, Ref Stage 2, run, end, 9783589342236056
1787664523.504217, NoOp Chain Depth 128 Size 0 Mode ref, Ref Stage 3, run, start, 9783589342276376
1787664523.504240, NoOp Chain Depth 128 Size 0 Mode ref, Ref Stage 3, run, end, 9783589342299144
1787664523.504279, NoOp Chain Depth 128 Size 0 Mode ref, Ref Stage 4, run, start, 9783589342338504
1787664523.504302, NoOp Chain Depth 128 Size 0 Mode ref, Ref Stage 4, run, end, 9783589342361064
1787664523.504341, NoOp Chain Depth 128 Size 0 Mode ref, Ref Stage 5, run, start, 9783589342400792
1787664523.504364, NoOp Chain Depth 128 Size 0 Mode ref, Ref Stage 5, run, end, 9783589342423192
1787664523.504403, NoOp Chain Depth 128 Size 0 Mode ref, Ref Stage 6, run, start, 9783589342462456
1787664523.504426, NoOp Chain Depth 128 Size 0 Mode ref, Ref Stage 6, run, end, 9783589342484760
1787664523.504464, NoOp Chain Depth 128 Size 0 Mode ref, Ref Stage 7, run, start, 9783589342523752
1787664523.504489, NoOp Chain Depth 128 Size 0 Mode ref, Ref Stage 7, run, end, 9783589342549032
1787664523.504532, NoOp Chain Depth 128 Size 0 Mode ref, Ref Stage 8, run, start, 9783589342591544
1787664523.504555, NoOp Chain Depth 128 Size 0 Mode ref, Ref Stage 8, run, end, 9783589342614488
1787664523.504594, NoOp Chain Depth 128 Size 0 Mode ref, Ref Stage 9, run, start, 9783589342653272
1787664523.504616, NoOp Chain Depth 128 Size 0 Mode ref, Ref Stage 9, run, end, 9783589342675640
1787664523.504656, NoOp Chain Depth 128 Size 0 Mode ref, Ref Stage 10, run, start, 9783589342715000
1787664523.504679, NoOp Chain Depth 128 Size 0 Mode ref, Ref Stage 10, run, end, 9783589342737960
1787664523.504719, NoOp Chain Depth 128 Size 0 Mode ref, Ref Stage 11, run, start, 9783589342778584
1787664523.504742, NoOp Chain Depth 128 Size 0 Mode ref, Ref Stage 11, run, end, 9783589342801080
1787664523.504781, NoOp Chain Depth 128 Size 0 Mode ref, Ref Stage 12, run, start, 9783589342840696
1787664523.504804, NoOp Chain Depth 128 Size 0 Mode ref, Ref Stage 12, run, end, 9783589342863352
1787664523.504843, NoOp Chain Depth 128 Size 0 Mode ref, Ref Stage 13, run, start, 9783589342902616
1787664523.504868, NoOp Chain Depth 128 Size 0 Mode ref, Ref Stage 13, run, end, 9783589342927160
1787664523.504908, NoOp Chain Depth 128 Size 0 Mode ref, Ref Stage 14, run, start, 9783589342967896
1787664523.504941, NoOp Chain Depth 128 Size 0 Mode ref, Ref Stage 14, run, end, 9783589343000040
1787664523.504995, NoOp Chain Depth 128 Size 0 Mode ref, Ref Stage 15, run, start, 9783589343054632
1787664523.505044, NoOp Chain Depth 128 Size 0 Mode ref, Ref Stage 15, run, end, 9783589343103976
1787664523.505083, NoOp Chain Depth 128 Size 0 Mode ref, Ref Stage 16, run, start, 9783589343142968
1787664523.505106, NoOp Chain Depth 128 Size 0 Mode ref, Ref Stage 16, run, end, 9783589343165975
1787664523.505147, NoOp Chain Depth 128 Size 0 Mode ref, Ref Stage 17, run, start, 9783589343206839
1787664523.505170, NoOp Chain Depth 128 Size 0 Mode ref, Ref Stage 17, run, end, 9783589343229607
1787664523.505210, NoOp Chain Depth 128 Size 0 Mode ref, Ref Stage 18, run, start, 9783589343269975
1787664523.505234, NoOp Chain Depth 128 Size 0 Mode ref, Ref Stage 18, run, end, 9783589343294071
1787664523.505278, NoOp Chain Depth 128 Size 0 Mode ref, Ref Stage 19, run, start, 9783589343337495
1787664523.505302, NoOp Chain Depth 128 Size 0 Mode ref, Ref Stage 19, run, end, 9783589343361367
1787664523.505344, NoOp Chain Depth 128 Size 0 Mode ref, Ref Stage 20, run, start, 9783589343403447
1787664523.505377, NoOp Chain Depth 128 Size 0 Mode ref, Ref Stage 20, run, end, 9783589343436295
1787664523.505416, NoOp Chain Depth 128 Size 0 Mode ref, Ref Stage 21, run, start, 9783589343475495
1787664523.505448, NoOp Chain Depth 128 Size 0 Mode ref, Ref Stage 21, run, end, 9783589343507639
1787664523.505495, NoOp Chain Depth 128 Size 0 Mode ref, Ref Stage 22, run, start, 9783589343554567
1787664523.505991, NoOp Chain Depth 128 Size 0 Mode ref, Ref Stage 22, run, end, 9783589344050887
1787664523.506037, NoOp Chain Depth 128 Size 0 Mode ref, Ref Stage 23, run, start, 9783589344096391
1787664523.506064, NoOp Chain Depth 128 Size 0 Mode ref, Ref Stage 23, run, end, 9783589344123495
1787664523.506077, NoOp Chain Depth 128 Size 0 Mode ref, Ref Stage 24, run, start, 9783589344136583
1787664523.506142, NoOp Chain Depth 128 Size 0 Mode ref, Ref Stage 24, run, end, 9783589344201175
1787664523.506158, NoOp Chain Depth 128 Size 0 Mode ref, Ref Stage 25, run, start, 9783589344217079
1787664523.506180, NoOp Chain Depth 128 Size 0 Mode ref, Ref Stage 25, run, end, 9783589344239271
1787664523.506196, NoOp Chain Depth 128 Size 0 Mode ref, Ref Stage 26, run, start, 9783589344254871
1787664523.506218, NoOp Chain Depth 128 Size 0 Mode ref, Ref Stage 26, run, end, 9783589344277447
1787664523.506299, NoOp Chain Depth 128 Size 0 Mode ref, Ref Stage 27, run, start, 9783589344358759
1787664523.506322, NoOp Chain Depth 128 Size 0 Mode ref, Ref Stage 27, run, end, 9783589344381239
1787664523.506361, NoOp Chain Depth 128 Size 0 Mode ref, Ref Stage 28, run, start, 9783589344420263
1787664523.506383, NoOp Chain Depth 128 Size 0 Mode ref, Ref Stage 28, run, end, 9783589344442615
1787664523.506422, NoOp Chain Depth 128 Size 0 Mode ref, Ref Stage 29, run, start, 9783589344481479
1787664523.506444, NoOp Chain Depth 128 Size 0 Mode ref, Ref Stage 29, run, end, 9783589344503767
1787664523.506483, NoOp Chain Depth 128 Size 0 Mode ref, Ref Stage 30, run, start, 9783589344542551
1787664523.506505, NoOp Chain Depth 128 Size 0 Mode ref, Ref Stage 30, run, end, 9783589344564551
1787664523.506544, NoOp Chain Depth 128 Size 0 Mode ref, Ref Stage 31, run, start, 9783589344604103
1787664523.506569, NoOp Chain Depth 128 Size 0 Mode ref, Ref Stage 31, run, end, 9783589344628791
1787664523.506582, NoOp Chain Depth 128 Size 0 Mode ref, Ref Stage 32, run, start, 9783589344641735
1787664523.506641, NoOp Chain Depth 128 Size 0 Mode ref, Ref Stage 32, run, end, 9783589344700134
1787664523.506679, NoOp Chain Depth 128 Size 0 Mode ref, Ref Stage 33, run, start, 9783589344738918
1787664523.506701, NoOp Chain Depth 128 Size 0 Mode ref, Ref Stage 33, run, end, 9783589344761046
1787664523.506744, NoOp Chain Depth 128 Size 0 Mode ref, Ref Stage 34, run, start, 9783589344803014
1787664523.506766, NoOp Chain Depth 128 Size 0 Mode ref, Ref Stage 34, run, end, 9783589344825542
1787664523.506807, NoOp Chain Depth 128 Size 0 Mode ref, Ref Stage 35, run, start, 9783589344866214
1787664523.506839, NoOp Chain Depth 128 Size 0 Mode ref, Ref Stage 35, run, end, 9783589344898486
1787664523.506886, NoOp Chain Depth 128 Size 0 Mode ref, Ref Stage 36, run, start, 9783589344945238
1787664523.506918, NoOp Chain Depth 128 Size 0 Mode ref, Ref Stage 36, run, end, 9783589344977030
1787664523.509602, NoOp Chain Depth 128 Size 0 Mode ref, Ref Stage 37, run, start, 9783589347663429
1787664523.509636, NoOp Chain Depth 128 Size 0 Mode ref, Ref Stage 37, run, end, 9783589347696116
1787664523.509682, NoOp Chain Depth 128 Size 0 Mode ref, Ref Stage 38, run, start, 9783589347741524
1787664523.509716, NoOp Chain Depth 128 Size 0 Mode ref, Ref Stage 38, run, end, 9783589347775444
1787664523.509755, NoOp Chain Depth 128 Size 0 Mode ref, Ref Stage 39, run, start, 9783589347814484
1787664523.509788, NoOp Chain Depth 128 Size 0 Mode ref, Ref Stage 39, run, end, 9783589347847012
1787664523.509835, NoOp Chain Depth 128 Size 0 Mode ref, Ref Stage 40, run, start, 9783589347894340
1787664523.509867, NoOp Chain Depth 128 Size 0 Mode ref, Ref Stage 40, run, end, 9783589347926308
1787664523.509913, NoOp Chain Depth 128 Size 0 Mode ref, Ref Stage 41, run, start, 9783589347972820
1787664523.509948, NoOp Chain Depth 128 Size 0 Mode ref, Ref Stage 41, run, end, 9783589348007124
1787664523.509995, NoOp Chain Depth 128 Size 0 Mode ref, Ref Stage 42, run, start, 9783589348054788
1787664523.510027, NoOp Chain Depth 128 Size 0 Mode ref, Ref Stage 42, run, end, 9783589348086500
1787664523.510074, NoOp Chain Depth 128 Size 0 Mode ref, Ref Stage 43, run, start, 9783589348132932
1787664523.510581, NoOp Chain Depth 128 Size 0 Mode ref, Ref Stage 43, run, end, 9783589348640932
1787664523.510625, NoOp Chain Depth 128 Size 0 Mode ref, Ref Stage 44, run, start, 9783589348684724
1787664523.510659, NoOp Chain Depth 128 Size 0 Mode ref, Ref Stage 44, run, end, 9783589348718388
1787664523.510706, NoOp Chain Depth 128 Size 0 Mode ref, Ref Stage 45, run, start, 9783589348765732
1787664523.510741, NoOp Chain Depth 128 Size 0 Mode ref, Ref Stage 45, run, end, 9783589348799924
1787664523.510772, NoOp Chain Depth 128 Size 0 Mode ref, Ref Stage 46, run, start, 9783589348831524
1787664523.510813, NoOp Chain Depth 128 Size 0 Mode ref, Ref Stage 46, run, end, 9783589348871940
1787664523.510852, NoOp Chain Depth 128 Size 0 Mode ref, Ref Stage 47, run, start, 9783589348911956
1787664523.510875, NoOp Chain Depth 128 Size 0 Mode ref, Ref Stage 47, run, end, 9783589348934308
1787664523.510914, NoOp Chain Depth 128 Size 0 Mode ref, Ref Stage 48, run, start, 9783589348973748
1787664523.510937, NoOp Chain Depth 128 Size 0 Mode ref, Ref Stage 48, run, end, 9783589348996308
1787664523.510978, NoOp Chain Depth 128 Size 0 Mode ref, Ref Stage 49, run, start, 9783589349038132
1787664523.511002, NoOp Chain Depth 128 Size 0 Mode ref, Ref Stage 49, run, end, 9783589349061428
1787664523.511041, NoOp Chain Depth 128 Size 0 Mode ref, Ref Stage 50, run, start, 9783589349100900
1787664523.511064, NoOp Chain Depth 128 Size 0 Mode ref, Ref Stage 50, run, end, 9783589349123604
1787664523.511105, NoOp Chain Depth 128 Size 0 Mode ref, Ref Stage 51, run, start, 9783589349164228
1787664523.511137, NoOp Chain Depth 128 Size 0 Mode ref, Ref Stage 51, run, end, 9783589349196420
1787664523.511175, NoOp Chain Depth 128 Size 0 Mode ref, Ref Stage 52, run, start, 9783589349234644
1787664523.511208, NoOp Chain Depth 128 Size 0 Mode ref, Ref Stage 52, run, end, 9783589349267379
1787664523.511255, NoOp Chain Depth 128 Size 0 Mode ref, Ref Stage 53, run, start, 9783589349314691
1787664523.511287, NoOp Chain Depth 128 Size 0 Mode ref, Ref Stage 53, run, end, 9783589349346739
1787664523.511334, NoOp Chain Depth 128 Size 0 Mode ref, Ref Stage 54, run, start, 9783589349393235
1787664523.511356, NoOp Chain Depth 128 Size 0 Mode ref, Ref Stage 54, run, end, 9783589349415379
1787664523.511399, NoOp Chain Depth 128 Size 0 Mode ref, Ref Stage 55, run, start, 9783589349458387
1787664523.511431, NoOp Chain Depth 128 Size 0 Mode ref, Ref Stage 55, run, end, 9783589349490243
1787664523.511469, NoOp Chain Depth 128 Size 0 Mode ref, Ref Stage 56, run, start, 9783589349528883
1787664523.511501, NoOp Chain Depth 128 Size 0 Mode ref, Ref Stage 56, run, end, 9783589349560371
1787664523.511548, NoOp Chain Depth 128 Size 0 Mode ref, Ref Stage 57, run, start, 9783589349607251
1787664523.512480, NoOp Chain Depth 128 Size 0 Mode ref, Ref Stage 57, run, end, 9783589350539843
1787664523.512501, NoOp Chain Depth 128 Size 0 Mode ref, Ref Stage 58, run, start, 9783589350560643
1787664523.512526, NoOp Chain Depth 128 Size 0 Mode ref, Ref Stage 58, run, end, 9783589350585011
1787664523.512586, NoOp Chain Depth 128 Size 0 Mode ref, Ref Stage 59, run, start, 9783589350645378
1787664523.512609, NoOp Chain Depth 128 Size 0 Mode ref, Ref Stage 59, run, end, 9783589350668530
1787664523.512648, NoOp Chain Depth 128 Size 0 Mode ref, Ref Stage 60, run, start, 9783589350708002
1787664523.512671, NoOp Chain Depth 128 Size 0 Mode ref, Ref Stage 60, run, end, 9783589350730386
1787664523.512710, NoOp Chain Depth 128 Size 0 Mode ref, Ref Stage 61, run, start, 9783589350769746
1787664523.512733, NoOp Chain Depth 128 Size 0 Mode ref, Ref Stage 61, run, end, 9783589350792050
1787664523.512771, NoOp Chain Depth 128 Size 0 Mode ref, Ref Stage 62, run, start, 9783589350830834
1787664523.512794, NoOp Chain Depth 128 Size 0 Mode ref, Ref Stage 62, run, end, 9783589350853298
1787664523.512833, NoOp Chain Depth 128 Size 0 Mode ref, Ref Stage 63, run, start, 9783589350892690
1787664523.512855, NoOp Chain Depth 128 Size 0 Mode ref, Ref Stage 63, run, end, 9783589350914530
1787664523.512894, NoOp Chain Depth 128 Size 0 Mode ref, Ref Stage 64, run, start, 9783589350953458
1787664523.512916, NoOp Chain Depth 128 Size 0 Mode ref, Ref Stage 64, run, end, 9783589350975442
1787664523.512959, NoOp Chain Depth 128 Size 0 Mode ref, Ref Stage 65, run, start, 9783589351017890
1787664523.512991, NoOp Chain Depth 128 Size 0 Mode ref, Ref Stage 65, run, end, 9783589351050722
1787664523.513029, NoOp Chain Depth 128 Size 0 Mode ref, Ref Stage 66, run, start, 9783589351088978
1787664523.513061, NoOp Chain Depth 128 Size 0 Mode ref, Ref Stage 66, run, end, 9783589351120626
1787664523.513108, NoOp Chain Depth 128 Size 0 Mode ref, Ref Stage 67, run, start, 9783589351167714
1787664523.513140, NoOp Chain Depth 128 Size 0 Mode ref, Ref Stage 67, run, end, 9783589351199826
1787664523.513187, NoOp Chain Depth 128 Size 0 Mode ref, Ref Stage 68, run, start, 9783589351246898
1787664523.513219, NoOp Chain Depth 128 Size 0 Mode ref, Ref Stage 68, run, end, 9783589351278786
1787664523.514012, NoOp Chain Depth 128 Size 0 Mode ref, Ref Stage 69, run, start, 9783589352072434
1787664523.514038, NoOp Chain Depth 128 Size 0 Mode ref, Ref Stage 69, run, end, 9783589352097810
1787664523.514078, NoOp Chain Depth 128 Size 0 Mode ref, Ref Stage 70, run, start, 9783589352137346
1787664523.514101, NoOp Chain Depth 128 Size 0 Mode ref, Ref Stage 70, run, end, 9783589352160146
1787664523.514142, NoOp Chain Depth 128 Size 0 Mode ref, Ref Stage 71, run, start, 9783589352201442
1787664523.514174, NoOp Chain Depth 128 Size 0 Mode ref, Ref Stage 71, run, end, 9783589352233889
1787664523.514213, NoOp Chain Depth 128 Size 0 Mode ref, Ref Stage 72, run, start, 9783589352272465
1787664523.514245, NoOp Chain Depth 128 Size 0 Mode ref, Ref Stage 72, run, end, 9783589352304449
1787664523.514292, NoOp Chain Depth 128 Size 0 Mode ref, Ref Stage 73, run, start, 9783589352351249
1787664523.514323, NoOp Chain Depth 128 Size 0 Mode ref, Ref Stage 73, run, end, 9783589352382897
1787664523.514370, NoOp Chain Depth 128 Size 0 Mode ref, Ref Stage 74, run, start, 9783589352429553
1787664523.514402, NoOp Chain Depth 128 Size 0 Mode ref, Ref Stage 74, run, end, 9783589352461489
1787664523.514886, NoOp Chain Depth 128 Size 0 Mode ref, Ref Stage 75, run, start, 9783589352945601
1787664523.514913, NoOp Chain Depth 128 Size 0 Mode ref, Ref Stage 75, run, end, 9783589352972433
1787664523.514956, NoOp Chain Depth 128 Size 0 Mode ref, Ref Stage 76, run, start, 9783589353015137
1787664523.514979, NoOp Chain Depth 128 Size 0 Mode ref, Ref Stage 76, run, end, 9783589353038625
1787664523.515020, NoOp Chain Depth 128 Size 0 Mode ref, Ref Stage 77, run, start, 9783589353079409
1787664523.515052, NoOp Chain Depth 128 Size 0 Mode ref, Ref Stage 77, run, end, 9783589353111185
1787664523.515090, NoOp Chain Depth 128 Size 0 Mode ref, Ref Stage 78, run, start, 9783589353150001
1787664523.515123, NoOp Chain Depth 128 Size 0 Mode ref, Ref Stage 78, run, end, 9783589353182097
1787664523.515169, NoOp Chain Depth 128 Size 0 Mode ref, Ref Stage 79, run, start, 9783589353228641
1787664523.515201, NoOp Chain Depth 128 Size 0 Mode ref, Ref Stage 79, run, end, 9783589353260529
1787664523.515248, NoOp Chain Depth 128 Size 0 Mode ref, Ref Stage 80, run, start, 9783589353307569
1787664523.515638, NoOp Chain Depth 128 Size 0 Mode ref, Ref Stage 80, run, end, 9783589353697969
1787664523.515660, NoOp Chain Depth 128 Size 0 Mode ref, Ref Stage 81, run, start, 9783589353719217
1787664523.515684, NoOp Chain Depth 128 Size 0 Mode ref, Ref Stage 81, run, end, 9783589353742928
1787664523.515741, NoOp Chain Depth 128 Size 0 Mode ref, Ref Stage 82, run, start, 9783589353801024
1787664523.515765, NoOp Chain Depth 128 Size 0 Mode ref, Ref Stage 82, run, end, 9783589353824048
1787664523.515804, NoOp Chain Depth 128 Size 0 Mode ref, Ref Stage 83, run, start, 9783589353863440
1787664523.515827, NoOp Chain Depth 128 Size 0 Mode ref, Ref Stage 83, run, end, 9783589353886000
1787664523.515866, NoOp Chain Depth 128 Size 0 Mode ref, Ref Stage 84, run, start, 9783589353925696
1787664523.515889, NoOp Chain Depth 128 Size 0 Mode ref, Ref Stage 84, run, end, 9783589353947952
1787664523.515928, NoOp Chain Depth 128 Size 0 Mode ref, Ref Stage 85, run, start, 9783589353986848
1787664523.515952, NoOp Chain Depth 128 Size 0 Mode ref, Ref Stage 85, run, end, 9783589354010864
1787664523.515991, NoOp Chain Depth 128 Size 0 Mode ref, Ref Stage 86, run, start, 9783589354050944
1787664523.516014, NoOp Chain Depth 128 Size 0 Mode ref, Ref Stage 86, run, end, 9783589354073552
1787664523.516054, NoOp Chain Depth 128 Size 0 Mode ref, Ref Stage 87, run, start, 9783589354113552
1787664523.516086, NoOp Chain Depth 128 Size 0 Mode ref, Ref Stage 87, run, end, 9783589354145632
1787664523.516125, NoOp Chain Depth 128 Size 0 Mode ref, Ref Stage 88, run, start, 9783589354184448
1787664523.516157, NoOp Chain Depth 128 Size 0 Mode ref, Ref Stage 88, run, end, 9783589354216352
1787664523.516203, NoOp Chain Depth 128 Size 0 Mode ref, Ref Stage 89, run, start, 9783589354262960
1787664523.516235, NoOp Chain Depth 128 Size 0 Mode ref, Ref Stage 89, run, end, 9783589354294752
1787664523.516282, NoOp Chain Depth 128 Size 0 Mode ref, Ref Stage 90, run, start, 9783589354341520
1787664523.516314, NoOp Chain Depth 128 Size 0 Mode ref, Ref Stage 90, run, end, 9783589354373184
1787664523.516346, NoOp Chain Depth 128 Size 0 Mode ref, Ref Stage 91, run, start, 9783589354406064
1787664523.516983, NoOp Chain Depth 128 Size 0 Mode ref, Ref Stage 91, run, end, 9783589355042848
1787664523.517021, NoOp Chain Depth 128 Size 0 Mode ref, Ref Stage 92, run, start, 9783589355080688
1787664523.517044, NoOp Chain Depth 128 Size 0 Mode ref, Ref Stage 92, run, end, 9783589355103536
1787664523.517083, NoOp Chain Depth 128 Size 0 Mode ref, Ref Stage 93, run, start, 9783589355142224
1787664523.517105, NoOp Chain Depth 128 Size 0 Mode ref, Ref Stage 93, run, end, 9783589355164304
1787664523.517144, NoOp Chain Depth 128 Size 0 Mode ref, Ref Stage 94, run, start, 9783589355203488
1787664523.517166, NoOp Chain Depth 128 Size 0 Mode ref, Ref Stage 94, run, end, 9783589355225375
1787664523.517205, NoOp Chain Depth 128 Size 0 Mode ref, Ref Stage 95, run, start, 9783589355264143
1787664523.517227, NoOp Chain Depth 128 Size 0 Mode ref, Ref Stage 95, run, end, 9783589355286079
1787664523.517268, NoOp Chain Depth 128 Size 0 Mode ref, Ref Stage 96, run, start, 9783589355327423
1787664523.517290, NoOp Chain Depth 128 Size 0 Mode ref, Ref Stage 96, run, end, 9783589355349343
1787664523.517329, NoOp Chain Depth 128 Size 0 Mode ref, Ref Stage 97, run, start, 9783589355387983
1787664523.517351, NoOp Chain Depth 128 Size 0 Mode ref, Ref Stage 97, run, end, 9783589355410335
1787664523.517390, NoOp Chain Depth 128 Size 0 Mode ref, Ref Stage 98, run, start, 9783589355449263
1787664523.517412, NoOp Chain Depth 128 Size 0 Mode ref, Ref Stage 98, run, end, 9783589355471823
1787664523.517451, NoOp Chain Depth 128 Size 0 Mode ref, Ref Stage 99, run, start, 9783589355510767
1787664523.517473, NoOp Chain Depth 128 Size 0 Mode ref, Ref Stage 99, run, end, 9783589355532975
1787664523.517513, NoOp Chain Depth 128 Size 0 Mode ref, Ref Stage 100, run, start, 9783589355572319
1787664523.517535, NoOp Chain Depth 128 Size 0 Mode ref, Ref Stage 100, run, end, 9783589355594783
1787664523.517574, NoOp Chain Depth 128 Size 0 Mode ref, Ref Stage 101, run, start, 9783589355633727
1787664523.517599, NoOp Chain Depth 128 Size 0 Mode ref, Ref Stage 101, run, end, 9783589355658703
1787664523.517615, NoOp Chain Depth 128 Size 0 Mode ref, Ref Stage 102, run, start, 9783589355674783
1787664523.517674, NoOp Chain Depth 128 Size 0 Mode ref, Ref Stage 102, run, end, 9783589355733903
1787664523.517714, NoOp Chain Depth 128 Size 0 Mode ref, Ref Stage 103, run, start, 9783589355773247
1787664523.517736, NoOp Chain Depth 128 Size 0 Mode ref, Ref Stage 103, run, end, 9783589355795967
1787664523.517775, NoOp Chain Depth 128 Size 0 Mode ref, Ref Stage 104, run, start, 9783589355835167
1787664523.517798, NoOp Chain Depth 128 Size 0 Mode ref, Ref Stage 104, run, end, 9783589355857759
1787664523.517837, NoOp Chain Depth 128 Size 0 Mode ref, Ref Stage 105, run, start, 9783589355896671
1787664523.517860, NoOp Chain Depth 128 Size 0 Mode ref, Ref Stage 105, run, end, 9783589355919087
1787664523.517901, NoOp Chain Depth 128 Size 0 Mode ref, Ref Stage 106, run, start, 9783589355960655
1787664523.517933, NoOp Chain Depth 128 Size 0 Mode ref, Ref Stage 106, run, end, 9783589355992655
1787664523.517973, NoOp Chain Depth 128 Size 0 Mode ref, Ref Stage 107, run, start, 9783589356032639
1787664523.518006, NoOp Chain Depth 128 Size 0 Mode ref, Ref Stage 107, run, end, 9783589356065199
1787664523.518052, NoOp Chain Depth 128 Size 0 Mode ref, Ref Stage 108, run, start, 9783589356111391
1787664523.518084, NoOp Chain Depth 128 Size 0 Mode ref, Ref Stage 108, run, end, 9783589356143135
1787664523.518115, NoOp Chain Depth 128 Size 0 Mode ref, Ref Stage 109, run, start, 9783589356174895
1787664523.518161, NoOp Chain Depth 128 Size 0 Mode ref, Ref Stage 109, run, end, 9783589356220543
1787664523.518197, NoOp Chain Depth 128 Size 0 Mode ref, Ref Stage 110, run, start, 9783589356256543
1787664523.518219, NoOp Chain Depth 128 Size 0 Mode ref, Ref Stage 110, run, end, 9783589356278687
1787664523.518258, NoOp Chain Depth 128 Size 0 Mode ref, Ref Stage 111, run, start, 9783589356317807
1787664523.518280, NoOp Chain Depth 128 Size 0 Mode ref, Ref Stage 111, run, end, 9783589356339711
1787664523.518319, NoOp Chain Depth 128 Size 0 Mode ref, Ref Stage 112, run, start, 9783589356378271
1787664523.518341, NoOp Chain Depth 128 Size 0 Mode ref, Ref Stage 112, run, end, 9783589356400207
1787664523.518379, NoOp Chain Depth 128 Size 0 Mode ref, Ref Stage 113, run, start, 9783589356438703
1787664523.518401, NoOp Chain Depth 128 Size 0 Mode ref, Ref Stage 113, run, end, 9783589356460623
1787664523.518440, NoOp Chain Depth 128 Size 0 Mode ref, Ref Stage 114, run, start, 9783589356499135
1787664523.518462, NoOp Chain Depth 128 Size 0 Mode ref, Ref Stage 114, run, end, 9783589356521295
1787664523.518501, NoOp Chain Depth 128 Size 0 Mode ref, Ref Stage 115, run, start, 9783589356559983
1787664523.518522, NoOp Chain Depth 128 Size 0 Mode ref, Ref Stage 115, run, end, 9783589356581695
1787664523.518562, NoOp Chain Depth 128 Size 0 Mode ref, Ref Stage 116, run, start, 9783589356621647
1787664523.518596, NoOp Chain Depth 128 Size 0 Mode ref, Ref Stage 116, run, end, 9783589356655087
1787664523.518643, NoOp Chain Depth 128 Size 0 Mode ref, Ref Stage 117, run, start, 9783589356702463
1787664523.518675, NoOp Chain Depth 128 Size 0 Mode ref, Ref Stage 117, run, end, 9783589356733999
1787664523.518706, NoOp Chain Depth 128 Size 0 Mode ref, Ref Stage 118, run, start, 9783589356765854
1787664523.518758, NoOp Chain Depth 128 Size 0 Mode ref, Ref Stage 118, run, end, 9783589356817854
1787664523.518789, NoOp Chain Depth 128 Size 0 Mode ref, Ref Stage 119, run, start, 9783589356848702
1787664523.518839, NoOp Chain Depth 128 Size 0 Mode ref, Ref Stage 119, run, end, 9783589356897918
1787664523.518886, NoOp Chain Depth 128 Size 0 Mode ref, Ref Stage 120, run, start, 9783589356945038
1787664523.520997, NoOp Chain Depth 128 Size 0 Mode ref, Ref Stage 120, run, end, 9783589359057309
1787664523.521043, NoOp Chain Depth 128 Size 0 Mode ref, Ref Stage 121, run, start, 9783589359102749
1787664523.521067, NoOp Chain Depth 128 Size 0 Mode ref, Ref Stage 121, run, end, 9783589359126925
1787664523.521107, NoOp Chain Depth 128 Size 0 Mode ref, Ref Stage 122, run, start, 9783589359166653
1787664523.521129, NoOp Chain Depth 128 Size 0 Mode ref, Ref Stage 122, run, end, 9783589359188941
1787664523.521169, NoOp Chain Depth 128 Size 0 Mode ref, Ref Stage 123, run, start, 9783589359228125
1787664523.521191, NoOp Chain Depth 128 Size 0 Mode ref, Ref Stage 123, run, end, 9783589359250637
1787664523.521231, NoOp Chain Depth 128 Size 0 Mode ref, Ref Stage 124, run, start, 9783589359290493
1787664523.521254, NoOp Chain Depth 128 Size 0 Mode ref, Ref Stage 124, run, end, 9783589359312861
1787664523.521293, NoOp Chain Depth 128 Size 0 Mode ref, Ref Stage 125, run, start, 9783589359352477
1787664523.521316, NoOp Chain Depth 128 Size 0 Mode ref, Ref Stage 125, run, end, 9783589359374957
1787664523.521355, NoOp Chain Depth 128 Size 0 Mode ref, Ref Stage 126, run, start, 9783589359414813
1787664523.521378, NoOp Chain Depth 128 Size 0 Mode ref, Ref Stage 126, run, end, 9783589359437053
1787664523.521417, NoOp Chain Depth 128 Size 0 Mode ref, Ref Stage 127, run, start, 9783589359476653
1787664523.521439, NoOp Chain Depth 128 Size 0 Mode ref, Ref Stage 127, run, end, 9783589359498333
1787664523.521479, NoOp Chain Depth 128 Size 0 Mode ref, pipeline - train, run, end, 269695565562057862175552902299777384909, 1787664523.503965, 2, 1, 9783589359538381
1787664523.521544, NoOp Chain Depth 128 Size 0 Mode ref, pipeline - train, run, start, 331806893622831794773144420950623901850, 1787664523.521523, 3, 1, 9783589359603501
1787664523.521580, NoOp Chain Depth 128 Size 0 Mode ref, Ref Stage 0, run, start, 9783589359639741
1787664523.521603, NoOp Chain Depth 128 Size 0 Mode ref, Ref Stage 0, run, end, 9783589359662445
1787664523.521643, NoOp Chain Depth 128 Size 0 Mode ref, Ref Stage 1, run, start, 9783589359702333
1787664523.521666, NoOp Chain Depth 128 Size 0 Mode ref, Ref Stage 1, run, end, 9783589359725229
1787664523.521705, NoOp Chain Depth 128 Size 0 Mode ref, Ref Stage 2, run, start, 9783589359764845
1787664523.521728, NoOp Chain Depth 128 Size 0 Mode ref, Ref Stage 2, run, end, 9783589359787309
1787664523.521767, NoOp Chain Depth 128 Size 0 Mode ref, Ref Stage 3, run, start, 9783589359826285
1787664523.521789, NoOp Chain Depth 128 Size 0 Mode ref, Ref Stage 3, run, end, 9783589359848380
1787664523.521828, NoOp Chain Depth 128 Size 0 Mode ref, Ref Stage 4, run, start, 9783589359887004
1787664523.521850, NoOp Chain Depth 128 Size 0 Mode ref, Ref Stage 4, run, end, 9783589359909116
1787664523.521888, NoOp Chain Depth 128 Size 0 Mode ref, Ref Stage 5, run, start, 9783589359947836
1787664523.521910, NoOp Chain Depth 128 Size 0 Mode ref, Ref Stage 5, run, end, 9783589359969676
1787664523.521951, NoOp Chain Depth 128 Size 0 Mode ref, Ref Stage 6, run, start, 9783589360010524
1787664523.521974, NoOp Chain Depth 128 Size 0 Mode ref, Ref Stage 6, run, end, 9783589360033020
1787664523.522013, NoOp Chain Depth 128 Size 0 Mode ref, Ref Stage 7, run, start, 9783589360072412
1787664523.522038, NoOp Chain Depth 128 Size 0 Mode ref, Ref Stage 7, run, end, 9783589360096780
1787664523.522076, NoOp Chain Depth 128 Size 0 Mode ref, Ref Stage 8, run, start, 9783589360135692
1787664523.522099, NoOp Chain Depth 128 Size 0 Mode ref, Ref Stage 8, run, end, 9783589360158092
1787664523.522137, NoOp Chain Depth 128 Size 0 Mode ref, Ref Stage 9, run, start, 9783589360196700
1787664523.522159, NoOp Chain Depth 128 Size 0 Mode ref, Ref Stage 9, run, end, 9783589360218700
1787664523.522198, NoOp Chain Depth 128 Size 0 Mode ref, Ref Stage 10, run, start, 9783589360257500
1787664523.522220, NoOp Chain Depth 128 Size 0 Mode ref, Ref Stage 10, run, end, 9783589360279436
1787664523.522259, NoOp Chain Depth 128 Size 0 Mode ref, Ref Stage 11, run, start, 9783589360318764
1787664523.522281, NoOp Chain Depth 128 Size 0 Mode ref, Ref Stage 11, run, end, 9783589360340956
1787664523.522321, NoOp Chain Depth 128 Size 0 Mode ref, Ref Stage 12, run, start, 9783589360380060
1787664523.522343, NoOp Chain Depth 128 Size 0 Mode ref, Ref Stage 12, run, end, 9783589360402108
1787664523.522382, NoOp Chain Depth 128 Size 0 Mode ref, Ref Stage 13, run, start, 9783589360441868
1787664523.522405, NoOp Chain Depth 128 Size 0 Mode ref, Ref Stage 13, run, end, 9783589360463932
1787664523.522444, NoOp Chain Depth 128 Size 0 Mode ref, Ref Stage 14, run, start, 9783589360503372
1787664523.522466, NoOp Chain Depth 128 Size 0 Mode ref, Ref Stage 14, run, end, 9783589360525500
1787664523.522506, NoOp Chain Depth 128 Size 0 Mode ref, Ref Stage 15, run, start, 9783589360564940
1787664523.522527, NoOp Chain Depth 128 Size 0 Mode ref, Ref Stage 15, run, end, 9783589360587004
1787664523.522567, NoOp Chain Depth 128 Size 0 Mode ref, Ref Stage 16, run, start, 9783589360626140
1787664523.522589, NoOp Chain Depth 128 Size 0 Mode ref, Ref Stage 16, run, end, 9783589360648028
1787664523.522627, NoOp Chain Depth 128 Size 0 Mode ref, Ref Stage 17, run, start, 9783589360686476
1787664523.522649, NoOp Chain Depth 128 Size 0 Mode ref, Ref Stage 17, run, end, 9783589360708524
1787664523.522688, NoOp Chain Depth 128 Size 0 Mode ref, Ref Stage 18, run, start, 9783589360747500
1787664523.522710, NoOp Chain Depth 128 Size 0 Mode ref, Ref Stage 18, run, end, 9783589360769388
1787664523.522749, NoOp Chain Depth 128 Size 0 Mode ref, Ref Stage 19, run, start, 9783589360809036
1787664523.522782, NoOp Chain Depth 128 Size 0 Mode ref, Ref Stage 19, run, end, 9783589360841276
1787664523.522820, NoOp Chain Depth 128 Size 0 Mode ref, Ref Stage 20, run, start, 9783589360879596
1787664523.522852, NoOp Chain Depth 128 Size 0 Mode ref, Ref Stage 20, run, end, 9783589360911164
1787664523.522898, NoOp Chain Depth 128 Size 0 Mode ref, Ref Stage 21, run, start, 9783589360958028
1787664523.522932, NoOp Chain Depth 128 Size 0 Mode ref, Ref Stage 21, run, end, 9783589360991548
1787664523.522966, NoOp Chain Depth 128 Size 0 Mode ref, Ref Stage 22, run, start, 9783589361025212
1787664523.523981, NoOp Chain Depth 128 Size 0 Mode ref, Ref Stage 22, run, end, 9783589362041787
1787664523.524027, NoOp Chain Depth 128 Size 0 Mode ref, Ref Stage 23, run, start, 9783589362087067
1787664523.524051, NoOp Chain Depth 128 Size 0 Mode ref, Ref Stage 23, run, end, 9783589362110251
1787664523.524091, NoOp Chain Depth 128 Size 0 Mode ref, Ref Stage 24, run, start, 9783589362150299
1787664523.524117, NoOp Chain Depth 128 Size 0 Mode ref, Ref Stage 24, run, end, 9783589362175835
1787664523.524159, NoOp Chain Depth 128 Size 0 Mode ref, Ref Stage 25, run, start, 9783589362218539
1787664523.524182, NoOp Chain Depth 128 Size 0 Mode ref, Ref Stage 25, run, end, 9783589362240827
1787664523.524197, NoOp Chain Depth 128 Size 0 Mode ref, Ref Stage 26, run, start, 9783589362256251
1787664523.524219, NoOp Chain Depth 128 Size 0 Mode ref, Ref Stage 26, run, end, 9783589362277883
1787664523.524276, NoOp Chain Depth 128 Size 0 Mode ref, Ref Stage 27, run, start, 9783589362335307
1787664523.524298, NoOp Chain Depth 128 Size 0 Mode ref, Ref Stage 27, run, end, 9783589362357883
1787664523.524338, NoOp Chain Depth 128 Size 0 Mode ref, Ref Stage 28, run, start, 9783589362397179
1787664523.524366, NoOp Chain Depth 128 Size 0 Mode ref, Ref Stage 28, run, end, 9783589362425963
1787664523.524406, NoOp Chain Depth 128 Size 0 Mode ref, Ref Stage 29, run, start, 9783589362465723
1787664523.524429, NoOp Chain Depth 128 Size 0 Mode ref, Ref Stage 29, run, end, 9783589362488203
1787664523.524467, NoOp Chain Depth 128 Size 0 Mode ref, Ref Stage 30, run, start, 9783589362526875
1787664523.524490, NoOp Chain Depth 128 Size 0 Mode ref, Ref Stage 30, run, end, 9783589362549115
1787664523.524529, NoOp Chain Depth 128 Size 0 Mode ref, Ref Stage 31, run, start, 9783589362588699
1787664523.524554, NoOp Chain Depth 128 Size 0 Mode ref, Ref Stage 31, run, end, 9783589362614011
1787664523.524568, NoOp Chain Depth 128 Size 0 Mode ref, Ref Stage 32, run, start, 9783589362627243
1787664523.524632, NoOp Chain Depth 128 Size 0 Mode ref, Ref Stage 32, run, end, 9783589362691691
1787664523.524668, NoOp Chain Depth 128 Size 0 Mode ref, Ref Stage 33, run, start, 9783589362727643
1787664523.524690, NoOp Chain Depth 128 Size 0 Mode ref, Ref Stage 33, run, end, 9783589362749291
1787664523.524728, NoOp Chain Depth 128 Size 0 Mode ref, Ref Stage 34, run, start, 9783589362787355
1787664523.524750, NoOp Chain Depth 128 Size 0 Mode ref, Ref Stage 34, run, end, 9783589362808971
1787664523.524788, NoOp Chain Depth 128 Size 0 Mode ref, Ref Stage 35, run, start, 9783589362847066
1787664523.524812, NoOp Chain Depth 128 Size 0 Mode ref, Ref Stage 35, run, end, 9783589362871050
1787664523.524825, NoOp Chain Depth 128 Size 0 Mode ref, Ref Stage 36, run, start, 9783589362884042
1787664523.524882, NoOp Chain Depth 128 Size 0 Mode ref, Ref Stage 36, run, end, 9783589362941498
1787664523.524921, NoOp Chain Depth 128 Size 0 Mode ref, Ref Stage 37, run, start, 9783589362980314
1787664523.524943, NoOp Chain Depth 128 Size 0 Mode ref, Ref Stage 37, run, end, 9783589363004362
1787664523.524985, NoOp Chain Depth 128 Size 0 Mode ref, Ref Stage 38, run, start, 9783589363044074
1787664523.525007, NoOp Chain Depth 128 Size 0 Mode ref, Ref Stage 38, run, end, 9783589363066842
1787664523.525046, NoOp Chain Depth 128 Size 0 Mode ref, Ref Stage 39, run, start, 9783589363105354
1787664523.525068, NoOp Chain Depth 128 Size 0 Mode ref, Ref Stage 39, run, end, 9783589363127306
1787664523.525106, NoOp Chain Depth 128 Size 0 Mode ref, Ref Stage 40, run, start, 9783589363165546
1787664523.525128, NoOp Chain Depth 128 Size 0 Mode ref, Ref Stage 40, run, end, 9783589363187466
1787664523.525167, NoOp Chain Depth 128 Size 0 Mode ref, Ref Stage 41, run, start, 9783589363226330
1787664523.525189, NoOp Chain Depth 128 Size 0 Mode ref, Ref Stage 41, run, end, 9783589363248186
1787664523.525227, NoOp Chain Depth 128 Size 0 Mode ref, Ref Stage 42, run, start, 9783589363286202
1787664523.525249, NoOp Chain Depth 128 Size 0 Mode ref, Ref Stage 42, run, end, 9783589363308042
1787664523.525288, NoOp Chain Depth 128 Size 0 Mode ref, Ref Stage 43, run, start, 9783589363347722
1787664523.525320, NoOp Chain Depth 128 Size 0 Mode ref, Ref Stage 43, run, end, 9783589363379498
1787664523.525366, NoOp Chain Depth 128 Size 0 Mode ref, Ref Stage 44, run, start, 9783589363424874
1787664523.525387, NoOp Chain Depth 128 Size 0 Mode ref, Ref Stage 44, run, end, 9783589363446394
1787664523.525425, NoOp Chain Depth 128 Size 0 Mode ref, Ref Stage 45, run, start, 9783589363484506
1787664523.525447, NoOp Chain Depth 128 Size 0 Mode ref, Ref Stage 45, run, end, 9783589363506538
1787664523.525486, NoOp Chain Depth 128 Size 0 Mode ref, Ref Stage 46, run, start, 9783589363545162
1787664523.525507, NoOp Chain Depth 128 Size 0 Mode ref, Ref Stage 46, run, end, 9783589363566762
1787664523.525545, NoOp Chain Depth 128 Size 0 Mode ref, Ref Stage 47, run, start, 9783589363604730
1787664523.525567, NoOp Chain Depth 128 Size 0 Mode ref, Ref Stage 47, run, end, 9783589363626538
1787664523.525605, NoOp Chain Depth 128 Size 0 Mode ref, Ref Stage 48, run, start, 9783589363664010
1787664523.525626, NoOp Chain Depth 128 Size 0 Mode ref, Ref Stage 48, run, end, 9783589363685786
1787664523.525667, NoOp Chain Depth 128 Size 0 Mode ref, Ref Stage 49, run, start, 9783589363726618
1787664523.525689, NoOp Chain Depth 128 Size 0 Mode ref, Ref Stage 49, run, end, 9783589363748666
1787664523.525728, NoOp Chain Depth 128 Size 0 Mode ref, Ref Stage 50, run, start, 9783589363788042
1787664523.525760, NoOp Chain Depth 128 Size 0 Mode ref, Ref Stage 50, run, end, 9783589363819370
1787664523.525808, NoOp Chain Depth 128 Size 0 Mode ref, Ref Stage 51, run, start, 9783589363867050
1787664523.525839, NoOp Chain Depth 128 Size 0 Mode ref, Ref Stage 51, run, end, 9783589363898730
1787664523.525885, NoOp Chain Depth 128 Size 0 Mode ref, Ref Stage 52, run, start, 9783589363944634
1787664523.525917, NoOp Chain Depth 128 Size 0 Mode ref, Ref Stage 52, run, end, 9783589363976074
1787664523.525964, NoOp Chain Depth 128 Size 0 Mode ref, Ref Stage 53, run, start, 9783589364023274
1787664523.525996, NoOp Chain Depth 128 Size 0 Mode ref, Ref Stage 53, run, end, 9783589364055514
1787664523.526041, NoOp Chain Depth 128 Size 0 Mode ref, Ref Stage 54, run, start, 9783589364101018
1787664523.526063, NoOp Chain Depth 128 Size 0 Mode ref, Ref Stage 54, run, end, 9783589364122794
1787664523.526101, NoOp Chain Depth 128 Size 0 Mode ref, Ref Stage 55, run, start, 9783589364160698
1787664523.526123, NoOp Chain Depth 128 Size 0 Mode ref, Ref Stage 55, run, end, 9783589364182586
1787664523.526162, NoOp Chain Depth 128 Size 0 Mode ref, Ref Stage 56, run, start, 9783589364221818
1787664523.526184, NoOp Chain Depth 128 Size 0 Mode ref, Ref Stage 56, run, end, 9783589364243418
1787664523.526222, NoOp Chain Depth 128 Size 0 Mode ref, Ref Stage 57, run, start, 9783589364281546
1787664523.526246, NoOp Chain Depth 128 Size 0 Mode ref, Ref Stage 57, run, end, 9783589364305498
1787664523.526263, NoOp Chain Depth 128 Size 0 Mode ref, Ref Stage 58, run, start, 9783589364321946
1787664523.526284, NoOp Chain Depth 128 Size 0 Mode ref, Ref Stage 58, run, end, 9783589364343674
1787664523.526299, NoOp Chain Depth 128 Size 0 Mode ref, Ref Stage 59, run, start, 9783589364358730
1787664523.526321, NoOp Chain Depth 128 Size 0 Mode ref, Ref Stage 59, run, end, 9783589364380586
1787664523.526399, NoOp Chain Depth 128 Size 0 Mode ref, Ref Stage 60, run, start, 9783589364458617
1787664523.526422, NoOp Chain Depth 128 Size 0 Mode ref, Ref Stage 60, run, end, 9783589364480713
1787664523.526460, NoOp Chain Depth 128 Size 0 Mode ref, Ref Stage 61, run, start, 9783589364519689
1787664523.526482, NoOp Chain Depth 128 Size 0 Mode ref, Ref Stage 61, run, end, 9783589364541625
1787664523.526520, NoOp Chain Depth 128 Size 0 Mode ref, Ref Stage 62, run, start, 9783589364579961
1787664523.526542, NoOp Chain Depth 128 Size 0 Mode ref, Ref Stage 62, run, end, 9783589364601497
1787664523.526581, NoOp Chain Depth 128 Size 0 Mode ref, Ref Stage 63, run, start, 9783589364640473
1787664523.526603, NoOp Chain Depth 128 Size 0 Mode ref, Ref Stage 63, run, end, 9783589364662217
1787664523.526642, NoOp Chain Depth 128 Size 0 Mode ref, Ref Stage 64, run, start, 9783589364701769
1787664523.526674, NoOp Chain Depth 128 Size 0 Mode ref, Ref Stage 64, run, end, 9783589364733417
1787664523.526706, NoOp Chain Depth 128 Size 0 Mode ref, Ref Stage 65, run, start, 9783589364765209
1787664523.526752, NoOp Chain Depth 128 Size 0 Mode ref, Ref Stage 65, run, end, 9783589364810873
1787664523.526787, NoOp Chain Depth 128 Size 0 Mode ref, Ref Stage 66, run, start, 9783589364846665
1787664523.526809, NoOp Chain Depth 128 Size 0 Mode ref, Ref Stage 66, run, end, 9783589364868649
1787664523.526847, NoOp Chain Depth 128 Size 0 Mode ref, Ref Stage 67, run, start, 9783589364906761
1787664523.526871, NoOp Chain Depth 128 Size 0 Mode ref, Ref Stage 67, run, end, 9783589364930521
1787664523.526888, NoOp Chain Depth 128 Size 0 Mode ref, Ref Stage 68, run, start, 9783589364947049
1787664523.526909, NoOp Chain Depth 128 Size 0 Mode ref, Ref Stage 68, run, end, 9783589364968473
1787664523.526970, NoOp Chain Depth 128 Size 0 Mode ref, Ref Stage 69, run, start, 9783589365029449
1787664523.526994, NoOp Chain Depth 128 Size 0 Mode ref, Ref Stage 69, run, end, 9783589365053065
1787664523.527032, NoOp Chain Depth 128 Size 0 Mode ref, Ref Stage 70, run, start, 9783589365091577
1787664523.527054, NoOp Chain Depth 128 Size 0 Mode ref, Ref Stage 70, run, end, 9783589365113561
1787664523.527093, NoOp Chain Depth 128 Size 0 Mode ref, Ref Stage 71, run, start, 9783589365152617
1787664523.527115, NoOp Chain Depth 128 Size 0 Mode ref, Ref Stage 71, run, end, 9783589365174505
1787664523.527130, NoOp Chain Depth 128 Size 0 Mode ref, Ref Stage 72, run, start, 9783589365189609
1787664523.527152, NoOp Chain Depth 128 Size 0 Mode ref, Ref Stage 72, run, end, 9783589365210985
1787664523.527209, NoOp Chain Depth 128 Size 0 Mode ref, Ref Stage 73, run, start, 9783589365268745
1787664523.527231, NoOp Chain Depth 128 Size 0 Mode ref, Ref Stage 73, run, end, 9783589365290489
1787664523.527270, NoOp Chain Depth 128 Size 0 Mode ref, Ref Stage 74, run, start, 9783589365329657
1787664523.527292, NoOp Chain Depth 128 Size 0 Mode ref, Ref Stage 74, run, end, 9783589365351273
1787664523.527331, NoOp Chain Depth 128 Size 0 Mode ref, Ref Stage 75, run, start, 9783589365390505
1787664523.527353, NoOp Chain Depth 128 Size 0 Mode ref, Ref Stage 75, run, end, 9783589365411913
1787664523.530984, NoOp Chain Depth 128 Size 0 Mode ref, Ref Stage 76, run, start, 9783589369044470
1787664523.531014, NoOp Chain Depth 128 Size 0 Mode ref, Ref Stage 76, run, end, 9783589369073766
1787664523.531054, NoOp Chain Depth 128 Size 0 Mode ref, Ref Stage 77, run, start, 9783589369114182
1787664523.531077, NoOp Chain Depth 128 Size 0 Mode ref, Ref Stage 77, run, end, 9783589369136422
1787664523.531116, NoOp Chain Depth 128 Size 0 Mode ref, Ref Stage 78, run, start, 9783589369176022
1787664523.531139, NoOp Chain Depth 128 Size 0 Mode ref, Ref Stage 78, run, end, 9783589369198678
1787664523.531177, NoOp Chain Depth 128 Size 0 Mode ref, Ref Stage 79, run, start, 9783589369236614
1787664523.531199, NoOp Chain Depth 128 Size 0 Mode ref, Ref Stage 79, run, end, 9783589369258102
1787664523.531237, NoOp Chain Depth 128 Size 0 Mode ref, Ref Stage 80, run, start, 9783589369295958
1787664523.531258, NoOp Chain Depth 128 Size 0 Mode ref, Ref Stage 80, run, end, 9783589369317830
1787664523.531297, NoOp Chain Depth 128 Size 0 Mode ref, Ref Stage 81, run, start, 9783589369356678
1787664523.531320, NoOp Chain Depth 128 Size 0 Mode ref, Ref Stage 81, run, end, 9783589369379094
1787664523.531358, NoOp Chain Depth 128 Size 0 Mode ref, Ref Stage 82, run, start, 9783589369417590
1787664523.531380, NoOp Chain Depth 128 Size 0 Mode ref, Ref Stage 82, run, end, 9783589369439558
1787664523.531419, NoOp Chain Depth 128 Size 0 Mode ref, Ref Stage 83, run, start, 9783589369478150
1787664523.531441, NoOp Chain Depth 128 Size 0 Mode ref, Ref Stage 83, run, end, 9783589369499926
1787664523.531479, NoOp Chain Depth 128 Size 0 Mode ref, Ref Stage 84, run, start, 9783589369538534
1787664523.531501, NoOp Chain Depth 128 Size 0 Mode ref, Ref Stage 84, run, end, 9783589369560038
1787664523.531539, NoOp Chain Depth 128 Size 0 Mode ref, Ref Stage 85, run, start, 9783589369598054
1787664523.531560, NoOp Chain Depth 128 Size 0 Mode ref, Ref Stage 85, run, end, 9783589369619830
1787664523.531599, NoOp Chain Depth 128 Size 0 Mode ref, Ref Stage 86, run, start, 9783589369658022
1787664523.531620, NoOp Chain Depth 128 Size 0 Mode ref, Ref Stage 86, run, end, 9783589369679526
1787664523.531658, NoOp Chain Depth 128 Size 0 Mode ref, Ref Stage 87, run, start, 9783589369717990
1787664523.531680, NoOp Chain Depth 128 Size 0 Mode ref, Ref Stage 87, run, end, 9783589369739446
1787664523.531718, NoOp Chain Depth 128 Size 0 Mode ref, Ref Stage 88, run, start, 9783589369777750
1787664523.531740, NoOp Chain Depth 128 Size 0 Mode ref, Ref Stage 88, run, end, 9783589369799734
1787664523.531779, NoOp Chain Depth 128 Size 0 Mode ref, Ref Stage 89, run, start, 9783589369838326
1787664523.531801, NoOp Chain Depth 128 Size 0 Mode ref, Ref Stage 89, run, end, 9783589369860118
1787664523.531839, NoOp Chain Depth 128 Size 0 Mode ref, Ref Stage 90, run, start, 9783589369898566
1787664523.531863, NoOp Chain Depth 128 Size 0 Mode ref, Ref Stage 90, run, end, 9783589369922358
1787664523.531901, NoOp Chain Depth 128 Size 0 Mode ref, Ref Stage 91, run, start, 9783589369961078
1787664523.531923, NoOp Chain Depth 128 Size 0 Mode ref, Ref Stage 91, run, end, 9783589369982678
1787664523.531964, NoOp Chain Depth 128 Size 0 Mode ref, Ref Stage 92, run, start, 9783589370023158
1787664523.531986, NoOp Chain Depth 128 Size 0 Mode ref, Ref Stage 92, run, end, 9783589370045494
1787664523.532024, NoOp Chain Depth 128 Size 0 Mode ref, Ref Stage 93, run, start, 9783589370083862
1787664523.532046, NoOp Chain Depth 128 Size 0 Mode ref, Ref Stage 93, run, end, 9783589370105398
1787664523.532084, NoOp Chain Depth 128 Size 0 Mode ref, Ref Stage 94, run, start, 9783589370143270
1787664523.532105, NoOp Chain Depth 128 Size 0 Mode ref, Ref Stage 94, run, end, 9783589370164822
1787664523.532144, NoOp Chain Depth 128 Size 0 Mode ref, Ref Stage 95, run, start, 9783589370203110
1787664523.532165, NoOp Chain Depth 128 Size 0 Mode ref, Ref Stage 95, run, end, 9783589370224518
1787664523.532203, NoOp Chain Depth 128 Size 0 Mode ref, Ref Stage 96, run, start, 9783589370263014
1787664523.532225, NoOp Chain Depth 128 Size 0 Mode ref, Ref Stage 96, run, end, 9783589370284646
1787664523.532264, NoOp Chain Depth 128 Size 0 Mode ref, Ref Stage 97, run, start, 9783589370322998
1787664523.532285, NoOp Chain Depth 128 Size 0 Mode ref, Ref Stage 97, run, end, 9783589370344470
1787664523.532323, NoOp Chain Depth 128 Size 0 Mode ref, Ref Stage 98, run, start, 9783589370382742
1787664523.532345, NoOp Chain Depth 128 Size 0 Mode ref, Ref Stage 98, run, end, 9783589370404550
1787664523.532383, NoOp Chain Depth 128 Size 0 Mode ref, Ref Stage 99, run, start, 9783589370442614
1787664523.532405, NoOp Chain Depth 128 Size 0 Mode ref, Ref Stage 99, run, end, 9783589370464326
1787664523.532444, NoOp Chain Depth 128 Size 0 Mode ref, Ref Stage 100, run, start, 9783589370503637
1787664523.532476, NoOp Chain Depth 128 Size 0 Mode ref, Ref Stage 100, run, end, 9783589370535189
1787664523.532514, NoOp Chain Depth 128 Size 0 Mode ref, Ref Stage 101, run, start, 9783589370573365
1787664523.532546, NoOp Chain Depth 128 Size 0 Mode ref, Ref Stage 101, run, end, 9783589370605189
1787664523.532592, NoOp Chain Depth 128 Size 0 Mode ref, Ref Stage 102, run, start, 9783589370651381
1787664523.532623, NoOp Chain Depth 128 Size 0 Mode ref, Ref Stage 102, run, end, 9783589370682741
1787664523.532669, NoOp Chain Depth 128 Size 0 Mode ref, Ref Stage 103, run, start, 9783589370728373
1787664523.532701, NoOp Chain Depth 128 Size 0 Mode ref, Ref Stage 103, run, end, 9783589370759989
1787664523.532746, NoOp Chain Depth 128 Size 0 Mode ref, Ref Stage 104, run, start, 9783589370805701
1787664523.532778, NoOp Chain Depth 128 Size 0 Mode ref, Ref Stage 104, run, end, 9783589370837493
1787664523.532824, NoOp Chain Depth 128 Size 0 Mode ref, Ref Stage 105, run, start, 9783589370883269
1787664523.532855, NoOp Chain Depth 128 Size 0 Mode ref, Ref Stage 105, run, end, 9783589370914661
1787664523.532901, NoOp Chain Depth 128 Size 0 Mode ref, Ref Stage 106, run, start, 9783589370960309
1787664523.532932, NoOp Chain Depth 128 Size 0 Mode ref, Ref Stage 106, run, end, 9783589370991237
1787664523.532979, NoOp Chain Depth 128 Size 0 Mode ref, Ref Stage 107, run, start, 9783589371038693
1787664523.533011, NoOp Chain Depth 128 Size 0 Mode ref, Ref Stage 107, run, end, 9783589371070261
1787664523.533056, NoOp Chain Depth 128 Size 0 Mode ref, Ref Stage 108, run, start, 9783589371115893
1787664523.533087, NoOp Chain Depth 128 Size 0 Mode ref, Ref Stage 108, run, end, 9783589371146917
1787664523.533119, NoOp Chain Depth 128 Size 0 Mode ref, Ref Stage 109, run, start, 9783589371178437
1787664523.533169, NoOp Chain Depth 128 Size 0 Mode ref, Ref Stage 109, run, end, 9783589371228085
1787664523.533214, NoOp Chain Depth 128 Size 0 Mode ref, Ref Stage 110, run, start, 9783589371273781
1787664523.536745, NoOp Chain Depth 128 Size 0 Mode ref, Ref Stage 110, run, end, 9783589374806195
1787664523.536797, NoOp Chain Depth 128 Size 0 Mode ref, Ref Stage 111, run, start, 9783589374857315
1787664523.536823, NoOp Chain Depth 128 Size 0 Mode ref, Ref Stage 111, run, end, 9783589374882355
1787664523.536863, NoOp Chain Depth 128 Size 0 Mode ref, Ref Stage 112, run, start, 9783589374922291
1787664523.536885, NoOp Chain Depth 128 Size 0 Mode ref, Ref Stage 112, run, end, 9783589374944643
1787664523.536924, NoOp Chain Depth 128 Size 0 Mode ref, Ref Stage 113, run, start, 9783589374983347
1787664523.536948, NoOp Chain Depth 128 Size 0 Mode ref, Ref Stage 113, run, end, 9783589375006915
1787664523.536987, NoOp Chain Depth 128 Size 0 Mode ref, Ref Stage 114, run, start, 9783589375046946
1787664523.537009, NoOp Chain Depth 128 Size 0 Mode ref, Ref Stage 114, run, end, 9783589375068434
1787664523.537047, NoOp Chain Depth 128 Size 0 Mode ref, Ref Stage 115, run, start, 9783589375106786
1787664523.537069, NoOp Chain Depth 128 Size 0 Mode ref, Ref Stage 115, run, end, 9783589375128226
1787664523.537107, NoOp Chain Depth 128 Size 0 Mode ref, Ref Stage 116, run, start, 9783589375167058
1787664523.537129, NoOp Chain Depth 128 Size 0 Mode ref, Ref Stage 116, run, end, 9783589375188962
1787664523.537168, NoOp Chain Depth 128 Size 0 Mode ref, Ref Stage 117, run, start, 9783589375227714
1787664523.537190, NoOp Chain Depth 128 Size 0 Mode ref, Ref Stage 117, run, end, 9783589375249618
1787664523.537229, NoOp Chain Depth 128 Size 0 Mode ref, Ref Stage 118, run, start, 9783589375287922
1787664523.537251, NoOp Chain Depth 128 Size 0 Mode ref, Ref Stage 118, run, end, 9783589375309858
1787664523.537289, NoOp Chain Depth 128 Size 0 Mode ref, Ref Stage 119, run, start, 9783589375348418
1787664523.537311, NoOp Chain Depth 128 Size 0 Mode ref, Ref Stage 119, run, end, 9783589375370274
1787664523.537349, NoOp Chain Depth 128 Size 0 Mode ref, Ref Stage 120, run, start, 9783589375408338
1787664523.537371, NoOp Chain Depth 128 Size 0 Mode ref, Ref Stage 120, run, end, 9783589375429986
1787664523.537410, NoOp Chain Depth 128 Size 0 Mode ref, Ref Stage 121, run, start, 9783589375468978
1787664523.537431, NoOp Chain Depth 128 Size 0 Mode ref, Ref Stage 121, run, end, 9783589375490722
1787664523.537469, NoOp Chain Depth 128 Size 0 Mode ref, Ref Stage 122, run, start, 9783589375528994
1787664523.537491, NoOp Chain Depth 128 Size 0 Mode ref, Ref Stage 122, run, end, 9783589375550466
1787664523.537529, NoOp Chain Depth 128 Size 0 Mode ref, Ref Stage 123, run, start, 9783589375588658
1787664523.537551, NoOp Chain Depth 128 Size 0 Mode ref, Ref Stage 123, run, end, 9783589375610210
1787664523.537589, NoOp Chain Depth 128 Size 0 Mode ref, Ref Stage 124, run, start, 9783589375648482
1787664523.537611, NoOp Chain Depth 128 Size 0 Mode ref, Ref Stage 124, run, end, 9783589375670066
1787664523.537649, NoOp Chain Depth 128 Size 0 Mode ref, Ref Stage 125, run, start, 9783589375708210
1787664523.537670, NoOp Chain Depth 128 Size 0 Mode ref, Ref Stage 125, run, end, 9783589375729586
1787664523.537709, NoOp Chain Depth 128 Size 0 Mode ref, Ref Stage 126, run, start, 9783589375768146
1787664523.537730, NoOp Chain Depth 128 Size 0 Mode ref, Ref Stage 126, run, end, 9783589375789746
1787664523.537768, NoOp Chain Depth 128 Size 0 Mode ref, Ref Stage 127, run, start, 9783589375827922
1787664523.537790, NoOp Chain Depth 128 Size 0 Mode ref, Ref Stage 127, run, end, 9783589375849282
1787664523.537829, NoOp Chain Depth 128 Size 0 Mode ref, pipeline - train, run, end, 331806893622831794773144420950623901850, 1787664523.521523, 3, 1, 9783589375888338
1787664523.537892, NoOp Chain Depth 128 Size 0 Mode ref, pipeline - train, run, start, 315289616718953530780165620581840753282, 1787664523.537872, 4, 1, 9783589375951602
1787664523.537928, NoOp Chain Depth 128 Size 0 Mode ref, Ref Stage 0, run, start, 9783589375987426
1787664523.537951, NoOp Chain Depth 128 Size 0 Mode ref, Ref Stage 0, run, end, 9783589376010898
1787664523.537992, NoOp Chain Depth 128 Size 0 Mode ref, Ref Stage 1, run, start, 9783589376051858
1787664523.538014, NoOp Chain Depth 128 Size 0 Mode ref, Ref Stage 1, run, end, 9783589376073906
1787664523.538055, NoOp Chain Depth 128 Size 0 Mode ref, Ref Stage 2, run, start, 9783589376114450
1787664523.538077, NoOp Chain Depth 128 Size 0 Mode ref, Ref Stage 2, run, end, 9783589376136338
1787664523.538116, NoOp Chain Depth 128 Size 0 Mode ref, Ref Stage 3, run, start, 9783589376174994
1787664523.538137, NoOp Chain Depth 128 Size 0 Mode ref, Ref Stage 3, run, end, 9783589376196594
1787664523.538176, NoOp Chain Depth 128 Size 0 Mode ref, Ref Stage 4, run, start, 9783589376234882
1787664523.538198, NoOp Chain Depth 128 Size 0 Mode ref, Ref Stage 4, run, end, 9783589376256834
1787664523.538236, NoOp Chain Depth 128 Size 0 Mode ref, Ref Stage 5, run, start, 9783589376295442
1787664523.538258, NoOp Chain Depth 128 Size 0 Mode ref, Ref Stage 5, run, end, 9783589376317170
1787664523.538298, NoOp Chain Depth 128 Size 0 Mode ref, Ref Stage 6, run, start, 9783589376357266
1787664523.538330, NoOp Chain Depth 128 Size 0 Mode ref, Ref Stage 6, run, end, 9783589376388978
1787664523.538367, NoOp Chain Depth 128 Size 0 Mode ref, Ref Stage 7, run, start, 9783589376426594
1787664523.538399, NoOp Chain Depth 128 Size 0 Mode ref, Ref Stage 7, run, end, 9783589376457714
1787664523.538444, NoOp Chain Depth 128 Size 0 Mode ref, Ref Stage 8, run, start, 9783589376503186
1787664523.538476, NoOp Chain Depth 128 Size 0 Mode ref, Ref Stage 8, run, end, 9783589376535858
1787664523.538522, NoOp Chain Depth 128 Size 0 Mode ref, Ref Stage 9, run, start, 9783589376580961
1787664523.538553, NoOp Chain Depth 128 Size 0 Mode ref, Ref Stage 9, run, end, 9783589376612241
1787664523.538601, NoOp Chain Depth 128 Size 0 Mode ref, Ref Stage 10, run, start, 9783589376660369
1787664523.538632, NoOp Chain Depth 128 Size 0 Mode ref, Ref Stage 10, run, end, 9783589376691809
1787664523.538678, NoOp Chain Depth 128 Size 0 Mode ref, Ref Stage 11, run, start, 9783589376737585
1787664523.538709, NoOp Chain Depth 128 Size 0 Mode ref, Ref Stage 11, run, end, 9783589376768849
1787664523.538755, NoOp Chain Depth 128 Size 0 Mode ref, Ref Stage 12, run, start, 9783589376814289
1787664523.538786, NoOp Chain Depth 128 Size 0 Mode ref, Ref Stage 12, run, end, 9783589376845553
1787664523.538832, NoOp Chain Depth 128 Size 0 Mode ref, Ref Stage 13, run, start, 9783589376891505
1787664523.538854, NoOp Chain Depth 128 Size 0 Mode ref, Ref Stage 13, run, end, 9783589376913105
1787664523.538894, NoOp Chain Depth 128 Size 0 Mode ref, Ref Stage 14, run, start, 9783589376953297
1787664523.538926, NoOp Chain Depth 128 Size 0 Mode ref, Ref Stage 14, run, end, 9783589376984961
1787664523.538966, NoOp Chain Depth 128 Size 0 Mode ref, Ref Stage 15, run, start, 9783589377025393
1787664523.538998, NoOp Chain Depth 128 Size 0 Mode ref, Ref Stage 15, run, end, 9783589377057473
1787664523.539044, NoOp Chain Depth 128 Size 0 Mode ref, Ref Stage 16, run, start, 9783589377103121
1787664523.539075, NoOp Chain Depth 128 Size 0 Mode ref, Ref Stage 16, run, end, 9783589377134241
1787664523.539120, NoOp Chain Depth 128 Size 0 Mode ref, Ref Stage 17, run, start, 9783589377179777
1787664523.541510, NoOp Chain Depth 128 Size 0 Mode ref, Ref Stage 17, run, end, 9783589379570687
1787664523.541557, NoOp Chain Depth 128 Size 0 Mode ref, Ref Stage 18, run, start, 9783589379617199
1787664523.541592, NoOp Chain Depth 128 Size 0 Mode ref, Ref Stage 18, run, end, 9783589379651327
1787664523.541630, NoOp Chain Depth 128 Size 0 Mode ref, Ref Stage 19, run, start, 9783589379688927
1787664523.541661, NoOp Chain Depth 128 Size 0 Mode ref, Ref Stage 19, run, end, 9783589379720639
1787664523.541707, NoOp Chain Depth 128 Size 0 Mode ref, Ref Stage 20, run, start, 9783589379766687
1787664523.541740, NoOp Chain Depth 128 Size 0 Mode ref, Ref Stage 20, run, end, 9783589379799551
1787664523.541771, NoOp Chain Depth 128 Size 0 Mode ref, Ref Stage 21, run, start, 9783589379830415
1787664523.541821, NoOp Chain Depth 128 Size 0 Mode ref, Ref Stage 21, run, end, 9783589379879807
1787664523.541867, NoOp Chain Depth 128 Size 0 Mode ref, Ref Stage 22, run, start, 9783589379926031
1787664523.541901, NoOp Chain Depth 128 Size 0 Mode ref, Ref Stage 22, run, end, 9783589379960319
1787664523.541949, NoOp Chain Depth 128 Size 0 Mode ref, Ref Stage 23, run, start, 9783589380008735
1787664523.541982, NoOp Chain Depth 128 Size 0 Mode ref, Ref Stage 23, run, end, 9783589380041279
1787664523.542028, NoOp Chain Depth 128 Size 0 Mode ref, Ref Stage 24, run, start, 9783589380087551
1787664523.542059, NoOp Chain Depth 128 Size 0 Mode ref, Ref Stage 24, run, end, 9783589380119055
1787664523.542090, NoOp Chain Depth 128 Size 0 Mode ref, Ref Stage 25, run, start, 9783589380149807
1787664523.542136, NoOp Chain Depth 128 Size 0 Mode ref, Ref Stage 25, run, end, 9783589380195407
1787664523.542171, NoOp Chain Depth 128 Size 0 Mode ref, Ref Stage 26, run, start, 9783589380230879
1787664523.542193, NoOp Chain Depth 128 Size 0 Mode ref, Ref Stage 26, run, end, 9783589380252847
1787664523.542231, NoOp Chain Depth 128 Size 0 Mode ref, Ref Stage 27, run, start, 9783589380290303
1787664523.542253, NoOp Chain Depth 128 Size 0 Mode ref, Ref Stage 27, run, end, 9783589380312463
1787664523.542291, NoOp Chain Depth 128 Size 0 Mode ref, Ref Stage 28, run, start, 9783589380350063
1787664523.542313, NoOp Chain Depth 128 Size 0 Mode ref, Ref Stage 28, run, end, 9783589380372015
1787664523.542350, NoOp Chain Depth 128 Size 0 Mode ref, Ref Stage 29, run, start, 9783589380409599
1787664523.542372, NoOp Chain Depth 128 Size 0 Mode ref, Ref Stage 29, run, end, 9783589380431391
1787664523.542410, NoOp Chain Depth 128 Size 0 Mode ref, Ref Stage 30, run, start, 9783589380469247
1787664523.542432, NoOp Chain Depth 128 Size 0 Mode ref, Ref Stage 30, run, end, 9783589380491343
1787664523.542469, NoOp Chain Depth 128 Size 0 Mode ref, Ref Stage 31, run, start, 9783589380528815
1787664523.542492, NoOp Chain Depth 128 Size 0 Mode ref, Ref Stage 31, run, end, 9783589380551087
1787664523.542530, NoOp Chain Depth 128 Size 0 Mode ref, Ref Stage 32, run, start, 9783589380588959
1787664523.542552, NoOp Chain Depth 128 Size 0 Mode ref, Ref Stage 32, run, end, 9783589380611007
1787664523.542589, NoOp Chain Depth 128 Size 0 Mode ref, Ref Stage 33, run, start, 9783589380648559
1787664523.542611, NoOp Chain Depth 128 Size 0 Mode ref, Ref Stage 33, run, end, 9783589380670479
1787664523.542649, NoOp Chain Depth 128 Size 0 Mode ref, Ref Stage 34, run, start, 9783589380708335
1787664523.542671, NoOp Chain Depth 128 Size 0 Mode ref, Ref Stage 34, run, end, 9783589380730079
1787664523.542708, NoOp Chain Depth 128 Size 0 Mode ref, Ref Stage 35, run, start, 9783589380767967
1787664523.542733, NoOp Chain Depth 128 Size 0 Mode ref, Ref Stage 35, run, end, 9783589380792367
1787664523.542774, NoOp Chain Depth 128 Size 0 Mode ref, Ref Stage 36, run, start, 9783589380833487
1787664523.542796, NoOp Chain Depth 128 Size 0 Mode ref, Ref Stage 36, run, end, 9783589380855359
1787664523.542833, NoOp Chain Depth 128 Size 0 Mode ref, Ref Stage 37, run, start, 9783589380892799
1787664523.542855, NoOp Chain Depth 128 Size 0 Mode ref, Ref Stage 37, run, end, 9783589380914623
1787664523.542893, NoOp Chain Depth 128 Size 0 Mode ref, Ref Stage 38, run, start, 9783589380952415
1787664523.542915, NoOp Chain Depth 128 Size 0 Mode ref, Ref Stage 38, run, end, 9783589380974383
1787664523.542954, NoOp Chain Depth 128 Size 0 Mode ref, Ref Stage 39, run, start, 9783589381013119
1787664523.542976, NoOp Chain Depth 128 Size 0 Mode ref, Ref Stage 39, run, end, 9783589381035647
1787664523.543014, NoOp Chain Depth 128 Size 0 Mode ref, Ref Stage 40, run, start, 9783589381073071
1787664523.543036, NoOp Chain Depth 128 Size 0 Mode ref, Ref Stage 40, run, end, 9783589381095375
1787664523.543073, NoOp Chain Depth 128 Size 0 Mode ref, Ref Stage 41, run, start, 9783589381132718
1787664523.543095, NoOp Chain Depth 128 Size 0 Mode ref, Ref Stage 41, run, end, 9783589381154558
1787664523.543132, NoOp Chain Depth 128 Size 0 Mode ref, Ref Stage 42, run, start, 9783589381191774
1787664523.543154, NoOp Chain Depth 128 Size 0 Mode ref, Ref Stage 42, run, end, 9783589381213358
1787664523.543191, NoOp Chain Depth 128 Size 0 Mode ref, Ref Stage 43, run, start, 9783589381250862
1787664523.543215, NoOp Chain Depth 128 Size 0 Mode ref, Ref Stage 43, run, end, 9783589381274510
1787664523.543253, NoOp Chain Depth 128 Size 0 Mode ref, Ref Stage 44, run, start, 9783589381312190
1787664523.543274, NoOp Chain Depth 128 Size 0 Mode ref, Ref Stage 44, run, end, 9783589381333758
1787664523.543313, NoOp Chain Depth 128 Size 0 Mode ref, Ref Stage 45, run, start, 9783589381372766
1787664523.543345, NoOp Chain Depth 128 Size 0 Mode ref, Ref Stage 45, run, end, 9783589381404878
1787664523.543382, NoOp Chain Depth 128 Size 0 Mode ref, Ref Stage 46, run, start, 9783589381441502
1787664523.543413, NoOp Chain Depth 128 Size 0 Mode ref, Ref Stage 46, run, end, 9783589381472910
1787664523.543458, NoOp Chain Depth 128 Size 0 Mode ref, Ref Stage 47, run, start, 9783589381518062
1787664523.543490, NoOp Chain Depth 128 Size 0 Mode ref, Ref Stage 47, run, end, 9783589381549662
1787664523.543536, NoOp Chain Depth 128 Size 0 Mode ref, Ref Stage 48, run, start, 9783589381595950
1787664523.543568, NoOp Chain Depth 128 Size 0 Mode ref, Ref Stage 48, run, end, 9783589381627422
1787664523.543613, NoOp Chain Depth 128 Size 0 Mode ref, Ref Stage 49, run, start, 9783589381672638
1787664523.543644, NoOp Chain Depth 128 Size 0 Mode ref, Ref Stage 49, run, end, 9783589381703678
1787664523.543689, NoOp Chain Depth 128 Size 0 Mode ref, Ref Stage 50, run, start, 9783589381748382
1787664523.543720, NoOp Chain Depth 128 Size 0 Mode ref, Ref Stage 50, run, end, 9783589381779598
1787664523.543750, NoOp Chain Depth 128 Size 0 Mode ref, Ref Stage 51, run, start, 9783589381809678
1787664523.543798, NoOp Chain Depth 128 Size 0 Mode ref, Ref Stage 51, run, end, 9783589381857902
1787664523.543844, NoOp Chain Depth 128 Size 0 Mode ref, Ref Stage 52, run, start, 9783589381903630
1787664523.543876, NoOp Chain Depth 128 Size 0 Mode ref, Ref Stage 52, run, end, 9783589381934846
1787664523.543921, NoOp Chain Depth 128 Size 0 Mode ref, Ref Stage 53, run, start, 9783589381980526
1787664523.543954, NoOp Chain Depth 128 Size 0 Mode ref, Ref Stage 53, run, end, 9783589382013742
1787664523.544986, NoOp Chain Depth 128 Size 0 Mode ref, Ref Stage 54, run, start, 9783589383046493
1787664523.545012, NoOp Chain Depth 128 Size 0 Mode ref, Ref Stage 54, run, end, 9783589383071469
1787664523.545051, NoOp Chain Depth 128 Size 0 Mode ref, Ref Stage 55, run, start, 9783589383110365
1787664523.545077, NoOp Chain Depth 128 Size 0 Mode ref, Ref Stage 55, run, end, 9783589383136189
1787664523.545115, NoOp Chain Depth 128 Size 0 Mode ref, Ref Stage 56, run, start, 9783589383174733
1787664523.545138, NoOp Chain Depth 128 Size 0 Mode ref, Ref Stage 56, run, end, 9783589383197117
1787664523.545176, NoOp Chain Depth 128 Size 0 Mode ref, Ref Stage 57, run, start, 9783589383235437
1787664523.545198, NoOp Chain Depth 128 Size 0 Mode ref, Ref Stage 57, run, end, 9783589383257661
1787664523.545237, NoOp Chain Depth 128 Size 0 Mode ref, Ref Stage 58, run, start, 9783589383296061
1787664523.545259, NoOp Chain Depth 128 Size 0 Mode ref, Ref Stage 58, run, end, 9783589383318109
1787664523.545296, NoOp Chain Depth 128 Size 0 Mode ref, Ref Stage 59, run, start, 9783589383355069
1787664523.545317, NoOp Chain Depth 128 Size 0 Mode ref, Ref Stage 59, run, end, 9783589383376685
1787664523.545355, NoOp Chain Depth 128 Size 0 Mode ref, Ref Stage 60, run, start, 9783589383414029
1787664523.545376, NoOp Chain Depth 128 Size 0 Mode ref, Ref Stage 60, run, end, 9783589383435581
1787664523.545414, NoOp Chain Depth 128 Size 0 Mode ref, Ref Stage 61, run, start, 9783589383473357
1787664523.545436, NoOp Chain Depth 128 Size 0 Mode ref, Ref Stage 61, run, end, 9783589383495421
1787664523.545474, NoOp Chain Depth 128 Size 0 Mode ref, Ref Stage 62, run, start, 9783589383533021
1787664523.545496, NoOp Chain Depth 128 Size 0 Mode ref, Ref Stage 62, run, end, 9783589383555149
1787664523.545534, NoOp Chain Depth 128 Size 0 Mode ref, Ref Stage 63, run, start, 9783589383593597
1787664523.545556, NoOp Chain Depth 128 Size 0 Mode ref, Ref Stage 63, run, end, 9783589383615453
1787664523.545596, NoOp Chain Depth 128 Size 0 Mode ref, Ref Stage 64, run, start, 9783589383655437
1787664523.545619, NoOp Chain Depth 128 Size 0 Mode ref, Ref Stage 64, run, end, 9783589383677661
1787664523.545656, NoOp Chain Depth 128 Size 0 Mode ref, Ref Stage 65, run, start, 9783589383715693
1787664523.545678, NoOp Chain Depth 128 Size 0 Mode ref, Ref Stage 65, run, end, 9783589383737629
1787664523.545715, NoOp Chain Depth 128 Size 0 Mode ref, Ref Stage 66, run, start, 9783589383774701
1787664523.545737, NoOp Chain Depth 128 Size 0 Mode ref, Ref Stage 66, run, end, 9783589383796509
1787664523.545774, NoOp Chain Depth 128 Size 0 Mode ref, Ref Stage 67, run, start, 9783589383833821
1787664523.545796, NoOp Chain Depth 128 Size 0 Mode ref, Ref Stage 67, run, end, 9783589383855469
1787664523.545833, NoOp Chain Depth 128 Size 0 Mode ref, Ref Stage 68, run, start, 9783589383892557
1787664523.545855, NoOp Chain Depth 128 Size 0 Mode ref, Ref Stage 68, run, end, 9783589383914685
1787664523.545892, NoOp Chain Depth 128 Size 0 Mode ref, Ref Stage 69, run, start, 9783589383951485
1787664523.545914, NoOp Chain Depth 128 Size 0 Mode ref, Ref Stage 69, run, end, 9783589383973277
1787664523.545954, NoOp Chain Depth 128 Size 0 Mode ref, Ref Stage 70, run, start, 9783589384013005
1787664523.545977, NoOp Chain Depth 128 Size 0 Mode ref, Ref Stage 70, run, end, 9783589384036093
1787664523.546014, NoOp Chain Depth 128 Size 0 Mode ref, Ref Stage 71, run, start, 9783589384073741
1787664523.546036, NoOp Chain Depth 128 Size 0 Mode ref, Ref Stage 71, run, end, 9783589384095724
1787664523.546073, NoOp Chain Depth 128 Size 0 Mode ref, Ref Stage 72, run, start, 9783589384132812
1787664523.546095, NoOp Chain Depth 128 Size 0 Mode ref, Ref Stage 72, run, end, 9783589384154540
1787664523.546133, NoOp Chain Depth 128 Size 0 Mode ref, Ref Stage 73, run, start, 9783589384192124
1787664523.546154, NoOp Chain Depth 128 Size 0 Mode ref, Ref Stage 73, run, end, 9783589384213788
1787664523.546192, NoOp Chain Depth 128 Size 0 Mode ref, Ref Stage 74, run, start, 9783589384251276
1787664523.546214, NoOp Chain Depth 128 Size 0 Mode ref, Ref Stage 74, run, end, 9783589384272940
1787664523.546251, NoOp Chain Depth 128 Size 0 Mode ref, Ref Stage 75, run, start, 9783589384310156
1787664523.546275, NoOp Chain Depth 128 Size 0 Mode ref, Ref Stage 75, run, end, 9783589384334156
1787664523.546289, NoOp Chain Depth 128 Size 0 Mode ref, Ref Stage 76, run, start, 9783589384348812
1787664523.546346, NoOp Chain Depth 128 Size 0 Mode ref, Ref Stage 76, run, end, 9783589384405548
1787664523.546384, NoOp Chain Depth 128 Size 0 Mode ref, Ref Stage 77, run, start, 9783589384443164
1787664523.546405, NoOp Chain Depth 128 Size 0 Mode ref, Ref Stage 77, run, end, 9783589384464828
1787664523.546443, NoOp Chain Depth 128 Size 0 Mode ref, Ref Stage 78, run, start, 9783589384502476
1787664523.546465, NoOp Chain Depth 128 Size 0 Mode ref, Ref Stage 78, run, end, 9783589384524268
1787664523.546502, NoOp Chain Depth 128 Size 0 Mode ref, Ref Stage 79, run, start, 9783589384561212
1787664523.546523, NoOp Chain Depth 128 Size 0 Mode ref, Ref Stage 79, run, end, 9783589384582732
1787664523.546560, NoOp Chain Depth 128 Size 0 Mode ref, Ref Stage 80, run, start, 9783589384619548
1787664523.546582, NoOp Chain Depth 128 Size 0 Mode ref, Ref Stage 80, run, end, 9783589384641228
1787664523.546619, NoOp Chain Depth 128 Size 0 Mode ref, Ref Stage 81, run, start, 9783589384678732
1787664523.546641, NoOp Chain Depth 128 Size 0 Mode ref, Ref Stage 81, run, end, 9783589384700476
1787664523.546678, NoOp Chain Depth 128 Size 0 Mode ref, Ref Stage 82, run, start, 9783589384737564
1787664523.546700, NoOp Chain Depth 128 Size 0 Mode ref, Ref Stage 82, run, end, 9783589384759388
1787664523.546737, NoOp Chain Depth 128 Size 0 Mode ref, Ref Stage 83, run, start, 9783589384796748
1787664523.546759, NoOp Chain Depth 128 Size 0 Mode ref, Ref Stage 83, run, end, 9783589384818460
1787664523.546796, NoOp Chain Depth 128 Size 0 Mode ref, Ref Stage 84, run, start, 9783589384855628
1787664523.546820, NoOp Chain Depth 128 Size 0 Mode ref, Ref Stage 84, run, end, 9783589384878876
1787664523.546857, NoOp Chain Depth 128 Size 0 Mode ref, Ref Stage 85, run, start, 9783589384916252
1787664523.546879, NoOp Chain Depth 128 Size 0 Mode ref, Ref Stage 85, run, end, 9783589384938236
1787664523.546916, NoOp Chain Depth 128 Size 0 Mode ref, Ref Stage 86, run, start, 9783589384975484
1787664523.546938, NoOp Chain Depth 128 Size 0 Mode ref, Ref Stage 86, run, end, 9783589384997036
1787664523.546977, NoOp Chain Depth 128 Size 0 Mode ref, Ref Stage 87, run, start, 9783589385036284
1787664523.546999, NoOp Chain Depth 128 Size 0 Mode ref, Ref Stage 87, run, end, 9783589385058620
1787664523.547037, NoOp Chain Depth 128 Size 0 Mode ref, Ref Stage 88, run, start, 9783589385096476
1787664523.547059, NoOp Chain Depth 128 Size 0 Mode ref, Ref Stage 88, run, end, 9783589385118364
1787664523.547096, NoOp Chain Depth 128 Size 0 Mode ref, Ref Stage 89, run, start, 9783589385155900
1787664523.547118, NoOp Chain Depth 128 Size 0 Mode ref, Ref Stage 89, run, end, 9783589385177836
1787664523.547155, NoOp Chain Depth 128 Size 0 Mode ref, Ref Stage 90, run, start, 9783589385214764
1787664523.547177, NoOp Chain Depth 128 Size 0 Mode ref, Ref Stage 90, run, end, 9783589385236700
1787664523.547215, NoOp Chain Depth 128 Size 0 Mode ref, Ref Stage 91, run, start, 9783589385274140
1787664523.547236, NoOp Chain Depth 128 Size 0 Mode ref, Ref Stage 91, run, end, 9783589385295948
1787664523.547274, NoOp Chain Depth 128 Size 0 Mode ref, Ref Stage 92, run, start, 9783589385333660
1787664523.547296, NoOp Chain Depth 128 Size 0 Mode ref, Ref Stage 92, run, end, 9783589385355036
1787664523.547333, NoOp Chain Depth 128 Size 0 Mode ref, Ref Stage 93, run, start, 9783589385392892
1787664523.547355, NoOp Chain Depth 128 Size 0 Mode ref, Ref Stage 93, run, end, 9783589385414604
1787664523.547392, NoOp Chain Depth 128 Size 0 Mode ref, Ref Stage 94, run, start, 9783589385451676
1787664523.547414, NoOp Chain Depth 128 Size 0 Mode ref, Ref Stage 94, run, end, 9783589385473276
1787664523.547451, NoOp Chain Depth 128 Size 0 Mode ref, Ref Stage 95, run, start, 9783589385510108
1787664523.547473, NoOp Chain Depth 128 Size 0 Mode ref, Ref Stage 95, run, end, 9783589385531932
1787664523.547510, NoOp Chain Depth 128 Size 0 Mode ref, Ref Stage 96, run, start, 9783589385569260
1787664523.547532, NoOp Chain Depth 128 Size 0 Mode ref, Ref Stage 96, run, end, 9783589385590940
1787664523.547569, NoOp Chain Depth 128 Size 0 Mode ref, Ref Stage 97, run, start, 9783589385628252
1787664523.547590, NoOp Chain Depth 128 Size 0 Mode ref, Ref Stage 97, run, end, 9783589385649755
1787664523.547629, NoOp Chain Depth 128 Size 0 Mode ref, Ref Stage 98, run, start, 9783589385688379
1787664523.547660, NoOp Chain Depth 128 Size 0 Mode ref, Ref Stage 98, run, end, 9783589385719515
1787664523.547698, NoOp Chain Depth 128 Size 0 Mode ref, Ref Stage 99, run, start, 9783589385757835
1787664523.547730, NoOp Chain Depth 128 Size 0 Mode ref, Ref Stage 99, run, end, 9783589385789387
1787664523.547761, NoOp Chain Depth 128 Size 0 Mode ref, Ref Stage 100, run, start, 9783589385820011
1787664523.547806, NoOp Chain Depth 128 Size 0 Mode ref, Ref Stage 100, run, end, 9783589385865547
1787664523.547841, NoOp Chain Depth 128 Size 0 Mode ref, Ref Stage 101, run, start, 9783589385900635
1787664523.547863, NoOp Chain Depth 128 Size 0 Mode ref, Ref Stage 101, run, end, 9783589385922571
1787664523.547901, NoOp Chain Depth 128 Size 0 Mode ref, Ref Stage 102, run, start, 9783589385960059
1787664523.547922, NoOp Chain Depth 128 Size 0 Mode ref, Ref Stage 102, run, end, 9783589385981771
1787664523.547962, NoOp Chain Depth 128 Size 0 Mode ref, Ref Stage 103, run, start, 9783589386021371
1787664523.547984, NoOp Chain Depth 128 Size 0 Mode ref, Ref Stage 103, run, end, 9783589386043835
1787664523.548022, NoOp Chain Depth 128 Size 0 Mode ref, Ref Stage 104, run, start, 9783589386081291
1787664523.548044, NoOp Chain Depth 128 Size 0 Mode ref, Ref Stage 104, run, end, 9783589386103179
1787664523.548081, NoOp Chain Depth 128 Size 0 Mode ref, Ref Stage 105, run, start, 9783589386140539
1787664523.548105, NoOp Chain Depth 128 Size 0 Mode ref, Ref Stage 105, run, end, 9783589386163739
1787664523.548141, NoOp Chain Depth 128 Size 0 Mode ref, Ref Stage 106, run, start, 9783589386200747
1787664523.548163, NoOp Chain Depth 128 Size 0 Mode ref, Ref Stage 106, run, end, 9783589386222539
1787664523.548201, NoOp Chain Depth 128 Size 0 Mode ref, Ref Stage 107, run, start, 9783589386260459
1787664523.548223, NoOp Chain Depth 128 Size 0 Mode ref, Ref Stage 107, run, end, 9783589386282203
1787664523.548247, NoOp Chain Depth 128 Size 0 Mode ref, Ref Stage 108, run, start, 9783589386306443
1787664523.548269, NoOp Chain Depth 128 Size 0 Mode ref, Ref Stage 108, run, end, 9783589386328203
1787664523.548285, NoOp Chain Depth 128 Size 0 Mode ref, Ref Stage 109, run, start, 9783589386344635
1787664523.548309, NoOp Chain Depth 128 Size 0 Mode ref, Ref Stage 109, run, end, 9783589386368267
1787664523.548321, NoOp Chain Depth 128 Size 0 Mode ref, Ref Stage 110, run, start, 9783589386380699
1787664523.548353, NoOp Chain Depth 128 Size 0 Mode ref, Ref Stage 110, run, end, 9783589386413035
1787664523.548369, NoOp Chain Depth 128 Size 0 Mode ref, Ref Stage 111, run, start, 9783589386428843
1787664523.548391, NoOp Chain Depth 128 Size 0 Mode ref, Ref Stage 111, run, end, 9783589386450539
1787664523.548406, NoOp Chain Depth 128 Size 0 Mode ref, Ref Stage 112, run, start, 9783589386465531
1787664523.548429, NoOp Chain Depth 128 Size 0 Mode ref, Ref Stage 112, run, end, 9783589386488219
1787664523.548445, NoOp Chain Depth 128 Size 0 Mode ref, Ref Stage 113, run, start, 9783589386503995
1787664523.548466, NoOp Chain Depth 128 Size 0 Mode ref, Ref Stage 113, run, end, 9783589386525515
1787664523.548481, NoOp Chain Depth 128 Size 0 Mode ref, Ref Stage 114, run, start, 9783589386540571
1787664523.548503, NoOp Chain Depth 128 Size 0 Mode ref, Ref Stage 114, run, end, 9783589386562315
1787664523.548518, NoOp Chain Depth 128 Size 0 Mode ref, Ref Stage 115, run, start, 9783589386577387
1787664523.548539, NoOp Chain Depth 128 Size 0 Mode ref, Ref Stage 115, run, end, 9783589386598731
1787664523.548554, NoOp Chain Depth 128 Size 0 Mode ref, Ref Stage 116, run, start, 9783589386613851
1787664523.548576, NoOp Chain Depth 128 Size 0 Mode ref, Ref Stage 116, run, end, 9783589386635211
1787664523.548591, NoOp Chain Depth 128 Size 0 Mode ref, Ref Stage 117, run, start, 9783589386650299
1787664523.548614, NoOp Chain Depth 128 Size 0 Mode ref, Ref Stage 117, run, end, 9783589386672939
1787664523.548798, NoOp Chain Depth 128 Size 0 Mode ref, Ref Stage 118, run, start, 9783589386857787
1787664523.548824, NoOp Chain Depth 128 Size 0 Mode ref, Ref Stage 118, run, end, 9783589386883851
1787664523.548841, NoOp Chain Depth 128 Size 0 Mode ref, Ref Stage 119, run, start, 9783589386899755
1787664523.549165, NoOp Chain Depth 128 Size 0 Mode ref, Ref Stage 119, run, end, 9783589387224362
1787664523.549179, NoOp Chain Depth 128 Size 0 Mode ref, Ref Stage 120, run, start, 9783589387238362
1787664523.549311, NoOp Chain Depth 128 Size 0 Mode ref, Ref Stage 120, run, end, 9783589387371146
1787664523.549327, NoOp Chain Depth 128 Size 0 Mode ref, Ref Stage 121, run, start, 9783589387386362
1787664523.549349, NoOp Chain Depth 128 Size 0 Mode ref, Ref Stage 121, run, end, 9783589387408282
1787664523.549364, NoOp Chain Depth 128 Size 0 Mode ref, Ref Stage 122, run, start, 9783589387423514
1787664523.549386, NoOp Chain Depth 128 Size 0 Mode ref, Ref Stage 122, run, end, 9783589387445306
1787664523.549404, NoOp Chain Depth 128 Size 0 Mode ref, Ref Stage 123, run, start, 9783589387464682
1787664523.549431, NoOp Chain Depth 128 Size 0 Mode ref, Ref Stage 123, run, end, 9783589387490922
1787664523.549448, NoOp Chain Depth 128 Size 0 Mode ref, Ref Stage 124, run, start, 9783589387507418
1787664523.549470, NoOp Chain Depth 128 Size 0 Mode ref, Ref Stage 124, run, end, 9783589387529274
1787664523.549485, NoOp Chain Depth 128 Size 0 Mode ref, Ref Stage 125, run, start, 9783589387544234
1787664523.549510, NoOp Chain Depth 128 Size 0 Mode ref, Ref Stage 125, run, end, 9783589387569114
1787664523.549522, NoOp Chain Depth 128 Size 0 Mode ref, Ref Stage 126, run, start, 9783589387581082
1787664523.549555, NoOp Chain Depth 128 Size 0 Mode ref, Ref Stage 126, run, end, 9783589387614170
1787664523.549570, NoOp Chain Depth 128 Size 0 Mode ref, Ref Stage 127, run, start, 9783589387629530
1787664523.549592, NoOp Chain Depth 128 Size 0 Mode ref, Ref Stage 127, run, end, 9783589387650778
1787664523.549608, NoOp Chain Depth 128 Size 0 Mode ref, pipeline - train, run, end, 315289616718953530780165620581840753282, 1787664523.537872, 4, 1, 9783589387666810
1787664523.549649, NoOp Chain Depth 128 Size 0 Mode ref, pipeline - train, run, start, 226705808436810534023720334813783818613, 1787664523.549636, 5, 1, 9783589387708842
1787664523.549673, NoOp Chain Depth 128 Size 0 Mode ref, Ref Stage 0, run, start, 9783589387732010
1787664523.549695, NoOp Chain Depth 128 Size 0 Mode ref, Ref Stage 0, run, end, 9783589387753882
1787664523.549710, NoOp Chain Depth 128 Size 0 Mode ref, Ref Stage 1, run, start, 9783589387769402
1787664523.549731, NoOp Chain Depth 128 Size 0 Mode ref, Ref Stage 1, run, end, 9783589387790778
1787664523.549747, NoOp Chain Depth 128 Size 0 Mode ref, Ref Stage 2, run, start, 9783589387805690
1787664523.549767, NoOp Chain Depth 128 Size 0 Mode ref, Ref Stage 2, run, end, 9783589387826762
1787664523.550271, NoOp Chain Depth 128 Size 0 Mode ref, Ref Stage 3, run, start, 9783589388330922
1787664523.550298, NoOp Chain Depth 128 Size 0 Mode ref, Ref Stage 3, run, end, 9783589388357594
1787664523.550314, NoOp Chain Depth 128 Size 0 Mode ref, Ref Stage 4, run, start, 9783589388373546
1787664523.550336, NoOp Chain Depth 128 Size 0 Mode ref, Ref Stage 4, run, end, 9783589388395402
1787664523.550351, NoOp Chain Depth 128 Size 0 Mode ref, Ref Stage 5, run, start, 9783589388410506
1787664523.550375, NoOp Chain Depth 128 Size 0 Mode ref, Ref Stage 5, run, end, 9783589388434154
1787664523.550387, NoOp Chain Depth 128 Size 0 Mode ref, Ref Stage 6, run, start, 9783589388446618
1787664523.550420, NoOp Chain Depth 128 Size 0 Mode ref, Ref Stage 6, run, end, 9783589388479194
1787664523.550435, NoOp Chain Depth 128 Size 0 Mode ref, Ref Stage 7, run, start, 9783589388494442
1787664523.550457, NoOp Chain Depth 128 Size 0 Mode ref, Ref Stage 7, run, end, 9783589388515722
1787664523.550471, NoOp Chain Depth 128 Size 0 Mode ref, Ref Stage 8, run, start, 9783589388530490
1787664523.550494, NoOp Chain Depth 128 Size 0 Mode ref, Ref Stage 8, run, end, 9783589388553562
1787664523.550510, NoOp Chain Depth 128 Size 0 Mode ref, Ref Stage 9, run, start, 9783589388569514
1787664523.550532, NoOp Chain Depth 128 Size 0 Mode ref, Ref Stage 9, run, end, 9783589388591018
1787664523.550547, NoOp Chain Depth 128 Size 0 Mode ref, Ref Stage 10, run, start, 9783589388605962
1787664523.550568, NoOp Chain Depth 128 Size 0 Mode ref, Ref Stage 10, run, end, 9783589388627274
1787664523.550583, NoOp Chain Depth 128 Size 0 Mode ref, Ref Stage 11, run, start, 9783589388641994
1787664523.550604, NoOp Chain Depth 128 Size 0 Mode ref, Ref Stage 11, run, end, 9783589388663306
1787664523.550620, NoOp Chain Depth 128 Size 0 Mode ref, Ref Stage 12, run, start, 9783589388678858
1787664523.550641, NoOp Chain Depth 128 Size 0 Mode ref, Ref Stage 12, run, end, 9783589388699994
1787664523.550656, NoOp Chain Depth 128 Size 0 Mode ref, Ref Stage 13, run, start, 9783589388714745
1787664523.550981, NoOp Chain Depth 128 Size 0 Mode ref, Ref Stage 13, run, end, 9783589389040569
1787664523.551102, NoOp Chain Depth 128 Size 0 Mode ref, Ref Stage 14, run, start, 9783589389161113
1787664523.551125, NoOp Chain Depth 128 Size 0 Mode ref, Ref Stage 14, run, end, 9783589389183993
1787664523.551140, NoOp Chain Depth 128 Size 0 Mode ref, Ref Stage 15, run, start, 9783589389198825
1787664523.551161, NoOp Chain Depth 128 Size 0 Mode ref, Ref Stage 15, run, end, 9783589389220361
1787664523.551176, NoOp Chain Depth 128 Size 0 Mode ref, Ref Stage 16, run, start, 9783589389235321
1787664523.551199, NoOp Chain Depth 128 Size 0 Mode ref, Ref Stage 16, run, end, 9783589389258281
1787664523.551211, NoOp Chain Depth 128 Size 0 Mode ref, Ref Stage 17, run, start, 9783589389270537
1787664523.551245, NoOp Chain Depth 128 Size 0 Mode ref, Ref Stage 17, run, end, 9783589389304713
1787664523.551260, NoOp Chain Depth 128 Size 0 Mode ref, Ref Stage 18, run, start, 9783589389319785
1787664523.551282, NoOp Chain Depth 128 Size 0 Mode ref, Ref Stage 18, run, end, 9783589389341209
1787664523.551297, NoOp Chain Depth 128 Size 0 Mode ref, Ref Stage 19, run, start, 9783589389356073
1787664523.551319, NoOp Chain Depth 128 Size 0 Mode ref, Ref Stage 19, run, end, 9783589389377929
1787664523.551333, NoOp Chain Depth 128 Size 0 Mode ref, Ref Stage 20, run, start, 9783589389392793
1787664523.551356, NoOp Chain Depth 128 Size 0 Mode ref, Ref Stage 20, run, end, 9783589389415609
1787664523.551371, NoOp Chain Depth 128 Size 0 Mode ref, Ref Stage 21, run, start, 9783589389430201
1787664523.551392, NoOp Chain Depth 128 Size 0 Mode ref, Ref Stage 21, run, end, 9783589389451449
1787664523.551407, NoOp Chain Depth 128 Size 0 Mode ref, Ref Stage 22, run, start, 9783589389466297
1787664523.551429, NoOp Chain Depth 128 Size 0 Mode ref, Ref Stage 22, run, end, 9783589389487737
1787664523.551449, NoOp Chain Depth 128 Size 0 Mode ref, Ref Stage 23, run, start, 9783589389507849
1787664523.551471, NoOp Chain Depth 128 Size 0 Mode ref, Ref Stage 23, run, end, 9783589389530345
1787664523.551486, NoOp Chain Depth 128 Size 0 Mode ref, Ref Stage 24, run, start, 9783589389545081
1787664523.551577, NoOp Chain Depth 128 Size 0 Mode ref, Ref Stage 24, run, end, 9783589389638265
1787664523.551595, NoOp Chain Depth 128 Size 0 Mode ref, Ref Stage 25, run, start, 9783589389654057
1787664523.551617, NoOp Chain Depth 128 Size 0 Mode ref, Ref Stage 25, run, end, 9783589389675977
1787664523.551631, NoOp Chain Depth 128 Size 0 Mode ref, Ref Stage 26, run, start, 9783589389690809
1787664523.551653, NoOp Chain Depth 128 Size 0 Mode ref, Ref Stage 26, run, end, 9783589389712169
1787664523.551668, NoOp Chain Depth 128 Size 0 Mode ref, Ref Stage 27, run, start, 9783589389726937
1787664523.551691, NoOp Chain Depth 128 Size 0 Mode ref, Ref Stage 27, run, end, 9783589389749737
1787664523.551707, NoOp Chain Depth 128 Size 0 Mode ref, Ref Stage 28, run, start, 9783589389765849
1787664523.551729, NoOp Chain Depth 128 Size 0 Mode ref, Ref Stage 28, run, end, 9783589389788761
1787664523.551745, NoOp Chain Depth 128 Size 0 Mode ref, Ref Stage 29, run, start, 9783589389804409
1787664523.551766, NoOp Chain Depth 128 Size 0 Mode ref, Ref Stage 29, run, end, 9783589389825433
1787664523.551781, NoOp Chain Depth 128 Size 0 Mode ref, Ref Stage 30, run, start, 9783589389840041
1787664523.551803, NoOp Chain Depth 128 Size 0 Mode ref, Ref Stage 30, run, end, 9783589389862665
1787664523.552219, NoOp Chain Depth 128 Size 0 Mode ref, Ref Stage 31, run, start, 9783589390279768
1787664523.552349, NoOp Chain Depth 128 Size 0 Mode ref, Ref Stage 31, run, end, 9783589390408776
1787664523.552365, NoOp Chain Depth 128 Size 0 Mode ref, Ref Stage 32, run, start, 9783589390424680
1787664523.552387, NoOp Chain Depth 128 Size 0 Mode ref, Ref Stage 32, run, end, 9783589390446328
1787664523.552402, NoOp Chain Depth 128 Size 0 Mode ref, Ref Stage 33, run, start, 9783589390461368
1787664523.552423, NoOp Chain Depth 128 Size 0 Mode ref, Ref Stage 33, run, end, 9783589390482568
1787664523.552438, NoOp Chain Depth 128 Size 0 Mode ref, Ref Stage 34, run, start, 9783589390497144
1787664523.552459, NoOp Chain Depth 128 Size 0 Mode ref, Ref Stage 34, run, end, 9783589390518264
1787664523.552474, NoOp Chain Depth 128 Size 0 Mode ref, Ref Stage 35, run, start, 9783589390533032
1787664523.552496, NoOp Chain Depth 128 Size 0 Mode ref, Ref Stage 35, run, end, 9783589390555704
1787664523.552508, NoOp Chain Depth 128 Size 0 Mode ref, Ref Stage 36, run, start, 9783589390567864
1787664523.552540, NoOp Chain Depth 128 Size 0 Mode ref, Ref Stage 36, run, end, 9783589390599448
1787664523.552555, NoOp Chain Depth 128 Size 0 Mode ref, Ref Stage 37, run, start, 9783589390614440
1787664523.552578, NoOp Chain Depth 128 Size 0 Mode ref, Ref Stage 37, run, end, 9783589390637560
1787664523.552593, NoOp Chain Depth 128 Size 0 Mode ref, Ref Stage 38, run, start, 9783589390652408
1787664523.552614, NoOp Chain Depth 128 Size 0 Mode ref, Ref Stage 38, run, end, 9783589390673528
1787664523.552629, NoOp Chain Depth 128 Size 0 Mode ref, Ref Stage 39, run, start, 9783589390688600
1787664523.552653, NoOp Chain Depth 128 Size 0 Mode ref, Ref Stage 39, run, end, 9783589390712392
1787664523.552668, NoOp Chain Depth 128 Size 0 Mode ref, Ref Stage 40, run, start, 9783589390727144
1787664523.552689, NoOp Chain Depth 128 Size 0 Mode ref, Ref Stage 40, run, end, 9783589390748296
1787664523.552704, NoOp Chain Depth 128 Size 0 Mode ref, Ref Stage 41, run, start, 9783589390763240
1787664523.552725, NoOp Chain Depth 128 Size 0 Mode ref, Ref Stage 41, run, end, 9783589390784072
1787664523.552740, NoOp Chain Depth 128 Size 0 Mode ref, Ref Stage 42, run, start, 9783589390799784
1787664523.553064, NoOp Chain Depth 128 Size 0 Mode ref, Ref Stage 42, run, end, 9783589391124440
1787664523.553189, NoOp Chain Depth 128 Size 0 Mode ref, Ref Stage 43, run, start, 9783589391248168
1787664523.553212, NoOp Chain Depth 128 Size 0 Mode ref, Ref Stage 43, run, end, 9783589391270856
1787664523.553226, NoOp Chain Depth 128 Size 0 Mode ref, Ref Stage 44, run, start, 9783589391285752
1787664523.553248, NoOp Chain Depth 128 Size 0 Mode ref, Ref Stage 44, run, end, 9783589391307112
1787664523.553263, NoOp Chain Depth 128 Size 0 Mode ref, Ref Stage 45, run, start, 9783589391322008
1787664523.553285, NoOp Chain Depth 128 Size 0 Mode ref, Ref Stage 45, run, end, 9783589391344504
1787664523.553297, NoOp Chain Depth 128 Size 0 Mode ref, Ref Stage 46, run, start, 9783589391356280
1787664523.553328, NoOp Chain Depth 128 Size 0 Mode ref, Ref Stage 46, run, end, 9783589391387336
1787664523.553343, NoOp Chain Depth 128 Size 0 Mode ref, Ref Stage 47, run, start, 9783589391401896
1787664523.553364, NoOp Chain Depth 128 Size 0 Mode ref, Ref Stage 47, run, end, 9783589391422968
1787664523.553379, NoOp Chain Depth 128 Size 0 Mode ref, Ref Stage 48, run, start, 9783589391437720
1787664523.553400, NoOp Chain Depth 128 Size 0 Mode ref, Ref Stage 48, run, end, 9783589391458824
1787664523.553414, NoOp Chain Depth 128 Size 0 Mode ref, Ref Stage 49, run, start, 9783589391473608
1787664523.553437, NoOp Chain Depth 128 Size 0 Mode ref, Ref Stage 49, run, end, 9783589391496648
1787664523.553452, NoOp Chain Depth 128 Size 0 Mode ref, Ref Stage 50, run, start, 9783589391511976
1787664523.553475, NoOp Chain Depth 128 Size 0 Mode ref, Ref Stage 50, run, end, 9783589391534600
1787664523.553871, NoOp Chain Depth 128 Size 0 Mode ref, Ref Stage 51, run, start, 9783589391931479
1787664523.554004, NoOp Chain Depth 128 Size 0 Mode ref, Ref Stage 51, run, end, 9783589392063527
1787664523.554020, NoOp Chain Depth 128 Size 0 Mode ref, Ref Stage 52, run, start, 9783589392078759
1787664523.554041, NoOp Chain Depth 128 Size 0 Mode ref, Ref Stage 52, run, end, 9783589392100327
1787664523.554056, NoOp Chain Depth 128 Size 0 Mode ref, Ref Stage 53, run, start, 9783589392115047
1787664523.554077, NoOp Chain Depth 128 Size 0 Mode ref, Ref Stage 53, run, end, 9783589392136423
1787664523.554092, NoOp Chain Depth 128 Size 0 Mode ref, Ref Stage 54, run, start, 9783589392151239
1787664523.554113, NoOp Chain Depth 128 Size 0 Mode ref, Ref Stage 54, run, end, 9783589392172263
1787664523.554128, NoOp Chain Depth 128 Size 0 Mode ref, Ref Stage 55, run, start, 9783589392186903
1787664523.554149, NoOp Chain Depth 128 Size 0 Mode ref, Ref Stage 55, run, end, 9783589392207703
1787664523.554560, NoOp Chain Depth 128 Size 0 Mode ref, Ref Stage 56, run, start, 9783589392619943
1787664523.554584, NoOp Chain Depth 128 Size 0 Mode ref, Ref Stage 56, run, end, 9783589392643287
1787664523.554599, NoOp Chain Depth 128 Size 0 Mode ref, Ref Stage 57, run, start, 9783589392658551
1787664523.554622, NoOp Chain Depth 128 Size 0 Mode ref, Ref Stage 57, run, end, 9783589392681271
1787664523.554634, NoOp Chain Depth 128 Size 0 Mode ref, Ref Stage 58, run, start, 9783589392693543
1787664523.554668, NoOp Chain Depth 128 Size 0 Mode ref, Ref Stage 58, run, end, 9783589392727367
1787664523.554683, NoOp Chain Depth 128 Size 0 Mode ref, Ref Stage 59, run, start, 9783589392741991
1787664523.554704, NoOp Chain Depth 128 Size 0 Mode ref, Ref Stage 59, run, end, 9783589392763223
1787664523.554719, NoOp Chain Depth 128 Size 0 Mode ref, Ref Stage 60, run, start, 9783589392778247
1787664523.554740, NoOp Chain Depth 128 Size 0 Mode ref, Ref Stage 60, run, end, 9783589392798935
1787664523.554755, NoOp Chain Depth 128 Size 0 Mode ref, Ref Stage 61, run, start, 9783589392814439
1787664523.554777, NoOp Chain Depth 128 Size 0 Mode ref, Ref Stage 61, run, end, 9783589392836087
1787664523.554792, NoOp Chain Depth 128 Size 0 Mode ref, Ref Stage 62, run, start, 9783589392850951
1787664523.554813, NoOp Chain Depth 128 Size 0 Mode ref, Ref Stage 62, run, end, 9783589392872391
1787664523.554840, NoOp Chain Depth 128 Size 0 Mode ref, Ref Stage 63, run, start, 9783589392899687
1787664523.554864, NoOp Chain Depth 128 Size 0 Mode ref, Ref Stage 63, run, end, 9783589392923703
1787664523.555360, NoOp Chain Depth 128 Size 0 Mode ref, Ref Stage 64, run, start, 9783589393419606
1787664523.555386, NoOp Chain Depth 128 Size 0 Mode ref, Ref Stage 64, run, end, 9783589393445878
1787664523.555402, NoOp Chain Depth 128 Size 0 Mode ref, Ref Stage 65, run, start, 9783589393461558
1787664523.555424, NoOp Chain Depth 128 Size 0 Mode ref, Ref Stage 65, run, end, 9783589393483142
1787664523.555439, NoOp Chain Depth 128 Size 0 Mode ref, Ref Stage 66, run, start, 9783589393497974
1787664523.555460, NoOp Chain Depth 128 Size 0 Mode ref, Ref Stage 66, run, end, 9783589393519190
1787664523.555475, NoOp Chain Depth 128 Size 0 Mode ref, Ref Stage 67, run, start, 9783589393533558
1787664523.555497, NoOp Chain Depth 128 Size 0 Mode ref, Ref Stage 67, run, end, 9783589393556102
1787664523.555509, NoOp Chain Depth 128 Size 0 Mode ref, Ref Stage 68, run, start, 9783589393568214
1787664523.555541, NoOp Chain Depth 128 Size 0 Mode ref, Ref Stage 68, run, end, 9783589393600278
1787664523.555556, NoOp Chain Depth 128 Size 0 Mode ref, Ref Stage 69, run, start, 9783589393615542
1787664523.555578, NoOp Chain Depth 128 Size 0 Mode ref, Ref Stage 69, run, end, 9783589393637606
1787664523.555594, NoOp Chain Depth 128 Size 0 Mode ref, Ref Stage 70, run, start, 9783589393653414
1787664523.555618, NoOp Chain Depth 128 Size 0 Mode ref, Ref Stage 70, run, end, 9783589393676934
1787664523.556035, NoOp Chain Depth 128 Size 0 Mode ref, Ref Stage 71, run, start, 9783589394094406
1787664523.556060, NoOp Chain Depth 128 Size 0 Mode ref, Ref Stage 71, run, end, 9783589394119270
1787664523.556075, NoOp Chain Depth 128 Size 0 Mode ref, Ref Stage 72, run, start, 9783589394134518
1787664523.556097, NoOp Chain Depth 128 Size 0 Mode ref, Ref Stage 72, run, end, 9783589394155814
1787664523.556111, NoOp Chain Depth 128 Size 0 Mode ref, Ref Stage 73, run, start, 9783589394170518
1787664523.556133, NoOp Chain Depth 128 Size 0 Mode ref, Ref Stage 73, run, end, 9783589394191798
1787664523.556147, NoOp Chain Depth 128 Size 0 Mode ref, Ref Stage 74, run, start, 9783589394206294
1787664523.556170, NoOp Chain Depth 128 Size 0 Mode ref, Ref Stage 74, run, end, 9783589394229142
1787664523.556566, NoOp Chain Depth 128 Size 0 Mode ref, Ref Stage 75, run, start, 9783589394626406
1787664523.556591, NoOp Chain Depth 128 Size 0 Mode ref, Ref Stage 75, run, end, 9783589394649910
1787664523.556606, NoOp Chain Depth 128 Size 0 Mode ref, Ref Stage 76, run, start, 9783589394665270
1787664523.556628, NoOp Chain Depth 128 Size 0 Mode ref, Ref Stage 76, run, end, 9783589394687030
1787664523.556643, NoOp Chain Depth 128 Size 0 Mode ref, Ref Stage 77, run, start, 9783589394702150
1787664523.556664, NoOp Chain Depth 128 Size 0 Mode ref, Ref Stage 77, run, end, 9783589394723478
1787664523.556679, NoOp Chain Depth 128 Size 0 Mode ref, Ref Stage 78, run, start, 9783589394738422
1787664523.556701, NoOp Chain Depth 128 Size 0 Mode ref, Ref Stage 78, run, end, 9783589394759974
1787664523.556818, NoOp Chain Depth 128 Size 0 Mode ref, Ref Stage 79, run, start, 9783589394877637
1787664523.556840, NoOp Chain Depth 128 Size 0 Mode ref, Ref Stage 79, run, end, 9783589394899205
1787664523.556855, NoOp Chain Depth 128 Size 0 Mode ref, Ref Stage 80, run, start, 9783589394914213
1787664523.556878, NoOp Chain Depth 128 Size 0 Mode ref, Ref Stage 80, run, end, 9783589394937237
1787664523.556891, NoOp Chain Depth 128 Size 0 Mode ref, Ref Stage 81, run, start, 9783589394950613
1787664523.556923, NoOp Chain Depth 128 Size 0 Mode ref, Ref Stage 81, run, end, 9783589394982693
1787664523.556938, NoOp Chain Depth 128 Size 0 Mode ref, Ref Stage 82, run, start, 9783589394997525
1787664523.556963, NoOp Chain Depth 128 Size 0 Mode ref, Ref Stage 82, run, end, 9783589395021973
1787664523.556978, NoOp Chain Depth 128 Size 0 Mode ref, Ref Stage 83, run, start, 9783589395036661
1787664523.556999, NoOp Chain Depth 128 Size 0 Mode ref, Ref Stage 83, run, end, 9783589395057701
1787664523.557014, NoOp Chain Depth 128 Size 0 Mode ref, Ref Stage 84, run, start, 9783589395072853
1787664523.557037, NoOp Chain Depth 128 Size 0 Mode ref, Ref Stage 84, run, end, 9783589395095701
1787664523.557052, NoOp Chain Depth 128 Size 0 Mode ref, Ref Stage 85, run, start, 9783589395111333
1787664523.557075, NoOp Chain Depth 128 Size 0 Mode ref, Ref Stage 85, run, end, 9783589395133877
1787664523.557090, NoOp Chain Depth 128 Size 0 Mode ref, Ref Stage 86, run, start, 9783589395148933
1787664523.557111, NoOp Chain Depth 128 Size 0 Mode ref, Ref Stage 86, run, end, 9783589395170165
1787664523.557126, NoOp Chain Depth 128 Size 0 Mode ref, Ref Stage 87, run, start, 9783589395184965
1787664523.557148, NoOp Chain Depth 128 Size 0 Mode ref, Ref Stage 87, run, end, 9783589395207509
1787664523.557160, NoOp Chain Depth 128 Size 0 Mode ref, Ref Stage 88, run, start, 9783589395219365
1787664523.557192, NoOp Chain Depth 128 Size 0 Mode ref, Ref Stage 88, run, end, 9783589395250837
1787664523.557207, NoOp Chain Depth 128 Size 0 Mode ref, Ref Stage 89, run, start, 9783589395266517
1787664523.557228, NoOp Chain Depth 128 Size 0 Mode ref, Ref Stage 89, run, end, 9783589395287621
1787664523.557642, NoOp Chain Depth 128 Size 0 Mode ref, Ref Stage 90, run, start, 9783589395701189
1787664523.557666, NoOp Chain Depth 128 Size 0 Mode ref, Ref Stage 90, run, end, 9783589395725221
1787664523.557681, NoOp Chain Depth 128 Size 0 Mode ref, Ref Stage 91, run, start, 9783589395740437
1787664523.557702, NoOp Chain Depth 128 Size 0 Mode ref, Ref Stage 91, run, end, 9783589395761701
1787664523.557717, NoOp Chain Depth 128 Size 0 Mode ref, Ref Stage 92, run, start, 9783589395776517
1787664523.557739, NoOp Chain Depth 128 Size 0 Mode ref, Ref Stage 92, run, end, 9783589395797669
1787664523.557754, NoOp Chain Depth 128 Size 0 Mode ref, Ref Stage 93, run, start, 9783589395812709
1787664523.557775, NoOp Chain Depth 128 Size 0 Mode ref, Ref Stage 93, run, end, 9783589395833925
1787664523.559953, NoOp Chain Depth 128 Size 0 Mode ref, Ref Stage 94, run, start, 9783589398013603
1787664523.559980, NoOp Chain Depth 128 Size 0 Mode ref, Ref Stage 94, run, end, 9783589398039843
1787664523.560557, NoOp Chain Depth 128 Size 0 Mode ref, Ref Stage 95, run, start, 9783589398616387
1787664523.560580, NoOp Chain Depth 128 Size 0 Mode ref, Ref Stage 95, run, end, 9783589398639811
1787664523.560596, NoOp Chain Depth 128 Size 0 Mode ref, Ref Stage 96, run, start, 9783589398654995
1787664523.560617, NoOp Chain Depth 128 Size 0 Mode ref, Ref Stage 96, run, end, 9783589398676067
1787664523.560631, NoOp Chain Depth 128 Size 0 Mode ref, Ref Stage 97, run, start, 9783589398690595
1787664523.560652, NoOp Chain Depth 128 Size 0 Mode ref, Ref Stage 97, run, end, 9783589398711331
1787664523.560667, NoOp Chain Depth 128 Size 0 Mode ref, Ref Stage 98, run, start, 9783589398725891
1787664523.560688, NoOp Chain Depth 128 Size 0 Mode ref, Ref Stage 98, run, end, 9783589398747139
1787664523.560703, NoOp Chain Depth 128 Size 0 Mode ref, Ref Stage 99, run, start, 9783589398762019
1787664523.560727, NoOp Chain Depth 128 Size 0 Mode ref, Ref Stage 99, run, end, 9783589398785843
1787664523.560741, NoOp Chain Depth 128 Size 0 Mode ref, Ref Stage 100, run, start, 9783589398800739
1787664523.560763, NoOp Chain Depth 128 Size 0 Mode ref, Ref Stage 100, run, end, 9783589398822403
1787664523.560778, NoOp Chain Depth 128 Size 0 Mode ref, Ref Stage 101, run, start, 9783589398837347
1787664523.560800, NoOp Chain Depth 128 Size 0 Mode ref, Ref Stage 101, run, end, 9783589398858611
1787664523.560814, NoOp Chain Depth 128 Size 0 Mode ref, Ref Stage 102, run, start, 9783589398873555
1787664523.560836, NoOp Chain Depth 128 Size 0 Mode ref, Ref Stage 102, run, end, 9783589398895011
1787664523.560850, NoOp Chain Depth 128 Size 0 Mode ref, Ref Stage 103, run, start, 9783589398909459
1787664523.560871, NoOp Chain Depth 128 Size 0 Mode ref, Ref Stage 103, run, end, 9783589398930419
1787664523.560886, NoOp Chain Depth 128 Size 0 Mode ref, Ref Stage 104, run, start, 9783589398945091
1787664523.560907, NoOp Chain Depth 128 Size 0 Mode ref, Ref Stage 104, run, end, 9783589398966067
1787664523.560922, NoOp Chain Depth 128 Size 0 Mode ref, Ref Stage 105, run, start, 9783589398980835
1787664523.560943, NoOp Chain Depth 128 Size 0 Mode ref, Ref Stage 105, run, end, 9783589399004211
1787664523.560960, NoOp Chain Depth 128 Size 0 Mode ref, Ref Stage 106, run, start, 9783589399019555
1787664523.560981, NoOp Chain Depth 128 Size 0 Mode ref, Ref Stage 106, run, end, 9783589399040531
1787664523.560996, NoOp Chain Depth 128 Size 0 Mode ref, Ref Stage 107, run, start, 9783589399055075
1787664523.561019, NoOp Chain Depth 128 Size 0 Mode ref, Ref Stage 107, run, end, 9783589399077955
1787664523.561031, NoOp Chain Depth 128 Size 0 Mode ref, Ref Stage 108, run, start, 9783589399089971
1787664523.561062, NoOp Chain Depth 128 Size 0 Mode ref, Ref Stage 108, run, end, 9783589399121427
1787664523.561077, NoOp Chain Depth 128 Size 0 Mode ref, Ref Stage 109, run, start, 9783589399136291
1787664523.561100, NoOp Chain Depth 128 Size 0 Mode ref, Ref Stage 109, run, end, 9783589399158755
1787664523.561111, NoOp Chain Depth 128 Size 0 Mode ref, Ref Stage 110, run, start, 9783589399170307
1787664523.561142, NoOp Chain Depth 128 Size 0 Mode ref, Ref Stage 110, run, end, 9783589399201443
1787664523.561157, NoOp Chain Depth 128 Size 0 Mode ref, Ref Stage 111, run, start, 9783589399216227
1787664523.561178, NoOp Chain Depth 128 Size 0 Mode ref, Ref Stage 111, run, end, 9783589399237219
1787664523.561193, NoOp Chain Depth 128 Size 0 Mode ref, Ref Stage 112, run, start, 9783589399251715
1787664523.561214, NoOp Chain Depth 128 Size 0 Mode ref, Ref Stage 112, run, end, 9783589399273011
1787664523.561228, NoOp Chain Depth 128 Size 0 Mode ref, Ref Stage 113, run, start, 9783589399287395
1787664523.561249, NoOp Chain Depth 128 Size 0 Mode ref, Ref Stage 113, run, end, 9783589399308179
1787664523.561264, NoOp Chain Depth 128 Size 0 Mode ref, Ref Stage 114, run, start, 9783589399323539
1787664523.561285, NoOp Chain Depth 128 Size 0 Mode ref, Ref Stage 114, run, end, 9783589399344339
1787664523.561300, NoOp Chain Depth 128 Size 0 Mode ref, Ref Stage 115, run, start, 9783589399359459
1787664523.561321, NoOp Chain Depth 128 Size 0 Mode ref, Ref Stage 115, run, end, 9783589399380323
1787664523.561336, NoOp Chain Depth 128 Size 0 Mode ref, Ref Stage 116, run, start, 9783589399394754
1787664523.561356, NoOp Chain Depth 128 Size 0 Mode ref, Ref Stage 116, run, end, 9783589399415506
1787664523.561371, NoOp Chain Depth 128 Size 0 Mode ref, Ref Stage 117, run, start, 9783589399430114
1787664523.561392, NoOp Chain Depth 128 Size 0 Mode ref, Ref Stage 117, run, end, 9783589399451090
1787664523.561685, NoOp Chain Depth 128 Size 0 Mode ref, Ref Stage 118, run, start, 9783589399744786
1787664523.561710, NoOp Chain Depth 128 Size 0 Mode ref, Ref Stage 118, run, end, 9783589399769170
1787664523.561725, NoOp Chain Depth 128 Size 0 Mode ref, Ref Stage 119, run, start, 9783589399784578
1787664523.561749, NoOp Chain Depth 128 Size 0 Mode ref, Ref Stage 119, run, end, 9783589399807986
1787664523.561760, NoOp Chain Depth 128 Size 0 Mode ref, Ref Stage 120, run, start, 9783589399819842
1787664523.561795, NoOp Chain Depth 128 Size 0 Mode ref, Ref Stage 120, run, end, 9783589399853986
1787664523.561809, NoOp Chain Depth 128 Size 0 Mode ref, Ref Stage 121, run, start, 9783589399868802
1787664523.561831, NoOp Chain Depth 128 Size 0 Mode ref, Ref Stage 121, run, end, 9783589399890050
1787664523.561846, NoOp Chain Depth 128 Size 0 Mode ref, Ref Stage 122, run, start, 9783589399904850
1787664523.561867, NoOp Chain Depth 128 Size 0 Mode ref, Ref Stage 122, run, end, 9783589399926210
1787664523.561882, NoOp Chain Depth 128 Size 0 Mode ref, Ref Stage 123, run, start, 9783589399940834
1787664523.561903, NoOp Chain Depth 128 Size 0 Mode ref, Ref Stage 123, run, end, 9783589399961842
1787664523.561917, NoOp Chain Depth 128 Size 0 Mode ref, Ref Stage 124, run, start, 9783589399976498
1787664523.561939, NoOp Chain Depth 128 Size 0 Mode ref, Ref Stage 124, run, end, 9783589399997922
1787664523.561957, NoOp Chain Depth 128 Size 0 Mode ref, Ref Stage 125, run, start, 9783589400015954
1787664523.561980, NoOp Chain Depth 128 Size 0 Mode ref, Ref Stage 125, run, end, 9783589400039202
1787664523.561991, NoOp Chain Depth 128 Size 0 Mode ref, Ref Stage 126, run, start, 9783589400050898
1787664523.562023, NoOp Chain Depth 128 Size 0 Mode ref, Ref Stage 126, run, end, 9783589400082338
1787664523.562038, NoOp Chain Depth 128 Size 0 Mode ref, Ref Stage 127, run, start, 9783589400097458
1787664523.562059, NoOp Chain Depth 128 Size 0 Mode ref, Ref Stage 127, run, end, 9783589400118562
1787664523.562075, NoOp Chain Depth 128 Size 0 Mode ref, pipeline - train, run, end, 226705808436810534023720334813783818613, 1787664523.549636, 5, 1, 9783589400133938
1787664523.562112, NoOp Chain Depth 128 Size 0 Mode ref, pipeline - train, run, start, 52794623592251725067019407385207003447, 1787664523.562100, 6, 1, 9783589400171138
1787664523.562135, NoOp Chain Depth 128 Size 0 Mode ref, Ref Stage 0, run, start, 9783589400194626
1787664523.562157, NoOp Chain Depth 128 Size 0 Mode ref, Ref Stage 0, run, end, 9783589400216514
1787664523.562172, NoOp Chain Depth 128 Size 0 Mode ref, Ref Stage 1, run, start, 9783589400231730
1787664523.562196, NoOp Chain Depth 128 Size 0 Mode ref, Ref Stage 1, run, end, 9783589400255410
1787664523.562211, NoOp Chain Depth 128 Size 0 Mode ref, Ref Stage 2, run, start, 9783589400270626
1787664523.562539, NoOp Chain Depth 128 Size 0 Mode ref, Ref Stage 2, run, end, 9783589400599394
1787664523.562659, NoOp Chain Depth 128 Size 0 Mode ref, Ref Stage 3, run, start, 9783589400719058
1787664523.562683, NoOp Chain Depth 128 Size 0 Mode ref, Ref Stage 3, run, end, 9783589400742402
1787664523.562698, NoOp Chain Depth 128 Size 0 Mode ref, Ref Stage 4, run, start, 9783589400757458
1787664523.562720, NoOp Chain Depth 128 Size 0 Mode ref, Ref Stage 4, run, end, 9783589400778946
1787664523.562735, NoOp Chain Depth 128 Size 0 Mode ref, Ref Stage 5, run, start, 9783589400794562
1787664523.562757, NoOp Chain Depth 128 Size 0 Mode ref, Ref Stage 5, run, end, 9783589400815826
1787664523.562771, NoOp Chain Depth 128 Size 0 Mode ref, Ref Stage 6, run, start, 9783589400830530
1787664523.562793, NoOp Chain Depth 128 Size 0 Mode ref, Ref Stage 6, run, end, 9783589400851970
1787664523.562808, NoOp Chain Depth 128 Size 0 Mode ref, Ref Stage 7, run, start, 9783589400866818
1787664523.562829, NoOp Chain Depth 128 Size 0 Mode ref, Ref Stage 7, run, end, 9783589400888034
1787664523.562844, NoOp Chain Depth 128 Size 0 Mode ref, Ref Stage 8, run, start, 9783589400902834
1787664523.562865, NoOp Chain Depth 128 Size 0 Mode ref, Ref Stage 8, run, end, 9783589400924098
1787664523.562880, NoOp Chain Depth 128 Size 0 Mode ref, Ref Stage 9, run, start, 9783589400938705
1787664523.562901, NoOp Chain Depth 128 Size 0 Mode ref, Ref Stage 9, run, end, 9783589400959841
1787664523.562915, NoOp Chain Depth 128 Size 0 Mode ref, Ref Stage 10, run, start, 9783589400974593
1787664523.562937, NoOp Chain Depth 128 Size 0 Mode ref, Ref Stage 10, run, end, 9783589400995857
1787664523.562958, NoOp Chain Depth 128 Size 0 Mode ref, Ref Stage 11, run, start, 9783589401017841
1787664523.562982, NoOp Chain Depth 128 Size 0 Mode ref, Ref Stage 11, run, end, 9783589401041457
1787664523.562999, NoOp Chain Depth 128 Size 0 Mode ref, Ref Stage 12, run, start, 9783589401058721
1787664523.563020, NoOp Chain Depth 128 Size 0 Mode ref, Ref Stage 12, run, end, 9783589401079665
1787664523.563035, NoOp Chain Depth 128 Size 0 Mode ref, Ref Stage 13, run, start, 9783589401094545
1787664523.563056, NoOp Chain Depth 128 Size 0 Mode ref, Ref Stage 13, run, end, 9783589401115569
1787664523.563071, NoOp Chain Depth 128 Size 0 Mode ref, Ref Stage 14, run, start, 9783589401130097
1787664523.563093, NoOp Chain Depth 128 Size 0 Mode ref, Ref Stage 14, run, end, 9783589401152641
1787664523.563105, NoOp Chain Depth 128 Size 0 Mode ref, Ref Stage 15, run, start, 9783589401164433
1787664523.563137, NoOp Chain Depth 128 Size 0 Mode ref, Ref Stage 15, run, end, 9783589401196081
1787664523.563152, NoOp Chain Depth 128 Size 0 Mode ref, Ref Stage 16, run, start, 9783589401210801
1787664523.563174, NoOp Chain Depth 128 Size 0 Mode ref, Ref Stage 16, run, end, 9783589401233729
1787664523.563186, NoOp Chain Depth 128 Size 0 Mode ref, Ref Stage 17, run, start, 9783589401245553
1787664523.563219, NoOp Chain Depth 128 Size 0 Mode ref, Ref Stage 17, run, end, 9783589401278097
1787664523.563234, NoOp Chain Depth 128 Size 0 Mode ref, Ref Stage 18, run, start, 9783589401292769
1787664523.563255, NoOp Chain Depth 128 Size 0 Mode ref, Ref Stage 18, run, end, 9783589401314065
1787664523.563270, NoOp Chain Depth 128 Size 0 Mode ref, Ref Stage 19, run, start, 9783589401328977
1787664523.563296, NoOp Chain Depth 128 Size 0 Mode ref, Ref Stage 19, run, end, 9783589401355057
1787664523.563312, NoOp Chain Depth 128 Size 0 Mode ref, Ref Stage 20, run, start, 9783589401370801
1787664523.563333, NoOp Chain Depth 128 Size 0 Mode ref, Ref Stage 20, run, end, 9783589401391841
1787664523.563347, NoOp Chain Depth 128 Size 0 Mode ref, Ref Stage 21, run, start, 9783589401406257
1787664523.563370, NoOp Chain Depth 128 Size 0 Mode ref, Ref Stage 21, run, end, 9783589401428769
1787664523.563384, NoOp Chain Depth 128 Size 0 Mode ref, Ref Stage 22, run, start, 9783589401443553
1787664523.563407, NoOp Chain Depth 128 Size 0 Mode ref, Ref Stage 22, run, end, 9783589401465889
1787664523.563421, NoOp Chain Depth 128 Size 0 Mode ref, Ref Stage 23, run, start, 9783589401480593
1787664523.563442, NoOp Chain Depth 128 Size 0 Mode ref, Ref Stage 23, run, end, 9783589401501473
1787664523.563457, NoOp Chain Depth 128 Size 0 Mode ref, Ref Stage 24, run, start, 9783589401516145
1787664523.563479, NoOp Chain Depth 128 Size 0 Mode ref, Ref Stage 24, run, end, 9783589401538113
1787664523.563493, NoOp Chain Depth 128 Size 0 Mode ref, Ref Stage 25, run, start, 9783589401552561
1787664523.563514, NoOp Chain Depth 128 Size 0 Mode ref, Ref Stage 25, run, end, 9783589401573505
1787664523.563529, NoOp Chain Depth 128 Size 0 Mode ref, Ref Stage 26, run, start, 9783589401587873
1787664523.563550, NoOp Chain Depth 128 Size 0 Mode ref, Ref Stage 26, run, end, 9783589401608689
1787664523.563564, NoOp Chain Depth 128 Size 0 Mode ref, Ref Stage 27, run, start, 9783589401623073
1787664523.563585, NoOp Chain Depth 128 Size 0 Mode ref, Ref Stage 27, run, end, 9783589401644097
1787664523.563601, NoOp Chain Depth 128 Size 0 Mode ref, Ref Stage 28, run, start, 9783589401659841
1787664523.563622, NoOp Chain Depth 128 Size 0 Mode ref, Ref Stage 28, run, end, 9783589401680737
1787664523.563638, NoOp Chain Depth 128 Size 0 Mode ref, Ref Stage 29, run, start, 9783589401697713
1787664523.563661, NoOp Chain Depth 128 Size 0 Mode ref, Ref Stage 29, run, end, 9783589401720513
1787664523.563673, NoOp Chain Depth 128 Size 0 Mode ref, Ref Stage 30, run, start, 9783589401732529
1787664523.563706, NoOp Chain Depth 128 Size 0 Mode ref, Ref Stage 30, run, end, 9783589401765025
1787664523.563720, NoOp Chain Depth 128 Size 0 Mode ref, Ref Stage 31, run, start, 9783589401779665
1787664523.563743, NoOp Chain Depth 128 Size 0 Mode ref, Ref Stage 31, run, end, 9783589401802209
1787664523.563757, NoOp Chain Depth 128 Size 0 Mode ref, Ref Stage 32, run, start, 9783589401816705
1787664523.563779, NoOp Chain Depth 128 Size 0 Mode ref, Ref Stage 32, run, end, 9783589401837633
1787664523.563793, NoOp Chain Depth 128 Size 0 Mode ref, Ref Stage 33, run, start, 9783589401852049
1787664523.563815, NoOp Chain Depth 128 Size 0 Mode ref, Ref Stage 33, run, end, 9783589401874641
1787664523.563831, NoOp Chain Depth 128 Size 0 Mode ref, Ref Stage 34, run, start, 9783589401889633
1787664523.563851, NoOp Chain Depth 128 Size 0 Mode ref, Ref Stage 34, run, end, 9783589401910465
1787664523.563866, NoOp Chain Depth 128 Size 0 Mode ref, Ref Stage 35, run, start, 9783589401924977
1787664523.563888, NoOp Chain Depth 128 Size 0 Mode ref, Ref Stage 35, run, end, 9783589401947313
1787664523.563901, NoOp Chain Depth 128 Size 0 Mode ref, Ref Stage 36, run, start, 9783589401959985
1787664523.564325, NoOp Chain Depth 128 Size 0 Mode ref, Ref Stage 36, run, end, 9783589402385281
1787664523.564342, NoOp Chain Depth 128 Size 0 Mode ref, Ref Stage 37, run, start, 9783589402401057
1787664523.564365, NoOp Chain Depth 128 Size 0 Mode ref, Ref Stage 37, run, end, 9783589402424560
1787664523.564482, NoOp Chain Depth 128 Size 0 Mode ref, Ref Stage 38, run, start, 9783589402541472
1787664523.564505, NoOp Chain Depth 128 Size 0 Mode ref, Ref Stage 38, run, end, 9783589402563952
1787664523.564519, NoOp Chain Depth 128 Size 0 Mode ref, Ref Stage 39, run, start, 9783589402578880
1787664523.564541, NoOp Chain Depth 128 Size 0 Mode ref, Ref Stage 39, run, end, 9783589402600432
1787664523.564557, NoOp Chain Depth 128 Size 0 Mode ref, Ref Stage 40, run, start, 9783589402616256
1787664523.564581, NoOp Chain Depth 128 Size 0 Mode ref, Ref Stage 40, run, end, 9783589402639920
1787664523.564595, NoOp Chain Depth 128 Size 0 Mode ref, Ref Stage 41, run, start, 9783589402654496
1787664523.564616, NoOp Chain Depth 128 Size 0 Mode ref, Ref Stage 41, run, end, 9783589402675680
1787664523.564631, NoOp Chain Depth 128 Size 0 Mode ref, Ref Stage 42, run, start, 9783589402690736
1787664523.564652, NoOp Chain Depth 128 Size 0 Mode ref, Ref Stage 42, run, end, 9783589402711840
1787664523.564668, NoOp Chain Depth 128 Size 0 Mode ref, Ref Stage 43, run, start, 9783589402726896
1787664523.564691, NoOp Chain Depth 128 Size 0 Mode ref, Ref Stage 43, run, end, 9783589402750000
1787664523.564705, NoOp Chain Depth 128 Size 0 Mode ref, Ref Stage 44, run, start, 9783589402764576
1787664523.564726, NoOp Chain Depth 128 Size 0 Mode ref, Ref Stage 44, run, end, 9783589402785568
1787664523.564741, NoOp Chain Depth 128 Size 0 Mode ref, Ref Stage 45, run, start, 9783589402800640
1787664523.564764, NoOp Chain Depth 128 Size 0 Mode ref, Ref Stage 45, run, end, 9783589402823296
1787664523.564776, NoOp Chain Depth 128 Size 0 Mode ref, Ref Stage 46, run, start, 9783589402835248
1787664523.564807, NoOp Chain Depth 128 Size 0 Mode ref, Ref Stage 46, run, end, 9783589402866592
1787664523.564822, NoOp Chain Depth 128 Size 0 Mode ref, Ref Stage 47, run, start, 9783589402881312
1787664523.564843, NoOp Chain Depth 128 Size 0 Mode ref, Ref Stage 47, run, end, 9783589402902528
1787664523.564859, NoOp Chain Depth 128 Size 0 Mode ref, Ref Stage 48, run, start, 9783589402918384
1787664523.564881, NoOp Chain Depth 128 Size 0 Mode ref, Ref Stage 48, run, end, 9783589402940528
1787664523.564896, NoOp Chain Depth 128 Size 0 Mode ref, Ref Stage 49, run, start, 9783589402955360
1787664523.564919, NoOp Chain Depth 128 Size 0 Mode ref, Ref Stage 49, run, end, 9783589402978128
1787664523.564931, NoOp Chain Depth 128 Size 0 Mode ref, Ref Stage 50, run, start, 9783589402990368
1787664523.564966, NoOp Chain Depth 128 Size 0 Mode ref, Ref Stage 50, run, end, 9783589403025120
1787664523.564981, NoOp Chain Depth 128 Size 0 Mode ref, Ref Stage 51, run, start, 9783589403039904
1787664523.565002, NoOp Chain Depth 128 Size 0 Mode ref, Ref Stage 51, run, end, 9783589403060816
1787664523.565017, NoOp Chain Depth 128 Size 0 Mode ref, Ref Stage 52, run, start, 9783589403076048
1787664523.565040, NoOp Chain Depth 128 Size 0 Mode ref, Ref Stage 52, run, end, 9783589403099360
1787664523.565055, NoOp Chain Depth 128 Size 0 Mode ref, Ref Stage 53, run, start, 9783589403113936
1787664523.565394, NoOp Chain Depth 128 Size 0 Mode ref, Ref Stage 53, run, end, 9783589403454272
1787664523.565512, NoOp Chain Depth 128 Size 0 Mode ref, Ref Stage 54, run, start, 9783589403571584
1787664523.565536, NoOp Chain Depth 128 Size 0 Mode ref, Ref Stage 54, run, end, 9783589403595152
1787664523.565551, NoOp Chain Depth 128 Size 0 Mode ref, Ref Stage 55, run, start, 9783589403610272
1787664523.565574, NoOp Chain Depth 128 Size 0 Mode ref, Ref Stage 55, run, end, 9783589403633424
1787664523.565586, NoOp Chain Depth 128 Size 0 Mode ref, Ref Stage 56, run, start, 9783589403645584
1787664523.565619, NoOp Chain Depth 128 Size 0 Mode ref, Ref Stage 56, run, end, 9783589403677664
1787664523.565634, NoOp Chain Depth 128 Size 0 Mode ref, Ref Stage 57, run, start, 9783589403692704
1787664523.565655, NoOp Chain Depth 128 Size 0 Mode ref, Ref Stage 57, run, end, 9783589403713920
1787664523.565670, NoOp Chain Depth 128 Size 0 Mode ref, Ref Stage 58, run, start, 9783589403728800
1787664523.565691, NoOp Chain Depth 128 Size 0 Mode ref, Ref Stage 58, run, end, 9783589403750016
1787664523.565706, NoOp Chain Depth 128 Size 0 Mode ref, Ref Stage 59, run, start, 9783589403764912
1787664523.565728, NoOp Chain Depth 128 Size 0 Mode ref, Ref Stage 59, run, end, 9783589403787968
1787664523.565744, NoOp Chain Depth 128 Size 0 Mode ref, Ref Stage 60, run, start, 9783589403802800
1787664523.565766, NoOp Chain Depth 128 Size 0 Mode ref, Ref Stage 60, run, end, 9783589403825552
1787664523.565781, NoOp Chain Depth 128 Size 0 Mode ref, Ref Stage 61, run, start, 9783589403840256
1787664523.565805, NoOp Chain Depth 128 Size 0 Mode ref, Ref Stage 61, run, end, 9783589403864192
1787664523.565821, NoOp Chain Depth 128 Size 0 Mode ref, Ref Stage 62, run, start, 9783589403880128
1787664523.565842, NoOp Chain Depth 128 Size 0 Mode ref, Ref Stage 62, run, end, 9783589403901504
1787664523.565857, NoOp Chain Depth 128 Size 0 Mode ref, Ref Stage 63, run, start, 9783589403916063
1787664523.566433, NoOp Chain Depth 128 Size 0 Mode ref, Ref Stage 63, run, end, 9783589404493183
1787664523.566556, NoOp Chain Depth 128 Size 0 Mode ref, Ref Stage 64, run, start, 9783589404615471
1787664523.566581, NoOp Chain Depth 128 Size 0 Mode ref, Ref Stage 64, run, end, 9783589404639855
1787664523.566596, NoOp Chain Depth 128 Size 0 Mode ref, Ref Stage 65, run, start, 9783589404655759
1787664523.566618, NoOp Chain Depth 128 Size 0 Mode ref, Ref Stage 65, run, end, 9783589404677695
1787664523.566633, NoOp Chain Depth 128 Size 0 Mode ref, Ref Stage 66, run, start, 9783589404692703
1787664523.566655, NoOp Chain Depth 128 Size 0 Mode ref, Ref Stage 66, run, end, 9783589404714367
1787664523.566670, NoOp Chain Depth 128 Size 0 Mode ref, Ref Stage 67, run, start, 9783589404729343
1787664523.566691, NoOp Chain Depth 128 Size 0 Mode ref, Ref Stage 67, run, end, 9783589404750559
1787664523.566706, NoOp Chain Depth 128 Size 0 Mode ref, Ref Stage 68, run, start, 9783589404765567
1787664523.566728, NoOp Chain Depth 128 Size 0 Mode ref, Ref Stage 68, run, end, 9783589404787151
1787664523.566743, NoOp Chain Depth 128 Size 0 Mode ref, Ref Stage 69, run, start, 9783589404801935
1787664523.566766, NoOp Chain Depth 128 Size 0 Mode ref, Ref Stage 69, run, end, 9783589404825103
1787664523.566781, NoOp Chain Depth 128 Size 0 Mode ref, Ref Stage 70, run, start, 9783589404839839
1787664523.567115, NoOp Chain Depth 128 Size 0 Mode ref, Ref Stage 70, run, end, 9783589405175231
1787664523.567235, NoOp Chain Depth 128 Size 0 Mode ref, Ref Stage 71, run, start, 9783589405294319
1787664523.567258, NoOp Chain Depth 128 Size 0 Mode ref, Ref Stage 71, run, end, 9783589405317439
1787664523.567273, NoOp Chain Depth 128 Size 0 Mode ref, Ref Stage 72, run, start, 9783589405332335
1787664523.567295, NoOp Chain Depth 128 Size 0 Mode ref, Ref Stage 72, run, end, 9783589405353823
1787664523.567311, NoOp Chain Depth 128 Size 0 Mode ref, Ref Stage 73, run, start, 9783589405370831
1787664523.567333, NoOp Chain Depth 128 Size 0 Mode ref, Ref Stage 73, run, end, 9783589405392255
1787664523.567348, NoOp Chain Depth 128 Size 0 Mode ref, Ref Stage 74, run, start, 9783589405406927
1787664523.567369, NoOp Chain Depth 128 Size 0 Mode ref, Ref Stage 74, run, end, 9783589405428079
1787664523.567384, NoOp Chain Depth 128 Size 0 Mode ref, Ref Stage 75, run, start, 9783589405442975
1787664523.567407, NoOp Chain Depth 128 Size 0 Mode ref, Ref Stage 75, run, end, 9783589405466303
1787664523.567419, NoOp Chain Depth 128 Size 0 Mode ref, Ref Stage 76, run, start, 9783589405477966
1787664523.567451, NoOp Chain Depth 128 Size 0 Mode ref, Ref Stage 76, run, end, 9783589405509854
1787664523.567465, NoOp Chain Depth 128 Size 0 Mode ref, Ref Stage 77, run, start, 9783589405524494
1787664523.567486, NoOp Chain Depth 128 Size 0 Mode ref, Ref Stage 77, run, end, 9783589405545454
1787664523.567501, NoOp Chain Depth 128 Size 0 Mode ref, Ref Stage 78, run, start, 9783589405559854
1787664523.567522, NoOp Chain Depth 128 Size 0 Mode ref, Ref Stage 78, run, end, 9783589405580878
1787664523.567537, NoOp Chain Depth 128 Size 0 Mode ref, Ref Stage 79, run, start, 9783589405596014
1787664523.567563, NoOp Chain Depth 128 Size 0 Mode ref, Ref Stage 79, run, end, 9783589405621822
1787664523.567577, NoOp Chain Depth 128 Size 0 Mode ref, Ref Stage 80, run, start, 9783589405636686
1787664523.567599, NoOp Chain Depth 128 Size 0 Mode ref, Ref Stage 80, run, end, 9783589405657694
1787664523.567613, NoOp Chain Depth 128 Size 0 Mode ref, Ref Stage 81, run, start, 9783589405672382
1787664523.567634, NoOp Chain Depth 128 Size 0 Mode ref, Ref Stage 81, run, end, 9783589405693566
1787664523.567649, NoOp Chain Depth 128 Size 0 Mode ref, Ref Stage 82, run, start, 9783589405708398
1787664523.567765, NoOp Chain Depth 128 Size 0 Mode ref, Ref Stage 82, run, end, 9783589405825182
1787664523.567782, NoOp Chain Depth 128 Size 0 Mode ref, Ref Stage 83, run, start, 9783589405841326
1787664523.567804, NoOp Chain Depth 128 Size 0 Mode ref, Ref Stage 83, run, end, 9783589405862974
1787664523.567819, NoOp Chain Depth 128 Size 0 Mode ref, Ref Stage 84, run, start, 9783589405877934
1787664523.567843, NoOp Chain Depth 128 Size 0 Mode ref, Ref Stage 84, run, end, 9783589405902142
1787664523.567858, NoOp Chain Depth 128 Size 0 Mode ref, Ref Stage 85, run, start, 9783589405917758
1787664523.567879, NoOp Chain Depth 128 Size 0 Mode ref, Ref Stage 85, run, end, 9783589405938590
1787664523.567895, NoOp Chain Depth 128 Size 0 Mode ref, Ref Stage 86, run, start, 9783589405954622
1787664523.567917, NoOp Chain Depth 128 Size 0 Mode ref, Ref Stage 86, run, end, 9783589405976846
1787664523.567933, NoOp Chain Depth 128 Size 0 Mode ref, Ref Stage 87, run, start, 9783589405992398
1787664523.567957, NoOp Chain Depth 128 Size 0 Mode ref, Ref Stage 87, run, end, 9783589406016158
1787664523.567972, NoOp Chain Depth 128 Size 0 Mode ref, Ref Stage 88, run, start, 9783589406031470
1787664523.567993, NoOp Chain Depth 128 Size 0 Mode ref, Ref Stage 88, run, end, 9783589406052430
1787664523.568008, NoOp Chain Depth 128 Size 0 Mode ref, Ref Stage 89, run, start, 9783589406067246
1787664523.568422, NoOp Chain Depth 128 Size 0 Mode ref, Ref Stage 89, run, end, 9783589406482094
1787664523.568542, NoOp Chain Depth 128 Size 0 Mode ref, Ref Stage 90, run, start, 9783589406601822
1787664523.568566, NoOp Chain Depth 128 Size 0 Mode ref, Ref Stage 90, run, end, 9783589406625054
1787664523.568581, NoOp Chain Depth 128 Size 0 Mode ref, Ref Stage 91, run, start, 9783589406640030
1787664523.568602, NoOp Chain Depth 128 Size 0 Mode ref, Ref Stage 91, run, end, 9783589406661054
1787664523.568617, NoOp Chain Depth 128 Size 0 Mode ref, Ref Stage 92, run, start, 9783589406675998
1787664523.568638, NoOp Chain Depth 128 Size 0 Mode ref, Ref Stage 92, run, end, 9783589406697310
1787664523.568653, NoOp Chain Depth 128 Size 0 Mode ref, Ref Stage 93, run, start, 9783589406712110
1787664523.568676, NoOp Chain Depth 128 Size 0 Mode ref, Ref Stage 93, run, end, 9783589406735198
1787664523.568688, NoOp Chain Depth 128 Size 0 Mode ref, Ref Stage 94, run, start, 9783589406747454
1787664523.568722, NoOp Chain Depth 128 Size 0 Mode ref, Ref Stage 94, run, end, 9783589406781054
1787664523.568737, NoOp Chain Depth 128 Size 0 Mode ref, Ref Stage 95, run, start, 9783589406795918
1787664523.568760, NoOp Chain Depth 128 Size 0 Mode ref, Ref Stage 95, run, end, 9783589406818926
1787664523.568775, NoOp Chain Depth 128 Size 0 Mode ref, Ref Stage 96, run, start, 9783589406834174
1787664523.568796, NoOp Chain Depth 128 Size 0 Mode ref, Ref Stage 96, run, end, 9783589406855534
1787664523.568811, NoOp Chain Depth 128 Size 0 Mode ref, Ref Stage 97, run, start, 9783589406870638
1787664523.568832, NoOp Chain Depth 128 Size 0 Mode ref, Ref Stage 97, run, end, 9783589406891693
1787664523.568847, NoOp Chain Depth 128 Size 0 Mode ref, Ref Stage 98, run, start, 9783589406906653
1787664523.568869, NoOp Chain Depth 128 Size 0 Mode ref, Ref Stage 98, run, end, 9783589406927869
1787664523.568883, NoOp Chain Depth 128 Size 0 Mode ref, Ref Stage 99, run, start, 9783589406942765
1787664523.568905, NoOp Chain Depth 128 Size 0 Mode ref, Ref Stage 99, run, end, 9783589406963853
1787664523.568919, NoOp Chain Depth 128 Size 0 Mode ref, Ref Stage 100, run, start, 9783589406978717
1787664523.568942, NoOp Chain Depth 128 Size 0 Mode ref, Ref Stage 100, run, end, 9783589407002829
1787664523.568959, NoOp Chain Depth 128 Size 0 Mode ref, Ref Stage 101, run, start, 9783589407018701
1787664523.568980, NoOp Chain Depth 128 Size 0 Mode ref, Ref Stage 101, run, end, 9783589407039821
1787664523.568995, NoOp Chain Depth 128 Size 0 Mode ref, Ref Stage 102, run, start, 9783589407054637
1787664523.569018, NoOp Chain Depth 128 Size 0 Mode ref, Ref Stage 102, run, end, 9783589407076797
1787664523.569032, NoOp Chain Depth 128 Size 0 Mode ref, Ref Stage 103, run, start, 9783589407091245
1787664523.569054, NoOp Chain Depth 128 Size 0 Mode ref, Ref Stage 103, run, end, 9783589407113485
1787664523.569069, NoOp Chain Depth 128 Size 0 Mode ref, Ref Stage 104, run, start, 9783589407128285
1787664523.569092, NoOp Chain Depth 128 Size 0 Mode ref, Ref Stage 104, run, end, 9783589407151245
1787664523.569107, NoOp Chain Depth 128 Size 0 Mode ref, Ref Stage 105, run, start, 9783589407166029
1787664523.569128, NoOp Chain Depth 128 Size 0 Mode ref, Ref Stage 105, run, end, 9783589407187421
1787664523.569144, NoOp Chain Depth 128 Size 0 Mode ref, Ref Stage 106, run, start, 9783589407203405
1787664523.569167, NoOp Chain Depth 128 Size 0 Mode ref, Ref Stage 106, run, end, 9783589407225981
1787664523.569181, NoOp Chain Depth 128 Size 0 Mode ref, Ref Stage 107, run, start, 9783589407240765
1787664523.569204, NoOp Chain Depth 128 Size 0 Mode ref, Ref Stage 107, run, end, 9783589407263581
1787664523.569217, NoOp Chain Depth 128 Size 0 Mode ref, Ref Stage 108, run, start, 9783589407276749
1787664523.569250, NoOp Chain Depth 128 Size 0 Mode ref, Ref Stage 108, run, end, 9783589407309117
1787664523.569265, NoOp Chain Depth 128 Size 0 Mode ref, Ref Stage 109, run, start, 9783589407324253
1787664523.569288, NoOp Chain Depth 128 Size 0 Mode ref, Ref Stage 109, run, end, 9783589407346749
1787664523.569299, NoOp Chain Depth 128 Size 0 Mode ref, Ref Stage 110, run, start, 9783589407358333
1787664523.569331, NoOp Chain Depth 128 Size 0 Mode ref, Ref Stage 110, run, end, 9783589407389869
1787664523.569345, NoOp Chain Depth 128 Size 0 Mode ref, Ref Stage 111, run, start, 9783589407404877
1787664523.569368, NoOp Chain Depth 128 Size 0 Mode ref, Ref Stage 111, run, end, 9783589407426749
1787664523.569382, NoOp Chain Depth 128 Size 0 Mode ref, Ref Stage 112, run, start, 9783589407441533
1787664523.569403, NoOp Chain Depth 128 Size 0 Mode ref, Ref Stage 112, run, end, 9783589407462413
1787664523.569418, NoOp Chain Depth 128 Size 0 Mode ref, Ref Stage 113, run, start, 9783589407477101
1787664523.569439, NoOp Chain Depth 128 Size 0 Mode ref, Ref Stage 113, run, end, 9783589407497805
1787664523.569453, NoOp Chain Depth 128 Size 0 Mode ref, Ref Stage 114, run, start, 9783589407512749
1787664523.569476, NoOp Chain Depth 128 Size 0 Mode ref, Ref Stage 114, run, end, 9783589407534845
1787664523.569491, NoOp Chain Depth 128 Size 0 Mode ref, Ref Stage 115, run, start, 9783589407550317
1787664523.569513, NoOp Chain Depth 128 Size 0 Mode ref, Ref Stage 115, run, end, 9783589407572269
1787664523.569529, NoOp Chain Depth 128 Size 0 Mode ref, Ref Stage 116, run, start, 9783589407588509
1787664523.569551, NoOp Chain Depth 128 Size 0 Mode ref, Ref Stage 116, run, end, 9783589407610429
1787664523.569973, NoOp Chain Depth 128 Size 0 Mode ref, Ref Stage 117, run, start, 9783589408032301
1787664523.569999, NoOp Chain Depth 128 Size 0 Mode ref, Ref Stage 117, run, end, 9783589408058013
1787664523.570014, NoOp Chain Depth 128 Size 0 Mode ref, Ref Stage 118, run, start, 9783589408073517
1787664523.570036, NoOp Chain Depth 128 Size 0 Mode ref, Ref Stage 118, run, end, 9783589408095485
1787664523.570051, NoOp Chain Depth 128 Size 0 Mode ref, Ref Stage 119, run, start, 9783589408110733
1787664523.570074, NoOp Chain Depth 128 Size 0 Mode ref, Ref Stage 119, run, end, 9783589408133677
1787664523.570086, NoOp Chain Depth 128 Size 0 Mode ref, Ref Stage 120, run, start, 9783589408145437
1787664523.570118, NoOp Chain Depth 128 Size 0 Mode ref, Ref Stage 120, run, end, 9783589408176989
1787664523.570132, NoOp Chain Depth 128 Size 0 Mode ref, Ref Stage 121, run, start, 9783589408191853
1787664523.570154, NoOp Chain Depth 128 Size 0 Mode ref, Ref Stage 121, run, end, 9783589408213469
1787664523.570169, NoOp Chain Depth 128 Size 0 Mode ref, Ref Stage 122, run, start, 9783589408228557
1787664523.570193, NoOp Chain Depth 128 Size 0 Mode ref, Ref Stage 122, run, end, 9783589408252013
1787664523.570208, NoOp Chain Depth 128 Size 0 Mode ref, Ref Stage 123, run, start, 9783589408266989
1787664523.570229, NoOp Chain Depth 128 Size 0 Mode ref, Ref Stage 123, run, end, 9783589408288077
1787664523.570244, NoOp Chain Depth 128 Size 0 Mode ref, Ref Stage 124, run, start, 9783589408302989
1787664523.570265, NoOp Chain Depth 128 Size 0 Mode ref, Ref Stage 124, run, end, 9783589408324445
1787664523.570280, NoOp Chain Depth 128 Size 0 Mode ref, Ref Stage 125, run, start, 9783589408338973
1787664523.570302, NoOp Chain Depth 128 Size 0 Mode ref, Ref Stage 125, run, end, 9783589408360941
1787664523.570316, NoOp Chain Depth 128 Size 0 Mode ref, Ref Stage 126, run, start, 9783589408375613
1787664523.570339, NoOp Chain Depth 128 Size 0 Mode ref, Ref Stage 126, run, end, 9783589408398077
1787664523.570355, NoOp Chain Depth 128 Size 0 Mode ref, Ref Stage 127, run, start, 9783589408414221
1787664523.570378, NoOp Chain Depth 128 Size 0 Mode ref, Ref Stage 127, run, end, 9783589408437132
1787664523.570394, NoOp Chain Depth 128 Size 0 Mode ref, pipeline - train, run, end, 52794623592251725067019407385207003447, 1787664523.562100, 6, 1, 9783589408452844
1787664523.570431, NoOp Chain Depth 128 Size 0 Mode ref, pipeline - train, run, start, 144945193002227432839580306363418989397, 1787664523.570420, 7, 1, 9783589408490348
1787664523.570455, NoOp Chain Depth 128 Size 0 Mode ref, Ref Stage 0, run, start, 9783589408514332
1787664523.570477, NoOp Chain Depth 128 Size 0 Mode ref, Ref Stage 0, run, end, 9783589408536028
1787664523.570492, NoOp Chain Depth 128 Size 0 Mode ref, Ref Stage 1, run, start, 9783589408551148
1787664523.570515, NoOp Chain Depth 128 Size 0 Mode ref, Ref Stage 1, run, end, 9783589408574012
1787664523.570527, NoOp Chain Depth 128 Size 0 Mode ref, Ref Stage 2, run, start, 9783589408585916
1787664523.570561, NoOp Chain Depth 128 Size 0 Mode ref, Ref Stage 2, run, end, 9783589408620156
1787664523.570576, NoOp Chain Depth 128 Size 0 Mode ref, Ref Stage 3, run, start, 9783589408635004
1787664523.570598, NoOp Chain Depth 128 Size 0 Mode ref, Ref Stage 3, run, end, 9783589408657340
1787664523.570613, NoOp Chain Depth 128 Size 0 Mode ref, Ref Stage 4, run, start, 9783589408672172
1787664523.570634, NoOp Chain Depth 128 Size 0 Mode ref, Ref Stage 4, run, end, 9783589408693484
1787664523.570651, NoOp Chain Depth 128 Size 0 Mode ref, Ref Stage 5, run, start, 9783589408710284
1787664523.570672, NoOp Chain Depth 128 Size 0 Mode ref, Ref Stage 5, run, end, 9783589408731468
1787664523.570687, NoOp Chain Depth 128 Size 0 Mode ref, Ref Stage 6, run, start, 9783589408746316
1787664523.570710, NoOp Chain Depth 128 Size 0 Mode ref, Ref Stage 6, run, end, 9783589408769628
1787664523.570722, NoOp Chain Depth 128 Size 0 Mode ref, Ref Stage 7, run, start, 9783589408781548
1787664523.570755, NoOp Chain Depth 128 Size 0 Mode ref, Ref Stage 7, run, end, 9783589408814588
1787664523.570771, NoOp Chain Depth 128 Size 0 Mode ref, Ref Stage 8, run, start, 9783589408830540
1787664523.570796, NoOp Chain Depth 128 Size 0 Mode ref, Ref Stage 8, run, end, 9783589408855804
1787664523.570811, NoOp Chain Depth 128 Size 0 Mode ref, Ref Stage 9, run, start, 9783589408870412
1787664523.570832, NoOp Chain Depth 128 Size 0 Mode ref, Ref Stage 9, run, end, 9783589408891324
1787664523.570847, NoOp Chain Depth 128 Size 0 Mode ref, Ref Stage 10, run, start, 9783589408906172
1787664523.570868, NoOp Chain Depth 128 Size 0 Mode ref, Ref Stage 10, run, end, 9783589408927164
1787664523.570883, NoOp Chain Depth 128 Size 0 Mode ref, Ref Stage 11, run, start, 9783589408941916
1787664523.570904, NoOp Chain Depth 128 Size 0 Mode ref, Ref Stage 11, run, end, 9783589408963084
1787664523.570918, NoOp Chain Depth 128 Size 0 Mode ref, Ref Stage 12, run, start, 9783589408977644
1787664523.570940, NoOp Chain Depth 128 Size 0 Mode ref, Ref Stage 12, run, end, 9783589408999788
1787664523.570958, NoOp Chain Depth 128 Size 0 Mode ref, Ref Stage 13, run, start, 9783589409016876
1787664523.570980, NoOp Chain Depth 128 Size 0 Mode ref, Ref Stage 13, run, end, 9783589409039436
1787664523.570996, NoOp Chain Depth 128 Size 0 Mode ref, Ref Stage 14, run, start, 9783589409054668
1787664523.571018, NoOp Chain Depth 128 Size 0 Mode ref, Ref Stage 14, run, end, 9783589409077340
1787664523.571030, NoOp Chain Depth 128 Size 0 Mode ref, Ref Stage 15, run, start, 9783589409089180
1787664523.571062, NoOp Chain Depth 128 Size 0 Mode ref, Ref Stage 15, run, end, 9783589409121484
1787664523.571077, NoOp Chain Depth 128 Size 0 Mode ref, Ref Stage 16, run, start, 9783589409136796
1787664523.571102, NoOp Chain Depth 128 Size 0 Mode ref, Ref Stage 16, run, end, 9783589409161548
1787664523.571114, NoOp Chain Depth 128 Size 0 Mode ref, Ref Stage 17, run, start, 9783589409173356
1787664523.571146, NoOp Chain Depth 128 Size 0 Mode ref, Ref Stage 17, run, end, 9783589409205372
1787664523.571161, NoOp Chain Depth 128 Size 0 Mode ref, Ref Stage 18, run, start, 9783589409220252
1787664523.571185, NoOp Chain Depth 128 Size 0 Mode ref, Ref Stage 18, run, end, 9783589409244044
1787664523.571200, NoOp Chain Depth 128 Size 0 Mode ref, Ref Stage 19, run, start, 9783589409259020
1787664523.571221, NoOp Chain Depth 128 Size 0 Mode ref, Ref Stage 19, run, end, 9783589409280636
1787664523.571237, NoOp Chain Depth 128 Size 0 Mode ref, Ref Stage 20, run, start, 9783589409296828
1787664523.571259, NoOp Chain Depth 128 Size 0 Mode ref, Ref Stage 20, run, end, 9783589409318380
1787664523.571274, NoOp Chain Depth 128 Size 0 Mode ref, Ref Stage 21, run, start, 9783589409333244
1787664523.571298, NoOp Chain Depth 128 Size 0 Mode ref, Ref Stage 21, run, end, 9783589409356732
1787664523.571313, NoOp Chain Depth 128 Size 0 Mode ref, Ref Stage 22, run, start, 9783589409371932
1787664523.571334, NoOp Chain Depth 128 Size 0 Mode ref, Ref Stage 22, run, end, 9783589409393260
1787664523.571349, NoOp Chain Depth 128 Size 0 Mode ref, Ref Stage 23, run, start, 9783589409407964
1787664523.571370, NoOp Chain Depth 128 Size 0 Mode ref, Ref Stage 23, run, end, 9783589409429148
1787664523.571386, NoOp Chain Depth 128 Size 0 Mode ref, Ref Stage 24, run, start, 9783589409444940
1787664523.571407, NoOp Chain Depth 128 Size 0 Mode ref, Ref Stage 24, run, end, 9783589409465676
1787664523.571423, NoOp Chain Depth 128 Size 0 Mode ref, Ref Stage 25, run, start, 9783589409481740
1787664523.571443, NoOp Chain Depth 128 Size 0 Mode ref, Ref Stage 25, run, end, 9783589409502396
1787664523.571459, NoOp Chain Depth 128 Size 0 Mode ref, Ref Stage 26, run, start, 9783589409518668
1787664523.571482, NoOp Chain Depth 128 Size 0 Mode ref, Ref Stage 26, run, end, 9783589409540892
1787664523.571496, NoOp Chain Depth 128 Size 0 Mode ref, Ref Stage 27, run, start, 9783589409555804
1787664523.571517, NoOp Chain Depth 128 Size 0 Mode ref, Ref Stage 27, run, end, 9783589409576652
1787664523.571532, NoOp Chain Depth 128 Size 0 Mode ref, Ref Stage 28, run, start, 9783589409591356
1787664523.571553, NoOp Chain Depth 128 Size 0 Mode ref, Ref Stage 28, run, end, 9783589409612140
1787664523.571568, NoOp Chain Depth 128 Size 0 Mode ref, Ref Stage 29, run, start, 9783589409626988
1787664523.571593, NoOp Chain Depth 128 Size 0 Mode ref, Ref Stage 29, run, end, 9783589409652316
1787664523.571605, NoOp Chain Depth 128 Size 0 Mode ref, Ref Stage 30, run, start, 9783589409663932
1787664523.571636, NoOp Chain Depth 128 Size 0 Mode ref, Ref Stage 30, run, end, 9783589409695164
1787664523.571652, NoOp Chain Depth 128 Size 0 Mode ref, Ref Stage 31, run, start, 9783589409711116
1787664523.571673, NoOp Chain Depth 128 Size 0 Mode ref, Ref Stage 31, run, end, 9783589409732316
1787664523.571687, NoOp Chain Depth 128 Size 0 Mode ref, Ref Stage 32, run, start, 9783589409746780
1787664523.571711, NoOp Chain Depth 128 Size 0 Mode ref, Ref Stage 32, run, end, 9783589409769932
1787664523.571723, NoOp Chain Depth 128 Size 0 Mode ref, Ref Stage 33, run, start, 9783589409782156
1787664523.571754, NoOp Chain Depth 128 Size 0 Mode ref, Ref Stage 33, run, end, 9783589409813228
1787664523.571769, NoOp Chain Depth 128 Size 0 Mode ref, Ref Stage 34, run, start, 9783589409828044
1787664523.571793, NoOp Chain Depth 128 Size 0 Mode ref, Ref Stage 34, run, end, 9783589409851836
1787664523.571806, NoOp Chain Depth 128 Size 0 Mode ref, Ref Stage 35, run, start, 9783589409865388
1787664523.571841, NoOp Chain Depth 128 Size 0 Mode ref, Ref Stage 35, run, end, 9783589409900172
1787664523.571852, NoOp Chain Depth 128 Size 0 Mode ref, Ref Stage 36, run, start, 9783589409911756
1787664523.571884, NoOp Chain Depth 128 Size 0 Mode ref, Ref Stage 36, run, end, 9783589409943132
1787664523.571898, NoOp Chain Depth 128 Size 0 Mode ref, Ref Stage 37, run, start, 9783589409957756
1787664523.571920, NoOp Chain Depth 128 Size 0 Mode ref, Ref Stage 37, run, end, 9783589409979228
1787664523.571934, NoOp Chain Depth 128 Size 0 Mode ref, Ref Stage 38, run, start, 9783589409993804
1787664523.571960, NoOp Chain Depth 128 Size 0 Mode ref, Ref Stage 38, run, end, 9783589410019083
1787664523.571977, NoOp Chain Depth 128 Size 0 Mode ref, Ref Stage 39, run, start, 9783589410036331
1787664523.571998, NoOp Chain Depth 128 Size 0 Mode ref, Ref Stage 39, run, end, 9783589410057787
1787664523.572014, NoOp Chain Depth 128 Size 0 Mode ref, Ref Stage 40, run, start, 9783589410073563
1787664523.572037, NoOp Chain Depth 128 Size 0 Mode ref, Ref Stage 40, run, end, 9783589410095915
1787664523.572052, NoOp Chain Depth 128 Size 0 Mode ref, Ref Stage 41, run, start, 9783589410111307
1787664523.572135, NoOp Chain Depth 128 Size 0 Mode ref, Ref Stage 41, run, end, 9783589410194571
1787664523.572151, NoOp Chain Depth 128 Size 0 Mode ref, Ref Stage 42, run, start, 9783589410210667
1787664523.572175, NoOp Chain Depth 128 Size 0 Mode ref, Ref Stage 42, run, end, 9783589410234651
1787664523.572191, NoOp Chain Depth 128 Size 0 Mode ref, Ref Stage 43, run, start, 9783589410250587
1787664523.572212, NoOp Chain Depth 128 Size 0 Mode ref, Ref Stage 43, run, end, 9783589410271739
1787664523.572227, NoOp Chain Depth 128 Size 0 Mode ref, Ref Stage 44, run, start, 9783589410286171
1787664523.572248, NoOp Chain Depth 128 Size 0 Mode ref, Ref Stage 44, run, end, 9783589410307067
1787664523.572262, NoOp Chain Depth 128 Size 0 Mode ref, Ref Stage 45, run, start, 9783589410321611
1787664523.572286, NoOp Chain Depth 128 Size 0 Mode ref, Ref Stage 45, run, end, 9783589410345339
1787664523.572825, NoOp Chain Depth 128 Size 0 Mode ref, Ref Stage 46, run, start, 9783589410885707
1787664523.572854, NoOp Chain Depth 128 Size 0 Mode ref, Ref Stage 46, run, end, 9783589410913803
1787664523.572870, NoOp Chain Depth 128 Size 0 Mode ref, Ref Stage 47, run, start, 9783589410929787
1787664523.572893, NoOp Chain Depth 128 Size 0 Mode ref, Ref Stage 47, run, end, 9783589410952075
1787664523.572907, NoOp Chain Depth 128 Size 0 Mode ref, Ref Stage 48, run, start, 9783589410966875
1787664523.572929, NoOp Chain Depth 128 Size 0 Mode ref, Ref Stage 48, run, end, 9783589410988475
1787664523.572947, NoOp Chain Depth 128 Size 0 Mode ref, Ref Stage 49, run, start, 9783589411005915
1787664523.572973, NoOp Chain Depth 128 Size 0 Mode ref, Ref Stage 49, run, end, 9783589411032379
1787664523.572985, NoOp Chain Depth 128 Size 0 Mode ref, Ref Stage 50, run, start, 9783589411044635
1787664523.573018, NoOp Chain Depth 128 Size 0 Mode ref, Ref Stage 50, run, end, 9783589411076891
1787664523.573033, NoOp Chain Depth 128 Size 0 Mode ref, Ref Stage 51, run, start, 9783589411092107
1787664523.573055, NoOp Chain Depth 128 Size 0 Mode ref, Ref Stage 51, run, end, 9783589411113659
1787664523.573070, NoOp Chain Depth 128 Size 0 Mode ref, Ref Stage 52, run, start, 9783589411129051
1787664523.573091, NoOp Chain Depth 128 Size 0 Mode ref, Ref Stage 52, run, end, 9783589411150571
1787664523.573106, NoOp Chain Depth 128 Size 0 Mode ref, Ref Stage 53, run, start, 9783589411165467
1787664523.573129, NoOp Chain Depth 128 Size 0 Mode ref, Ref Stage 53, run, end, 9783589411188091
1787664523.573141, NoOp Chain Depth 128 Size 0 Mode ref, Ref Stage 54, run, start, 9783589411200075
1787664523.573174, NoOp Chain Depth 128 Size 0 Mode ref, Ref Stage 54, run, end, 9783589411233419
1787664523.573189, NoOp Chain Depth 128 Size 0 Mode ref, Ref Stage 55, run, start, 9783589411248091
1787664523.573213, NoOp Chain Depth 128 Size 0 Mode ref, Ref Stage 55, run, end, 9783589411272139
1787664523.577995, NoOp Chain Depth 128 Size 0 Mode ref, Ref Stage 56, run, start, 9783589416055320
1787664523.578024, NoOp Chain Depth 128 Size 0 Mode ref, Ref Stage 56, run, end, 9783589416083592
1787664523.578041, NoOp Chain Depth 128 Size 0 Mode ref, Ref Stage 57, run, start, 9783589416099863
1787664523.578063, NoOp Chain Depth 128 Size 0 Mode ref, Ref Stage 57, run, end, 9783589416121863
1787664523.578078, NoOp Chain Depth 128 Size 0 Mode ref, Ref Stage 58, run, start, 9783589416136807
1787664523.578099, NoOp Chain Depth 128 Size 0 Mode ref, Ref Stage 58, run, end, 9783589416158055
1787664523.578114, NoOp Chain Depth 128 Size 0 Mode ref, Ref Stage 59, run, start, 9783589416172807
1787664523.578135, NoOp Chain Depth 128 Size 0 Mode ref, Ref Stage 59, run, end, 9783589416193751
1787664523.578149, NoOp Chain Depth 128 Size 0 Mode ref, Ref Stage 60, run, start, 9783589416208647
1787664523.578170, NoOp Chain Depth 128 Size 0 Mode ref, Ref Stage 60, run, end, 9783589416229591
1787664523.578185, NoOp Chain Depth 128 Size 0 Mode ref, Ref Stage 61, run, start, 9783589416244487
1787664523.578207, NoOp Chain Depth 128 Size 0 Mode ref, Ref Stage 61, run, end, 9783589416265575
1787664523.578221, NoOp Chain Depth 128 Size 0 Mode ref, Ref Stage 62, run, start, 9783589416280263
1787664523.578242, NoOp Chain Depth 128 Size 0 Mode ref, Ref Stage 62, run, end, 9783589416301447
1787664523.578257, NoOp Chain Depth 128 Size 0 Mode ref, Ref Stage 63, run, start, 9783589416316295
1787664523.578280, NoOp Chain Depth 128 Size 0 Mode ref, Ref Stage 63, run, end, 9783589416339191
1787664523.578292, NoOp Chain Depth 128 Size 0 Mode ref, Ref Stage 64, run, start, 9783589416351639
1787664523.578324, NoOp Chain Depth 128 Size 0 Mode ref, Ref Stage 64, run, end, 9783589416383399
1787664523.578339, NoOp Chain Depth 128 Size 0 Mode ref, Ref Stage 65, run, start, 9783589416398055
1787664523.578360, NoOp Chain Depth 128 Size 0 Mode ref, Ref Stage 65, run, end, 9783589416419015
1787664523.578374, NoOp Chain Depth 128 Size 0 Mode ref, Ref Stage 66, run, start, 9783589416433527
1787664523.578396, NoOp Chain Depth 128 Size 0 Mode ref, Ref Stage 66, run, end, 9783589416454743
1787664523.578411, NoOp Chain Depth 128 Size 0 Mode ref, Ref Stage 67, run, start, 9783589416470279
1787664523.578434, NoOp Chain Depth 128 Size 0 Mode ref, Ref Stage 67, run, end, 9783589416493271
1787664523.578448, NoOp Chain Depth 128 Size 0 Mode ref, Ref Stage 68, run, start, 9783589416507703
1787664523.578470, NoOp Chain Depth 128 Size 0 Mode ref, Ref Stage 68, run, end, 9783589416528695
1787664523.578484, NoOp Chain Depth 128 Size 0 Mode ref, Ref Stage 69, run, start, 9783589416543383
1787664523.578506, NoOp Chain Depth 128 Size 0 Mode ref, Ref Stage 69, run, end, 9783589416565735
1787664523.578518, NoOp Chain Depth 128 Size 0 Mode ref, Ref Stage 70, run, start, 9783589416577559
1787664523.578549, NoOp Chain Depth 128 Size 0 Mode ref, Ref Stage 70, run, end, 9783589416608151
1787664523.578564, NoOp Chain Depth 128 Size 0 Mode ref, Ref Stage 71, run, start, 9783589416622903
1787664523.578585, NoOp Chain Depth 128 Size 0 Mode ref, Ref Stage 71, run, end, 9783589416643767
1787664523.578599, NoOp Chain Depth 128 Size 0 Mode ref, Ref Stage 72, run, start, 9783589416658215
1787664523.578620, NoOp Chain Depth 128 Size 0 Mode ref, Ref Stage 72, run, end, 9783589416678903
1787664523.578634, NoOp Chain Depth 128 Size 0 Mode ref, Ref Stage 73, run, start, 9783589416693511
1787664523.578655, NoOp Chain Depth 128 Size 0 Mode ref, Ref Stage 73, run, end, 9783589416714343
1787664523.578670, NoOp Chain Depth 128 Size 0 Mode ref, Ref Stage 74, run, start, 9783589416729063
1787664523.578691, NoOp Chain Depth 128 Size 0 Mode ref, Ref Stage 74, run, end, 9783589416750007
1787664523.578705, NoOp Chain Depth 128 Size 0 Mode ref, Ref Stage 75, run, start, 9783589416764567
1787664523.578728, NoOp Chain Depth 128 Size 0 Mode ref, Ref Stage 75, run, end, 9783589416787799
1787664523.578740, NoOp Chain Depth 128 Size 0 Mode ref, Ref Stage 76, run, start, 9783589416799287
1787664523.579087, NoOp Chain Depth 128 Size 0 Mode ref, Ref Stage 76, run, end, 9783589417146871
1787664523.579100, NoOp Chain Depth 128 Size 0 Mode ref, Ref Stage 77, run, start, 9783589417159575
1787664523.579132, NoOp Chain Depth 128 Size 0 Mode ref, Ref Stage 77, run, end, 9783589417191815
1787664523.579148, NoOp Chain Depth 128 Size 0 Mode ref, Ref Stage 78, run, start, 9783589417206903
1787664523.579169, NoOp Chain Depth 128 Size 0 Mode ref, Ref Stage 78, run, end, 9783589417228215
1787664523.579184, NoOp Chain Depth 128 Size 0 Mode ref, Ref Stage 79, run, start, 9783589417242791
1787664523.579205, NoOp Chain Depth 128 Size 0 Mode ref, Ref Stage 79, run, end, 9783589417263767
1787664523.579219, NoOp Chain Depth 128 Size 0 Mode ref, Ref Stage 80, run, start, 9783589417278503
1787664523.579241, NoOp Chain Depth 128 Size 0 Mode ref, Ref Stage 80, run, end, 9783589417299559
1787664523.579255, NoOp Chain Depth 128 Size 0 Mode ref, Ref Stage 81, run, start, 9783589417314087
1787664523.579276, NoOp Chain Depth 128 Size 0 Mode ref, Ref Stage 81, run, end, 9783589417334887
1787664523.579290, NoOp Chain Depth 128 Size 0 Mode ref, Ref Stage 82, run, start, 9783589417349495
1787664523.579311, NoOp Chain Depth 128 Size 0 Mode ref, Ref Stage 82, run, end, 9783589417370455
1787664523.579326, NoOp Chain Depth 128 Size 0 Mode ref, Ref Stage 83, run, start, 9783589417385063
1787664523.579347, NoOp Chain Depth 128 Size 0 Mode ref, Ref Stage 83, run, end, 9783589417406199
1787664523.579361, NoOp Chain Depth 128 Size 0 Mode ref, Ref Stage 84, run, start, 9783589417420743
1787664523.579382, NoOp Chain Depth 128 Size 0 Mode ref, Ref Stage 84, run, end, 9783589417441719
1787664523.579397, NoOp Chain Depth 128 Size 0 Mode ref, Ref Stage 85, run, start, 9783589417456071
1787664523.579418, NoOp Chain Depth 128 Size 0 Mode ref, Ref Stage 85, run, end, 9783589417476983
1787664523.579432, NoOp Chain Depth 128 Size 0 Mode ref, Ref Stage 86, run, start, 9783589417491831
1787664523.579454, NoOp Chain Depth 128 Size 0 Mode ref, Ref Stage 86, run, end, 9783589417512903
1787664523.579469, NoOp Chain Depth 128 Size 0 Mode ref, Ref Stage 87, run, start, 9783589417528023
1787664523.579490, NoOp Chain Depth 128 Size 0 Mode ref, Ref Stage 87, run, end, 9783589417549127
1787664523.579509, NoOp Chain Depth 128 Size 0 Mode ref, Ref Stage 88, run, start, 9783589417568311
1787664523.579530, NoOp Chain Depth 128 Size 0 Mode ref, Ref Stage 88, run, end, 9783589417589319
1787664523.579545, NoOp Chain Depth 128 Size 0 Mode ref, Ref Stage 89, run, start, 9783589417603814
1787664523.579567, NoOp Chain Depth 128 Size 0 Mode ref, Ref Stage 89, run, end, 9783589417626326
1787664523.579581, NoOp Chain Depth 128 Size 0 Mode ref, Ref Stage 90, run, start, 9783589417640214
1787664523.579612, NoOp Chain Depth 128 Size 0 Mode ref, Ref Stage 90, run, end, 9783589417671430
1787664523.579627, NoOp Chain Depth 128 Size 0 Mode ref, Ref Stage 91, run, start, 9783589417686054
1787664523.579648, NoOp Chain Depth 128 Size 0 Mode ref, Ref Stage 91, run, end, 9783589417706950
1787664523.579662, NoOp Chain Depth 128 Size 0 Mode ref, Ref Stage 92, run, start, 9783589417721478
1787664523.579683, NoOp Chain Depth 128 Size 0 Mode ref, Ref Stage 92, run, end, 9783589417742550
1787664523.579699, NoOp Chain Depth 128 Size 0 Mode ref, Ref Stage 93, run, start, 9783589417758134
1787664523.579722, NoOp Chain Depth 128 Size 0 Mode ref, Ref Stage 93, run, end, 9783589417780950
1787664523.579733, NoOp Chain Depth 128 Size 0 Mode ref, Ref Stage 94, run, start, 9783589417792550
1787664523.579764, NoOp Chain Depth 128 Size 0 Mode ref, Ref Stage 94, run, end, 9783589417823590
1787664523.579779, NoOp Chain Depth 128 Size 0 Mode ref, Ref Stage 95, run, start, 9783589417838150
1787664523.579800, NoOp Chain Depth 128 Size 0 Mode ref, Ref Stage 95, run, end, 9783589417859254
1787664523.579815, NoOp Chain Depth 128 Size 0 Mode ref, Ref Stage 96, run, start, 9783589417873798
1787664523.579836, NoOp Chain Depth 128 Size 0 Mode ref, Ref Stage 96, run, end, 9783589417894886
1787664523.579850, NoOp Chain Depth 128 Size 0 Mode ref, Ref Stage 97, run, start, 9783589417909286
1787664523.579871, NoOp Chain Depth 128 Size 0 Mode ref, Ref Stage 97, run, end, 9783589417929942
1787664523.579885, NoOp Chain Depth 128 Size 0 Mode ref, Ref Stage 98, run, start, 9783589417944822
1787664523.579906, NoOp Chain Depth 128 Size 0 Mode ref, Ref Stage 98, run, end, 9783589417965766
1787664523.579921, NoOp Chain Depth 128 Size 0 Mode ref, Ref Stage 99, run, start, 9783589417980422
1787664523.579942, NoOp Chain Depth 128 Size 0 Mode ref, Ref Stage 99, run, end, 9783589418003478
1787664523.579960, NoOp Chain Depth 128 Size 0 Mode ref, Ref Stage 100, run, start, 9783589418019142
1787664523.579981, NoOp Chain Depth 128 Size 0 Mode ref, Ref Stage 100, run, end, 9783589418040198
1787664523.579996, NoOp Chain Depth 128 Size 0 Mode ref, Ref Stage 101, run, start, 9783589418054998
1787664523.580019, NoOp Chain Depth 128 Size 0 Mode ref, Ref Stage 101, run, end, 9783589418078214
1787664523.580030, NoOp Chain Depth 128 Size 0 Mode ref, Ref Stage 102, run, start, 9783589418089798
1787664523.580063, NoOp Chain Depth 128 Size 0 Mode ref, Ref Stage 102, run, end, 9783589418122470
1787664523.580075, NoOp Chain Depth 128 Size 0 Mode ref, Ref Stage 103, run, start, 9783589418133990
1787664523.580106, NoOp Chain Depth 128 Size 0 Mode ref, Ref Stage 103, run, end, 9783589418165238
1787664523.580121, NoOp Chain Depth 128 Size 0 Mode ref, Ref Stage 104, run, start, 9783589418180038
1787664523.580142, NoOp Chain Depth 128 Size 0 Mode ref, Ref Stage 104, run, end, 9783589418201318
1787664523.580157, NoOp Chain Depth 128 Size 0 Mode ref, Ref Stage 105, run, start, 9783589418216198
1787664523.580178, NoOp Chain Depth 128 Size 0 Mode ref, Ref Stage 105, run, end, 9783589418236950
1787664523.580192, NoOp Chain Depth 128 Size 0 Mode ref, Ref Stage 106, run, start, 9783589418251510
1787664523.580214, NoOp Chain Depth 128 Size 0 Mode ref, Ref Stage 106, run, end, 9783589418272662
1787664523.580229, NoOp Chain Depth 128 Size 0 Mode ref, Ref Stage 107, run, start, 9783589418287990
1787664523.580250, NoOp Chain Depth 128 Size 0 Mode ref, Ref Stage 107, run, end, 9783589418308758
1787664523.580264, NoOp Chain Depth 128 Size 0 Mode ref, Ref Stage 108, run, start, 9783589418323318
1787664523.580287, NoOp Chain Depth 128 Size 0 Mode ref, Ref Stage 108, run, end, 9783589418346006
1787664523.580302, NoOp Chain Depth 128 Size 0 Mode ref, Ref Stage 109, run, start, 9783589418360694
1787664523.580324, NoOp Chain Depth 128 Size 0 Mode ref, Ref Stage 109, run, end, 9783589418383158
1787664523.580336, NoOp Chain Depth 128 Size 0 Mode ref, Ref Stage 110, run, start, 9783589418394918
1787664523.580367, NoOp Chain Depth 128 Size 0 Mode ref, Ref Stage 110, run, end, 9783589418426310
1787664523.580382, NoOp Chain Depth 128 Size 0 Mode ref, Ref Stage 111, run, start, 9783589418441046
1787664523.580403, NoOp Chain Depth 128 Size 0 Mode ref, Ref Stage 111, run, end, 9783589418462214
1787664523.580418, NoOp Chain Depth 128 Size 0 Mode ref, Ref Stage 112, run, start, 9783589418477094
1787664523.580439, NoOp Chain Depth 128 Size 0 Mode ref, Ref Stage 112, run, end, 9783589418498182
1787664523.580454, NoOp Chain Depth 128 Size 0 Mode ref, Ref Stage 113, run, start, 9783589418512998
1787664523.580477, NoOp Chain Depth 128 Size 0 Mode ref, Ref Stage 113, run, end, 9783589418535798
1787664523.580492, NoOp Chain Depth 128 Size 0 Mode ref, Ref Stage 114, run, start, 9783589418550758
1787664523.580513, NoOp Chain Depth 128 Size 0 Mode ref, Ref Stage 114, run, end, 9783589418571798
1787664523.580528, NoOp Chain Depth 128 Size 0 Mode ref, Ref Stage 115, run, start, 9783589418587094
1787664523.580549, NoOp Chain Depth 128 Size 0 Mode ref, Ref Stage 115, run, end, 9783589418607670
1787664523.580563, NoOp Chain Depth 128 Size 0 Mode ref, Ref Stage 116, run, start, 9783589418622182
1787664523.580587, NoOp Chain Depth 128 Size 0 Mode ref, Ref Stage 116, run, end, 9783589418646022
1787664523.580599, NoOp Chain Depth 128 Size 0 Mode ref, Ref Stage 117, run, start, 9783589418657990
1787664523.581049, NoOp Chain Depth 128 Size 0 Mode ref, Ref Stage 117, run, end, 9783589419109157
1787664523.581066, NoOp Chain Depth 128 Size 0 Mode ref, Ref Stage 118, run, start, 9783589419125749
1787664523.581089, NoOp Chain Depth 128 Size 0 Mode ref, Ref Stage 118, run, end, 9783589419148245
1787664523.581104, NoOp Chain Depth 128 Size 0 Mode ref, Ref Stage 119, run, start, 9783589419163477
1787664523.581127, NoOp Chain Depth 128 Size 0 Mode ref, Ref Stage 119, run, end, 9783589419186693
1787664523.581139, NoOp Chain Depth 128 Size 0 Mode ref, Ref Stage 120, run, start, 9783589419198149
1787664523.581172, NoOp Chain Depth 128 Size 0 Mode ref, Ref Stage 120, run, end, 9783589419231381
1787664523.581184, NoOp Chain Depth 128 Size 0 Mode ref, Ref Stage 121, run, start, 9783589419242917
1787664523.581215, NoOp Chain Depth 128 Size 0 Mode ref, Ref Stage 121, run, end, 9783589419274325
1787664523.581230, NoOp Chain Depth 128 Size 0 Mode ref, Ref Stage 122, run, start, 9783589419289525
1787664523.581252, NoOp Chain Depth 128 Size 0 Mode ref, Ref Stage 122, run, end, 9783589419310645
1787664523.581266, NoOp Chain Depth 128 Size 0 Mode ref, Ref Stage 123, run, start, 9783589419325269
1787664523.581287, NoOp Chain Depth 128 Size 0 Mode ref, Ref Stage 123, run, end, 9783589419346565
1787664523.581304, NoOp Chain Depth 128 Size 0 Mode ref, Ref Stage 124, run, start, 9783589419362901
1787664523.581325, NoOp Chain Depth 128 Size 0 Mode ref, Ref Stage 124, run, end, 9783589419384485
1787664523.581340, NoOp Chain Depth 128 Size 0 Mode ref, Ref Stage 125, run, start, 9783589419400501
1787664523.581362, NoOp Chain Depth 128 Size 0 Mode ref, Ref Stage 125, run, end, 9783589419421445
1787664523.581378, NoOp Chain Depth 128 Size 0 Mode ref, Ref Stage 126, run, start, 9783589419437541
1787664523.581402, NoOp Chain Depth 128 Size 0 Mode ref, Ref Stage 126, run, end, 9783589419461589
1787664523.581414, NoOp Chain Depth 128 Size 0 Mode ref, Ref Stage 127, run, start, 9783589419473749
1787664523.581446, NoOp Chain Depth 128 Size 0 Mode ref, Ref Stage 127, run, end, 9783589419505237
1787664523.581462, NoOp Chain Depth 128 Size 0 Mode ref, pipeline - train, run, end, 144945193002227432839580306363418989397, 1787664523.570420, 7, 1, 9783589419520997
1787664523.581500, NoOp Chain Depth 128 Size 0 Mode ref, pipeline - train, run, start, 74020369025595529968276729760624765457, 1787664523.581488, 8, 1, 9783589419559109
1787664523.581524, NoOp Chain Depth 128 Size 0 Mode ref, Ref Stage 0, run, start, 9783589419583861
1787664523.581546, NoOp Chain Depth 128 Size 0 Mode ref, Ref Stage 0, run, end, 9783589419605333
1787664523.581562, NoOp Chain Depth 128 Size 0 Mode ref, Ref Stage 1, run, start, 9783589419621413
1787664523.581583, NoOp Chain Depth 128 Size 0 Mode ref, Ref Stage 1, run, end, 9783589419642997
1787664523.581599, NoOp Chain Depth 128 Size 0 Mode ref, Ref Stage 2, run, start, 9783589419657829
1787664523.581623, NoOp Chain Depth 128 Size 0 Mode ref, Ref Stage 2, run, end, 9783589419682357
1787664523.582035, NoOp Chain Depth 128 Size 0 Mode ref, Ref Stage 3, run, start, 9783589420095189
1787664523.582167, NoOp Chain Depth 128 Size 0 Mode ref, Ref Stage 3, run, end, 9783589420226869
1787664523.582183, NoOp Chain Depth 128 Size 0 Mode ref, Ref Stage 4, run, start, 9783589420242437
1787664523.582205, NoOp Chain Depth 128 Size 0 Mode ref, Ref Stage 4, run, end, 9783589420264357
1787664523.582220, NoOp Chain Depth 128 Size 0 Mode ref, Ref Stage 5, run, start, 9783589420279397
1787664523.582242, NoOp Chain Depth 128 Size 0 Mode ref, Ref Stage 5, run, end, 9783589420300901
1787664523.582256, NoOp Chain Depth 128 Size 0 Mode ref, Ref Stage 6, run, start, 9783589420315605
1787664523.582278, NoOp Chain Depth 128 Size 0 Mode ref, Ref Stage 6, run, end, 9783589420337397
1787664523.582293, NoOp Chain Depth 128 Size 0 Mode ref, Ref Stage 7, run, start, 9783589420352085
1787664523.582314, NoOp Chain Depth 128 Size 0 Mode ref, Ref Stage 7, run, end, 9783589420373237
1787664523.582329, NoOp Chain Depth 128 Size 0 Mode ref, Ref Stage 8, run, start, 9783589420387829
1787664523.582350, NoOp Chain Depth 128 Size 0 Mode ref, Ref Stage 8, run, end, 9783589420409221
1787664523.582365, NoOp Chain Depth 128 Size 0 Mode ref, Ref Stage 9, run, start, 9783589420423973
1787664523.582388, NoOp Chain Depth 128 Size 0 Mode ref, Ref Stage 9, run, end, 9783589420447317
1787664523.582404, NoOp Chain Depth 128 Size 0 Mode ref, Ref Stage 10, run, start, 9783589420463685
1787664523.582426, NoOp Chain Depth 128 Size 0 Mode ref, Ref Stage 10, run, end, 9783589420485189
1787664523.582440, NoOp Chain Depth 128 Size 0 Mode ref, Ref Stage 11, run, start, 9783589420499797
1787664523.582464, NoOp Chain Depth 128 Size 0 Mode ref, Ref Stage 11, run, end, 9783589420522613
1787664523.582478, NoOp Chain Depth 128 Size 0 Mode ref, Ref Stage 12, run, start, 9783589420537221
1787664523.582500, NoOp Chain Depth 128 Size 0 Mode ref, Ref Stage 12, run, end, 9783589420559365
1787664523.582515, NoOp Chain Depth 128 Size 0 Mode ref, Ref Stage 13, run, start, 9783589420574197
1787664523.582536, NoOp Chain Depth 128 Size 0 Mode ref, Ref Stage 13, run, end, 9783589420595093
1787664523.582551, NoOp Chain Depth 128 Size 0 Mode ref, Ref Stage 14, run, start, 9783589420609973
1787664523.582574, NoOp Chain Depth 128 Size 0 Mode ref, Ref Stage 14, run, end, 9783589420632820
1787664523.582587, NoOp Chain Depth 128 Size 0 Mode ref, Ref Stage 15, run, start, 9783589420645860
1787664523.582620, NoOp Chain Depth 128 Size 0 Mode ref, Ref Stage 15, run, end, 9783589420679428
1787664523.582635, NoOp Chain Depth 128 Size 0 Mode ref, Ref Stage 16, run, start, 9783589420694372
1787664523.582661, NoOp Chain Depth 128 Size 0 Mode ref, Ref Stage 16, run, end, 9783589420719860
1787664523.582973, NoOp Chain Depth 128 Size 0 Mode ref, Ref Stage 17, run, start, 9783589421032932
1787664523.583107, NoOp Chain Depth 128 Size 0 Mode ref, Ref Stage 17, run, end, 9783589421167124
1787664523.583123, NoOp Chain Depth 128 Size 0 Mode ref, Ref Stage 18, run, start, 9783589421182356
1787664523.583145, NoOp Chain Depth 128 Size 0 Mode ref, Ref Stage 18, run, end, 9783589421204084
1787664523.583159, NoOp Chain Depth 128 Size 0 Mode ref, Ref Stage 19, run, start, 9783589421218916
1787664523.583181, NoOp Chain Depth 128 Size 0 Mode ref, Ref Stage 19, run, end, 9783589421240452
1787664523.583198, NoOp Chain Depth 128 Size 0 Mode ref, Ref Stage 20, run, start, 9783589421257236
1787664523.583219, NoOp Chain Depth 128 Size 0 Mode ref, Ref Stage 20, run, end, 9783589421278340
1787664523.583234, NoOp Chain Depth 128 Size 0 Mode ref, Ref Stage 21, run, start, 9783589421293652
1787664523.583256, NoOp Chain Depth 128 Size 0 Mode ref, Ref Stage 21, run, end, 9783589421315252
1787664523.583271, NoOp Chain Depth 128 Size 0 Mode ref, Ref Stage 22, run, start, 9783589421330308
1787664523.583293, NoOp Chain Depth 128 Size 0 Mode ref, Ref Stage 22, run, end, 9783589421352836
1787664523.583308, NoOp Chain Depth 128 Size 0 Mode ref, Ref Stage 23, run, start, 9783589421367924
1787664523.583330, NoOp Chain Depth 128 Size 0 Mode ref, Ref Stage 23, run, end, 9783589421388932
1787664523.583344, NoOp Chain Depth 128 Size 0 Mode ref, Ref Stage 24, run, start, 9783589421403524
1787664523.583365, NoOp Chain Depth 128 Size 0 Mode ref, Ref Stage 24, run, end, 9783589421424260
1787664523.583380, NoOp Chain Depth 128 Size 0 Mode ref, Ref Stage 25, run, start, 9783589421438916
1787664523.583400, NoOp Chain Depth 128 Size 0 Mode ref, Ref Stage 25, run, end, 9783589421459652
1787664523.583415, NoOp Chain Depth 128 Size 0 Mode ref, Ref Stage 26, run, start, 9783589421474004
1787664523.583437, NoOp Chain Depth 128 Size 0 Mode ref, Ref Stage 26, run, end, 9783589421496180
1787664523.583449, NoOp Chain Depth 128 Size 0 Mode ref, Ref Stage 27, run, start, 9783589421508452
1787664523.583480, NoOp Chain Depth 128 Size 0 Mode ref, Ref Stage 27, run, end, 9783589421539556
1787664523.583497, NoOp Chain Depth 128 Size 0 Mode ref, Ref Stage 28, run, start, 9783589421556388
1787664523.583518, NoOp Chain Depth 128 Size 0 Mode ref, Ref Stage 28, run, end, 9783589421577524
1787664523.583535, NoOp Chain Depth 128 Size 0 Mode ref, Ref Stage 29, run, start, 9783589421594100
1787664523.583941, NoOp Chain Depth 128 Size 0 Mode ref, Ref Stage 29, run, end, 9783589422004100
1787664523.584066, NoOp Chain Depth 128 Size 0 Mode ref, Ref Stage 30, run, start, 9783589422125940
1787664523.584090, NoOp Chain Depth 128 Size 0 Mode ref, Ref Stage 30, run, end, 9783589422149396
1787664523.584105, NoOp Chain Depth 128 Size 0 Mode ref, Ref Stage 31, run, start, 9783589422164692
1787664523.584127, NoOp Chain Depth 128 Size 0 Mode ref, Ref Stage 31, run, end, 9783589422186180
1787664523.584141, NoOp Chain Depth 128 Size 0 Mode ref, Ref Stage 32, run, start, 9783589422200947
1787664523.584163, NoOp Chain Depth 128 Size 0 Mode ref, Ref Stage 32, run, end, 9783589422222179
1787664523.584177, NoOp Chain Depth 128 Size 0 Mode ref, Ref Stage 33, run, start, 9783589422236739
1787664523.584200, NoOp Chain Depth 128 Size 0 Mode ref, Ref Stage 33, run, end, 9783589422259587
1787664523.584212, NoOp Chain Depth 128 Size 0 Mode ref, Ref Stage 34, run, start, 9783589422271299
1787664523.584244, NoOp Chain Depth 128 Size 0 Mode ref, Ref Stage 34, run, end, 9783589422303475
1787664523.584259, NoOp Chain Depth 128 Size 0 Mode ref, Ref Stage 35, run, start, 9783589422318035
1787664523.584282, NoOp Chain Depth 128 Size 0 Mode ref, Ref Stage 35, run, end, 9783589422341171
1787664523.584294, NoOp Chain Depth 128 Size 0 Mode ref, Ref Stage 36, run, start, 9783589422352963
1787664523.584325, NoOp Chain Depth 128 Size 0 Mode ref, Ref Stage 36, run, end, 9783589422384307
1787664523.584340, NoOp Chain Depth 128 Size 0 Mode ref, Ref Stage 37, run, start, 9783589422399171
1787664523.584361, NoOp Chain Depth 128 Size 0 Mode ref, Ref Stage 37, run, end, 9783589422420339
1787664523.584376, NoOp Chain Depth 128 Size 0 Mode ref, Ref Stage 38, run, start, 9783589422434947
1787664523.584400, NoOp Chain Depth 128 Size 0 Mode ref, Ref Stage 38, run, end, 9783589422459283
1787664523.584414, NoOp Chain Depth 128 Size 0 Mode ref, Ref Stage 39, run, start, 9783589422474915
1787664523.584437, NoOp Chain Depth 128 Size 0 Mode ref, Ref Stage 39, run, end, 9783589422495971
1787664523.584451, NoOp Chain Depth 128 Size 0 Mode ref, Ref Stage 40, run, start, 9783589422510467
1787664523.584474, NoOp Chain Depth 128 Size 0 Mode ref, Ref Stage 40, run, end, 9783589422532835
1787664523.584490, NoOp Chain Depth 128 Size 0 Mode ref, Ref Stage 41, run, start, 9783589422548947
1787664523.584511, NoOp Chain Depth 128 Size 0 Mode ref, Ref Stage 41, run, end, 9783589422569891
1787664523.584526, NoOp Chain Depth 128 Size 0 Mode ref, Ref Stage 42, run, start, 9783589422585219
1787664523.584548, NoOp Chain Depth 128 Size 0 Mode ref, Ref Stage 42, run, end, 9783589422607283
1787664523.584563, NoOp Chain Depth 128 Size 0 Mode ref, Ref Stage 43, run, start, 9783589422621635
1787664523.584584, NoOp Chain Depth 128 Size 0 Mode ref, Ref Stage 43, run, end, 9783589422643523
1787664523.584599, NoOp Chain Depth 128 Size 0 Mode ref, Ref Stage 44, run, start, 9783589422657939
1787664523.584621, NoOp Chain Depth 128 Size 0 Mode ref, Ref Stage 44, run, end, 9783589422680291
1787664523.584639, NoOp Chain Depth 128 Size 0 Mode ref, Ref Stage 45, run, start, 9783589422698147
1787664523.584670, NoOp Chain Depth 128 Size 0 Mode ref, Ref Stage 45, run, end, 9783589422729379
1787664523.584685, NoOp Chain Depth 128 Size 0 Mode ref, Ref Stage 46, run, start, 9783589422744243
1787664523.584706, NoOp Chain Depth 128 Size 0 Mode ref, Ref Stage 46, run, end, 9783589422765123
1787664523.584721, NoOp Chain Depth 128 Size 0 Mode ref, Ref Stage 47, run, start, 9783589422779923
1787664523.584742, NoOp Chain Depth 128 Size 0 Mode ref, Ref Stage 47, run, end, 9783589422801123
1787664523.584756, NoOp Chain Depth 128 Size 0 Mode ref, Ref Stage 48, run, start, 9783589422815651
1787664523.584779, NoOp Chain Depth 128 Size 0 Mode ref, Ref Stage 48, run, end, 9783589422838179
1787664523.584795, NoOp Chain Depth 128 Size 0 Mode ref, Ref Stage 49, run, start, 9783589422854611
1787664523.584818, NoOp Chain Depth 128 Size 0 Mode ref, Ref Stage 49, run, end, 9783589422877123
1787664523.584830, NoOp Chain Depth 128 Size 0 Mode ref, Ref Stage 50, run, start, 9783589422888851
1787664523.584861, NoOp Chain Depth 128 Size 0 Mode ref, Ref Stage 50, run, end, 9783589422919891
1787664523.584875, NoOp Chain Depth 128 Size 0 Mode ref, Ref Stage 51, run, start, 9783589422934403
1787664523.584898, NoOp Chain Depth 128 Size 0 Mode ref, Ref Stage 51, run, end, 9783589422956723
1787664523.584912, NoOp Chain Depth 128 Size 0 Mode ref, Ref Stage 52, run, start, 9783589422971427
1787664523.584933, NoOp Chain Depth 128 Size 0 Mode ref, Ref Stage 52, run, end, 9783589422992435
1787664523.584952, NoOp Chain Depth 128 Size 0 Mode ref, Ref Stage 53, run, start, 9783589423012115
1787664523.585279, NoOp Chain Depth 128 Size 0 Mode ref, Ref Stage 53, run, end, 9783589423339219
1787664523.585401, NoOp Chain Depth 128 Size 0 Mode ref, Ref Stage 54, run, start, 9783589423460259
1787664523.585426, NoOp Chain Depth 128 Size 0 Mode ref, Ref Stage 54, run, end, 9783589423485379
1787664523.585438, NoOp Chain Depth 128 Size 0 Mode ref, Ref Stage 55, run, start, 9783589423497603
1787664523.585471, NoOp Chain Depth 128 Size 0 Mode ref, Ref Stage 55, run, end, 9783589423529923
1787664523.585485, NoOp Chain Depth 128 Size 0 Mode ref, Ref Stage 56, run, start, 9783589423544563
1787664523.585507, NoOp Chain Depth 128 Size 0 Mode ref, Ref Stage 56, run, end, 9783589423566067
1787664523.585522, NoOp Chain Depth 128 Size 0 Mode ref, Ref Stage 57, run, start, 9783589423580947
1787664523.585543, NoOp Chain Depth 128 Size 0 Mode ref, Ref Stage 57, run, end, 9783589423602563
1787664523.585558, NoOp Chain Depth 128 Size 0 Mode ref, Ref Stage 58, run, start, 9783589423617187
1787664523.585580, NoOp Chain Depth 128 Size 0 Mode ref, Ref Stage 58, run, end, 9783589423638995
1787664523.585595, NoOp Chain Depth 128 Size 0 Mode ref, Ref Stage 59, run, start, 9783589423654163
1787664523.585618, NoOp Chain Depth 128 Size 0 Mode ref, Ref Stage 59, run, end, 9783589423677283
1787664523.585633, NoOp Chain Depth 128 Size 0 Mode ref, Ref Stage 60, run, start, 9783589423692035
1787664523.585654, NoOp Chain Depth 128 Size 0 Mode ref, Ref Stage 60, run, end, 9783589423713586
1787664523.585669, NoOp Chain Depth 128 Size 0 Mode ref, Ref Stage 61, run, start, 9783589423728610
1787664523.585693, NoOp Chain Depth 128 Size 0 Mode ref, Ref Stage 61, run, end, 9783589423752402
1787664523.585708, NoOp Chain Depth 128 Size 0 Mode ref, Ref Stage 62, run, start, 9783589423766882
1787664523.585729, NoOp Chain Depth 128 Size 0 Mode ref, Ref Stage 62, run, end, 9783589423788018
1787664523.585744, NoOp Chain Depth 128 Size 0 Mode ref, Ref Stage 63, run, start, 9783589423803794
1787664523.585768, NoOp Chain Depth 128 Size 0 Mode ref, Ref Stage 63, run, end, 9783589423826770
1787664523.585779, NoOp Chain Depth 128 Size 0 Mode ref, Ref Stage 64, run, start, 9783589423838290
1787664523.585813, NoOp Chain Depth 128 Size 0 Mode ref, Ref Stage 64, run, end, 9783589423872162
1787664523.585828, NoOp Chain Depth 128 Size 0 Mode ref, Ref Stage 65, run, start, 9783589423886914
1787664523.585849, NoOp Chain Depth 128 Size 0 Mode ref, Ref Stage 65, run, end, 9783589423907794
1787664523.585863, NoOp Chain Depth 128 Size 0 Mode ref, Ref Stage 66, run, start, 9783589423922018
1787664523.585885, NoOp Chain Depth 128 Size 0 Mode ref, Ref Stage 66, run, end, 9783589423944242
1787664523.585900, NoOp Chain Depth 128 Size 0 Mode ref, Ref Stage 67, run, start, 9783589423959570
1787664523.585923, NoOp Chain Depth 128 Size 0 Mode ref, Ref Stage 67, run, end, 9783589423981906
1787664523.585938, NoOp Chain Depth 128 Size 0 Mode ref, Ref Stage 68, run, start, 9783589423996690
1787664523.585961, NoOp Chain Depth 128 Size 0 Mode ref, Ref Stage 68, run, end, 9783589424019778
1787664523.585976, NoOp Chain Depth 128 Size 0 Mode ref, Ref Stage 69, run, start, 9783589424034834
1787664523.585997, NoOp Chain Depth 128 Size 0 Mode ref, Ref Stage 69, run, end, 9783589424056130
1787664523.586013, NoOp Chain Depth 128 Size 0 Mode ref, Ref Stage 70, run, start, 9783589424071874
1787664523.586143, NoOp Chain Depth 128 Size 0 Mode ref, Ref Stage 70, run, end, 9783589424203298
1787664523.586653, NoOp Chain Depth 128 Size 0 Mode ref, Ref Stage 71, run, start, 9783589424713106
1787664523.586680, NoOp Chain Depth 128 Size 0 Mode ref, Ref Stage 71, run, end, 9783589424739570
1787664523.586695, NoOp Chain Depth 128 Size 0 Mode ref, Ref Stage 72, run, start, 9783589424754818
1787664523.586717, NoOp Chain Depth 128 Size 0 Mode ref, Ref Stage 72, run, end, 9783589424776354
1787664523.586732, NoOp Chain Depth 128 Size 0 Mode ref, Ref Stage 73, run, start, 9783589424791058
1787664523.586753, NoOp Chain Depth 128 Size 0 Mode ref, Ref Stage 73, run, end, 9783589424812178
1787664523.586768, NoOp Chain Depth 128 Size 0 Mode ref, Ref Stage 74, run, start, 9783589424826962
1787664523.586789, NoOp Chain Depth 128 Size 0 Mode ref, Ref Stage 74, run, end, 9783589424848578
1787664523.586804, NoOp Chain Depth 128 Size 0 Mode ref, Ref Stage 75, run, start, 9783589424863154
1787664523.586828, NoOp Chain Depth 128 Size 0 Mode ref, Ref Stage 75, run, end, 9783589424886770
1787664523.586840, NoOp Chain Depth 128 Size 0 Mode ref, Ref Stage 76, run, start, 9783589424899298
1787664523.586873, NoOp Chain Depth 128 Size 0 Mode ref, Ref Stage 76, run, end, 9783589424931826
1787664523.586887, NoOp Chain Depth 128 Size 0 Mode ref, Ref Stage 77, run, start, 9783589424946898
1787664523.586911, NoOp Chain Depth 128 Size 0 Mode ref, Ref Stage 77, run, end, 9783589424970786
1787664523.586928, NoOp Chain Depth 128 Size 0 Mode ref, Ref Stage 78, run, start, 9783589424987138
1787664523.586951, NoOp Chain Depth 128 Size 0 Mode ref, Ref Stage 78, run, end, 9783589425010754
1787664523.586967, NoOp Chain Depth 128 Size 0 Mode ref, Ref Stage 79, run, start, 9783589425026386
1787664523.586988, NoOp Chain Depth 128 Size 0 Mode ref, Ref Stage 79, run, end, 9783589425047250
1787664523.587002, NoOp Chain Depth 128 Size 0 Mode ref, Ref Stage 80, run, start, 9783589425061666
1787664523.587024, NoOp Chain Depth 128 Size 0 Mode ref, Ref Stage 80, run, end, 9783589425083698
1787664523.587039, NoOp Chain Depth 128 Size 0 Mode ref, Ref Stage 81, run, start, 9783589425098322
1787664523.587060, NoOp Chain Depth 128 Size 0 Mode ref, Ref Stage 81, run, end, 9783589425119138
1787664523.587074, NoOp Chain Depth 128 Size 0 Mode ref, Ref Stage 82, run, start, 9783589425133618
1787664523.587097, NoOp Chain Depth 128 Size 0 Mode ref, Ref Stage 82, run, end, 9783589425156418
1787664523.587112, NoOp Chain Depth 128 Size 0 Mode ref, Ref Stage 83, run, start, 9783589425171122
1787664523.587133, NoOp Chain Depth 128 Size 0 Mode ref, Ref Stage 83, run, end, 9783589425192081
1787664523.587147, NoOp Chain Depth 128 Size 0 Mode ref, Ref Stage 84, run, start, 9783589425206385
1787664523.587168, NoOp Chain Depth 128 Size 0 Mode ref, Ref Stage 84, run, end, 9783589425227377
1787664523.587183, NoOp Chain Depth 128 Size 0 Mode ref, Ref Stage 85, run, start, 9783589425241985
1787664523.587205, NoOp Chain Depth 128 Size 0 Mode ref, Ref Stage 85, run, end, 9783589425264065
1787664523.587219, NoOp Chain Depth 128 Size 0 Mode ref, Ref Stage 86, run, start, 9783589425278641
1787664523.587243, NoOp Chain Depth 128 Size 0 Mode ref, Ref Stage 86, run, end, 9783589425301537
1787664523.587259, NoOp Chain Depth 128 Size 0 Mode ref, Ref Stage 87, run, start, 9783589425318721
1787664523.587281, NoOp Chain Depth 128 Size 0 Mode ref, Ref Stage 87, run, end, 9783589425340225
1787664523.587296, NoOp Chain Depth 128 Size 0 Mode ref, Ref Stage 88, run, start, 9783589425355793
1787664523.587320, NoOp Chain Depth 128 Size 0 Mode ref, Ref Stage 88, run, end, 9783589425378785
1787664523.587335, NoOp Chain Depth 128 Size 0 Mode ref, Ref Stage 89, run, start, 9783589425394497
1787664523.587358, NoOp Chain Depth 128 Size 0 Mode ref, Ref Stage 89, run, end, 9783589425417041
1787664523.587369, NoOp Chain Depth 128 Size 0 Mode ref, Ref Stage 90, run, start, 9783589425428913
1787664523.587401, NoOp Chain Depth 128 Size 0 Mode ref, Ref Stage 90, run, end, 9783589425460193
1787664523.587417, NoOp Chain Depth 128 Size 0 Mode ref, Ref Stage 91, run, start, 9783589425476289
1787664523.587439, NoOp Chain Depth 128 Size 0 Mode ref, Ref Stage 91, run, end, 9783589425498369
1787664523.587454, NoOp Chain Depth 128 Size 0 Mode ref, Ref Stage 92, run, start, 9783589425513233
1787664523.587478, NoOp Chain Depth 128 Size 0 Mode ref, Ref Stage 92, run, end, 9783589425536961
1787664523.587493, NoOp Chain Depth 128 Size 0 Mode ref, Ref Stage 93, run, start, 9783589425552577
1787664523.587518, NoOp Chain Depth 128 Size 0 Mode ref, Ref Stage 93, run, end, 9783589425576817
1787664523.587529, NoOp Chain Depth 128 Size 0 Mode ref, Ref Stage 94, run, start, 9783589425588321
1787664523.587974, NoOp Chain Depth 128 Size 0 Mode ref, Ref Stage 94, run, end, 9783589426034289
1787664523.587987, NoOp Chain Depth 128 Size 0 Mode ref, Ref Stage 95, run, start, 9783589426046945
1787664523.588021, NoOp Chain Depth 128 Size 0 Mode ref, Ref Stage 95, run, end, 9783589426079697
1787664523.588035, NoOp Chain Depth 128 Size 0 Mode ref, Ref Stage 96, run, start, 9783589426094433
1787664523.588057, NoOp Chain Depth 128 Size 0 Mode ref, Ref Stage 96, run, end, 9783589426115889
1787664523.588071, NoOp Chain Depth 128 Size 0 Mode ref, Ref Stage 97, run, start, 9783589426130577
1787664523.588093, NoOp Chain Depth 128 Size 0 Mode ref, Ref Stage 97, run, end, 9783589426152113
1787664523.588108, NoOp Chain Depth 128 Size 0 Mode ref, Ref Stage 98, run, start, 9783589426166945
1787664523.588129, NoOp Chain Depth 128 Size 0 Mode ref, Ref Stage 98, run, end, 9783589426188225
1787664523.588143, NoOp Chain Depth 128 Size 0 Mode ref, Ref Stage 99, run, start, 9783589426202753
1787664523.588165, NoOp Chain Depth 128 Size 0 Mode ref, Ref Stage 99, run, end, 9783589426223969
1787664523.588180, NoOp Chain Depth 128 Size 0 Mode ref, Ref Stage 100, run, start, 9783589426239329
1787664523.588202, NoOp Chain Depth 128 Size 0 Mode ref, Ref Stage 100, run, end, 9783589426260897
1787664523.588216, NoOp Chain Depth 128 Size 0 Mode ref, Ref Stage 101, run, start, 9783589426275169
1787664523.588239, NoOp Chain Depth 128 Size 0 Mode ref, Ref Stage 101, run, end, 9783589426298449
1787664523.588254, NoOp Chain Depth 128 Size 0 Mode ref, Ref Stage 102, run, start, 9783589426313217
1787664523.588275, NoOp Chain Depth 128 Size 0 Mode ref, Ref Stage 102, run, end, 9783589426334353
1787664523.588291, NoOp Chain Depth 128 Size 0 Mode ref, Ref Stage 103, run, start, 9783589426350737
1787664523.588314, NoOp Chain Depth 128 Size 0 Mode ref, Ref Stage 103, run, end, 9783589426373265
1787664523.588326, NoOp Chain Depth 128 Size 0 Mode ref, Ref Stage 104, run, start, 9783589426385185
1787664523.588357, NoOp Chain Depth 128 Size 0 Mode ref, Ref Stage 104, run, end, 9783589426416657
1787664523.588372, NoOp Chain Depth 128 Size 0 Mode ref, Ref Stage 105, run, start, 9783589426431521
1787664523.588394, NoOp Chain Depth 128 Size 0 Mode ref, Ref Stage 105, run, end, 9783589426453409
1787664523.588410, NoOp Chain Depth 128 Size 0 Mode ref, Ref Stage 106, run, start, 9783589426468769
1787664523.588435, NoOp Chain Depth 128 Size 0 Mode ref, Ref Stage 106, run, end, 9783589426494737
1787664523.588451, NoOp Chain Depth 128 Size 0 Mode ref, Ref Stage 107, run, start, 9783589426510145
1787664523.588472, NoOp Chain Depth 128 Size 0 Mode ref, Ref Stage 107, run, end, 9783589426530689
1787664523.588486, NoOp Chain Depth 128 Size 0 Mode ref, Ref Stage 108, run, start, 9783589426545489
1787664523.588508, NoOp Chain Depth 128 Size 0 Mode ref, Ref Stage 108, run, end, 9783589426567505
1787664523.588523, NoOp Chain Depth 128 Size 0 Mode ref, Ref Stage 109, run, start, 9783589426582225
1787664523.588546, NoOp Chain Depth 128 Size 0 Mode ref, Ref Stage 109, run, end, 9783589426605041
1787664523.588557, NoOp Chain Depth 128 Size 0 Mode ref, Ref Stage 110, run, start, 9783589426616753
1787664523.588589, NoOp Chain Depth 128 Size 0 Mode ref, Ref Stage 110, run, end, 9783589426649393
1787664523.588605, NoOp Chain Depth 128 Size 0 Mode ref, Ref Stage 111, run, start, 9783589426663953
1787664523.588627, NoOp Chain Depth 128 Size 0 Mode ref, Ref Stage 111, run, end, 9783589426686609
1787664523.588643, NoOp Chain Depth 128 Size 0 Mode ref, Ref Stage 112, run, start, 9783589426701713
1787664523.588664, NoOp Chain Depth 128 Size 0 Mode ref, Ref Stage 112, run, end, 9783589426722912
1787664523.588678, NoOp Chain Depth 128 Size 0 Mode ref, Ref Stage 113, run, start, 9783589426737360
1787664523.588699, NoOp Chain Depth 128 Size 0 Mode ref, Ref Stage 113, run, end, 9783589426758432
1787664523.588714, NoOp Chain Depth 128 Size 0 Mode ref, Ref Stage 114, run, start, 9783589426773104
1787664523.588735, NoOp Chain Depth 128 Size 0 Mode ref, Ref Stage 114, run, end, 9783589426793984
1787664523.588749, NoOp Chain Depth 128 Size 0 Mode ref, Ref Stage 115, run, start, 9783589426808480
1787664523.588770, NoOp Chain Depth 128 Size 0 Mode ref, Ref Stage 115, run, end, 9783589426829168
1787664523.588785, NoOp Chain Depth 128 Size 0 Mode ref, Ref Stage 116, run, start, 9783589426843824
1787664523.588805, NoOp Chain Depth 128 Size 0 Mode ref, Ref Stage 116, run, end, 9783589426864624
1787664523.588820, NoOp Chain Depth 128 Size 0 Mode ref, Ref Stage 117, run, start, 9783589426879280
1787664523.588844, NoOp Chain Depth 128 Size 0 Mode ref, Ref Stage 117, run, end, 9783589426902960
1787664523.588859, NoOp Chain Depth 128 Size 0 Mode ref, Ref Stage 118, run, start, 9783589426917776
1787664523.588879, NoOp Chain Depth 128 Size 0 Mode ref, Ref Stage 118, run, end, 9783589426938656
1787664523.588895, NoOp Chain Depth 128 Size 0 Mode ref, Ref Stage 119, run, start, 9783589426954368
1787664523.588920, NoOp Chain Depth 128 Size 0 Mode ref, Ref Stage 119, run, end, 9783589426979488
1787664523.588933, NoOp Chain Depth 128 Size 0 Mode ref, Ref Stage 120, run, start, 9783589426992704
1787664523.588969, NoOp Chain Depth 128 Size 0 Mode ref, Ref Stage 120, run, end, 9783589427028128
1787664523.588980, NoOp Chain Depth 128 Size 0 Mode ref, Ref Stage 121, run, start, 9783589427039712
1787664523.589011, NoOp Chain Depth 128 Size 0 Mode ref, Ref Stage 121, run, end, 9783589427070432
1787664523.589026, NoOp Chain Depth 128 Size 0 Mode ref, Ref Stage 122, run, start, 9783589427085264
1787664523.589048, NoOp Chain Depth 128 Size 0 Mode ref, Ref Stage 122, run, end, 9783589427107232
1787664523.589063, NoOp Chain Depth 128 Size 0 Mode ref, Ref Stage 123, run, start, 9783589427122096
1787664523.589085, NoOp Chain Depth 128 Size 0 Mode ref, Ref Stage 123, run, end, 9783589427144384
1787664523.589100, NoOp Chain Depth 128 Size 0 Mode ref, Ref Stage 124, run, start, 9783589427158944
1787664523.589122, NoOp Chain Depth 128 Size 0 Mode ref, Ref Stage 124, run, end, 9783589427181168
1787664523.589137, NoOp Chain Depth 128 Size 0 Mode ref, Ref Stage 125, run, start, 9783589427195776
1787664523.589158, NoOp Chain Depth 128 Size 0 Mode ref, Ref Stage 125, run, end, 9783589427217760
1787664523.589174, NoOp Chain Depth 128 Size 0 Mode ref, Ref Stage 126, run, start, 9783589427233024
1787664523.589195, NoOp Chain Depth 128 Size 0 Mode ref, Ref Stage 126, run, end, 9783589427254576
1787664523.589212, NoOp Chain Depth 128 Size 0 Mode ref, Ref Stage 127, run, start, 9783589427270912
1787664523.589237, NoOp Chain Depth 128 Size 0 Mode ref, Ref Stage 127, run, end, 9783589427296528
1787664523.589250, NoOp Chain Depth 128 Size 0 Mode ref, pipeline - train, run, end, 74020369025595529968276729760624765457, 1787664523.581488, 8, 1, 9783589427308864
1787664523.589298, NoOp Chain Depth 128 Size 0 Mode ref, pipeline - train, run, start, 213353798992510371402251679826011078122, 1787664523.589286, 9, 1, 9783589427357120
1787664523.589320, NoOp Chain Depth 128 Size 0 Mode ref, Ref Stage 0, run, start, 9783589427379920
1787664523.589343, NoOp Chain Depth 128 Size 0 Mode ref, Ref Stage 0, run, end, 9783589427401968
1787664523.589359, NoOp Chain Depth 128 Size 0 Mode ref, Ref Stage 1, run, start, 9783589427417792
1787664523.589382, NoOp Chain Depth 128 Size 0 Mode ref, Ref Stage 1, run, end, 9783589427440736
1787664523.589393, NoOp Chain Depth 128 Size 0 Mode ref, Ref Stage 2, run, start, 9783589427452384
1787664523.589426, NoOp Chain Depth 128 Size 0 Mode ref, Ref Stage 2, run, end, 9783589427485488
1787664523.589441, NoOp Chain Depth 128 Size 0 Mode ref, Ref Stage 3, run, start, 9783589427500576
1787664523.589464, NoOp Chain Depth 128 Size 0 Mode ref, Ref Stage 3, run, end, 9783589427523296
1787664523.589478, NoOp Chain Depth 128 Size 0 Mode ref, Ref Stage 4, run, start, 9783589427537792
1787664523.589501, NoOp Chain Depth 128 Size 0 Mode ref, Ref Stage 4, run, end, 9783589427560144
1787664523.589515, NoOp Chain Depth 128 Size 0 Mode ref, Ref Stage 5, run, start, 9783589427574896
1787664523.589536, NoOp Chain Depth 128 Size 0 Mode ref, Ref Stage 5, run, end, 9783589427595840
1787664523.589551, NoOp Chain Depth 128 Size 0 Mode ref, Ref Stage 6, run, start, 9783589427610560
1787664523.589572, NoOp Chain Depth 128 Size 0 Mode ref, Ref Stage 6, run, end, 9783589427631456
1787664523.589587, NoOp Chain Depth 128 Size 0 Mode ref, Ref Stage 7, run, start, 9783589427646208
1787664523.589608, NoOp Chain Depth 128 Size 0 Mode ref, Ref Stage 7, run, end, 9783589427666944
1787664523.589623, NoOp Chain Depth 128 Size 0 Mode ref, Ref Stage 8, run, start, 9783589427682208
1787664523.589954, NoOp Chain Depth 128 Size 0 Mode ref, Ref Stage 8, run, end, 9783589428014160
1787664523.589976, NoOp Chain Depth 128 Size 0 Mode ref, Ref Stage 9, run, start, 9783589428035296
1787664523.590000, NoOp Chain Depth 128 Size 0 Mode ref, Ref Stage 9, run, end, 9783589428059168
1787664523.590015, NoOp Chain Depth 128 Size 0 Mode ref, Ref Stage 10, run, start, 9783589428074176
1787664523.590036, NoOp Chain Depth 128 Size 0 Mode ref, Ref Stage 10, run, end, 9783589428095456
1787664523.590051, NoOp Chain Depth 128 Size 0 Mode ref, Ref Stage 11, run, start, 9783589428110176
1787664523.590073, NoOp Chain Depth 128 Size 0 Mode ref, Ref Stage 11, run, end, 9783589428132320
1787664523.590087, NoOp Chain Depth 128 Size 0 Mode ref, Ref Stage 12, run, start, 9783589428146688
1787664523.590108, NoOp Chain Depth 128 Size 0 Mode ref, Ref Stage 12, run, end, 9783589428167584
1787664523.590123, NoOp Chain Depth 128 Size 0 Mode ref, Ref Stage 13, run, start, 9783589428182208
1787664523.590144, NoOp Chain Depth 128 Size 0 Mode ref, Ref Stage 13, run, end, 9783589428203040
1787664523.590158, NoOp Chain Depth 128 Size 0 Mode ref, Ref Stage 14, run, start, 9783589428217536
1787664523.590182, NoOp Chain Depth 128 Size 0 Mode ref, Ref Stage 14, run, end, 9783589428241264
1787664523.590197, NoOp Chain Depth 128 Size 0 Mode ref, Ref Stage 15, run, start, 9783589428256208
1787664523.590219, NoOp Chain Depth 128 Size 0 Mode ref, Ref Stage 15, run, end, 9783589428278080
1787664523.590234, NoOp Chain Depth 128 Size 0 Mode ref, Ref Stage 16, run, start, 9783589428293071
1787664523.590356, NoOp Chain Depth 128 Size 0 Mode ref, Ref Stage 16, run, end, 9783589428415487
1787664523.590369, NoOp Chain Depth 128 Size 0 Mode ref, Ref Stage 17, run, start, 9783589428428559
1787664523.590507, NoOp Chain Depth 128 Size 0 Mode ref, Ref Stage 17, run, end, 9783589428566175
1787664523.590519, NoOp Chain Depth 128 Size 0 Mode ref, Ref Stage 18, run, start, 9783589428578399
1787664523.590551, NoOp Chain Depth 128 Size 0 Mode ref, Ref Stage 18, run, end, 9783589428610319
1787664523.590566, NoOp Chain Depth 128 Size 0 Mode ref, Ref Stage 19, run, start, 9783589428625359
1787664523.590587, NoOp Chain Depth 128 Size 0 Mode ref, Ref Stage 19, run, end, 9783589428646431
1787664523.590602, NoOp Chain Depth 128 Size 0 Mode ref, Ref Stage 20, run, start, 9783589428661375
1787664523.590623, NoOp Chain Depth 128 Size 0 Mode ref, Ref Stage 20, run, end, 9783589428682479
1787664523.590638, NoOp Chain Depth 128 Size 0 Mode ref, Ref Stage 21, run, start, 9783589428697103
1787664523.590660, NoOp Chain Depth 128 Size 0 Mode ref, Ref Stage 21, run, end, 9783589428718751
1787664523.590674, NoOp Chain Depth 128 Size 0 Mode ref, Ref Stage 22, run, start, 9783589428733615
1787664523.590697, NoOp Chain Depth 128 Size 0 Mode ref, Ref Stage 22, run, end, 9783589428756303
1787664523.590712, NoOp Chain Depth 128 Size 0 Mode ref, Ref Stage 23, run, start, 9783589428771119
1787664523.590734, NoOp Chain Depth 128 Size 0 Mode ref, Ref Stage 23, run, end, 9783589428793327
1787664523.590749, NoOp Chain Depth 128 Size 0 Mode ref, Ref Stage 24, run, start, 9783589428808127
1787664523.590771, NoOp Chain Depth 128 Size 0 Mode ref, Ref Stage 24, run, end, 9783589428830207
1787664523.590786, NoOp Chain Depth 128 Size 0 Mode ref, Ref Stage 25, run, start, 9783589428844943
1787664523.590806, NoOp Chain Depth 128 Size 0 Mode ref, Ref Stage 25, run, end, 9783589428865631
1787664523.590821, NoOp Chain Depth 128 Size 0 Mode ref, Ref Stage 26, run, start, 9783589428880687
1787664523.590842, NoOp Chain Depth 128 Size 0 Mode ref, Ref Stage 26, run, end, 9783589428901359
1787664523.590857, NoOp Chain Depth 128 Size 0 Mode ref, Ref Stage 27, run, start, 9783589428915887
1787664523.591191, NoOp Chain Depth 128 Size 0 Mode ref, Ref Stage 27, run, end, 9783589429251295
1787664523.591310, NoOp Chain Depth 128 Size 0 Mode ref, Ref Stage 28, run, start, 9783589429369871
1787664523.591336, NoOp Chain Depth 128 Size 0 Mode ref, Ref Stage 28, run, end, 9783589429394671
1787664523.591347, NoOp Chain Depth 128 Size 0 Mode ref, Ref Stage 29, run, start, 9783589429406847
1787664523.591379, NoOp Chain Depth 128 Size 0 Mode ref, Ref Stage 29, run, end, 9783589429438351
1787664523.591394, NoOp Chain Depth 128 Size 0 Mode ref, Ref Stage 30, run, start, 9783589429452975
1787664523.591415, NoOp Chain Depth 128 Size 0 Mode ref, Ref Stage 30, run, end, 9783589429474175
1787664523.591430, NoOp Chain Depth 128 Size 0 Mode ref, Ref Stage 31, run, start, 9783589429489071
1787664523.591451, NoOp Chain Depth 128 Size 0 Mode ref, Ref Stage 31, run, end, 9783589429510255
1787664523.591466, NoOp Chain Depth 128 Size 0 Mode ref, Ref Stage 32, run, start, 9783589429525663
1787664523.591488, NoOp Chain Depth 128 Size 0 Mode ref, Ref Stage 32, run, end, 9783589429547103
1787664523.591503, NoOp Chain Depth 128 Size 0 Mode ref, Ref Stage 33, run, start, 9783589429562175
1787664523.591528, NoOp Chain Depth 128 Size 0 Mode ref, Ref Stage 33, run, end, 9783589429586911
1787664523.591539, NoOp Chain Depth 128 Size 0 Mode ref, Ref Stage 34, run, start, 9783589429598319
1787664523.591574, NoOp Chain Depth 128 Size 0 Mode ref, Ref Stage 34, run, end, 9783589429633711
1787664523.591591, NoOp Chain Depth 128 Size 0 Mode ref, Ref Stage 35, run, start, 9783589429650559
1787664523.591614, NoOp Chain Depth 128 Size 0 Mode ref, Ref Stage 35, run, end, 9783589429673279
1787664523.591626, NoOp Chain Depth 128 Size 0 Mode ref, Ref Stage 36, run, start, 9783589429685055
1787664523.591727, NoOp Chain Depth 128 Size 0 Mode ref, Ref Stage 36, run, end, 9783589429786223
1787664523.591743, NoOp Chain Depth 128 Size 0 Mode ref, Ref Stage 37, run, start, 9783589429802031
1787664523.591764, NoOp Chain Depth 128 Size 0 Mode ref, Ref Stage 37, run, end, 9783589429823790
1787664523.591779, NoOp Chain Depth 128 Size 0 Mode ref, Ref Stage 38, run, start, 9783589429838638
1787664523.591803, NoOp Chain Depth 128 Size 0 Mode ref, Ref Stage 38, run, end, 9783589429861918
1787664523.591818, NoOp Chain Depth 128 Size 0 Mode ref, Ref Stage 39, run, start, 9783589429876974
1787664523.591838, NoOp Chain Depth 128 Size 0 Mode ref, Ref Stage 39, run, end, 9783589429897710
1787664523.591853, NoOp Chain Depth 128 Size 0 Mode ref, Ref Stage 40, run, start, 9783589429912190
1787664523.591875, NoOp Chain Depth 128 Size 0 Mode ref, Ref Stage 40, run, end, 9783589429934270
1787664523.591889, NoOp Chain Depth 128 Size 0 Mode ref, Ref Stage 41, run, start, 9783589429948814
1787664523.591911, NoOp Chain Depth 128 Size 0 Mode ref, Ref Stage 41, run, end, 9783589429969710
1787664523.591926, NoOp Chain Depth 128 Size 0 Mode ref, Ref Stage 42, run, start, 9783589429984734
1787664523.591950, NoOp Chain Depth 128 Size 0 Mode ref, Ref Stage 42, run, end, 9783589430009726
1787664523.591966, NoOp Chain Depth 128 Size 0 Mode ref, Ref Stage 43, run, start, 9783589430025262
1787664523.591987, NoOp Chain Depth 128 Size 0 Mode ref, Ref Stage 43, run, end, 9783589430046478
1787664523.592003, NoOp Chain Depth 128 Size 0 Mode ref, Ref Stage 44, run, start, 9783589430061742
1787664523.592025, NoOp Chain Depth 128 Size 0 Mode ref, Ref Stage 44, run, end, 9783589430084622
1787664523.592451, NoOp Chain Depth 128 Size 0 Mode ref, Ref Stage 45, run, start, 9783589430511438
1787664523.592477, NoOp Chain Depth 128 Size 0 Mode ref, Ref Stage 45, run, end, 9783589430536542
1787664523.592594, NoOp Chain Depth 128 Size 0 Mode ref, Ref Stage 46, run, start, 9783589430653390
1787664523.592617, NoOp Chain Depth 128 Size 0 Mode ref, Ref Stage 46, run, end, 9783589430675630
1787664523.592631, NoOp Chain Depth 128 Size 0 Mode ref, Ref Stage 47, run, start, 9783589430690654
1787664523.592653, NoOp Chain Depth 128 Size 0 Mode ref, Ref Stage 47, run, end, 9783589430711966
1787664523.592667, NoOp Chain Depth 128 Size 0 Mode ref, Ref Stage 48, run, start, 9783589430726510
1787664523.592688, NoOp Chain Depth 128 Size 0 Mode ref, Ref Stage 48, run, end, 9783589430747358
1787664523.592703, NoOp Chain Depth 128 Size 0 Mode ref, Ref Stage 49, run, start, 9783589430762014
1787664523.592724, NoOp Chain Depth 128 Size 0 Mode ref, Ref Stage 49, run, end, 9783589430783390
1787664523.592739, NoOp Chain Depth 128 Size 0 Mode ref, Ref Stage 50, run, start, 9783589430798270
1787664523.592760, NoOp Chain Depth 128 Size 0 Mode ref, Ref Stage 50, run, end, 9783589430819278
1787664523.592774, NoOp Chain Depth 128 Size 0 Mode ref, Ref Stage 51, run, start, 9783589430833822
1787664523.592796, NoOp Chain Depth 128 Size 0 Mode ref, Ref Stage 51, run, end, 9783589430855070
1787664523.592811, NoOp Chain Depth 128 Size 0 Mode ref, Ref Stage 52, run, start, 9783589430869918
1787664523.592833, NoOp Chain Depth 128 Size 0 Mode ref, Ref Stage 52, run, end, 9783589430893998
1787664523.592847, NoOp Chain Depth 128 Size 0 Mode ref, Ref Stage 53, run, start, 9783589430906190
1787664523.592878, NoOp Chain Depth 128 Size 0 Mode ref, Ref Stage 53, run, end, 9783589430937486
1787664523.592893, NoOp Chain Depth 128 Size 0 Mode ref, Ref Stage 54, run, start, 9783589430951934
1787664523.592916, NoOp Chain Depth 128 Size 0 Mode ref, Ref Stage 54, run, end, 9783589430974638
1787664523.592927, NoOp Chain Depth 128 Size 0 Mode ref, Ref Stage 55, run, start, 9783589430986542
1787664523.592961, NoOp Chain Depth 128 Size 0 Mode ref, Ref Stage 55, run, end, 9783589431020270
1787664523.592978, NoOp Chain Depth 128 Size 0 Mode ref, Ref Stage 56, run, start, 9783589431037534
1787664523.593000, NoOp Chain Depth 128 Size 0 Mode ref, Ref Stage 56, run, end, 9783589431059630
1787664523.593015, NoOp Chain Depth 128 Size 0 Mode ref, Ref Stage 57, run, start, 9783589431074542
1787664523.593037, NoOp Chain Depth 128 Size 0 Mode ref, Ref Stage 57, run, end, 9783589431096430
1787664523.593052, NoOp Chain Depth 128 Size 0 Mode ref, Ref Stage 58, run, start, 9783589431111470
1787664523.593074, NoOp Chain Depth 128 Size 0 Mode ref, Ref Stage 58, run, end, 9783589431132958
1787664523.593089, NoOp Chain Depth 128 Size 0 Mode ref, Ref Stage 59, run, start, 9783589431147838
1787664523.593110, NoOp Chain Depth 128 Size 0 Mode ref, Ref Stage 59, run, end, 9783589431169294
1787664523.593125, NoOp Chain Depth 128 Size 0 Mode ref, Ref Stage 60, run, start, 9783589431184318
1787664523.593146, NoOp Chain Depth 128 Size 0 Mode ref, Ref Stage 60, run, end, 9783589431205518
1787664523.593163, NoOp Chain Depth 128 Size 0 Mode ref, Ref Stage 61, run, start, 9783589431221758
1787664523.593185, NoOp Chain Depth 128 Size 0 Mode ref, Ref Stage 61, run, end, 9783589431244510
1787664523.593201, NoOp Chain Depth 128 Size 0 Mode ref, Ref Stage 62, run, start, 9783589431260798
1787664523.593223, NoOp Chain Depth 128 Size 0 Mode ref, Ref Stage 62, run, end, 9783589431281886
1787664523.593238, NoOp Chain Depth 128 Size 0 Mode ref, Ref Stage 63, run, start, 9783589431297677
1787664523.593260, NoOp Chain Depth 128 Size 0 Mode ref, Ref Stage 63, run, end, 9783589431319021
1787664523.593274, NoOp Chain Depth 128 Size 0 Mode ref, Ref Stage 64, run, start, 9783589431333757
1787664523.593297, NoOp Chain Depth 128 Size 0 Mode ref, Ref Stage 64, run, end, 9783589431356141
1787664523.593312, NoOp Chain Depth 128 Size 0 Mode ref, Ref Stage 65, run, start, 9783589431371021
1787664523.593333, NoOp Chain Depth 128 Size 0 Mode ref, Ref Stage 65, run, end, 9783589431392237
1787664523.593348, NoOp Chain Depth 128 Size 0 Mode ref, Ref Stage 66, run, start, 9783589431407037
1787664523.593372, NoOp Chain Depth 128 Size 0 Mode ref, Ref Stage 66, run, end, 9783589431432221
1787664523.593388, NoOp Chain Depth 128 Size 0 Mode ref, Ref Stage 67, run, start, 9783589431446893
1787664523.593408, NoOp Chain Depth 128 Size 0 Mode ref, Ref Stage 67, run, end, 9783589431467549
1787664523.593423, NoOp Chain Depth 128 Size 0 Mode ref, Ref Stage 68, run, start, 9783589431482205
1787664523.593444, NoOp Chain Depth 128 Size 0 Mode ref, Ref Stage 68, run, end, 9783589431502701
1787664523.593458, NoOp Chain Depth 128 Size 0 Mode ref, Ref Stage 69, run, start, 9783589431517309
1787664523.593478, NoOp Chain Depth 128 Size 0 Mode ref, Ref Stage 69, run, end, 9783589431537805
1787664523.593905, NoOp Chain Depth 128 Size 0 Mode ref, Ref Stage 70, run, start, 9783589431964797
1787664523.593930, NoOp Chain Depth 128 Size 0 Mode ref, Ref Stage 70, run, end, 9783589431989549
1787664523.593947, NoOp Chain Depth 128 Size 0 Mode ref, Ref Stage 71, run, start, 9783589432006765
1787664523.593970, NoOp Chain Depth 128 Size 0 Mode ref, Ref Stage 71, run, end, 9783589432029181
1787664523.593985, NoOp Chain Depth 128 Size 0 Mode ref, Ref Stage 72, run, start, 9783589432043965
1787664523.594006, NoOp Chain Depth 128 Size 0 Mode ref, Ref Stage 72, run, end, 9783589432064989
1787664523.594020, NoOp Chain Depth 128 Size 0 Mode ref, Ref Stage 73, run, start, 9783589432079741
1787664523.594041, NoOp Chain Depth 128 Size 0 Mode ref, Ref Stage 73, run, end, 9783589432100509
1787664523.594056, NoOp Chain Depth 128 Size 0 Mode ref, Ref Stage 74, run, start, 9783589432114941
1787664523.594077, NoOp Chain Depth 128 Size 0 Mode ref, Ref Stage 74, run, end, 9783589432136029
1787664523.594091, NoOp Chain Depth 128 Size 0 Mode ref, Ref Stage 75, run, start, 9783589432150653
1787664523.594114, NoOp Chain Depth 128 Size 0 Mode ref, Ref Stage 75, run, end, 9783589432173213
1787664523.594129, NoOp Chain Depth 128 Size 0 Mode ref, Ref Stage 76, run, start, 9783589432188045
1787664523.594155, NoOp Chain Depth 128 Size 0 Mode ref, Ref Stage 76, run, end, 9783589432214141
1787664523.596432, NoOp Chain Depth 128 Size 0 Mode ref, Ref Stage 77, run, start, 9783589434492523
1787664523.596458, NoOp Chain Depth 128 Size 0 Mode ref, Ref Stage 77, run, end, 9783589434517915
1787664523.596474, NoOp Chain Depth 128 Size 0 Mode ref, Ref Stage 78, run, start, 9783589434533739
1787664523.596496, NoOp Chain Depth 128 Size 0 Mode ref, Ref Stage 78, run, end, 9783589434555339
1787664523.596511, NoOp Chain Depth 128 Size 0 Mode ref, Ref Stage 79, run, start, 9783589434569963
1787664523.596532, NoOp Chain Depth 128 Size 0 Mode ref, Ref Stage 79, run, end, 9783589434591227
1787664523.596547, NoOp Chain Depth 128 Size 0 Mode ref, Ref Stage 80, run, start, 9783589434606123
1787664523.596568, NoOp Chain Depth 128 Size 0 Mode ref, Ref Stage 80, run, end, 9783589434627067
1787664523.596582, NoOp Chain Depth 128 Size 0 Mode ref, Ref Stage 81, run, start, 9783589434641531
1787664523.596603, NoOp Chain Depth 128 Size 0 Mode ref, Ref Stage 81, run, end, 9783589434662603
1787664523.596618, NoOp Chain Depth 128 Size 0 Mode ref, Ref Stage 82, run, start, 9783589434677483
1787664523.596639, NoOp Chain Depth 128 Size 0 Mode ref, Ref Stage 82, run, end, 9783589434698091
1787664523.596653, NoOp Chain Depth 128 Size 0 Mode ref, Ref Stage 83, run, start, 9783589434712379
1787664523.596674, NoOp Chain Depth 128 Size 0 Mode ref, Ref Stage 83, run, end, 9783589434732987
1787664523.596688, NoOp Chain Depth 128 Size 0 Mode ref, Ref Stage 84, run, start, 9783589434747403
1787664523.596709, NoOp Chain Depth 128 Size 0 Mode ref, Ref Stage 84, run, end, 9783589434768123
1787664523.596724, NoOp Chain Depth 128 Size 0 Mode ref, Ref Stage 85, run, start, 9783589434783003
1787664523.596745, NoOp Chain Depth 128 Size 0 Mode ref, Ref Stage 85, run, end, 9783589434804107
1787664523.596760, NoOp Chain Depth 128 Size 0 Mode ref, Ref Stage 86, run, start, 9783589434818715
1787664523.596780, NoOp Chain Depth 128 Size 0 Mode ref, Ref Stage 86, run, end, 9783589434839387
1787664523.596794, NoOp Chain Depth 128 Size 0 Mode ref, Ref Stage 87, run, start, 9783589434853659
1787664523.596815, NoOp Chain Depth 128 Size 0 Mode ref, Ref Stage 87, run, end, 9783589434874075
1787664523.596829, NoOp Chain Depth 128 Size 0 Mode ref, Ref Stage 88, run, start, 9783589434888795
1787664523.596850, NoOp Chain Depth 128 Size 0 Mode ref, Ref Stage 88, run, end, 9783589434909595
1787664523.596865, NoOp Chain Depth 128 Size 0 Mode ref, Ref Stage 89, run, start, 9783589434924571
1787664523.596887, NoOp Chain Depth 128 Size 0 Mode ref, Ref Stage 89, run, end, 9783589434945883
1787664523.596901, NoOp Chain Depth 128 Size 0 Mode ref, Ref Stage 90, run, start, 9783589434960235
1787664523.596924, NoOp Chain Depth 128 Size 0 Mode ref, Ref Stage 90, run, end, 9783589434982779
1787664523.597147, NoOp Chain Depth 128 Size 0 Mode ref, Ref Stage 91, run, start, 9783589435206811
1787664523.597271, NoOp Chain Depth 128 Size 0 Mode ref, Ref Stage 91, run, end, 9783589435330315
1787664523.597286, NoOp Chain Depth 128 Size 0 Mode ref, Ref Stage 92, run, start, 9783589435345563
1787664523.597308, NoOp Chain Depth 128 Size 0 Mode ref, Ref Stage 92, run, end, 9783589435367259
1787664523.597323, NoOp Chain Depth 128 Size 0 Mode ref, Ref Stage 93, run, start, 9783589435382043
1787664523.597346, NoOp Chain Depth 128 Size 0 Mode ref, Ref Stage 93, run, end, 9783589435404907
1787664523.597358, NoOp Chain Depth 128 Size 0 Mode ref, Ref Stage 94, run, start, 9783589435417115
1787664523.597389, NoOp Chain Depth 128 Size 0 Mode ref, Ref Stage 94, run, end, 9783589435448555
1787664523.597404, NoOp Chain Depth 128 Size 0 Mode ref, Ref Stage 95, run, start, 9783589435463595
1787664523.597425, NoOp Chain Depth 128 Size 0 Mode ref, Ref Stage 95, run, end, 9783589435484523
1787664523.597440, NoOp Chain Depth 128 Size 0 Mode ref, Ref Stage 96, run, start, 9783589435498875
1787664523.597461, NoOp Chain Depth 128 Size 0 Mode ref, Ref Stage 96, run, end, 9783589435519595
1787664523.597477, NoOp Chain Depth 128 Size 0 Mode ref, Ref Stage 97, run, start, 9783589435536347
1787664523.597498, NoOp Chain Depth 128 Size 0 Mode ref, Ref Stage 97, run, end, 9783589435557227
1787664523.597512, NoOp Chain Depth 128 Size 0 Mode ref, Ref Stage 98, run, start, 9783589435571675
1787664523.597534, NoOp Chain Depth 128 Size 0 Mode ref, Ref Stage 98, run, end, 9783589435593003
1787664523.597548, NoOp Chain Depth 128 Size 0 Mode ref, Ref Stage 99, run, start, 9783589435607707
1787664523.597569, NoOp Chain Depth 128 Size 0 Mode ref, Ref Stage 99, run, end, 9783589435628475
1787664523.597584, NoOp Chain Depth 128 Size 0 Mode ref, Ref Stage 100, run, start, 9783589435643195
1787664523.597605, NoOp Chain Depth 128 Size 0 Mode ref, Ref Stage 100, run, end, 9783589435664267
1787664523.597620, NoOp Chain Depth 128 Size 0 Mode ref, Ref Stage 101, run, start, 9783589435679019
1787664523.597641, NoOp Chain Depth 128 Size 0 Mode ref, Ref Stage 101, run, end, 9783589435699755
1787664523.597656, NoOp Chain Depth 128 Size 0 Mode ref, Ref Stage 102, run, start, 9783589435715099
1787664523.597677, NoOp Chain Depth 128 Size 0 Mode ref, Ref Stage 102, run, end, 9783589435735819
1787664523.597691, NoOp Chain Depth 128 Size 0 Mode ref, Ref Stage 103, run, start, 9783589435750251
1787664523.597713, NoOp Chain Depth 128 Size 0 Mode ref, Ref Stage 103, run, end, 9783589435772250
1787664523.597724, NoOp Chain Depth 128 Size 0 Mode ref, Ref Stage 104, run, start, 9783589435783802
1787664523.597755, NoOp Chain Depth 128 Size 0 Mode ref, Ref Stage 104, run, end, 9783589435814586
1787664523.597770, NoOp Chain Depth 128 Size 0 Mode ref, Ref Stage 105, run, start, 9783589435829450
1787664523.597792, NoOp Chain Depth 128 Size 0 Mode ref, Ref Stage 105, run, end, 9783589435850842
1787664523.597806, NoOp Chain Depth 128 Size 0 Mode ref, Ref Stage 106, run, start, 9783589435865530
1787664523.597827, NoOp Chain Depth 128 Size 0 Mode ref, Ref Stage 106, run, end, 9783589435886650
1787664523.597842, NoOp Chain Depth 128 Size 0 Mode ref, Ref Stage 107, run, start, 9783589435901466
1787664523.597863, NoOp Chain Depth 128 Size 0 Mode ref, Ref Stage 107, run, end, 9783589435922298
1787664523.597878, NoOp Chain Depth 128 Size 0 Mode ref, Ref Stage 108, run, start, 9783589435937770
1787664523.597899, NoOp Chain Depth 128 Size 0 Mode ref, Ref Stage 108, run, end, 9783589435958618
1787664523.597914, NoOp Chain Depth 128 Size 0 Mode ref, Ref Stage 109, run, start, 9783589435973434
1787664523.597937, NoOp Chain Depth 128 Size 0 Mode ref, Ref Stage 109, run, end, 9783589435996186
1787664523.597951, NoOp Chain Depth 128 Size 0 Mode ref, Ref Stage 110, run, start, 9783589436010666
1787664523.597984, NoOp Chain Depth 128 Size 0 Mode ref, Ref Stage 110, run, end, 9783589436043034
1787664523.598001, NoOp Chain Depth 128 Size 0 Mode ref, Ref Stage 111, run, start, 9783589436059866
1787664523.598022, NoOp Chain Depth 128 Size 0 Mode ref, Ref Stage 111, run, end, 9783589436081770
1787664523.598037, NoOp Chain Depth 128 Size 0 Mode ref, Ref Stage 112, run, start, 9783589436096458
1787664523.598058, NoOp Chain Depth 128 Size 0 Mode ref, Ref Stage 112, run, end, 9783589436117162
1787664523.598072, NoOp Chain Depth 128 Size 0 Mode ref, Ref Stage 113, run, start, 9783589436131610
1787664523.598093, NoOp Chain Depth 128 Size 0 Mode ref, Ref Stage 113, run, end, 9783589436152010
1787664523.598107, NoOp Chain Depth 128 Size 0 Mode ref, Ref Stage 114, run, start, 9783589436166602
1787664523.598128, NoOp Chain Depth 128 Size 0 Mode ref, Ref Stage 114, run, end, 9783589436187402
1787664523.598142, NoOp Chain Depth 128 Size 0 Mode ref, Ref Stage 115, run, start, 9783589436201818
1787664523.598163, NoOp Chain Depth 128 Size 0 Mode ref, Ref Stage 115, run, end, 9783589436222330
1787664523.598179, NoOp Chain Depth 128 Size 0 Mode ref, Ref Stage 116, run, start, 9783589436238058
1787664523.598200, NoOp Chain Depth 128 Size 0 Mode ref, Ref Stage 116, run, end, 9783589436258778
1787664523.598214, NoOp Chain Depth 128 Size 0 Mode ref, Ref Stage 117, run, start, 9783589436273114
1787664523.598239, NoOp Chain Depth 128 Size 0 Mode ref, Ref Stage 117, run, end, 9783589436297978
1787664523.598253, NoOp Chain Depth 128 Size 0 Mode ref, Ref Stage 118, run, start, 9783589436312650
1787664523.598274, NoOp Chain Depth 128 Size 0 Mode ref, Ref Stage 118, run, end, 9783589436333434
1787664523.598294, NoOp Chain Depth 128 Size 0 Mode ref, Ref Stage 119, run, start, 9783589436352794
1787664523.598317, NoOp Chain Depth 128 Size 0 Mode ref, Ref Stage 119, run, end, 9783589436376426
1787664523.598726, NoOp Chain Depth 128 Size 0 Mode ref, Ref Stage 120, run, start, 9783589436786346
1787664523.598852, NoOp Chain Depth 128 Size 0 Mode ref, Ref Stage 120, run, end, 9783589436911546
1787664523.598868, NoOp Chain Depth 128 Size 0 Mode ref, Ref Stage 121, run, start, 9783589436927050
1787664523.598890, NoOp Chain Depth 128 Size 0 Mode ref, Ref Stage 121, run, end, 9783589436949050
1787664523.598905, NoOp Chain Depth 128 Size 0 Mode ref, Ref Stage 122, run, start, 9783589436963914
1787664523.598926, NoOp Chain Depth 128 Size 0 Mode ref, Ref Stage 122, run, end, 9783589436984906
1787664523.598940, NoOp Chain Depth 128 Size 0 Mode ref, Ref Stage 123, run, start, 9783589436999594
1787664523.598964, NoOp Chain Depth 128 Size 0 Mode ref, Ref Stage 123, run, end, 9783589437022938
1787664523.598978, NoOp Chain Depth 128 Size 0 Mode ref, Ref Stage 124, run, start, 9783589437037530
1787664523.599000, NoOp Chain Depth 128 Size 0 Mode ref, Ref Stage 124, run, end, 9783589437058746
1787664523.599014, NoOp Chain Depth 128 Size 0 Mode ref, Ref Stage 125, run, start, 9783589437073546
1787664523.599036, NoOp Chain Depth 128 Size 0 Mode ref, Ref Stage 125, run, end, 9783589437094442
1787664523.599050, NoOp Chain Depth 128 Size 0 Mode ref, Ref Stage 126, run, start, 9783589437109322
1787664523.599071, NoOp Chain Depth 128 Size 0 Mode ref, Ref Stage 126, run, end, 9783589437130074
1787664523.599086, NoOp Chain Depth 128 Size 0 Mode ref, Ref Stage 127, run, start, 9783589437145066
1787664523.599109, NoOp Chain Depth 128 Size 0 Mode ref, Ref Stage 127, run, end, 9783589437168234
1787664523.599124, NoOp Chain Depth 128 Size 0 Mode ref, pipeline - train, run, end, 213353798992510371402251679826011078122, 1787664523.589286, 9, 1, 9783589437183722
1787664523.599162, NoOp Chain Depth 128 Size 0 Mode ref, pipeline - train, run, start, 265411821540834411680888757610962689580, 1787664523.599151, 10, 1, 9783589437221770
1787664523.599185, NoOp Chain Depth 128 Size 0 Mode ref, Ref Stage 0, run, start, 9783589437244746
1787664523.599209, NoOp Chain Depth 128 Size 0 Mode ref, Ref Stage 0, run, end, 9783589437268074
1787664523.599224, NoOp Chain Depth 128 Size 0 Mode ref, Ref Stage 1, run, start, 9783589437282730
1787664523.599245, NoOp Chain Depth 128 Size 0 Mode ref, Ref Stage 1, run, end, 9783589437303994
1787664523.599260, NoOp Chain Depth 128 Size 0 Mode ref, Ref Stage 2, run, start, 9783589437318810
1787664523.599282, NoOp Chain Depth 128 Size 0 Mode ref, Ref Stage 2, run, end, 9783589437341513
1787664523.599603, NoOp Chain Depth 128 Size 0 Mode ref, Ref Stage 3, run, start, 9783589437663433
1787664523.599730, NoOp Chain Depth 128 Size 0 Mode ref, Ref Stage 3, run, end, 9783589437789321
1787664523.599745, NoOp Chain Depth 128 Size 0 Mode ref, Ref Stage 4, run, start, 9783589437804713
1787664523.599767, NoOp Chain Depth 128 Size 0 Mode ref, Ref Stage 4, run, end, 9783589437825977
1787664523.599782, NoOp Chain Depth 128 Size 0 Mode ref, Ref Stage 5, run, start, 9783589437840937
1787664523.599803, NoOp Chain Depth 128 Size 0 Mode ref, Ref Stage 5, run, end, 9783589437861993
1787664523.599818, NoOp Chain Depth 128 Size 0 Mode ref, Ref Stage 6, run, start, 9783589437876777
1787664523.599838, NoOp Chain Depth 128 Size 0 Mode ref, Ref Stage 6, run, end, 9783589437897449
1787664523.599853, NoOp Chain Depth 128 Size 0 Mode ref, Ref Stage 7, run, start, 9783589437912201
1787664523.599876, NoOp Chain Depth 128 Size 0 Mode ref, Ref Stage 7, run, end, 9783589437934985
1787664523.599888, NoOp Chain Depth 128 Size 0 Mode ref, Ref Stage 8, run, start, 9783589437947225
1787664523.599924, NoOp Chain Depth 128 Size 0 Mode ref, Ref Stage 8, run, end, 9783589437983081
1787664523.599939, NoOp Chain Depth 128 Size 0 Mode ref, Ref Stage 9, run, start, 9783589437997865
1787664523.599962, NoOp Chain Depth 128 Size 0 Mode ref, Ref Stage 9, run, end, 9783589438021273
1787664523.599978, NoOp Chain Depth 128 Size 0 Mode ref, Ref Stage 10, run, start, 9783589438037017
1787664523.600000, NoOp Chain Depth 128 Size 0 Mode ref, Ref Stage 10, run, end, 9783589438059321
1787664523.600014, NoOp Chain Depth 128 Size 0 Mode ref, Ref Stage 11, run, start, 9783589438073689
1787664523.600048, NoOp Chain Depth 128 Size 0 Mode ref, Ref Stage 11, run, end, 9783589438107129
1787664523.600063, NoOp Chain Depth 128 Size 0 Mode ref, Ref Stage 12, run, start, 9783589438122025
1787664523.600084, NoOp Chain Depth 128 Size 0 Mode ref, Ref Stage 12, run, end, 9783589438143113
1787664523.600098, NoOp Chain Depth 128 Size 0 Mode ref, Ref Stage 13, run, start, 9783589438157609
1787664523.600120, NoOp Chain Depth 128 Size 0 Mode ref, Ref Stage 13, run, end, 9783589438179513
1787664523.600136, NoOp Chain Depth 128 Size 0 Mode ref, Ref Stage 14, run, start, 9783589438194921
1787664523.600156, NoOp Chain Depth 128 Size 0 Mode ref, Ref Stage 14, run, end, 9783589438215273
1787664523.600171, NoOp Chain Depth 128 Size 0 Mode ref, Ref Stage 15, run, start, 9783589438230057
1787664523.600717, NoOp Chain Depth 128 Size 0 Mode ref, Ref Stage 15, run, end, 9783589438776761
1787664523.600838, NoOp Chain Depth 128 Size 0 Mode ref, Ref Stage 16, run, start, 9783589438898136
1787664523.600863, NoOp Chain Depth 128 Size 0 Mode ref, Ref Stage 16, run, end, 9783589438922232
1787664523.600878, NoOp Chain Depth 128 Size 0 Mode ref, Ref Stage 17, run, start, 9783589438937544
1787664523.600900, NoOp Chain Depth 128 Size 0 Mode ref, Ref Stage 17, run, end, 9783589438959208
1787664523.600915, NoOp Chain Depth 128 Size 0 Mode ref, Ref Stage 18, run, start, 9783589438974184
1787664523.600938, NoOp Chain Depth 128 Size 0 Mode ref, Ref Stage 18, run, end, 9783589438997080
1787664523.600957, NoOp Chain Depth 128 Size 0 Mode ref, Ref Stage 19, run, start, 9783589439016216
1787664523.600990, NoOp Chain Depth 128 Size 0 Mode ref, Ref Stage 19, run, end, 9783589439048856
1787664523.601004, NoOp Chain Depth 128 Size 0 Mode ref, Ref Stage 20, run, start, 9783589439063528
1787664523.601026, NoOp Chain Depth 128 Size 0 Mode ref, Ref Stage 20, run, end, 9783589439084632
1787664523.601040, NoOp Chain Depth 128 Size 0 Mode ref, Ref Stage 21, run, start, 9783589439099384
1787664523.601061, NoOp Chain Depth 128 Size 0 Mode ref, Ref Stage 21, run, end, 9783589439120568
1787664523.601077, NoOp Chain Depth 128 Size 0 Mode ref, Ref Stage 22, run, start, 9783589439136152
1787664523.601099, NoOp Chain Depth 128 Size 0 Mode ref, Ref Stage 22, run, end, 9783589439158776
1787664523.601111, NoOp Chain Depth 128 Size 0 Mode ref, Ref Stage 23, run, start, 9783589439170616
1787664523.601144, NoOp Chain Depth 128 Size 0 Mode ref, Ref Stage 23, run, end, 9783589439203016
1787664523.601159, NoOp Chain Depth 128 Size 0 Mode ref, Ref Stage 24, run, start, 9783589439217848
1787664523.601181, NoOp Chain Depth 128 Size 0 Mode ref, Ref Stage 24, run, end, 9783589439240392
1787664523.601196, NoOp Chain Depth 128 Size 0 Mode ref, Ref Stage 25, run, start, 9783589439254616
1787664523.601216, NoOp Chain Depth 128 Size 0 Mode ref, Ref Stage 25, run, end, 9783589439275144
1787664523.601231, NoOp Chain Depth 128 Size 0 Mode ref, Ref Stage 26, run, start, 9783589439290328
1787664523.601252, NoOp Chain Depth 128 Size 0 Mode ref, Ref Stage 26, run, end, 9783589439311240
1787664523.601266, NoOp Chain Depth 128 Size 0 Mode ref, Ref Stage 27, run, start, 9783589439325848
1787664523.601289, NoOp Chain Depth 128 Size 0 Mode ref, Ref Stage 27, run, end, 9783589439347816
1787664523.601305, NoOp Chain Depth 128 Size 0 Mode ref, Ref Stage 28, run, start, 9783589439363720
1787664523.601327, NoOp Chain Depth 128 Size 0 Mode ref, Ref Stage 28, run, end, 9783589439385880
1787664523.601338, NoOp Chain Depth 128 Size 0 Mode ref, Ref Stage 29, run, start, 9783589439397448
1787664523.601373, NoOp Chain Depth 128 Size 0 Mode ref, Ref Stage 29, run, end, 9783589439432728
1787664523.601388, NoOp Chain Depth 128 Size 0 Mode ref, Ref Stage 30, run, start, 9783589439447608
1787664523.601411, NoOp Chain Depth 128 Size 0 Mode ref, Ref Stage 30, run, end, 9783589439470024
1787664523.601425, NoOp Chain Depth 128 Size 0 Mode ref, Ref Stage 31, run, start, 9783589439484600
1787664523.601446, NoOp Chain Depth 128 Size 0 Mode ref, Ref Stage 31, run, end, 9783589439505432
1787664523.601461, NoOp Chain Depth 128 Size 0 Mode ref, Ref Stage 32, run, start, 9783589439519992
1787664523.601481, NoOp Chain Depth 128 Size 0 Mode ref, Ref Stage 32, run, end, 9783589439540776
1787664523.601497, NoOp Chain Depth 128 Size 0 Mode ref, Ref Stage 33, run, start, 9783589439556520
1787664523.601518, NoOp Chain Depth 128 Size 0 Mode ref, Ref Stage 33, run, end, 9783589439577608
1787664523.601533, NoOp Chain Depth 128 Size 0 Mode ref, Ref Stage 34, run, start, 9783589439592520
1787664523.601555, NoOp Chain Depth 128 Size 0 Mode ref, Ref Stage 34, run, end, 9783589439614504
1787664523.601570, NoOp Chain Depth 128 Size 0 Mode ref, Ref Stage 35, run, start, 9783589439629336
1787664523.601894, NoOp Chain Depth 128 Size 0 Mode ref, Ref Stage 35, run, end, 9783589439954024
1787664523.602015, NoOp Chain Depth 128 Size 0 Mode ref, Ref Stage 36, run, start, 9783589440074376
1787664523.602041, NoOp Chain Depth 128 Size 0 Mode ref, Ref Stage 36, run, end, 9783589440099848
1787664523.602053, NoOp Chain Depth 128 Size 0 Mode ref, Ref Stage 37, run, start, 9783589440111880
1787664523.602084, NoOp Chain Depth 128 Size 0 Mode ref, Ref Stage 37, run, end, 9783589440143416
1787664523.602099, NoOp Chain Depth 128 Size 0 Mode ref, Ref Stage 38, run, start, 9783589440158504
1787664523.602120, NoOp Chain Depth 128 Size 0 Mode ref, Ref Stage 38, run, end, 9783589440179480
1787664523.602135, NoOp Chain Depth 128 Size 0 Mode ref, Ref Stage 39, run, start, 9783589440194232
1787664523.602156, NoOp Chain Depth 128 Size 0 Mode ref, Ref Stage 39, run, end, 9783589440215208
1787664523.602171, NoOp Chain Depth 128 Size 0 Mode ref, Ref Stage 40, run, start, 9783589440230040
1787664523.602192, NoOp Chain Depth 128 Size 0 Mode ref, Ref Stage 40, run, end, 9783589440251288
1787664523.602207, NoOp Chain Depth 128 Size 0 Mode ref, Ref Stage 41, run, start, 9783589440266312
1787664523.602228, NoOp Chain Depth 128 Size 0 Mode ref, Ref Stage 41, run, end, 9783589440287448
1787664523.602243, NoOp Chain Depth 128 Size 0 Mode ref, Ref Stage 42, run, start, 9783589440302264
1787664523.602264, NoOp Chain Depth 128 Size 0 Mode ref, Ref Stage 42, run, end, 9783589440323000
1787664523.602279, NoOp Chain Depth 128 Size 0 Mode ref, Ref Stage 43, run, start, 9783589440338664
1787664523.602304, NoOp Chain Depth 128 Size 0 Mode ref, Ref Stage 43, run, end, 9783589440362983
1787664523.602318, NoOp Chain Depth 128 Size 0 Mode ref, Ref Stage 44, run, start, 9783589440377159
1787664523.602458, NoOp Chain Depth 128 Size 0 Mode ref, Ref Stage 44, run, end, 9783589440517703
1787664523.602476, NoOp Chain Depth 128 Size 0 Mode ref, Ref Stage 45, run, start, 9783589440535847
1787664523.602501, NoOp Chain Depth 128 Size 0 Mode ref, Ref Stage 45, run, end, 9783589440560231
1787664523.602513, NoOp Chain Depth 128 Size 0 Mode ref, Ref Stage 46, run, start, 9783589440572231
1787664523.602545, NoOp Chain Depth 128 Size 0 Mode ref, Ref Stage 46, run, end, 9783589440603847
1787664523.602559, NoOp Chain Depth 128 Size 0 Mode ref, Ref Stage 47, run, start, 9783589440618311
1787664523.602580, NoOp Chain Depth 128 Size 0 Mode ref, Ref Stage 47, run, end, 9783589440639351
1787664523.602595, NoOp Chain Depth 128 Size 0 Mode ref, Ref Stage 48, run, start, 9783589440653799
1787664523.602617, NoOp Chain Depth 128 Size 0 Mode ref, Ref Stage 48, run, end, 9783589440676295
1787664523.602631, NoOp Chain Depth 128 Size 0 Mode ref, Ref Stage 49, run, start, 9783589440690695
1787664523.602654, NoOp Chain Depth 128 Size 0 Mode ref, Ref Stage 49, run, end, 9783589440712711
1787664523.602672, NoOp Chain Depth 128 Size 0 Mode ref, Ref Stage 50, run, start, 9783589440730887
1787664523.602694, NoOp Chain Depth 128 Size 0 Mode ref, Ref Stage 50, run, end, 9783589440753335
1787664523.603105, NoOp Chain Depth 128 Size 0 Mode ref, Ref Stage 51, run, start, 9783589441164759
1787664523.603129, NoOp Chain Depth 128 Size 0 Mode ref, Ref Stage 51, run, end, 9783589441188535
1787664523.603246, NoOp Chain Depth 128 Size 0 Mode ref, Ref Stage 52, run, start, 9783589441305607
1787664523.603268, NoOp Chain Depth 128 Size 0 Mode ref, Ref Stage 52, run, end, 9783589441327575
1787664523.603283, NoOp Chain Depth 128 Size 0 Mode ref, Ref Stage 53, run, start, 9783589441342295
1787664523.603304, NoOp Chain Depth 128 Size 0 Mode ref, Ref Stage 53, run, end, 9783589441363463
1787664523.603319, NoOp Chain Depth 128 Size 0 Mode ref, Ref Stage 54, run, start, 9783589441378455
1787664523.603342, NoOp Chain Depth 128 Size 0 Mode ref, Ref Stage 54, run, end, 9783589441401095
1787664523.603354, NoOp Chain Depth 128 Size 0 Mode ref, Ref Stage 55, run, start, 9783589441412871
1787664523.603387, NoOp Chain Depth 128 Size 0 Mode ref, Ref Stage 55, run, end, 9783589441446199
1787664523.603399, NoOp Chain Depth 128 Size 0 Mode ref, Ref Stage 56, run, start, 9783589441458055
1787664523.603431, NoOp Chain Depth 128 Size 0 Mode ref, Ref Stage 56, run, end, 9783589441490327
1787664523.603446, NoOp Chain Depth 128 Size 0 Mode ref, Ref Stage 57, run, start, 9783589441505687
1787664523.603468, NoOp Chain Depth 128 Size 0 Mode ref, Ref Stage 57, run, end, 9783589441527303
1787664523.603483, NoOp Chain Depth 128 Size 0 Mode ref, Ref Stage 58, run, start, 9783589441541975
1787664523.603506, NoOp Chain Depth 128 Size 0 Mode ref, Ref Stage 58, run, end, 9783589441565463
1787664523.603521, NoOp Chain Depth 128 Size 0 Mode ref, Ref Stage 59, run, start, 9783589441580679
1787664523.603543, NoOp Chain Depth 128 Size 0 Mode ref, Ref Stage 59, run, end, 9783589441601831
1787664523.603557, NoOp Chain Depth 128 Size 0 Mode ref, Ref Stage 60, run, start, 9783589441616855
1787664523.603581, NoOp Chain Depth 128 Size 0 Mode ref, Ref Stage 60, run, end, 9783589441639863
1787664523.603598, NoOp Chain Depth 128 Size 0 Mode ref, Ref Stage 61, run, start, 9783589441656855
1787664523.603619, NoOp Chain Depth 128 Size 0 Mode ref, Ref Stage 61, run, end, 9783589441678327
1787664523.603634, NoOp Chain Depth 128 Size 0 Mode ref, Ref Stage 62, run, start, 9783589441693079
1787664523.603655, NoOp Chain Depth 128 Size 0 Mode ref, Ref Stage 62, run, end, 9783589441714087
1787664523.603671, NoOp Chain Depth 128 Size 0 Mode ref, Ref Stage 63, run, start, 9783589441730567
1787664523.603692, NoOp Chain Depth 128 Size 0 Mode ref, Ref Stage 63, run, end, 9783589441751367
1787664523.603707, NoOp Chain Depth 128 Size 0 Mode ref, Ref Stage 64, run, start, 9783589441765831
1787664523.603728, NoOp Chain Depth 128 Size 0 Mode ref, Ref Stage 64, run, end, 9783589441786775
1787664523.603744, NoOp Chain Depth 128 Size 0 Mode ref, Ref Stage 65, run, start, 9783589441802727
1787664523.603765, NoOp Chain Depth 128 Size 0 Mode ref, Ref Stage 65, run, end, 9783589441824471
1787664523.603780, NoOp Chain Depth 128 Size 0 Mode ref, Ref Stage 66, run, start, 9783589441838983
1787664523.603802, NoOp Chain Depth 128 Size 0 Mode ref, Ref Stage 66, run, end, 9783589441861255
1787664523.603817, NoOp Chain Depth 128 Size 0 Mode ref, Ref Stage 67, run, start, 9783589441876166
1787664523.603838, NoOp Chain Depth 128 Size 0 Mode ref, Ref Stage 67, run, end, 9783589441896886
1787664523.603852, NoOp Chain Depth 128 Size 0 Mode ref, Ref Stage 68, run, start, 9783589441911494
1787664523.603874, NoOp Chain Depth 128 Size 0 Mode ref, Ref Stage 68, run, end, 9783589441933574
1787664523.603889, NoOp Chain Depth 128 Size 0 Mode ref, Ref Stage 69, run, start, 9783589441948262
1787664523.604953, NoOp Chain Depth 128 Size 0 Mode ref, Ref Stage 69, run, end, 9783589443013014
1787664523.605261, NoOp Chain Depth 128 Size 0 Mode ref, Ref Stage 70, run, start, 9783589443320550
1787664523.605287, NoOp Chain Depth 128 Size 0 Mode ref, Ref Stage 70, run, end, 9783589443346566
1787664523.605303, NoOp Chain Depth 128 Size 0 Mode ref, Ref Stage 71, run, start, 9783589443361958
1787664523.605324, NoOp Chain Depth 128 Size 0 Mode ref, Ref Stage 71, run, end, 9783589443383526
1787664523.605339, NoOp Chain Depth 128 Size 0 Mode ref, Ref Stage 72, run, start, 9783589443397990
1787664523.605360, NoOp Chain Depth 128 Size 0 Mode ref, Ref Stage 72, run, end, 9783589443419094
1787664523.605375, NoOp Chain Depth 128 Size 0 Mode ref, Ref Stage 73, run, start, 9783589443433829
1787664523.605396, NoOp Chain Depth 128 Size 0 Mode ref, Ref Stage 73, run, end, 9783589443454645
1787664523.605410, NoOp Chain Depth 128 Size 0 Mode ref, Ref Stage 74, run, start, 9783589443469493
1787664523.605431, NoOp Chain Depth 128 Size 0 Mode ref, Ref Stage 74, run, end, 9783589443490085
1787664523.605446, NoOp Chain Depth 128 Size 0 Mode ref, Ref Stage 75, run, start, 9783589443504917
1787664523.605468, NoOp Chain Depth 128 Size 0 Mode ref, Ref Stage 75, run, end, 9783589443527061
1787664523.605479, NoOp Chain Depth 128 Size 0 Mode ref, Ref Stage 76, run, start, 9783589443538757
1787664523.605511, NoOp Chain Depth 128 Size 0 Mode ref, Ref Stage 76, run, end, 9783589443569797
1787664523.605525, NoOp Chain Depth 128 Size 0 Mode ref, Ref Stage 77, run, start, 9783589443584533
1787664523.605546, NoOp Chain Depth 128 Size 0 Mode ref, Ref Stage 77, run, end, 9783589443605333
1787664523.605561, NoOp Chain Depth 128 Size 0 Mode ref, Ref Stage 78, run, start, 9783589443619893
1787664523.605582, NoOp Chain Depth 128 Size 0 Mode ref, Ref Stage 78, run, end, 9783589443640917
1787664523.605596, NoOp Chain Depth 128 Size 0 Mode ref, Ref Stage 79, run, start, 9783589443655381
1787664523.605617, NoOp Chain Depth 128 Size 0 Mode ref, Ref Stage 79, run, end, 9783589443676229
1787664523.605632, NoOp Chain Depth 128 Size 0 Mode ref, Ref Stage 80, run, start, 9783589443690981
1787664523.605653, NoOp Chain Depth 128 Size 0 Mode ref, Ref Stage 80, run, end, 9783589443711829
1787664523.605667, NoOp Chain Depth 128 Size 0 Mode ref, Ref Stage 81, run, start, 9783589443726389
1787664523.605688, NoOp Chain Depth 128 Size 0 Mode ref, Ref Stage 81, run, end, 9783589443747349
1787664523.605703, NoOp Chain Depth 128 Size 0 Mode ref, Ref Stage 82, run, start, 9783589443761877
1787664523.605724, NoOp Chain Depth 128 Size 0 Mode ref, Ref Stage 82, run, end, 9783589443782757
1787664523.605738, NoOp Chain Depth 128 Size 0 Mode ref, Ref Stage 83, run, start, 9783589443797429
1787664523.605759, NoOp Chain Depth 128 Size 0 Mode ref, Ref Stage 83, run, end, 9783589443818501
1787664523.605774, NoOp Chain Depth 128 Size 0 Mode ref, Ref Stage 84, run, start, 9783589443833045
1787664523.605795, NoOp Chain Depth 128 Size 0 Mode ref, Ref Stage 84, run, end, 9783589443854101
1787664523.605809, NoOp Chain Depth 128 Size 0 Mode ref, Ref Stage 85, run, start, 9783589443868837
1787664523.605831, NoOp Chain Depth 128 Size 0 Mode ref, Ref Stage 85, run, end, 9783589443890293
1787664523.605847, NoOp Chain Depth 128 Size 0 Mode ref, Ref Stage 86, run, start, 9783589443906677
1787664523.605869, NoOp Chain Depth 128 Size 0 Mode ref, Ref Stage 86, run, end, 9783589443927717
1787664523.605883, NoOp Chain Depth 128 Size 0 Mode ref, Ref Stage 87, run, start, 9783589443942053
1787664523.605905, NoOp Chain Depth 128 Size 0 Mode ref, Ref Stage 87, run, end, 9783589443963765
1787664523.605919, NoOp Chain Depth 128 Size 0 Mode ref, Ref Stage 88, run, start, 9783589443978117
1787664523.605940, NoOp Chain Depth 128 Size 0 Mode ref, Ref Stage 88, run, end, 9783589443999141
1787664523.605958, NoOp Chain Depth 128 Size 0 Mode ref, Ref Stage 89, run, start, 9783589444017541
1787664523.605980, NoOp Chain Depth 128 Size 0 Mode ref, Ref Stage 89, run, end, 9783589444038741
1787664523.605994, NoOp Chain Depth 128 Size 0 Mode ref, Ref Stage 90, run, start, 9783589444053109
1787664523.606015, NoOp Chain Depth 128 Size 0 Mode ref, Ref Stage 90, run, end, 9783589444074069
1787664523.606029, NoOp Chain Depth 128 Size 0 Mode ref, Ref Stage 91, run, start, 9783589444088645
1787664523.606053, NoOp Chain Depth 128 Size 0 Mode ref, Ref Stage 91, run, end, 9783589444112261
1787664523.606068, NoOp Chain Depth 128 Size 0 Mode ref, Ref Stage 92, run, start, 9783589444126917
1787664523.606090, NoOp Chain Depth 128 Size 0 Mode ref, Ref Stage 92, run, end, 9783589444149173
1787664523.606104, NoOp Chain Depth 128 Size 0 Mode ref, Ref Stage 93, run, start, 9783589444163621
1787664523.606125, NoOp Chain Depth 128 Size 0 Mode ref, Ref Stage 93, run, end, 9783589444184581
1787664523.606140, NoOp Chain Depth 128 Size 0 Mode ref, Ref Stage 94, run, start, 9783589444198965
1787664523.606164, NoOp Chain Depth 128 Size 0 Mode ref, Ref Stage 94, run, end, 9783589444222757
1787664523.606484, NoOp Chain Depth 128 Size 0 Mode ref, Ref Stage 95, run, start, 9783589444544117
1787664523.606512, NoOp Chain Depth 128 Size 0 Mode ref, Ref Stage 95, run, end, 9783589444571237
1787664523.606524, NoOp Chain Depth 128 Size 0 Mode ref, Ref Stage 96, run, start, 9783589444583653
1787664523.606654, NoOp Chain Depth 128 Size 0 Mode ref, Ref Stage 96, run, end, 9783589444713349
1787664523.606668, NoOp Chain Depth 128 Size 0 Mode ref, Ref Stage 97, run, start, 9783589444727909
1787664523.606689, NoOp Chain Depth 128 Size 0 Mode ref, Ref Stage 97, run, end, 9783589444748741
1787664523.606704, NoOp Chain Depth 128 Size 0 Mode ref, Ref Stage 98, run, start, 9783589444763301
1787664523.606725, NoOp Chain Depth 128 Size 0 Mode ref, Ref Stage 98, run, end, 9783589444784245
1787664523.606740, NoOp Chain Depth 128 Size 0 Mode ref, Ref Stage 99, run, start, 9783589444798885
1787664523.606761, NoOp Chain Depth 128 Size 0 Mode ref, Ref Stage 99, run, end, 9783589444819861
1787664523.606775, NoOp Chain Depth 128 Size 0 Mode ref, Ref Stage 100, run, start, 9783589444834357
1787664523.606797, NoOp Chain Depth 128 Size 0 Mode ref, Ref Stage 100, run, end, 9783589444856021
1787664523.606812, NoOp Chain Depth 128 Size 0 Mode ref, Ref Stage 101, run, start, 9783589444870917
1787664523.606834, NoOp Chain Depth 128 Size 0 Mode ref, Ref Stage 101, run, end, 9783589444893509
1787664523.606850, NoOp Chain Depth 128 Size 0 Mode ref, Ref Stage 102, run, start, 9783589444909125
1787664523.606871, NoOp Chain Depth 128 Size 0 Mode ref, Ref Stage 102, run, end, 9783589444931797
1787664523.606887, NoOp Chain Depth 128 Size 0 Mode ref, Ref Stage 103, run, start, 9783589444946581
1787664523.606908, NoOp Chain Depth 128 Size 0 Mode ref, Ref Stage 103, run, end, 9783589444967429
1787664523.606924, NoOp Chain Depth 128 Size 0 Mode ref, Ref Stage 104, run, start, 9783589444983301
1787664523.606949, NoOp Chain Depth 128 Size 0 Mode ref, Ref Stage 104, run, end, 9783589445008052
1787664523.606961, NoOp Chain Depth 128 Size 0 Mode ref, Ref Stage 105, run, start, 9783589445020004
1787664523.606993, NoOp Chain Depth 128 Size 0 Mode ref, Ref Stage 105, run, end, 9783589445052292
1787664523.607008, NoOp Chain Depth 128 Size 0 Mode ref, Ref Stage 106, run, start, 9783589445067108
1787664523.607029, NoOp Chain Depth 128 Size 0 Mode ref, Ref Stage 106, run, end, 9783589445087988
1787664523.607045, NoOp Chain Depth 128 Size 0 Mode ref, Ref Stage 107, run, start, 9783589445103908
1787664523.607065, NoOp Chain Depth 128 Size 0 Mode ref, Ref Stage 107, run, end, 9783589445124644
1787664523.607080, NoOp Chain Depth 128 Size 0 Mode ref, Ref Stage 108, run, start, 9783589445139268
1787664523.607101, NoOp Chain Depth 128 Size 0 Mode ref, Ref Stage 108, run, end, 9783589445160020
1787664523.607520, NoOp Chain Depth 128 Size 0 Mode ref, Ref Stage 109, run, start, 9783589445579588
1787664523.607547, NoOp Chain Depth 128 Size 0 Mode ref, Ref Stage 109, run, end, 9783589445606164
1787664523.607559, NoOp Chain Depth 128 Size 0 Mode ref, Ref Stage 110, run, start, 9783589445618196
1787664523.607591, NoOp Chain Depth 128 Size 0 Mode ref, Ref Stage 110, run, end, 9783589445650244
1787664523.607606, NoOp Chain Depth 128 Size 0 Mode ref, Ref Stage 111, run, start, 9783589445665012
1787664523.607627, NoOp Chain Depth 128 Size 0 Mode ref, Ref Stage 111, run, end, 9783589445686452
1787664523.607644, NoOp Chain Depth 128 Size 0 Mode ref, Ref Stage 112, run, start, 9783589445703108
1787664523.607666, NoOp Chain Depth 128 Size 0 Mode ref, Ref Stage 112, run, end, 9783589445725316
1787664523.607681, NoOp Chain Depth 128 Size 0 Mode ref, Ref Stage 113, run, start, 9783589445740212
1787664523.607702, NoOp Chain Depth 128 Size 0 Mode ref, Ref Stage 113, run, end, 9783589445761780
1787664523.607717, NoOp Chain Depth 128 Size 0 Mode ref, Ref Stage 114, run, start, 9783589445776564
1787664523.607738, NoOp Chain Depth 128 Size 0 Mode ref, Ref Stage 114, run, end, 9783589445797428
1787664523.607753, NoOp Chain Depth 128 Size 0 Mode ref, Ref Stage 115, run, start, 9783589445811988
1787664523.607774, NoOp Chain Depth 128 Size 0 Mode ref, Ref Stage 115, run, end, 9783589445832452
1787664523.607789, NoOp Chain Depth 128 Size 0 Mode ref, Ref Stage 116, run, start, 9783589445847892
1787664523.607811, NoOp Chain Depth 128 Size 0 Mode ref, Ref Stage 116, run, end, 9783589445870244
1787664523.607826, NoOp Chain Depth 128 Size 0 Mode ref, Ref Stage 117, run, start, 9783589445884948
1787664523.607849, NoOp Chain Depth 128 Size 0 Mode ref, Ref Stage 117, run, end, 9783589445907988
1787664523.607863, NoOp Chain Depth 128 Size 0 Mode ref, Ref Stage 118, run, start, 9783589445922404
1787664523.607886, NoOp Chain Depth 128 Size 0 Mode ref, Ref Stage 118, run, end, 9783589445944692
1787664523.607897, NoOp Chain Depth 128 Size 0 Mode ref, Ref Stage 119, run, start, 9783589445956148
1787664523.607928, NoOp Chain Depth 128 Size 0 Mode ref, Ref Stage 119, run, end, 9783589445987204
1787664523.607946, NoOp Chain Depth 128 Size 0 Mode ref, Ref Stage 120, run, start, 9783589446005012
1787664523.607968, NoOp Chain Depth 128 Size 0 Mode ref, Ref Stage 120, run, end, 9783589446026884
1787664523.607983, NoOp Chain Depth 128 Size 0 Mode ref, Ref Stage 121, run, start, 9783589446042116
1787664523.608005, NoOp Chain Depth 128 Size 0 Mode ref, Ref Stage 121, run, end, 9783589446064308
1787664523.608021, NoOp Chain Depth 128 Size 0 Mode ref, Ref Stage 122, run, start, 9783589446080260
1787664523.608053, NoOp Chain Depth 128 Size 0 Mode ref, Ref Stage 122, run, end, 9783589446112404
1787664523.608068, NoOp Chain Depth 128 Size 0 Mode ref, Ref Stage 123, run, start, 9783589446126788
1787664523.608088, NoOp Chain Depth 128 Size 0 Mode ref, Ref Stage 123, run, end, 9783589446147220
1787664523.608104, NoOp Chain Depth 128 Size 0 Mode ref, Ref Stage 124, run, start, 9783589446162868
1787664523.608125, NoOp Chain Depth 128 Size 0 Mode ref, Ref Stage 124, run, end, 9783589446183828
1787664523.608139, NoOp Chain Depth 128 Size 0 Mode ref, Ref Stage 125, run, start, 9783589446198436
1787664523.608160, NoOp Chain Depth 128 Size 0 Mode ref, Ref Stage 125, run, end, 9783589446218868
1787664523.608174, NoOp Chain Depth 128 Size 0 Mode ref, Ref Stage 126, run, start, 9783589446233364
1787664523.608196, NoOp Chain Depth 128 Size 0 Mode ref, Ref Stage 126, run, end, 9783589446255460
1787664523.608212, NoOp Chain Depth 128 Size 0 Mode ref, Ref Stage 127, run, start, 9783589446270676
1787664523.608233, NoOp Chain Depth 128 Size 0 Mode ref, Ref Stage 127, run, end, 9783589446291860
1787664523.608250, NoOp Chain Depth 128 Size 0 Mode ref, pipeline - train, run, end, 265411821540834411680888757610962689580, 1787664523.599151, 10, 1, 9783589446309012
1787664523.608289, NoOp Chain Depth 128 Size 0 Mode ref, pipeline - train, run, start, 319562875393238974791391311342259808759, 1787664523.608275, 11, 1, 9783589446348436
1787664523.608312, NoOp Chain Depth 128 Size 0 Mode ref, Ref Stage 0, run, start, 9783589446371012
1787664523.608334, NoOp Chain Depth 128 Size 0 Mode ref, Ref Stage 0, run, end, 9783589446393508
1787664523.608351, NoOp Chain Depth 128 Size 0 Mode ref, Ref Stage 1, run, start, 9783589446410068
1787664523.608373, NoOp Chain Depth 128 Size 0 Mode ref, Ref Stage 1, run, end, 9783589446432596
1787664523.608779, NoOp Chain Depth 128 Size 0 Mode ref, Ref Stage 2, run, start, 9783589446838659
1787664523.608803, NoOp Chain Depth 128 Size 0 Mode ref, Ref Stage 2, run, end, 9783589446862163
1787664523.608921, NoOp Chain Depth 128 Size 0 Mode ref, Ref Stage 3, run, start, 9783589446980963
1787664523.608948, NoOp Chain Depth 128 Size 0 Mode ref, Ref Stage 3, run, end, 9783589447007155
1787664523.608964, NoOp Chain Depth 128 Size 0 Mode ref, Ref Stage 4, run, start, 9783589447023203
1787664523.608985, NoOp Chain Depth 128 Size 0 Mode ref, Ref Stage 4, run, end, 9783589447044467
1787664523.609000, NoOp Chain Depth 128 Size 0 Mode ref, Ref Stage 5, run, start, 9783589447059267
1787664523.609021, NoOp Chain Depth 128 Size 0 Mode ref, Ref Stage 5, run, end, 9783589447080307
1787664523.609036, NoOp Chain Depth 128 Size 0 Mode ref, Ref Stage 6, run, start, 9783589447095347
1787664523.609057, NoOp Chain Depth 128 Size 0 Mode ref, Ref Stage 6, run, end, 9783589447116627
1787664523.609072, NoOp Chain Depth 128 Size 0 Mode ref, Ref Stage 7, run, start, 9783589447131379
1787664523.609093, NoOp Chain Depth 128 Size 0 Mode ref, Ref Stage 7, run, end, 9783589447152515
1787664523.609108, NoOp Chain Depth 128 Size 0 Mode ref, Ref Stage 8, run, start, 9783589447167427
1787664523.609131, NoOp Chain Depth 128 Size 0 Mode ref, Ref Stage 8, run, end, 9783589447189971
1787664523.609145, NoOp Chain Depth 128 Size 0 Mode ref, Ref Stage 9, run, start, 9783589447204643
1787664523.609167, NoOp Chain Depth 128 Size 0 Mode ref, Ref Stage 9, run, end, 9783589447225859
1787664523.609181, NoOp Chain Depth 128 Size 0 Mode ref, Ref Stage 10, run, start, 9783589447240787
1787664523.609204, NoOp Chain Depth 128 Size 0 Mode ref, Ref Stage 10, run, end, 9783589447263299
1787664523.609215, NoOp Chain Depth 128 Size 0 Mode ref, Ref Stage 11, run, start, 9783589447274819
1787664523.609248, NoOp Chain Depth 128 Size 0 Mode ref, Ref Stage 11, run, end, 9783589447307091
1787664523.609263, NoOp Chain Depth 128 Size 0 Mode ref, Ref Stage 12, run, start, 9783589447321779
1787664523.609284, NoOp Chain Depth 128 Size 0 Mode ref, Ref Stage 12, run, end, 9783589447342995
1787664523.609298, NoOp Chain Depth 128 Size 0 Mode ref, Ref Stage 13, run, start, 9783589447357731
1787664523.609319, NoOp Chain Depth 128 Size 0 Mode ref, Ref Stage 13, run, end, 9783589447378595
1787664523.609336, NoOp Chain Depth 128 Size 0 Mode ref, Ref Stage 14, run, start, 9783589447395091
1787664523.609358, NoOp Chain Depth 128 Size 0 Mode ref, Ref Stage 14, run, end, 9783589447417331
1787664523.609370, NoOp Chain Depth 128 Size 0 Mode ref, Ref Stage 15, run, start, 9783589447429235
1787664523.609401, NoOp Chain Depth 128 Size 0 Mode ref, Ref Stage 15, run, end, 9783589447459827
1787664523.609415, NoOp Chain Depth 128 Size 0 Mode ref, Ref Stage 16, run, start, 9783589447474531
1787664523.609436, NoOp Chain Depth 128 Size 0 Mode ref, Ref Stage 16, run, end, 9783589447495235
1787664523.609451, NoOp Chain Depth 128 Size 0 Mode ref, Ref Stage 17, run, start, 9783589447509955
1787664523.609472, NoOp Chain Depth 128 Size 0 Mode ref, Ref Stage 17, run, end, 9783589447530659
1787664523.609486, NoOp Chain Depth 128 Size 0 Mode ref, Ref Stage 18, run, start, 9783589447545059
1787664523.609515, NoOp Chain Depth 128 Size 0 Mode ref, Ref Stage 18, run, end, 9783589447574883
1787664523.609527, NoOp Chain Depth 128 Size 0 Mode ref, Ref Stage 19, run, start, 9783589447586611
1787664523.609561, NoOp Chain Depth 128 Size 0 Mode ref, Ref Stage 19, run, end, 9783589447620259
1787664523.609577, NoOp Chain Depth 128 Size 0 Mode ref, Ref Stage 20, run, start, 9783589447636115
1787664523.609599, NoOp Chain Depth 128 Size 0 Mode ref, Ref Stage 20, run, end, 9783589447657955
1787664523.609613, NoOp Chain Depth 128 Size 0 Mode ref, Ref Stage 21, run, start, 9783589447672563
1787664523.609636, NoOp Chain Depth 128 Size 0 Mode ref, Ref Stage 21, run, end, 9783589447695219
1787664523.609651, NoOp Chain Depth 128 Size 0 Mode ref, Ref Stage 22, run, start, 9783589447710307
1787664523.609672, NoOp Chain Depth 128 Size 0 Mode ref, Ref Stage 22, run, end, 9783589447731427
1787664523.609687, NoOp Chain Depth 128 Size 0 Mode ref, Ref Stage 23, run, start, 9783589447745907
1787664523.609710, NoOp Chain Depth 128 Size 0 Mode ref, Ref Stage 23, run, end, 9783589447769187
1787664523.609725, NoOp Chain Depth 128 Size 0 Mode ref, Ref Stage 24, run, start, 9783589447784083
1787664523.609747, NoOp Chain Depth 128 Size 0 Mode ref, Ref Stage 24, run, end, 9783589447806179
1787664523.609761, NoOp Chain Depth 128 Size 0 Mode ref, Ref Stage 25, run, start, 9783589447820947
1787664523.609783, NoOp Chain Depth 128 Size 0 Mode ref, Ref Stage 25, run, end, 9783589447843203
1787664523.609798, NoOp Chain Depth 128 Size 0 Mode ref, Ref Stage 26, run, start, 9783589447857779
1787664523.609819, NoOp Chain Depth 128 Size 0 Mode ref, Ref Stage 26, run, end, 9783589447878499
1787664523.610500, NoOp Chain Depth 128 Size 0 Mode ref, Ref Stage 27, run, start, 9783589448561026
1787664523.610533, NoOp Chain Depth 128 Size 0 Mode ref, Ref Stage 27, run, end, 9783589448592354
1787664523.610549, NoOp Chain Depth 128 Size 0 Mode ref, Ref Stage 28, run, start, 9783589448608690
1787664523.610572, NoOp Chain Depth 128 Size 0 Mode ref, Ref Stage 28, run, end, 9783589448630754
1787664523.610586, NoOp Chain Depth 128 Size 0 Mode ref, Ref Stage 29, run, start, 9783589448645570
1787664523.610607, NoOp Chain Depth 128 Size 0 Mode ref, Ref Stage 29, run, end, 9783589448666434
1787664523.610622, NoOp Chain Depth 128 Size 0 Mode ref, Ref Stage 30, run, start, 9783589448681314
1787664523.610645, NoOp Chain Depth 128 Size 0 Mode ref, Ref Stage 30, run, end, 9783589448704450
1787664523.610657, NoOp Chain Depth 128 Size 0 Mode ref, Ref Stage 31, run, start, 9783589448716898
1787664523.610690, NoOp Chain Depth 128 Size 0 Mode ref, Ref Stage 31, run, end, 9783589448748786
1787664523.610704, NoOp Chain Depth 128 Size 0 Mode ref, Ref Stage 32, run, start, 9783589448763714
1787664523.610726, NoOp Chain Depth 128 Size 0 Mode ref, Ref Stage 32, run, end, 9783589448784994
1787664523.610741, NoOp Chain Depth 128 Size 0 Mode ref, Ref Stage 33, run, start, 9783589448800498
1787664523.610763, NoOp Chain Depth 128 Size 0 Mode ref, Ref Stage 33, run, end, 9783589448822002
1787664523.610777, NoOp Chain Depth 128 Size 0 Mode ref, Ref Stage 34, run, start, 9783589448836722
1787664523.612954, NoOp Chain Depth 128 Size 0 Mode ref, Ref Stage 34, run, end, 9783589451013777
1787664523.613544, NoOp Chain Depth 128 Size 0 Mode ref, Ref Stage 35, run, start, 9783589451604048
1787664523.613569, NoOp Chain Depth 128 Size 0 Mode ref, Ref Stage 35, run, end, 9783589451629056
1787664523.613585, NoOp Chain Depth 128 Size 0 Mode ref, Ref Stage 36, run, start, 9783589451644624
1787664523.613607, NoOp Chain Depth 128 Size 0 Mode ref, Ref Stage 36, run, end, 9783589451666288
1787664523.613622, NoOp Chain Depth 128 Size 0 Mode ref, Ref Stage 37, run, start, 9783589451681104
1787664523.613643, NoOp Chain Depth 128 Size 0 Mode ref, Ref Stage 37, run, end, 9783589451702160
1787664523.613658, NoOp Chain Depth 128 Size 0 Mode ref, Ref Stage 38, run, start, 9783589451716800
1787664523.613678, NoOp Chain Depth 128 Size 0 Mode ref, Ref Stage 38, run, end, 9783589451737376
1787664523.613693, NoOp Chain Depth 128 Size 0 Mode ref, Ref Stage 39, run, start, 9783589451752096
1787664523.613714, NoOp Chain Depth 128 Size 0 Mode ref, Ref Stage 39, run, end, 9783589451773024
1787664523.613729, NoOp Chain Depth 128 Size 0 Mode ref, Ref Stage 40, run, start, 9783589451787984
1787664523.613750, NoOp Chain Depth 128 Size 0 Mode ref, Ref Stage 40, run, end, 9783589451809104
1787664523.613764, NoOp Chain Depth 128 Size 0 Mode ref, Ref Stage 41, run, start, 9783589451823456
1787664523.613785, NoOp Chain Depth 128 Size 0 Mode ref, Ref Stage 41, run, end, 9783589451844256
1787664523.613799, NoOp Chain Depth 128 Size 0 Mode ref, Ref Stage 42, run, start, 9783589451858640
1787664523.613820, NoOp Chain Depth 128 Size 0 Mode ref, Ref Stage 42, run, end, 9783589451879392
1787664523.613835, NoOp Chain Depth 128 Size 0 Mode ref, Ref Stage 43, run, start, 9783589451894096
1787664523.613856, NoOp Chain Depth 128 Size 0 Mode ref, Ref Stage 43, run, end, 9783589451914592
1787664523.613870, NoOp Chain Depth 128 Size 0 Mode ref, Ref Stage 44, run, start, 9783589451929200
1787664523.613893, NoOp Chain Depth 128 Size 0 Mode ref, Ref Stage 44, run, end, 9783589451952000
1787664523.613907, NoOp Chain Depth 128 Size 0 Mode ref, Ref Stage 45, run, start, 9783589451966544
1787664523.613928, NoOp Chain Depth 128 Size 0 Mode ref, Ref Stage 45, run, end, 9783589451987456
1787664523.613943, NoOp Chain Depth 128 Size 0 Mode ref, Ref Stage 46, run, start, 9783589452003728
1787664523.613966, NoOp Chain Depth 128 Size 0 Mode ref, Ref Stage 46, run, end, 9783589452024912
1787664523.613980, NoOp Chain Depth 128 Size 0 Mode ref, Ref Stage 47, run, start, 9783589452039440
1787664523.614001, NoOp Chain Depth 128 Size 0 Mode ref, Ref Stage 47, run, end, 9783589452059872
1787664523.614015, NoOp Chain Depth 128 Size 0 Mode ref, Ref Stage 48, run, start, 9783589452074592
1787664523.614036, NoOp Chain Depth 128 Size 0 Mode ref, Ref Stage 48, run, end, 9783589452095408
1787664523.614051, NoOp Chain Depth 128 Size 0 Mode ref, Ref Stage 49, run, start, 9783589452110352
1787664523.614074, NoOp Chain Depth 128 Size 0 Mode ref, Ref Stage 49, run, end, 9783589452132688
1787664523.614085, NoOp Chain Depth 128 Size 0 Mode ref, Ref Stage 50, run, start, 9783589452144432
1787664523.614116, NoOp Chain Depth 128 Size 0 Mode ref, Ref Stage 50, run, end, 9783589452175616
1787664523.614131, NoOp Chain Depth 128 Size 0 Mode ref, Ref Stage 51, run, start, 9783589452190064
1787664523.614151, NoOp Chain Depth 128 Size 0 Mode ref, Ref Stage 51, run, end, 9783589452210656
1787664523.614166, NoOp Chain Depth 128 Size 0 Mode ref, Ref Stage 52, run, start, 9783589452225024
1787664523.614187, NoOp Chain Depth 128 Size 0 Mode ref, Ref Stage 52, run, end, 9783589452246000
1787664523.614201, NoOp Chain Depth 128 Size 0 Mode ref, Ref Stage 53, run, start, 9783589452260432
1787664523.614222, NoOp Chain Depth 128 Size 0 Mode ref, Ref Stage 53, run, end, 9783589452280848
1787664523.614236, NoOp Chain Depth 128 Size 0 Mode ref, Ref Stage 54, run, start, 9783589452295136
1787664523.614258, NoOp Chain Depth 128 Size 0 Mode ref, Ref Stage 54, run, end, 9783589452317488
1787664523.614270, NoOp Chain Depth 128 Size 0 Mode ref, Ref Stage 55, run, start, 9783589452329296
1787664523.614301, NoOp Chain Depth 128 Size 0 Mode ref, Ref Stage 55, run, end, 9783589452359808
1787664523.614316, NoOp Chain Depth 128 Size 0 Mode ref, Ref Stage 56, run, start, 9783589452374672
1787664523.614336, NoOp Chain Depth 128 Size 0 Mode ref, Ref Stage 56, run, end, 9783589452395456
1787664523.614351, NoOp Chain Depth 128 Size 0 Mode ref, Ref Stage 57, run, start, 9783589452409952
1787664523.614371, NoOp Chain Depth 128 Size 0 Mode ref, Ref Stage 57, run, end, 9783589452430512
1787664523.614386, NoOp Chain Depth 128 Size 0 Mode ref, Ref Stage 58, run, start, 9783589452445184
1787664523.614407, NoOp Chain Depth 128 Size 0 Mode ref, Ref Stage 58, run, end, 9783589452465776
1787664523.614421, NoOp Chain Depth 128 Size 0 Mode ref, Ref Stage 59, run, start, 9783589452480272
1787664523.614441, NoOp Chain Depth 128 Size 0 Mode ref, Ref Stage 59, run, end, 9783589452500784
1787664523.614456, NoOp Chain Depth 128 Size 0 Mode ref, Ref Stage 60, run, start, 9783589452515456
1787664523.614477, NoOp Chain Depth 128 Size 0 Mode ref, Ref Stage 60, run, end, 9783589452536112
1787664523.614492, NoOp Chain Depth 128 Size 0 Mode ref, Ref Stage 61, run, start, 9783589452550784
1787664523.614512, NoOp Chain Depth 128 Size 0 Mode ref, Ref Stage 61, run, end, 9783589452571200
1787664523.614527, NoOp Chain Depth 128 Size 0 Mode ref, Ref Stage 62, run, start, 9783589452585791
1787664523.614547, NoOp Chain Depth 128 Size 0 Mode ref, Ref Stage 62, run, end, 9783589452606431
1787664523.614562, NoOp Chain Depth 128 Size 0 Mode ref, Ref Stage 63, run, start, 9783589452620767
1787664523.614582, NoOp Chain Depth 128 Size 0 Mode ref, Ref Stage 63, run, end, 9783589452641455
1787664523.614598, NoOp Chain Depth 128 Size 0 Mode ref, Ref Stage 64, run, start, 9783589452657167
1787664523.614619, NoOp Chain Depth 128 Size 0 Mode ref, Ref Stage 64, run, end, 9783589452678415
1787664523.614636, NoOp Chain Depth 128 Size 0 Mode ref, Ref Stage 65, run, start, 9783589452695663
1787664523.614659, NoOp Chain Depth 128 Size 0 Mode ref, Ref Stage 65, run, end, 9783589452718463
1787664523.614872, NoOp Chain Depth 128 Size 0 Mode ref, Ref Stage 66, run, start, 9783589452932159
1787664523.615004, NoOp Chain Depth 128 Size 0 Mode ref, Ref Stage 66, run, end, 9783589453063679
1787664523.615020, NoOp Chain Depth 128 Size 0 Mode ref, Ref Stage 67, run, start, 9783589453079151
1787664523.615041, NoOp Chain Depth 128 Size 0 Mode ref, Ref Stage 67, run, end, 9783589453100143
1787664523.615055, NoOp Chain Depth 128 Size 0 Mode ref, Ref Stage 68, run, start, 9783589453114463
1787664523.615078, NoOp Chain Depth 128 Size 0 Mode ref, Ref Stage 68, run, end, 9783589453136735
1787664523.615091, NoOp Chain Depth 128 Size 0 Mode ref, Ref Stage 69, run, start, 9783589453150527
1787664523.615122, NoOp Chain Depth 128 Size 0 Mode ref, Ref Stage 69, run, end, 9783589453181455
1787664523.615137, NoOp Chain Depth 128 Size 0 Mode ref, Ref Stage 70, run, start, 9783589453196191
1787664523.615158, NoOp Chain Depth 128 Size 0 Mode ref, Ref Stage 70, run, end, 9783589453217263
1787664523.615173, NoOp Chain Depth 128 Size 0 Mode ref, Ref Stage 71, run, start, 9783589453232079
1787664523.615195, NoOp Chain Depth 128 Size 0 Mode ref, Ref Stage 71, run, end, 9783589453254303
1787664523.615210, NoOp Chain Depth 128 Size 0 Mode ref, Ref Stage 72, run, start, 9783589453268943
1787664523.615231, NoOp Chain Depth 128 Size 0 Mode ref, Ref Stage 72, run, end, 9783589453289855
1787664523.615245, NoOp Chain Depth 128 Size 0 Mode ref, Ref Stage 73, run, start, 9783589453304687
1787664523.615266, NoOp Chain Depth 128 Size 0 Mode ref, Ref Stage 73, run, end, 9783589453325599
1787664523.615281, NoOp Chain Depth 128 Size 0 Mode ref, Ref Stage 74, run, start, 9783589453340511
1787664523.615304, NoOp Chain Depth 128 Size 0 Mode ref, Ref Stage 74, run, end, 9783589453362463
1787664523.615318, NoOp Chain Depth 128 Size 0 Mode ref, Ref Stage 75, run, start, 9783589453377295
1787664523.615341, NoOp Chain Depth 128 Size 0 Mode ref, Ref Stage 75, run, end, 9783589453400591
1787664523.615353, NoOp Chain Depth 128 Size 0 Mode ref, Ref Stage 76, run, start, 9783589453412191
1787664523.615384, NoOp Chain Depth 128 Size 0 Mode ref, Ref Stage 76, run, end, 9783589453442975
1787664523.615399, NoOp Chain Depth 128 Size 0 Mode ref, Ref Stage 77, run, start, 9783589453457855
1787664523.615419, NoOp Chain Depth 128 Size 0 Mode ref, Ref Stage 77, run, end, 9783589453478271
1787664523.615434, NoOp Chain Depth 128 Size 0 Mode ref, Ref Stage 78, run, start, 9783589453492927
1787664523.615456, NoOp Chain Depth 128 Size 0 Mode ref, Ref Stage 78, run, end, 9783589453515055
1787664523.615470, NoOp Chain Depth 128 Size 0 Mode ref, Ref Stage 79, run, start, 9783589453529423
1787664523.615491, NoOp Chain Depth 128 Size 0 Mode ref, Ref Stage 79, run, end, 9783589453550063
1787664523.615510, NoOp Chain Depth 128 Size 0 Mode ref, Ref Stage 80, run, start, 9783589453569327
1787664523.615534, NoOp Chain Depth 128 Size 0 Mode ref, Ref Stage 80, run, end, 9783589453592687
1787664523.615548, NoOp Chain Depth 128 Size 0 Mode ref, Ref Stage 81, run, start, 9783589453607119
1787664523.615569, NoOp Chain Depth 128 Size 0 Mode ref, Ref Stage 81, run, end, 9783589453627775
1787664523.615583, NoOp Chain Depth 128 Size 0 Mode ref, Ref Stage 82, run, start, 9783589453642271
1787664523.615605, NoOp Chain Depth 128 Size 0 Mode ref, Ref Stage 82, run, end, 9783589453663999
1787664523.615619, NoOp Chain Depth 128 Size 0 Mode ref, Ref Stage 83, run, start, 9783589453678767
1787664523.615640, NoOp Chain Depth 128 Size 0 Mode ref, Ref Stage 83, run, end, 9783589453699455
1787664523.615655, NoOp Chain Depth 128 Size 0 Mode ref, Ref Stage 84, run, start, 9783589453714719
1787664523.615678, NoOp Chain Depth 128 Size 0 Mode ref, Ref Stage 84, run, end, 9783589453736767
1787664523.615692, NoOp Chain Depth 128 Size 0 Mode ref, Ref Stage 85, run, start, 9783589453751183
1787664523.615715, NoOp Chain Depth 128 Size 0 Mode ref, Ref Stage 85, run, end, 9783589453773887
1787664523.615731, NoOp Chain Depth 128 Size 0 Mode ref, Ref Stage 86, run, start, 9783589453789679
1787664523.615751, NoOp Chain Depth 128 Size 0 Mode ref, Ref Stage 86, run, end, 9783589453810463
1787664523.615766, NoOp Chain Depth 128 Size 0 Mode ref, Ref Stage 87, run, start, 9783589453825327
1787664523.615787, NoOp Chain Depth 128 Size 0 Mode ref, Ref Stage 87, run, end, 9783589453845775
1787664523.615801, NoOp Chain Depth 128 Size 0 Mode ref, Ref Stage 88, run, start, 9783589453860415
1787664523.615823, NoOp Chain Depth 128 Size 0 Mode ref, Ref Stage 88, run, end, 9783589453882607
1787664523.615838, NoOp Chain Depth 128 Size 0 Mode ref, Ref Stage 89, run, start, 9783589453897263
1787664523.615858, NoOp Chain Depth 128 Size 0 Mode ref, Ref Stage 89, run, end, 9783589453917519
1787664523.615873, NoOp Chain Depth 128 Size 0 Mode ref, Ref Stage 90, run, start, 9783589453931871
1787664523.615893, NoOp Chain Depth 128 Size 0 Mode ref, Ref Stage 90, run, end, 9783589453952591
1787664523.615908, NoOp Chain Depth 128 Size 0 Mode ref, Ref Stage 91, run, start, 9783589453967023
1787664523.615930, NoOp Chain Depth 128 Size 0 Mode ref, Ref Stage 91, run, end, 9783589453988751
1787664523.615947, NoOp Chain Depth 128 Size 0 Mode ref, Ref Stage 92, run, start, 9783589454006047
1787664523.616271, NoOp Chain Depth 128 Size 0 Mode ref, Ref Stage 92, run, end, 9783589454330814
1787664523.616394, NoOp Chain Depth 128 Size 0 Mode ref, Ref Stage 93, run, start, 9783589454453150
1787664523.616417, NoOp Chain Depth 128 Size 0 Mode ref, Ref Stage 93, run, end, 9783589454476206
1787664523.616432, NoOp Chain Depth 128 Size 0 Mode ref, Ref Stage 94, run, start, 9783589454491070
1787664523.616453, NoOp Chain Depth 128 Size 0 Mode ref, Ref Stage 94, run, end, 9783589454512238
1787664523.616468, NoOp Chain Depth 128 Size 0 Mode ref, Ref Stage 95, run, start, 9783589454527214
1787664523.616489, NoOp Chain Depth 128 Size 0 Mode ref, Ref Stage 95, run, end, 9783589454548174
1787664523.616504, NoOp Chain Depth 128 Size 0 Mode ref, Ref Stage 96, run, start, 9783589454563134
1787664523.616527, NoOp Chain Depth 128 Size 0 Mode ref, Ref Stage 96, run, end, 9783589454585742
1787664523.616538, NoOp Chain Depth 128 Size 0 Mode ref, Ref Stage 97, run, start, 9783589454597774
1787664523.616570, NoOp Chain Depth 128 Size 0 Mode ref, Ref Stage 97, run, end, 9783589454629006
1787664523.616585, NoOp Chain Depth 128 Size 0 Mode ref, Ref Stage 98, run, start, 9783589454643998
1787664523.616606, NoOp Chain Depth 128 Size 0 Mode ref, Ref Stage 98, run, end, 9783589454664862
1787664523.616620, NoOp Chain Depth 128 Size 0 Mode ref, Ref Stage 99, run, start, 9783589454679518
1787664523.616642, NoOp Chain Depth 128 Size 0 Mode ref, Ref Stage 99, run, end, 9783589454701518
1787664523.616657, NoOp Chain Depth 128 Size 0 Mode ref, Ref Stage 100, run, start, 9783589454715934
1787664523.616679, NoOp Chain Depth 128 Size 0 Mode ref, Ref Stage 100, run, end, 9783589454738030
1787664523.616693, NoOp Chain Depth 128 Size 0 Mode ref, Ref Stage 101, run, start, 9783589454752734
1787664523.616715, NoOp Chain Depth 128 Size 0 Mode ref, Ref Stage 101, run, end, 9783589454774574
1787664523.616730, NoOp Chain Depth 128 Size 0 Mode ref, Ref Stage 102, run, start, 9783589454789422
1787664523.616751, NoOp Chain Depth 128 Size 0 Mode ref, Ref Stage 102, run, end, 9783589454810190
1787664523.616766, NoOp Chain Depth 128 Size 0 Mode ref, Ref Stage 103, run, start, 9783589454825118
1787664523.616788, NoOp Chain Depth 128 Size 0 Mode ref, Ref Stage 103, run, end, 9783589454847374
1787664523.616802, NoOp Chain Depth 128 Size 0 Mode ref, Ref Stage 104, run, start, 9783589454861966
1787664523.616823, NoOp Chain Depth 128 Size 0 Mode ref, Ref Stage 104, run, end, 9783589454882846
1787664523.616839, NoOp Chain Depth 128 Size 0 Mode ref, Ref Stage 105, run, start, 9783589454898734
1787664523.616862, NoOp Chain Depth 128 Size 0 Mode ref, Ref Stage 105, run, end, 9783589454920830
1787664523.616874, NoOp Chain Depth 128 Size 0 Mode ref, Ref Stage 106, run, start, 9783589454932638
1787664523.616907, NoOp Chain Depth 128 Size 0 Mode ref, Ref Stage 106, run, end, 9783589454966446
1787664523.616922, NoOp Chain Depth 128 Size 0 Mode ref, Ref Stage 107, run, start, 9783589454981246
1787664523.616947, NoOp Chain Depth 128 Size 0 Mode ref, Ref Stage 107, run, end, 9783589455006286
1787664523.616963, NoOp Chain Depth 128 Size 0 Mode ref, Ref Stage 108, run, start, 9783589455022462
1787664523.616986, NoOp Chain Depth 128 Size 0 Mode ref, Ref Stage 108, run, end, 9783589455044846
1787664523.616997, NoOp Chain Depth 128 Size 0 Mode ref, Ref Stage 109, run, start, 9783589455056462
1787664523.617516, NoOp Chain Depth 128 Size 0 Mode ref, Ref Stage 109, run, end, 9783589455575662
1787664523.617532, NoOp Chain Depth 128 Size 0 Mode ref, Ref Stage 110, run, start, 9783589455591150
1787664523.617555, NoOp Chain Depth 128 Size 0 Mode ref, Ref Stage 110, run, end, 9783589455614173
1787664523.617567, NoOp Chain Depth 128 Size 0 Mode ref, Ref Stage 111, run, start, 9783589455626157
1787664523.617598, NoOp Chain Depth 128 Size 0 Mode ref, Ref Stage 111, run, end, 9783589455657485
1787664523.617613, NoOp Chain Depth 128 Size 0 Mode ref, Ref Stage 112, run, start, 9783589455672061
1787664523.617634, NoOp Chain Depth 128 Size 0 Mode ref, Ref Stage 112, run, end, 9783589455693053
1787664523.617648, NoOp Chain Depth 128 Size 0 Mode ref, Ref Stage 113, run, start, 9783589455707709
1787664523.617669, NoOp Chain Depth 128 Size 0 Mode ref, Ref Stage 113, run, end, 9783589455728381
1787664523.617684, NoOp Chain Depth 128 Size 0 Mode ref, Ref Stage 114, run, start, 9783589455743293
1787664523.617705, NoOp Chain Depth 128 Size 0 Mode ref, Ref Stage 114, run, end, 9783589455764461
1787664523.617720, NoOp Chain Depth 128 Size 0 Mode ref, Ref Stage 115, run, start, 9783589455778893
1787664523.617741, NoOp Chain Depth 128 Size 0 Mode ref, Ref Stage 115, run, end, 9783589455799629
1787664523.617756, NoOp Chain Depth 128 Size 0 Mode ref, Ref Stage 116, run, start, 9783589455815757
1787664523.617778, NoOp Chain Depth 128 Size 0 Mode ref, Ref Stage 116, run, end, 9783589455836797
1787664523.617793, NoOp Chain Depth 128 Size 0 Mode ref, Ref Stage 117, run, start, 9783589455852189
1787664523.617815, NoOp Chain Depth 128 Size 0 Mode ref, Ref Stage 117, run, end, 9783589455874509
1787664523.617830, NoOp Chain Depth 128 Size 0 Mode ref, Ref Stage 118, run, start, 9783589455889197
1787664523.617852, NoOp Chain Depth 128 Size 0 Mode ref, Ref Stage 118, run, end, 9783589455911053
1787664523.617866, NoOp Chain Depth 128 Size 0 Mode ref, Ref Stage 119, run, start, 9783589455925501
1787664523.617887, NoOp Chain Depth 128 Size 0 Mode ref, Ref Stage 119, run, end, 9783589455945869
1787664523.617901, NoOp Chain Depth 128 Size 0 Mode ref, Ref Stage 120, run, start, 9783589455960125
1787664523.617922, NoOp Chain Depth 128 Size 0 Mode ref, Ref Stage 120, run, end, 9783589455980621
1787664523.617936, NoOp Chain Depth 128 Size 0 Mode ref, Ref Stage 121, run, start, 9783589455995293
1787664523.617960, NoOp Chain Depth 128 Size 0 Mode ref, Ref Stage 121, run, end, 9783589456019693
1787664523.617976, NoOp Chain Depth 128 Size 0 Mode ref, Ref Stage 122, run, start, 9783589456035293
1787664523.618001, NoOp Chain Depth 128 Size 0 Mode ref, Ref Stage 122, run, end, 9783589456060029
1787664523.618013, NoOp Chain Depth 128 Size 0 Mode ref, Ref Stage 123, run, start, 9783589456071997
1787664523.618044, NoOp Chain Depth 128 Size 0 Mode ref, Ref Stage 123, run, end, 9783589456103789
1787664523.618059, NoOp Chain Depth 128 Size 0 Mode ref, Ref Stage 124, run, start, 9783589456118557
1787664523.618080, NoOp Chain Depth 128 Size 0 Mode ref, Ref Stage 124, run, end, 9783589456139581
1787664523.618095, NoOp Chain Depth 128 Size 0 Mode ref, Ref Stage 125, run, start, 9783589456154221
1787664523.618116, NoOp Chain Depth 128 Size 0 Mode ref, Ref Stage 125, run, end, 9783589456174781
1787664523.618130, NoOp Chain Depth 128 Size 0 Mode ref, Ref Stage 126, run, start, 9783589456189229
1787664523.618152, NoOp Chain Depth 128 Size 0 Mode ref, Ref Stage 126, run, end, 9783589456211597
1787664523.618169, NoOp Chain Depth 128 Size 0 Mode ref, Ref Stage 127, run, start, 9783589456228237
1787664523.618192, NoOp Chain Depth 128 Size 0 Mode ref, Ref Stage 127, run, end, 9783589456251533
1787664523.618208, NoOp Chain Depth 128 Size 0 Mode ref, pipeline - train, run, end, 319562875393238974791391311342259808759, 1787664523.608275, 11, 1, 9783589456267613
1787664523.618245, NoOp Chain Depth 128 Size 0 Mode ref, pipeline - train, run, start, 65570841396292075934179445367818220887, 1787664523.618234, 12, 1, 9783589456304541
1787664523.618268, NoOp Chain Depth 128 Size 0 Mode ref, Ref Stage 0, run, start, 9783589456327613
1787664523.618593, NoOp Chain Depth 128 Size 0 Mode ref, Ref Stage 0, run, end, 9783589456652365
1787664523.618713, NoOp Chain Depth 128 Size 0 Mode ref, Ref Stage 1, run, start, 9783589456772365
1787664523.618736, NoOp Chain Depth 128 Size 0 Mode ref, Ref Stage 1, run, end, 9783589456794941
1787664523.618751, NoOp Chain Depth 128 Size 0 Mode ref, Ref Stage 2, run, start, 9783589456810621
1787664523.618773, NoOp Chain Depth 128 Size 0 Mode ref, Ref Stage 2, run, end, 9783589456831949
1787664523.618788, NoOp Chain Depth 128 Size 0 Mode ref, Ref Stage 3, run, start, 9783589456846877
1787664523.618809, NoOp Chain Depth 128 Size 0 Mode ref, Ref Stage 3, run, end, 9783589456867725
1787664523.618824, NoOp Chain Depth 128 Size 0 Mode ref, Ref Stage 4, run, start, 9783589456882621
1787664523.618845, NoOp Chain Depth 128 Size 0 Mode ref, Ref Stage 4, run, end, 9783589456903517
1787664523.618859, NoOp Chain Depth 128 Size 0 Mode ref, Ref Stage 5, run, start, 9783589456918029
1787664523.618880, NoOp Chain Depth 128 Size 0 Mode ref, Ref Stage 5, run, end, 9783589456938989
1787664523.618894, NoOp Chain Depth 128 Size 0 Mode ref, Ref Stage 6, run, start, 9783589456953677
1787664523.618917, NoOp Chain Depth 128 Size 0 Mode ref, Ref Stage 6, run, end, 9783589456976461
1787664523.618932, NoOp Chain Depth 128 Size 0 Mode ref, Ref Stage 7, run, start, 9783589456991005
1787664523.618956, NoOp Chain Depth 128 Size 0 Mode ref, Ref Stage 7, run, end, 9783589457014765
1787664523.618971, NoOp Chain Depth 128 Size 0 Mode ref, Ref Stage 8, run, start, 9783589457031645
1787664523.618999, NoOp Chain Depth 128 Size 0 Mode ref, Ref Stage 8, run, end, 9783589457058285
1787664523.619014, NoOp Chain Depth 128 Size 0 Mode ref, Ref Stage 9, run, start, 9783589457073437
1787664523.619035, NoOp Chain Depth 128 Size 0 Mode ref, Ref Stage 9, run, end, 9783589457094365
1787664523.619050, NoOp Chain Depth 128 Size 0 Mode ref, Ref Stage 10, run, start, 9783589457108941
1787664523.619071, NoOp Chain Depth 128 Size 0 Mode ref, Ref Stage 10, run, end, 9783589457129821
1787664523.619086, NoOp Chain Depth 128 Size 0 Mode ref, Ref Stage 11, run, start, 9783589457144717
1787664523.619106, NoOp Chain Depth 128 Size 0 Mode ref, Ref Stage 11, run, end, 9783589457165309
1787664523.619120, NoOp Chain Depth 128 Size 0 Mode ref, Ref Stage 12, run, start, 9783589457179708
1787664523.619143, NoOp Chain Depth 128 Size 0 Mode ref, Ref Stage 12, run, end, 9783589457202220
1787664523.619540, NoOp Chain Depth 128 Size 0 Mode ref, Ref Stage 13, run, start, 9783589457600076
1787664523.619564, NoOp Chain Depth 128 Size 0 Mode ref, Ref Stage 13, run, end, 9783589457623532
1787664523.619681, NoOp Chain Depth 128 Size 0 Mode ref, Ref Stage 14, run, start, 9783589457740668
1787664523.619704, NoOp Chain Depth 128 Size 0 Mode ref, Ref Stage 14, run, end, 9783589457762956
1787664523.619719, NoOp Chain Depth 128 Size 0 Mode ref, Ref Stage 15, run, start, 9783589457777980
1787664523.619739, NoOp Chain Depth 128 Size 0 Mode ref, Ref Stage 15, run, end, 9783589457798652
1787664523.619754, NoOp Chain Depth 128 Size 0 Mode ref, Ref Stage 16, run, start, 9783589457813532
1787664523.619775, NoOp Chain Depth 128 Size 0 Mode ref, Ref Stage 16, run, end, 9783589457834476
1787664523.619790, NoOp Chain Depth 128 Size 0 Mode ref, Ref Stage 17, run, start, 9783589457849244
1787664523.619811, NoOp Chain Depth 128 Size 0 Mode ref, Ref Stage 17, run, end, 9783589457869916
1787664523.619827, NoOp Chain Depth 128 Size 0 Mode ref, Ref Stage 18, run, start, 9783589457886780
1787664523.619848, NoOp Chain Depth 128 Size 0 Mode ref, Ref Stage 18, run, end, 9783589457907724
1787664523.619863, NoOp Chain Depth 128 Size 0 Mode ref, Ref Stage 19, run, start, 9783589457922492
1787664523.619884, NoOp Chain Depth 128 Size 0 Mode ref, Ref Stage 19, run, end, 9783589457943740
1787664523.619899, NoOp Chain Depth 128 Size 0 Mode ref, Ref Stage 20, run, start, 9783589457958428
1787664523.619920, NoOp Chain Depth 128 Size 0 Mode ref, Ref Stage 20, run, end, 9783589457979196
1787664523.619935, NoOp Chain Depth 128 Size 0 Mode ref, Ref Stage 21, run, start, 9783589457993868
1787664523.619959, NoOp Chain Depth 128 Size 0 Mode ref, Ref Stage 21, run, end, 9783589458017980
1787664523.619975, NoOp Chain Depth 128 Size 0 Mode ref, Ref Stage 22, run, start, 9783589458033980
1787664523.619995, NoOp Chain Depth 128 Size 0 Mode ref, Ref Stage 22, run, end, 9783589458054620
1787664523.620010, NoOp Chain Depth 128 Size 0 Mode ref, Ref Stage 23, run, start, 9783589458069292
1787664523.620031, NoOp Chain Depth 128 Size 0 Mode ref, Ref Stage 23, run, end, 9783589458089804
1787664523.620045, NoOp Chain Depth 128 Size 0 Mode ref, Ref Stage 24, run, start, 9783589458104620
1787664523.620067, NoOp Chain Depth 128 Size 0 Mode ref, Ref Stage 24, run, end, 9783589458126364
1787664523.620083, NoOp Chain Depth 128 Size 0 Mode ref, Ref Stage 25, run, start, 9783589458142540
1787664523.620104, NoOp Chain Depth 128 Size 0 Mode ref, Ref Stage 25, run, end, 9783589458163388
1787664523.620119, NoOp Chain Depth 128 Size 0 Mode ref, Ref Stage 26, run, start, 9783589458178028
1787664523.620142, NoOp Chain Depth 128 Size 0 Mode ref, Ref Stage 26, run, end, 9783589458201468
1787664523.620154, NoOp Chain Depth 128 Size 0 Mode ref, Ref Stage 27, run, start, 9783589458213052
1787664523.620278, NoOp Chain Depth 128 Size 0 Mode ref, Ref Stage 27, run, end, 9783589458338348
1787664523.620296, NoOp Chain Depth 128 Size 0 Mode ref, Ref Stage 28, run, start, 9783589458355164
1787664523.620318, NoOp Chain Depth 128 Size 0 Mode ref, Ref Stage 28, run, end, 9783589458377420
1787664523.620334, NoOp Chain Depth 128 Size 0 Mode ref, Ref Stage 29, run, start, 9783589458393212
1787664523.620356, NoOp Chain Depth 128 Size 0 Mode ref, Ref Stage 29, run, end, 9783589458415660
1787664523.620371, NoOp Chain Depth 128 Size 0 Mode ref, Ref Stage 30, run, start, 9783589458430652
1787664523.620392, NoOp Chain Depth 128 Size 0 Mode ref, Ref Stage 30, run, end, 9783589458451516
1787664523.620407, NoOp Chain Depth 128 Size 0 Mode ref, Ref Stage 31, run, start, 9783589458466220
1787664523.621953, NoOp Chain Depth 128 Size 0 Mode ref, Ref Stage 31, run, end, 9783589460013707
1787664523.622364, NoOp Chain Depth 128 Size 0 Mode ref, Ref Stage 32, run, start, 9783589460423722
1787664523.622389, NoOp Chain Depth 128 Size 0 Mode ref, Ref Stage 32, run, end, 9783589460448186
1787664523.622404, NoOp Chain Depth 128 Size 0 Mode ref, Ref Stage 33, run, start, 9783589460463434
1787664523.622427, NoOp Chain Depth 128 Size 0 Mode ref, Ref Stage 33, run, end, 9783589460486426
1787664523.622439, NoOp Chain Depth 128 Size 0 Mode ref, Ref Stage 34, run, start, 9783589460498234
1787664523.622470, NoOp Chain Depth 128 Size 0 Mode ref, Ref Stage 34, run, end, 9783589460529530
1787664523.622485, NoOp Chain Depth 128 Size 0 Mode ref, Ref Stage 35, run, start, 9783589460544250
1787664523.622506, NoOp Chain Depth 128 Size 0 Mode ref, Ref Stage 35, run, end, 9783589460565002
1787664523.622520, NoOp Chain Depth 128 Size 0 Mode ref, Ref Stage 36, run, start, 9783589460579578
1787664523.622542, NoOp Chain Depth 128 Size 0 Mode ref, Ref Stage 36, run, end, 9783589460600730
1787664523.622556, NoOp Chain Depth 128 Size 0 Mode ref, Ref Stage 37, run, start, 9783589460615626
1787664523.622578, NoOp Chain Depth 128 Size 0 Mode ref, Ref Stage 37, run, end, 9783589460636954
1787664523.622592, NoOp Chain Depth 128 Size 0 Mode ref, Ref Stage 38, run, start, 9783589460651514
1787664523.622615, NoOp Chain Depth 128 Size 0 Mode ref, Ref Stage 38, run, end, 9783589460674394
1787664523.622630, NoOp Chain Depth 128 Size 0 Mode ref, Ref Stage 39, run, start, 9783589460689370
1787664523.622652, NoOp Chain Depth 128 Size 0 Mode ref, Ref Stage 39, run, end, 9783589460710858
1787664523.622666, NoOp Chain Depth 128 Size 0 Mode ref, Ref Stage 40, run, start, 9783589460725706
1787664523.622688, NoOp Chain Depth 128 Size 0 Mode ref, Ref Stage 40, run, end, 9783589460746698
1787664523.622702, NoOp Chain Depth 128 Size 0 Mode ref, Ref Stage 41, run, start, 9783589460761194
1787664523.622723, NoOp Chain Depth 128 Size 0 Mode ref, Ref Stage 41, run, end, 9783589460782538
1787664523.622738, NoOp Chain Depth 128 Size 0 Mode ref, Ref Stage 42, run, start, 9783589460797274
1787664523.622759, NoOp Chain Depth 128 Size 0 Mode ref, Ref Stage 42, run, end, 9783589460818490
1787664523.622774, NoOp Chain Depth 128 Size 0 Mode ref, Ref Stage 43, run, start, 9783589460833642
1787664523.622796, NoOp Chain Depth 128 Size 0 Mode ref, Ref Stage 43, run, end, 9783589460854698
1787664523.622811, NoOp Chain Depth 128 Size 0 Mode ref, Ref Stage 44, run, start, 9783589460870026
1787664523.622832, NoOp Chain Depth 128 Size 0 Mode ref, Ref Stage 44, run, end, 9783589460890714
1787664523.622846, NoOp Chain Depth 128 Size 0 Mode ref, Ref Stage 45, run, start, 9783589460905530
1787664523.622867, NoOp Chain Depth 128 Size 0 Mode ref, Ref Stage 45, run, end, 9783589460926746
1787664523.622883, NoOp Chain Depth 128 Size 0 Mode ref, Ref Stage 46, run, start, 9783589460941754
1787664523.622903, NoOp Chain Depth 128 Size 0 Mode ref, Ref Stage 46, run, end, 9783589460962458
1787664523.622917, NoOp Chain Depth 128 Size 0 Mode ref, Ref Stage 47, run, start, 9783589460976730
1787664523.622938, NoOp Chain Depth 128 Size 0 Mode ref, Ref Stage 47, run, end, 9783589460997578
1787664523.622956, NoOp Chain Depth 128 Size 0 Mode ref, Ref Stage 48, run, start, 9783589461014986
1787664523.622977, NoOp Chain Depth 128 Size 0 Mode ref, Ref Stage 48, run, end, 9783589461036058
1787664523.622991, NoOp Chain Depth 128 Size 0 Mode ref, Ref Stage 49, run, start, 9783589461050698
1787664523.623014, NoOp Chain Depth 128 Size 0 Mode ref, Ref Stage 49, run, end, 9783589461073450
1787664523.623026, NoOp Chain Depth 128 Size 0 Mode ref, Ref Stage 50, run, start, 9783589461085162
1787664523.623057, NoOp Chain Depth 128 Size 0 Mode ref, Ref Stage 50, run, end, 9783589461116154
1787664523.623071, NoOp Chain Depth 128 Size 0 Mode ref, Ref Stage 51, run, start, 9783589461130762
1787664523.623092, NoOp Chain Depth 128 Size 0 Mode ref, Ref Stage 51, run, end, 9783589461151850
1787664523.623108, NoOp Chain Depth 128 Size 0 Mode ref, Ref Stage 52, run, start, 9783589461167082
1787664523.623129, NoOp Chain Depth 128 Size 0 Mode ref, Ref Stage 52, run, end, 9783589461188602
1787664523.623144, NoOp Chain Depth 128 Size 0 Mode ref, Ref Stage 53, run, start, 9783589461203258
1787664523.623165, NoOp Chain Depth 128 Size 0 Mode ref, Ref Stage 53, run, end, 9783589461224554
1787664523.623180, NoOp Chain Depth 128 Size 0 Mode ref, Ref Stage 54, run, start, 9783589461239242
1787664523.623201, NoOp Chain Depth 128 Size 0 Mode ref, Ref Stage 54, run, end, 9783589461260538
1787664523.623217, NoOp Chain Depth 128 Size 0 Mode ref, Ref Stage 55, run, start, 9783589461276698
1787664523.623240, NoOp Chain Depth 128 Size 0 Mode ref, Ref Stage 55, run, end, 9783589461299658
1787664523.623254, NoOp Chain Depth 128 Size 0 Mode ref, Ref Stage 56, run, start, 9783589461312922
1787664523.623285, NoOp Chain Depth 128 Size 0 Mode ref, Ref Stage 56, run, end, 9783589461344426
1787664523.623300, NoOp Chain Depth 128 Size 0 Mode ref, Ref Stage 57, run, start, 9783589461359258
1787664523.623321, NoOp Chain Depth 128 Size 0 Mode ref, Ref Stage 57, run, end, 9783589461379914
1787664523.623335, NoOp Chain Depth 128 Size 0 Mode ref, Ref Stage 58, run, start, 9783589461394426
1787664523.623357, NoOp Chain Depth 128 Size 0 Mode ref, Ref Stage 58, run, end, 9783589461416378
1787664523.623373, NoOp Chain Depth 128 Size 0 Mode ref, Ref Stage 59, run, start, 9783589461432570
1787664523.623394, NoOp Chain Depth 128 Size 0 Mode ref, Ref Stage 59, run, end, 9783589461453322
1787664523.623408, NoOp Chain Depth 128 Size 0 Mode ref, Ref Stage 60, run, start, 9783589461467898
1787664523.623431, NoOp Chain Depth 128 Size 0 Mode ref, Ref Stage 60, run, end, 9783589461489770
1787664523.623445, NoOp Chain Depth 128 Size 0 Mode ref, Ref Stage 61, run, start, 9783589461505546
1787664523.623467, NoOp Chain Depth 128 Size 0 Mode ref, Ref Stage 61, run, end, 9783589461526410
1787664523.623482, NoOp Chain Depth 128 Size 0 Mode ref, Ref Stage 62, run, start, 9783589461541098
1787664523.623505, NoOp Chain Depth 128 Size 0 Mode ref, Ref Stage 62, run, end, 9783589461564346
1787664523.623520, NoOp Chain Depth 128 Size 0 Mode ref, Ref Stage 63, run, start, 9783589461579178
1787664523.623540, NoOp Chain Depth 128 Size 0 Mode ref, Ref Stage 63, run, end, 9783589461599674
1787664523.623556, NoOp Chain Depth 128 Size 0 Mode ref, Ref Stage 64, run, start, 9783589461614906
1787664523.623577, NoOp Chain Depth 128 Size 0 Mode ref, Ref Stage 64, run, end, 9783589461635802
1787664523.623591, NoOp Chain Depth 128 Size 0 Mode ref, Ref Stage 65, run, start, 9783589461650266
1787664523.623613, NoOp Chain Depth 128 Size 0 Mode ref, Ref Stage 65, run, end, 9783589461672058
1787664523.623627, NoOp Chain Depth 128 Size 0 Mode ref, Ref Stage 66, run, start, 9783589461686586
1787664523.623648, NoOp Chain Depth 128 Size 0 Mode ref, Ref Stage 66, run, end, 9783589461707417
1787664523.623663, NoOp Chain Depth 128 Size 0 Mode ref, Ref Stage 67, run, start, 9783589461722521
1787664523.623684, NoOp Chain Depth 128 Size 0 Mode ref, Ref Stage 67, run, end, 9783589461743305
1787664523.623699, NoOp Chain Depth 128 Size 0 Mode ref, Ref Stage 68, run, start, 9783589461758809
1787664523.623821, NoOp Chain Depth 128 Size 0 Mode ref, Ref Stage 68, run, end, 9783589461880489
1787664523.623834, NoOp Chain Depth 128 Size 0 Mode ref, Ref Stage 69, run, start, 9783589461893273
1787664523.623971, NoOp Chain Depth 128 Size 0 Mode ref, Ref Stage 69, run, end, 9783589462030649
1787664523.623983, NoOp Chain Depth 128 Size 0 Mode ref, Ref Stage 70, run, start, 9783589462042729
1787664523.624015, NoOp Chain Depth 128 Size 0 Mode ref, Ref Stage 70, run, end, 9783589462074089
1787664523.624030, NoOp Chain Depth 128 Size 0 Mode ref, Ref Stage 71, run, start, 9783589462089065
1787664523.624051, NoOp Chain Depth 128 Size 0 Mode ref, Ref Stage 71, run, end, 9783589462110297
1787664523.624066, NoOp Chain Depth 128 Size 0 Mode ref, Ref Stage 72, run, start, 9783589462125177
1787664523.624087, NoOp Chain Depth 128 Size 0 Mode ref, Ref Stage 72, run, end, 9783589462146073
1787664523.624102, NoOp Chain Depth 128 Size 0 Mode ref, Ref Stage 73, run, start, 9783589462160953
1787664523.624123, NoOp Chain Depth 128 Size 0 Mode ref, Ref Stage 73, run, end, 9783589462181849
1787664523.624137, NoOp Chain Depth 128 Size 0 Mode ref, Ref Stage 74, run, start, 9783589462196297
1787664523.624158, NoOp Chain Depth 128 Size 0 Mode ref, Ref Stage 74, run, end, 9783589462217145
1787664523.624174, NoOp Chain Depth 128 Size 0 Mode ref, Ref Stage 75, run, start, 9783589462233353
1787664523.624197, NoOp Chain Depth 128 Size 0 Mode ref, Ref Stage 75, run, end, 9783589462255769
1787664523.624209, NoOp Chain Depth 128 Size 0 Mode ref, Ref Stage 76, run, start, 9783589462268441
1787664523.624240, NoOp Chain Depth 128 Size 0 Mode ref, Ref Stage 76, run, end, 9783589462299513
1787664523.624255, NoOp Chain Depth 128 Size 0 Mode ref, Ref Stage 77, run, start, 9783589462314281
1787664523.624276, NoOp Chain Depth 128 Size 0 Mode ref, Ref Stage 77, run, end, 9783589462334969
1787664523.624290, NoOp Chain Depth 128 Size 0 Mode ref, Ref Stage 78, run, start, 9783589462349849
1787664523.624311, NoOp Chain Depth 128 Size 0 Mode ref, Ref Stage 78, run, end, 9783589462370857
1787664523.624328, NoOp Chain Depth 128 Size 0 Mode ref, Ref Stage 79, run, start, 9783589462387737
1787664523.624349, NoOp Chain Depth 128 Size 0 Mode ref, Ref Stage 79, run, end, 9783589462408777
1787664523.624366, NoOp Chain Depth 128 Size 0 Mode ref, Ref Stage 80, run, start, 9783589462426233
1787664523.624389, NoOp Chain Depth 128 Size 0 Mode ref, Ref Stage 80, run, end, 9783589462448697
1787664523.624404, NoOp Chain Depth 128 Size 0 Mode ref, Ref Stage 81, run, start, 9783589462463193
1787664523.624427, NoOp Chain Depth 128 Size 0 Mode ref, Ref Stage 81, run, end, 9783589462486537
1787664523.624442, NoOp Chain Depth 128 Size 0 Mode ref, Ref Stage 82, run, start, 9783589462501033
1787664523.624462, NoOp Chain Depth 128 Size 0 Mode ref, Ref Stage 82, run, end, 9783589462521433
1787664523.624476, NoOp Chain Depth 128 Size 0 Mode ref, Ref Stage 83, run, start, 9783589462535721
1787664523.624497, NoOp Chain Depth 128 Size 0 Mode ref, Ref Stage 83, run, end, 9783589462556201
1787664523.624512, NoOp Chain Depth 128 Size 0 Mode ref, Ref Stage 84, run, start, 9783589462571897
1787664523.624533, NoOp Chain Depth 128 Size 0 Mode ref, Ref Stage 84, run, end, 9783589462592553
1787664523.624548, NoOp Chain Depth 128 Size 0 Mode ref, Ref Stage 85, run, start, 9783589462607257
1787664523.624569, NoOp Chain Depth 128 Size 0 Mode ref, Ref Stage 85, run, end, 9783589462628041
1787664523.624583, NoOp Chain Depth 128 Size 0 Mode ref, Ref Stage 86, run, start, 9783589462642457
1787664523.624609, NoOp Chain Depth 128 Size 0 Mode ref, Ref Stage 86, run, end, 9783589462668073
1787664523.624622, NoOp Chain Depth 128 Size 0 Mode ref, Ref Stage 87, run, start, 9783589462681577
1787664523.624653, NoOp Chain Depth 128 Size 0 Mode ref, Ref Stage 87, run, end, 9783589462712633
1787664523.624668, NoOp Chain Depth 128 Size 0 Mode ref, Ref Stage 88, run, start, 9783589462727385
1787664523.624689, NoOp Chain Depth 128 Size 0 Mode ref, Ref Stage 88, run, end, 9783589462748521
1787664523.624705, NoOp Chain Depth 128 Size 0 Mode ref, Ref Stage 89, run, start, 9783589462763817
1787664523.624726, NoOp Chain Depth 128 Size 0 Mode ref, Ref Stage 89, run, end, 9783589462785433
1787664523.624742, NoOp Chain Depth 128 Size 0 Mode ref, Ref Stage 90, run, start, 9783589462801433
1787664523.624763, NoOp Chain Depth 128 Size 0 Mode ref, Ref Stage 90, run, end, 9783589462821769
1787664523.624777, NoOp Chain Depth 128 Size 0 Mode ref, Ref Stage 91, run, start, 9783589462836297
1787664523.625182, NoOp Chain Depth 128 Size 0 Mode ref, Ref Stage 91, run, end, 9783589463242072
1787664523.625304, NoOp Chain Depth 128 Size 0 Mode ref, Ref Stage 92, run, start, 9783589463364184
1787664523.625328, NoOp Chain Depth 128 Size 0 Mode ref, Ref Stage 92, run, end, 9783589463387512
1787664523.625344, NoOp Chain Depth 128 Size 0 Mode ref, Ref Stage 93, run, start, 9783589463402728
1787664523.625365, NoOp Chain Depth 128 Size 0 Mode ref, Ref Stage 93, run, end, 9783589463423832
1787664523.625379, NoOp Chain Depth 128 Size 0 Mode ref, Ref Stage 94, run, start, 9783589463438504
1787664523.625400, NoOp Chain Depth 128 Size 0 Mode ref, Ref Stage 94, run, end, 9783589463459096
1787664523.625415, NoOp Chain Depth 128 Size 0 Mode ref, Ref Stage 95, run, start, 9783589463473864
1787664523.625436, NoOp Chain Depth 128 Size 0 Mode ref, Ref Stage 95, run, end, 9783589463494952
1787664523.625451, NoOp Chain Depth 128 Size 0 Mode ref, Ref Stage 96, run, start, 9783589463509656
1787664523.625473, NoOp Chain Depth 128 Size 0 Mode ref, Ref Stage 96, run, end, 9783589463532792
1787664523.625485, NoOp Chain Depth 128 Size 0 Mode ref, Ref Stage 97, run, start, 9783589463544376
1787664523.625516, NoOp Chain Depth 128 Size 0 Mode ref, Ref Stage 97, run, end, 9783589463575384
1787664523.625531, NoOp Chain Depth 128 Size 0 Mode ref, Ref Stage 98, run, start, 9783589463590136
1787664523.625553, NoOp Chain Depth 128 Size 0 Mode ref, Ref Stage 98, run, end, 9783589463612312
1787664523.625568, NoOp Chain Depth 128 Size 0 Mode ref, Ref Stage 99, run, start, 9783589463627032
1787664523.625590, NoOp Chain Depth 128 Size 0 Mode ref, Ref Stage 99, run, end, 9783589463648664
1787664523.625604, NoOp Chain Depth 128 Size 0 Mode ref, Ref Stage 100, run, start, 9783589463663352
1787664523.625627, NoOp Chain Depth 128 Size 0 Mode ref, Ref Stage 100, run, end, 9783589463685976
1787664523.625642, NoOp Chain Depth 128 Size 0 Mode ref, Ref Stage 101, run, start, 9783589463701672
1787664523.625664, NoOp Chain Depth 128 Size 0 Mode ref, Ref Stage 101, run, end, 9783589463722568
1787664523.625678, NoOp Chain Depth 128 Size 0 Mode ref, Ref Stage 102, run, start, 9783589463736888
1787664523.625699, NoOp Chain Depth 128 Size 0 Mode ref, Ref Stage 102, run, end, 9783589463758584
1787664523.625714, NoOp Chain Depth 128 Size 0 Mode ref, Ref Stage 103, run, start, 9783589463773048
1787664523.625734, NoOp Chain Depth 128 Size 0 Mode ref, Ref Stage 103, run, end, 9783589463793448
1787664523.625749, NoOp Chain Depth 128 Size 0 Mode ref, Ref Stage 104, run, start, 9783589463807992
1787664523.625770, NoOp Chain Depth 128 Size 0 Mode ref, Ref Stage 104, run, end, 9783589463828952
1787664523.625784, NoOp Chain Depth 128 Size 0 Mode ref, Ref Stage 105, run, start, 9783589463843368
1787664523.625807, NoOp Chain Depth 128 Size 0 Mode ref, Ref Stage 105, run, end, 9783589463866424
1787664523.625819, NoOp Chain Depth 128 Size 0 Mode ref, Ref Stage 106, run, start, 9783589463877912
1787664523.625849, NoOp Chain Depth 128 Size 0 Mode ref, Ref Stage 106, run, end, 9783589463908552
1787664523.625865, NoOp Chain Depth 128 Size 0 Mode ref, Ref Stage 107, run, start, 9783589463924408
1787664523.625890, NoOp Chain Depth 128 Size 0 Mode ref, Ref Stage 107, run, end, 9783589463949688
1787664523.625902, NoOp Chain Depth 128 Size 0 Mode ref, Ref Stage 108, run, start, 9783589463961352
1787664523.625935, NoOp Chain Depth 128 Size 0 Mode ref, Ref Stage 108, run, end, 9783589463994232
1787664523.625952, NoOp Chain Depth 128 Size 0 Mode ref, Ref Stage 109, run, start, 9783589464011224
1787664523.625974, NoOp Chain Depth 128 Size 0 Mode ref, Ref Stage 109, run, end, 9783589464033000
1787664523.625988, NoOp Chain Depth 128 Size 0 Mode ref, Ref Stage 110, run, start, 9783589464047768
1787664523.626009, NoOp Chain Depth 128 Size 0 Mode ref, Ref Stage 110, run, end, 9783589464068552
1787664523.626024, NoOp Chain Depth 128 Size 0 Mode ref, Ref Stage 111, run, start, 9783589464083048
1787664523.626046, NoOp Chain Depth 128 Size 0 Mode ref, Ref Stage 111, run, end, 9783589464104904
1787664523.626060, NoOp Chain Depth 128 Size 0 Mode ref, Ref Stage 112, run, start, 9783589464119656
1787664523.626081, NoOp Chain Depth 128 Size 0 Mode ref, Ref Stage 112, run, end, 9783589464140264
1787664523.626097, NoOp Chain Depth 128 Size 0 Mode ref, Ref Stage 113, run, start, 9783589464156008
1787664523.626119, NoOp Chain Depth 128 Size 0 Mode ref, Ref Stage 113, run, end, 9783589464178104
1787664523.626133, NoOp Chain Depth 128 Size 0 Mode ref, Ref Stage 114, run, start, 9783589464192744
1787664523.626155, NoOp Chain Depth 128 Size 0 Mode ref, Ref Stage 114, run, end, 9783589464213928
1787664523.626169, NoOp Chain Depth 128 Size 0 Mode ref, Ref Stage 115, run, start, 9783589464228552
1787664523.626190, NoOp Chain Depth 128 Size 0 Mode ref, Ref Stage 115, run, end, 9783589464249272
1787664523.626205, NoOp Chain Depth 128 Size 0 Mode ref, Ref Stage 116, run, start, 9783589464263992
1787664523.626225, NoOp Chain Depth 128 Size 0 Mode ref, Ref Stage 116, run, end, 9783589464284680
1787664523.626240, NoOp Chain Depth 128 Size 0 Mode ref, Ref Stage 117, run, start, 9783589464299128
1787664523.626261, NoOp Chain Depth 128 Size 0 Mode ref, Ref Stage 117, run, end, 9783589464320040
1787664523.626276, NoOp Chain Depth 128 Size 0 Mode ref, Ref Stage 118, run, start, 9783589464334840
1787664523.626302, NoOp Chain Depth 128 Size 0 Mode ref, Ref Stage 118, run, end, 9783589464361464
1787664523.626314, NoOp Chain Depth 128 Size 0 Mode ref, Ref Stage 119, run, start, 9783589464373208
1787664523.626345, NoOp Chain Depth 128 Size 0 Mode ref, Ref Stage 119, run, end, 9783589464404328
1787664523.626360, NoOp Chain Depth 128 Size 0 Mode ref, Ref Stage 120, run, start, 9783589464419016
1787664523.626380, NoOp Chain Depth 128 Size 0 Mode ref, Ref Stage 120, run, end, 9783589464439736
1787664523.626397, NoOp Chain Depth 128 Size 0 Mode ref, Ref Stage 121, run, start, 9783589464456504
1787664523.626418, NoOp Chain Depth 128 Size 0 Mode ref, Ref Stage 121, run, end, 9783589464477128
1787664523.626432, NoOp Chain Depth 128 Size 0 Mode ref, Ref Stage 122, run, start, 9783589464491544
1787664523.626759, NoOp Chain Depth 128 Size 0 Mode ref, Ref Stage 122, run, end, 9783589464819143
1787664523.626881, NoOp Chain Depth 128 Size 0 Mode ref, Ref Stage 123, run, start, 9783589464940423
1787664523.626904, NoOp Chain Depth 128 Size 0 Mode ref, Ref Stage 123, run, end, 9783589464962951
1787664523.626919, NoOp Chain Depth 128 Size 0 Mode ref, Ref Stage 124, run, start, 9783589464977831
1787664523.626940, NoOp Chain Depth 128 Size 0 Mode ref, Ref Stage 124, run, end, 9783589464999207
1787664523.626957, NoOp Chain Depth 128 Size 0 Mode ref, Ref Stage 125, run, start, 9783589465016199
1787664523.626978, NoOp Chain Depth 128 Size 0 Mode ref, Ref Stage 125, run, end, 9783589465037399
1787664523.626993, NoOp Chain Depth 128 Size 0 Mode ref, Ref Stage 126, run, start, 9783589465052007
1787664523.627014, NoOp Chain Depth 128 Size 0 Mode ref, Ref Stage 126, run, end, 9783589465073191
1787664523.627029, NoOp Chain Depth 128 Size 0 Mode ref, Ref Stage 127, run, start, 9783589465088247
1787664523.627050, NoOp Chain Depth 128 Size 0 Mode ref, Ref Stage 127, run, end, 9783589465109303
1787664523.627066, NoOp Chain Depth 128 Size 0 Mode ref, pipeline - train, run, end, 65570841396292075934179445367818220887, 1787664523.618234, 12, 1, 9783589465124951
1787664523.627104, NoOp Chain Depth 128 Size 0 Mode ref, pipeline - train, run, start, 150461810171920138772334843122684428130, 1787664523.627092, 13, 1, 9783589465163287
1787664523.627131, NoOp Chain Depth 128 Size 0 Mode ref, Ref Stage 0, run, start, 9783589465190183
1787664523.627153, NoOp Chain Depth 128 Size 0 Mode ref, Ref Stage 0, run, end, 9783589465211767
1787664523.627168, NoOp Chain Depth 128 Size 0 Mode ref, Ref Stage 1, run, start, 9783589465226887
1787664523.627189, NoOp Chain Depth 128 Size 0 Mode ref, Ref Stage 1, run, end, 9783589465248199
1787664523.627204, NoOp Chain Depth 128 Size 0 Mode ref, Ref Stage 2, run, start, 9783589465263047
1787664523.627225, NoOp Chain Depth 128 Size 0 Mode ref, Ref Stage 2, run, end, 9783589465284167
1787664523.627240, NoOp Chain Depth 128 Size 0 Mode ref, Ref Stage 3, run, start, 9783589465298807
1787664523.627264, NoOp Chain Depth 128 Size 0 Mode ref, Ref Stage 3, run, end, 9783589465323047
1787664523.627279, NoOp Chain Depth 128 Size 0 Mode ref, Ref Stage 4, run, start, 9783589465337959
1787664523.627301, NoOp Chain Depth 128 Size 0 Mode ref, Ref Stage 4, run, end, 9783589465360151
1787664523.627316, NoOp Chain Depth 128 Size 0 Mode ref, Ref Stage 5, run, start, 9783589465375191
1787664523.627338, NoOp Chain Depth 128 Size 0 Mode ref, Ref Stage 5, run, end, 9783589465397639
1787664523.627351, NoOp Chain Depth 128 Size 0 Mode ref, Ref Stage 6, run, start, 9783589465410695
1787664523.627383, NoOp Chain Depth 128 Size 0 Mode ref, Ref Stage 6, run, end, 9783589465442215
1787664523.627398, NoOp Chain Depth 128 Size 0 Mode ref, Ref Stage 7, run, start, 9783589465457079
1787664523.627419, NoOp Chain Depth 128 Size 0 Mode ref, Ref Stage 7, run, end, 9783589465478055
1787664523.627515, NoOp Chain Depth 128 Size 0 Mode ref, Ref Stage 8, run, start, 9783589465575015
1787664523.627539, NoOp Chain Depth 128 Size 0 Mode ref, Ref Stage 8, run, end, 9783589465598263
1787664523.628042, NoOp Chain Depth 128 Size 0 Mode ref, Ref Stage 9, run, start, 9783589466101751
1787664523.628069, NoOp Chain Depth 128 Size 0 Mode ref, Ref Stage 9, run, end, 9783589466128759
1787664523.628085, NoOp Chain Depth 128 Size 0 Mode ref, Ref Stage 10, run, start, 9783589466144551
1787664523.628107, NoOp Chain Depth 128 Size 0 Mode ref, Ref Stage 10, run, end, 9783589466166327
1787664523.628122, NoOp Chain Depth 128 Size 0 Mode ref, Ref Stage 11, run, start, 9783589466181095
1787664523.628145, NoOp Chain Depth 128 Size 0 Mode ref, Ref Stage 11, run, end, 9783589466204055
1787664523.628157, NoOp Chain Depth 128 Size 0 Mode ref, Ref Stage 12, run, start, 9783589466216343
1787664523.628191, NoOp Chain Depth 128 Size 0 Mode ref, Ref Stage 12, run, end, 9783589466250774
1787664523.628206, NoOp Chain Depth 128 Size 0 Mode ref, Ref Stage 13, run, start, 9783589466265718
1787664523.628230, NoOp Chain Depth 128 Size 0 Mode ref, Ref Stage 13, run, end, 9783589466288822
1787664523.628241, NoOp Chain Depth 128 Size 0 Mode ref, Ref Stage 14, run, start, 9783589466300726
1787664523.628275, NoOp Chain Depth 128 Size 0 Mode ref, Ref Stage 14, run, end, 9783589466334214
1787664523.628289, NoOp Chain Depth 128 Size 0 Mode ref, Ref Stage 15, run, start, 9783589466348790
1787664523.628311, NoOp Chain Depth 128 Size 0 Mode ref, Ref Stage 15, run, end, 9783589466370054
1787664523.628325, NoOp Chain Depth 128 Size 0 Mode ref, Ref Stage 16, run, start, 9783589466384406
1787664523.628346, NoOp Chain Depth 128 Size 0 Mode ref, Ref Stage 16, run, end, 9783589466405686
1787664523.628362, NoOp Chain Depth 128 Size 0 Mode ref, Ref Stage 17, run, start, 9783589466422182
1787664523.628390, NoOp Chain Depth 128 Size 0 Mode ref, Ref Stage 17, run, end, 9783589466449542
1787664523.628402, NoOp Chain Depth 128 Size 0 Mode ref, Ref Stage 18, run, start, 9783589466461350
1787664523.628434, NoOp Chain Depth 128 Size 0 Mode ref, Ref Stage 18, run, end, 9783589466492870
1787664523.628449, NoOp Chain Depth 128 Size 0 Mode ref, Ref Stage 19, run, start, 9783589466508406
1787664523.628472, NoOp Chain Depth 128 Size 0 Mode ref, Ref Stage 19, run, end, 9783589466531126
1787664523.628485, NoOp Chain Depth 128 Size 0 Mode ref, Ref Stage 20, run, start, 9783589466544278
1787664523.628518, NoOp Chain Depth 128 Size 0 Mode ref, Ref Stage 20, run, end, 9783589466577110
1787664523.628532, NoOp Chain Depth 128 Size 0 Mode ref, Ref Stage 21, run, start, 9783589466591734
1787664523.628554, NoOp Chain Depth 128 Size 0 Mode ref, Ref Stage 21, run, end, 9783589466612854
1787664523.628569, NoOp Chain Depth 128 Size 0 Mode ref, Ref Stage 22, run, start, 9783589466627846
1787664523.628592, NoOp Chain Depth 128 Size 0 Mode ref, Ref Stage 22, run, end, 9783589466651158
1787664523.628607, NoOp Chain Depth 128 Size 0 Mode ref, Ref Stage 23, run, start, 9783589466665878
1787664523.628629, NoOp Chain Depth 128 Size 0 Mode ref, Ref Stage 23, run, end, 9783589466688310
1787664523.628640, NoOp Chain Depth 128 Size 0 Mode ref, Ref Stage 24, run, start, 9783589466699926
1787664523.628982, NoOp Chain Depth 128 Size 0 Mode ref, Ref Stage 24, run, end, 9783589467041686
1787664523.629094, NoOp Chain Depth 128 Size 0 Mode ref, Ref Stage 25, run, start, 9783589467153446
1787664523.629117, NoOp Chain Depth 128 Size 0 Mode ref, Ref Stage 25, run, end, 9783589467175606
1787664523.629132, NoOp Chain Depth 128 Size 0 Mode ref, Ref Stage 26, run, start, 9783589467190838
1787664523.629153, NoOp Chain Depth 128 Size 0 Mode ref, Ref Stage 26, run, end, 9783589467211942
1787664523.629168, NoOp Chain Depth 128 Size 0 Mode ref, Ref Stage 27, run, start, 9783589467226854
1787664523.629189, NoOp Chain Depth 128 Size 0 Mode ref, Ref Stage 27, run, end, 9783589467247958
1787664523.629204, NoOp Chain Depth 128 Size 0 Mode ref, Ref Stage 28, run, start, 9783589467262694
1787664523.629225, NoOp Chain Depth 128 Size 0 Mode ref, Ref Stage 28, run, end, 9783589467283510
1787664523.629239, NoOp Chain Depth 128 Size 0 Mode ref, Ref Stage 29, run, start, 9783589467298294
1787664523.629260, NoOp Chain Depth 128 Size 0 Mode ref, Ref Stage 29, run, end, 9783589467319222
1787664523.629275, NoOp Chain Depth 128 Size 0 Mode ref, Ref Stage 30, run, start, 9783589467333974
1787664523.630953, NoOp Chain Depth 128 Size 0 Mode ref, Ref Stage 30, run, end, 9783589469013157
1787664523.630973, NoOp Chain Depth 128 Size 0 Mode ref, Ref Stage 31, run, start, 9783589469032853
1787664523.630996, NoOp Chain Depth 128 Size 0 Mode ref, Ref Stage 31, run, end, 9783589469055813
1787664523.631011, NoOp Chain Depth 128 Size 0 Mode ref, Ref Stage 32, run, start, 9783589469070997
1787664523.631037, NoOp Chain Depth 128 Size 0 Mode ref, Ref Stage 32, run, end, 9783589469096165
1787664523.631425, NoOp Chain Depth 128 Size 0 Mode ref, Ref Stage 33, run, start, 9783589469484404
1787664523.631447, NoOp Chain Depth 128 Size 0 Mode ref, Ref Stage 33, run, end, 9783589469506580
1787664523.631462, NoOp Chain Depth 128 Size 0 Mode ref, Ref Stage 34, run, start, 9783589469521556
1787664523.631483, NoOp Chain Depth 128 Size 0 Mode ref, Ref Stage 34, run, end, 9783589469542596
1787664523.631498, NoOp Chain Depth 128 Size 0 Mode ref, Ref Stage 35, run, start, 9783589469557140
1787664523.631519, NoOp Chain Depth 128 Size 0 Mode ref, Ref Stage 35, run, end, 9783589469578116
1787664523.631534, NoOp Chain Depth 128 Size 0 Mode ref, Ref Stage 36, run, start, 9783589469593668
1787664523.631555, NoOp Chain Depth 128 Size 0 Mode ref, Ref Stage 36, run, end, 9783589469614532
1787664523.631570, NoOp Chain Depth 128 Size 0 Mode ref, Ref Stage 37, run, start, 9783589469629236
1787664523.631591, NoOp Chain Depth 128 Size 0 Mode ref, Ref Stage 37, run, end, 9783589469650068
1787664523.631605, NoOp Chain Depth 128 Size 0 Mode ref, Ref Stage 38, run, start, 9783589469664628
1787664523.631626, NoOp Chain Depth 128 Size 0 Mode ref, Ref Stage 38, run, end, 9783589469685492
1787664523.631641, NoOp Chain Depth 128 Size 0 Mode ref, Ref Stage 39, run, start, 9783589469700196
1787664523.631662, NoOp Chain Depth 128 Size 0 Mode ref, Ref Stage 39, run, end, 9783589469721172
1787664523.631676, NoOp Chain Depth 128 Size 0 Mode ref, Ref Stage 40, run, start, 9783589469735716
1787664523.631697, NoOp Chain Depth 128 Size 0 Mode ref, Ref Stage 40, run, end, 9783589469756324
1787664523.631712, NoOp Chain Depth 128 Size 0 Mode ref, Ref Stage 41, run, start, 9783589469770916
1787664523.631732, NoOp Chain Depth 128 Size 0 Mode ref, Ref Stage 41, run, end, 9783589469791732
1787664523.631747, NoOp Chain Depth 128 Size 0 Mode ref, Ref Stage 42, run, start, 9783589469806260
1787664523.631768, NoOp Chain Depth 128 Size 0 Mode ref, Ref Stage 42, run, end, 9783589469826900
1787664523.631782, NoOp Chain Depth 128 Size 0 Mode ref, Ref Stage 43, run, start, 9783589469841428
1787664523.631803, NoOp Chain Depth 128 Size 0 Mode ref, Ref Stage 43, run, end, 9783589469862244
1787664523.631818, NoOp Chain Depth 128 Size 0 Mode ref, Ref Stage 44, run, start, 9783589469876996
1787664523.631839, NoOp Chain Depth 128 Size 0 Mode ref, Ref Stage 44, run, end, 9783589469898020
1787664523.631854, NoOp Chain Depth 128 Size 0 Mode ref, Ref Stage 45, run, start, 9783589469912644
1787664523.631874, NoOp Chain Depth 128 Size 0 Mode ref, Ref Stage 45, run, end, 9783589469933220
1787664523.631889, NoOp Chain Depth 128 Size 0 Mode ref, Ref Stage 46, run, start, 9783589469947940
1787664523.631910, NoOp Chain Depth 128 Size 0 Mode ref, Ref Stage 46, run, end, 9783589469968708
1787664523.631924, NoOp Chain Depth 128 Size 0 Mode ref, Ref Stage 47, run, start, 9783589469983396
1787664523.631947, NoOp Chain Depth 128 Size 0 Mode ref, Ref Stage 47, run, end, 9783589470006292
1787664523.631963, NoOp Chain Depth 128 Size 0 Mode ref, Ref Stage 48, run, start, 9783589470021828
1787664523.631984, NoOp Chain Depth 128 Size 0 Mode ref, Ref Stage 48, run, end, 9783589470043188
1787664523.631999, NoOp Chain Depth 128 Size 0 Mode ref, Ref Stage 49, run, start, 9783589470057604
1787664523.632021, NoOp Chain Depth 128 Size 0 Mode ref, Ref Stage 49, run, end, 9783589470080340
1787664523.632033, NoOp Chain Depth 128 Size 0 Mode ref, Ref Stage 50, run, start, 9783589470092212
1787664523.632064, NoOp Chain Depth 128 Size 0 Mode ref, Ref Stage 50, run, end, 9783589470123284
1787664523.632079, NoOp Chain Depth 128 Size 0 Mode ref, Ref Stage 51, run, start, 9783589470138148
1787664523.632100, NoOp Chain Depth 128 Size 0 Mode ref, Ref Stage 51, run, end, 9783589470158868
1787664523.632114, NoOp Chain Depth 128 Size 0 Mode ref, Ref Stage 52, run, start, 9783589470173604
1787664523.632175, NoOp Chain Depth 128 Size 0 Mode ref, Ref Stage 52, run, end, 9783589470234964
1787664523.632188, NoOp Chain Depth 128 Size 0 Mode ref, Ref Stage 53, run, start, 9783589470247604
1787664523.632326, NoOp Chain Depth 128 Size 0 Mode ref, Ref Stage 53, run, end, 9783589470385028
1787664523.632342, NoOp Chain Depth 128 Size 0 Mode ref, Ref Stage 54, run, start, 9783589470401172
1787664523.632364, NoOp Chain Depth 128 Size 0 Mode ref, Ref Stage 54, run, end, 9783589470422660
1787664523.632774, NoOp Chain Depth 128 Size 0 Mode ref, Ref Stage 55, run, start, 9783589470833987
1787664523.632800, NoOp Chain Depth 128 Size 0 Mode ref, Ref Stage 55, run, end, 9783589470859619
1787664523.632812, NoOp Chain Depth 128 Size 0 Mode ref, Ref Stage 56, run, start, 9783589470871811
1787664523.632845, NoOp Chain Depth 128 Size 0 Mode ref, Ref Stage 56, run, end, 9783589470904483
1787664523.632860, NoOp Chain Depth 128 Size 0 Mode ref, Ref Stage 57, run, start, 9783589470919539
1787664523.632882, NoOp Chain Depth 128 Size 0 Mode ref, Ref Stage 57, run, end, 9783589470940915
1787664523.632896, NoOp Chain Depth 128 Size 0 Mode ref, Ref Stage 58, run, start, 9783589470955667
1787664523.632918, NoOp Chain Depth 128 Size 0 Mode ref, Ref Stage 58, run, end, 9783589470977523
1787664523.632933, NoOp Chain Depth 128 Size 0 Mode ref, Ref Stage 59, run, start, 9783589470992451
1787664523.633122, NoOp Chain Depth 128 Size 0 Mode ref, Ref Stage 59, run, end, 9783589471181107
1787664523.633138, NoOp Chain Depth 128 Size 0 Mode ref, Ref Stage 60, run, start, 9783589471196915
1787664523.633159, NoOp Chain Depth 128 Size 0 Mode ref, Ref Stage 60, run, end, 9783589471218099
1787664523.633174, NoOp Chain Depth 128 Size 0 Mode ref, Ref Stage 61, run, start, 9783589471233075
1787664523.633195, NoOp Chain Depth 128 Size 0 Mode ref, Ref Stage 61, run, end, 9783589471254259
1787664523.633209, NoOp Chain Depth 128 Size 0 Mode ref, Ref Stage 62, run, start, 9783589471268643
1787664523.633231, NoOp Chain Depth 128 Size 0 Mode ref, Ref Stage 62, run, end, 9783589471289971
1787664523.633245, NoOp Chain Depth 128 Size 0 Mode ref, Ref Stage 63, run, start, 9783589471304691
1787664523.633266, NoOp Chain Depth 128 Size 0 Mode ref, Ref Stage 63, run, end, 9783589471325939
1787664523.633283, NoOp Chain Depth 128 Size 0 Mode ref, Ref Stage 64, run, start, 9783589471341747
1787664523.633304, NoOp Chain Depth 128 Size 0 Mode ref, Ref Stage 64, run, end, 9783589471363043
1787664523.633319, NoOp Chain Depth 128 Size 0 Mode ref, Ref Stage 65, run, start, 9783589471377843
1787664523.633343, NoOp Chain Depth 128 Size 0 Mode ref, Ref Stage 65, run, end, 9783589471402387
1787664523.633358, NoOp Chain Depth 128 Size 0 Mode ref, Ref Stage 66, run, start, 9783589471417107
1787664523.633380, NoOp Chain Depth 128 Size 0 Mode ref, Ref Stage 66, run, end, 9783589471439171
1787664523.633395, NoOp Chain Depth 128 Size 0 Mode ref, Ref Stage 67, run, start, 9783589471453779
1787664523.633415, NoOp Chain Depth 128 Size 0 Mode ref, Ref Stage 67, run, end, 9783589471474419
1787664523.633430, NoOp Chain Depth 128 Size 0 Mode ref, Ref Stage 68, run, start, 9783589471489139
1787664523.633985, NoOp Chain Depth 128 Size 0 Mode ref, Ref Stage 68, run, end, 9783589472045427
1787664523.634110, NoOp Chain Depth 128 Size 0 Mode ref, Ref Stage 69, run, start, 9783589472169267
1787664523.634134, NoOp Chain Depth 128 Size 0 Mode ref, Ref Stage 69, run, end, 9783589472193043
1787664523.634149, NoOp Chain Depth 128 Size 0 Mode ref, Ref Stage 70, run, start, 9783589472208307
1787664523.634171, NoOp Chain Depth 128 Size 0 Mode ref, Ref Stage 70, run, end, 9783589472229907
1787664523.634186, NoOp Chain Depth 128 Size 0 Mode ref, Ref Stage 71, run, start, 9783589472244707
1787664523.634207, NoOp Chain Depth 128 Size 0 Mode ref, Ref Stage 71, run, end, 9783589472265699
1787664523.634221, NoOp Chain Depth 128 Size 0 Mode ref, Ref Stage 72, run, start, 9783589472280083
1787664523.634242, NoOp Chain Depth 128 Size 0 Mode ref, Ref Stage 72, run, end, 9783589472301091
1787664523.634257, NoOp Chain Depth 128 Size 0 Mode ref, Ref Stage 73, run, start, 9783589472315891
1787664523.634278, NoOp Chain Depth 128 Size 0 Mode ref, Ref Stage 73, run, end, 9783589472337298
1787664523.634295, NoOp Chain Depth 128 Size 0 Mode ref, Ref Stage 74, run, start, 9783589472353986
1787664523.634316, NoOp Chain Depth 128 Size 0 Mode ref, Ref Stage 74, run, end, 9783589472375410
1787664523.634331, NoOp Chain Depth 128 Size 0 Mode ref, Ref Stage 75, run, start, 9783589472390210
1787664523.634352, NoOp Chain Depth 128 Size 0 Mode ref, Ref Stage 75, run, end, 9783589472411186
1787664523.634368, NoOp Chain Depth 128 Size 0 Mode ref, Ref Stage 76, run, start, 9783589472427570
1787664523.634391, NoOp Chain Depth 128 Size 0 Mode ref, Ref Stage 76, run, end, 9783589472451330
1787664523.634404, NoOp Chain Depth 128 Size 0 Mode ref, Ref Stage 77, run, start, 9783589472463186
1787664523.634437, NoOp Chain Depth 128 Size 0 Mode ref, Ref Stage 77, run, end, 9783589472496034
1787664523.634451, NoOp Chain Depth 128 Size 0 Mode ref, Ref Stage 78, run, start, 9783589472511074
1787664523.634473, NoOp Chain Depth 128 Size 0 Mode ref, Ref Stage 78, run, end, 9783589472532274
1787664523.634488, NoOp Chain Depth 128 Size 0 Mode ref, Ref Stage 79, run, start, 9783589472546706
1787664523.634508, NoOp Chain Depth 128 Size 0 Mode ref, Ref Stage 79, run, end, 9783589472567474
1787664523.634523, NoOp Chain Depth 128 Size 0 Mode ref, Ref Stage 80, run, start, 9783589472582114
1787664523.634544, NoOp Chain Depth 128 Size 0 Mode ref, Ref Stage 80, run, end, 9783589472603042
1787664523.634558, NoOp Chain Depth 128 Size 0 Mode ref, Ref Stage 81, run, start, 9783589472617794
1787664523.634580, NoOp Chain Depth 128 Size 0 Mode ref, Ref Stage 81, run, end, 9783589472639586
1787664523.634595, NoOp Chain Depth 128 Size 0 Mode ref, Ref Stage 82, run, start, 9783589472654274
1787664523.634616, NoOp Chain Depth 128 Size 0 Mode ref, Ref Stage 82, run, end, 9783589472675042
1787664523.634630, NoOp Chain Depth 128 Size 0 Mode ref, Ref Stage 83, run, start, 9783589472689474
1787664523.634652, NoOp Chain Depth 128 Size 0 Mode ref, Ref Stage 83, run, end, 9783589472711490
1787664523.634667, NoOp Chain Depth 128 Size 0 Mode ref, Ref Stage 84, run, start, 9783589472726562
1787664523.634688, NoOp Chain Depth 128 Size 0 Mode ref, Ref Stage 84, run, end, 9783589472747410
1787664523.634703, NoOp Chain Depth 128 Size 0 Mode ref, Ref Stage 85, run, start, 9783589472762018
1787664523.634725, NoOp Chain Depth 128 Size 0 Mode ref, Ref Stage 85, run, end, 9783589472784130
1787664523.634741, NoOp Chain Depth 128 Size 0 Mode ref, Ref Stage 86, run, start, 9783589472799858
1787664523.634764, NoOp Chain Depth 128 Size 0 Mode ref, Ref Stage 86, run, end, 9783589472823378
1787664523.634776, NoOp Chain Depth 128 Size 0 Mode ref, Ref Stage 87, run, start, 9783589472834882
1787664523.634808, NoOp Chain Depth 128 Size 0 Mode ref, Ref Stage 87, run, end, 9783589472867058
1787664523.634819, NoOp Chain Depth 128 Size 0 Mode ref, Ref Stage 88, run, start, 9783589472878498
1787664523.634851, NoOp Chain Depth 128 Size 0 Mode ref, Ref Stage 88, run, end, 9783589472910402
1787664523.634866, NoOp Chain Depth 128 Size 0 Mode ref, Ref Stage 89, run, start, 9783589472925650
1787664523.634887, NoOp Chain Depth 128 Size 0 Mode ref, Ref Stage 89, run, end, 9783589472946386
1787664523.634902, NoOp Chain Depth 128 Size 0 Mode ref, Ref Stage 90, run, start, 9783589472961410
1787664523.635230, NoOp Chain Depth 128 Size 0 Mode ref, Ref Stage 90, run, end, 9783589473290050
1787664523.635349, NoOp Chain Depth 128 Size 0 Mode ref, Ref Stage 91, run, start, 9783589473408770
1787664523.635372, NoOp Chain Depth 128 Size 0 Mode ref, Ref Stage 91, run, end, 9783589473431442
1787664523.635387, NoOp Chain Depth 128 Size 0 Mode ref, Ref Stage 92, run, start, 9783589473446338
1787664523.635408, NoOp Chain Depth 128 Size 0 Mode ref, Ref Stage 92, run, end, 9783589473467634
1787664523.635423, NoOp Chain Depth 128 Size 0 Mode ref, Ref Stage 93, run, start, 9783589473482194
1787664523.635444, NoOp Chain Depth 128 Size 0 Mode ref, Ref Stage 93, run, end, 9783589473502786
1787664523.635458, NoOp Chain Depth 128 Size 0 Mode ref, Ref Stage 94, run, start, 9783589473517026
1787664523.635478, NoOp Chain Depth 128 Size 0 Mode ref, Ref Stage 94, run, end, 9783589473537714
1787664523.635495, NoOp Chain Depth 128 Size 0 Mode ref, Ref Stage 95, run, start, 9783589473554050
1787664523.635516, NoOp Chain Depth 128 Size 0 Mode ref, Ref Stage 95, run, end, 9783589473575122
1787664523.635530, NoOp Chain Depth 128 Size 0 Mode ref, Ref Stage 96, run, start, 9783589473589730
1787664523.635558, NoOp Chain Depth 128 Size 0 Mode ref, Ref Stage 96, run, end, 9783589473616786
1787664523.635569, NoOp Chain Depth 128 Size 0 Mode ref, Ref Stage 97, run, start, 9783589473628530
1787664523.638634, NoOp Chain Depth 128 Size 0 Mode ref, Ref Stage 97, run, end, 9783589476694688
1787664523.638652, NoOp Chain Depth 128 Size 0 Mode ref, Ref Stage 98, run, start, 9783589476711232
1787664523.638674, NoOp Chain Depth 128 Size 0 Mode ref, Ref Stage 98, run, end, 9783589476733360
1787664523.638689, NoOp Chain Depth 128 Size 0 Mode ref, Ref Stage 99, run, start, 9783589476747984
1787664523.638710, NoOp Chain Depth 128 Size 0 Mode ref, Ref Stage 99, run, end, 9783589476768864
1787664523.638724, NoOp Chain Depth 128 Size 0 Mode ref, Ref Stage 100, run, start, 9783589476783200
1787664523.638745, NoOp Chain Depth 128 Size 0 Mode ref, Ref Stage 100, run, end, 9783589476804160
1787664523.638760, NoOp Chain Depth 128 Size 0 Mode ref, Ref Stage 101, run, start, 9783589476819040
1787664523.638782, NoOp Chain Depth 128 Size 0 Mode ref, Ref Stage 101, run, end, 9783589476840624
1787664523.638796, NoOp Chain Depth 128 Size 0 Mode ref, Ref Stage 102, run, start, 9783589476855215
1787664523.638817, NoOp Chain Depth 128 Size 0 Mode ref, Ref Stage 102, run, end, 9783589476876287
1787664523.638832, NoOp Chain Depth 128 Size 0 Mode ref, Ref Stage 103, run, start, 9783589476891119
1787664523.638853, NoOp Chain Depth 128 Size 0 Mode ref, Ref Stage 103, run, end, 9783589476912223
1787664523.638867, NoOp Chain Depth 128 Size 0 Mode ref, Ref Stage 104, run, start, 9783589476926895
1787664523.638889, NoOp Chain Depth 128 Size 0 Mode ref, Ref Stage 104, run, end, 9783589476948175
1787664523.638904, NoOp Chain Depth 128 Size 0 Mode ref, Ref Stage 105, run, start, 9783589476962943
1787664523.638925, NoOp Chain Depth 128 Size 0 Mode ref, Ref Stage 105, run, end, 9783589476983983
1787664523.638939, NoOp Chain Depth 128 Size 0 Mode ref, Ref Stage 106, run, start, 9783589476998479
1787664523.638963, NoOp Chain Depth 128 Size 0 Mode ref, Ref Stage 106, run, end, 9783589477022239
1787664523.638978, NoOp Chain Depth 128 Size 0 Mode ref, Ref Stage 107, run, start, 9783589477036847
1787664523.639001, NoOp Chain Depth 128 Size 0 Mode ref, Ref Stage 107, run, end, 9783589477059631
1787664523.639276, NoOp Chain Depth 128 Size 0 Mode ref, Ref Stage 108, run, start, 9783589477335663
1787664523.639398, NoOp Chain Depth 128 Size 0 Mode ref, Ref Stage 108, run, end, 9783589477457359
1787664523.639414, NoOp Chain Depth 128 Size 0 Mode ref, Ref Stage 109, run, start, 9783589477472735
1787664523.639435, NoOp Chain Depth 128 Size 0 Mode ref, Ref Stage 109, run, end, 9783589477493759
1787664523.639449, NoOp Chain Depth 128 Size 0 Mode ref, Ref Stage 110, run, start, 9783589477508223
1787664523.639470, NoOp Chain Depth 128 Size 0 Mode ref, Ref Stage 110, run, end, 9783589477529087
1787664523.639485, NoOp Chain Depth 128 Size 0 Mode ref, Ref Stage 111, run, start, 9783589477543855
1787664523.639507, NoOp Chain Depth 128 Size 0 Mode ref, Ref Stage 111, run, end, 9783589477566287
1787664523.639521, NoOp Chain Depth 128 Size 0 Mode ref, Ref Stage 112, run, start, 9783589477580639
1787664523.639553, NoOp Chain Depth 128 Size 0 Mode ref, Ref Stage 112, run, end, 9783589477612223
1787664523.639568, NoOp Chain Depth 128 Size 0 Mode ref, Ref Stage 113, run, start, 9783589477626991
1787664523.639589, NoOp Chain Depth 128 Size 0 Mode ref, Ref Stage 113, run, end, 9783589477647871
1787664523.639603, NoOp Chain Depth 128 Size 0 Mode ref, Ref Stage 114, run, start, 9783589477662479
1787664523.639624, NoOp Chain Depth 128 Size 0 Mode ref, Ref Stage 114, run, end, 9783589477683215
1787664523.639639, NoOp Chain Depth 128 Size 0 Mode ref, Ref Stage 115, run, start, 9783589477698127
1787664523.639662, NoOp Chain Depth 128 Size 0 Mode ref, Ref Stage 115, run, end, 9783589477720671
1787664523.639676, NoOp Chain Depth 128 Size 0 Mode ref, Ref Stage 116, run, start, 9783589477735007
1787664523.639697, NoOp Chain Depth 128 Size 0 Mode ref, Ref Stage 116, run, end, 9783589477755823
1787664523.639711, NoOp Chain Depth 128 Size 0 Mode ref, Ref Stage 117, run, start, 9783589477770383
1787664523.639732, NoOp Chain Depth 128 Size 0 Mode ref, Ref Stage 117, run, end, 9783589477791199
1787664523.639747, NoOp Chain Depth 128 Size 0 Mode ref, Ref Stage 118, run, start, 9783589477806623
1787664523.639769, NoOp Chain Depth 128 Size 0 Mode ref, Ref Stage 118, run, end, 9783589477827983
1787664523.639784, NoOp Chain Depth 128 Size 0 Mode ref, Ref Stage 119, run, start, 9783589477842863
1787664523.639805, NoOp Chain Depth 128 Size 0 Mode ref, Ref Stage 119, run, end, 9783589477863999
1787664523.639820, NoOp Chain Depth 128 Size 0 Mode ref, Ref Stage 120, run, start, 9783589477878783
1787664523.639841, NoOp Chain Depth 128 Size 0 Mode ref, Ref Stage 120, run, end, 9783589477899711
1787664523.639855, NoOp Chain Depth 128 Size 0 Mode ref, Ref Stage 121, run, start, 9783589477914607
1787664523.639878, NoOp Chain Depth 128 Size 0 Mode ref, Ref Stage 121, run, end, 9783589477937231
1787664523.639889, NoOp Chain Depth 128 Size 0 Mode ref, Ref Stage 122, run, start, 9783589477948735
1787664523.639921, NoOp Chain Depth 128 Size 0 Mode ref, Ref Stage 122, run, end, 9783589477979743
1787664523.639935, NoOp Chain Depth 128 Size 0 Mode ref, Ref Stage 123, run, start, 9783589477994287
1787664523.639960, NoOp Chain Depth 128 Size 0 Mode ref, Ref Stage 123, run, end, 9783589478019071
1787664523.639971, NoOp Chain Depth 128 Size 0 Mode ref, Ref Stage 124, run, start, 9783589478031039
1787664523.640004, NoOp Chain Depth 128 Size 0 Mode ref, Ref Stage 124, run, end, 9783589478063583
1787664523.640019, NoOp Chain Depth 128 Size 0 Mode ref, Ref Stage 125, run, start, 9783589478078415
1787664523.640040, NoOp Chain Depth 128 Size 0 Mode ref, Ref Stage 125, run, end, 9783589478099743
1787664523.640055, NoOp Chain Depth 128 Size 0 Mode ref, Ref Stage 126, run, start, 9783589478114719
1787664523.640077, NoOp Chain Depth 128 Size 0 Mode ref, Ref Stage 126, run, end, 9783589478135871
1787664523.640092, NoOp Chain Depth 128 Size 0 Mode ref, Ref Stage 127, run, start, 9783589478151007
1787664523.640113, NoOp Chain Depth 128 Size 0 Mode ref, Ref Stage 127, run, end, 9783589478171935
1787664523.640128, NoOp Chain Depth 128 Size 0 Mode ref, pipeline - train, run, end, 150461810171920138772334843122684428130, 1787664523.627092, 13, 1, 9783589478187487
1787664523.640165, NoOp Chain Depth 128 Size 0 Mode ref, pipeline - train, run, start, 255257861104640587926605168193681465971, 1787664523.640154, 14, 1, 9783589478224207
1787664523.640188, NoOp Chain Depth 128 Size 0 Mode ref, Ref Stage 0, run, start, 9783589478247215
1787664523.640211, NoOp Chain Depth 128 Size 0 Mode ref, Ref Stage 0, run, end, 9783589478270047
1787664523.640223, NoOp Chain Depth 128 Size 0 Mode ref, Ref Stage 1, run, start, 9783589478282015
1787664523.640254, NoOp Chain Depth 128 Size 0 Mode ref, Ref Stage 1, run, end, 9783589478313807
1787664523.640269, NoOp Chain Depth 128 Size 0 Mode ref, Ref Stage 2, run, start, 9783589478328447
1787664523.640290, NoOp Chain Depth 128 Size 0 Mode ref, Ref Stage 2, run, end, 9783589478349663
1787664523.640305, NoOp Chain Depth 128 Size 0 Mode ref, Ref Stage 3, run, start, 9783589478364463
1787664523.640326, NoOp Chain Depth 128 Size 0 Mode ref, Ref Stage 3, run, end, 9783589478385535
1787664523.640341, NoOp Chain Depth 128 Size 0 Mode ref, Ref Stage 4, run, start, 9783589478400303
1787664523.640362, NoOp Chain Depth 128 Size 0 Mode ref, Ref Stage 4, run, end, 9783589478421278
1787664523.640377, NoOp Chain Depth 128 Size 0 Mode ref, Ref Stage 5, run, start, 9783589478436558
1787664523.640400, NoOp Chain Depth 128 Size 0 Mode ref, Ref Stage 5, run, end, 9783589478459086
1787664523.640412, NoOp Chain Depth 128 Size 0 Mode ref, Ref Stage 6, run, start, 9783589478471422
1787664523.640445, NoOp Chain Depth 128 Size 0 Mode ref, Ref Stage 6, run, end, 9783589478503982
1787664523.640460, NoOp Chain Depth 128 Size 0 Mode ref, Ref Stage 7, run, start, 9783589478518798
1787664523.640869, NoOp Chain Depth 128 Size 0 Mode ref, Ref Stage 7, run, end, 9783589478929390
1787664523.640997, NoOp Chain Depth 128 Size 0 Mode ref, Ref Stage 8, run, start, 9783589479056302
1787664523.641023, NoOp Chain Depth 128 Size 0 Mode ref, Ref Stage 8, run, end, 9783589479082398
1787664523.641035, NoOp Chain Depth 128 Size 0 Mode ref, Ref Stage 9, run, start, 9783589479094190
1787664523.641067, NoOp Chain Depth 128 Size 0 Mode ref, Ref Stage 9, run, end, 9783589479126046
1787664523.641082, NoOp Chain Depth 128 Size 0 Mode ref, Ref Stage 10, run, start, 9783589479140990
1787664523.641103, NoOp Chain Depth 128 Size 0 Mode ref, Ref Stage 10, run, end, 9783589479162350
1787664523.641119, NoOp Chain Depth 128 Size 0 Mode ref, Ref Stage 11, run, start, 9783589479178062
1787664523.641141, NoOp Chain Depth 128 Size 0 Mode ref, Ref Stage 11, run, end, 9783589479200558
1787664523.641153, NoOp Chain Depth 128 Size 0 Mode ref, Ref Stage 12, run, start, 9783589479212606
1787664523.641185, NoOp Chain Depth 128 Size 0 Mode ref, Ref Stage 12, run, end, 9783589479243566
1787664523.641200, NoOp Chain Depth 128 Size 0 Mode ref, Ref Stage 13, run, start, 9783589479259470
1787664523.641222, NoOp Chain Depth 128 Size 0 Mode ref, Ref Stage 13, run, end, 9783589479281310
1787664523.641237, NoOp Chain Depth 128 Size 0 Mode ref, Ref Stage 14, run, start, 9783589479295918
1787664523.641258, NoOp Chain Depth 128 Size 0 Mode ref, Ref Stage 14, run, end, 9783589479316830
1787664523.641272, NoOp Chain Depth 128 Size 0 Mode ref, Ref Stage 15, run, start, 9783589479331230
1787664523.641293, NoOp Chain Depth 128 Size 0 Mode ref, Ref Stage 15, run, end, 9783589479351966
1787664523.641307, NoOp Chain Depth 128 Size 0 Mode ref, Ref Stage 16, run, start, 9783589479366590
1787664523.641330, NoOp Chain Depth 128 Size 0 Mode ref, Ref Stage 16, run, end, 9783589479389662
1787664523.641346, NoOp Chain Depth 128 Size 0 Mode ref, Ref Stage 17, run, start, 9783589479404846
1787664523.641368, NoOp Chain Depth 128 Size 0 Mode ref, Ref Stage 17, run, end, 9783589479427374
1787664523.641383, NoOp Chain Depth 128 Size 0 Mode ref, Ref Stage 18, run, start, 9783589479442254
1787664523.641405, NoOp Chain Depth 128 Size 0 Mode ref, Ref Stage 18, run, end, 9783589479464606
1787664523.641418, NoOp Chain Depth 128 Size 0 Mode ref, Ref Stage 19, run, start, 9783589479477950
1787664523.641451, NoOp Chain Depth 128 Size 0 Mode ref, Ref Stage 19, run, end, 9783589479510382
1787664523.641466, NoOp Chain Depth 128 Size 0 Mode ref, Ref Stage 20, run, start, 9783589479525070
1787664523.641488, NoOp Chain Depth 128 Size 0 Mode ref, Ref Stage 20, run, end, 9783589479546734
1787664523.641502, NoOp Chain Depth 128 Size 0 Mode ref, Ref Stage 21, run, start, 9783589479561070
1787664523.641522, NoOp Chain Depth 128 Size 0 Mode ref, Ref Stage 21, run, end, 9783589479581694
1787664523.641537, NoOp Chain Depth 128 Size 0 Mode ref, Ref Stage 22, run, start, 9783589479596366
1787664523.641558, NoOp Chain Depth 128 Size 0 Mode ref, Ref Stage 22, run, end, 9783589479617390
1787664523.641574, NoOp Chain Depth 128 Size 0 Mode ref, Ref Stage 23, run, start, 9783589479633118
1787664523.641595, NoOp Chain Depth 128 Size 0 Mode ref, Ref Stage 23, run, end, 9783589479654014
1787664523.641609, NoOp Chain Depth 128 Size 0 Mode ref, Ref Stage 24, run, start, 9783589479668606
1787664523.641630, NoOp Chain Depth 128 Size 0 Mode ref, Ref Stage 24, run, end, 9783589479689086
1787664523.641644, NoOp Chain Depth 128 Size 0 Mode ref, Ref Stage 25, run, start, 9783589479703470
1787664523.641665, NoOp Chain Depth 128 Size 0 Mode ref, Ref Stage 25, run, end, 9783589479725550
1787664523.641682, NoOp Chain Depth 128 Size 0 Mode ref, Ref Stage 26, run, start, 9783589479741198
1787664523.641705, NoOp Chain Depth 128 Size 0 Mode ref, Ref Stage 26, run, end, 9783589479763550
1787664523.641721, NoOp Chain Depth 128 Size 0 Mode ref, Ref Stage 27, run, start, 9783589479780158
1787664523.641742, NoOp Chain Depth 128 Size 0 Mode ref, Ref Stage 27, run, end, 9783589479801358
1787664523.641757, NoOp Chain Depth 128 Size 0 Mode ref, Ref Stage 28, run, start, 9783589479815934
1787664523.641779, NoOp Chain Depth 128 Size 0 Mode ref, Ref Stage 28, run, end, 9783589479837902
1787664523.641793, NoOp Chain Depth 128 Size 0 Mode ref, Ref Stage 29, run, start, 9783589479852574
1787664523.642121, NoOp Chain Depth 128 Size 0 Mode ref, Ref Stage 29, run, end, 9783589480180653
1787664523.642136, NoOp Chain Depth 128 Size 0 Mode ref, Ref Stage 30, run, start, 9783589480195293
1787664523.642267, NoOp Chain Depth 128 Size 0 Mode ref, Ref Stage 30, run, end, 9783589480326237
1787664523.642282, NoOp Chain Depth 128 Size 0 Mode ref, Ref Stage 31, run, start, 9783589480341405
1787664523.642303, NoOp Chain Depth 128 Size 0 Mode ref, Ref Stage 31, run, end, 9783589480362685
1787664523.642318, NoOp Chain Depth 128 Size 0 Mode ref, Ref Stage 32, run, start, 9783589480377469
1787664523.642339, NoOp Chain Depth 128 Size 0 Mode ref, Ref Stage 32, run, end, 9783589480398621
1787664523.642354, NoOp Chain Depth 128 Size 0 Mode ref, Ref Stage 33, run, start, 9783589480413389
1787664523.642375, NoOp Chain Depth 128 Size 0 Mode ref, Ref Stage 33, run, end, 9783589480434397
1787664523.642390, NoOp Chain Depth 128 Size 0 Mode ref, Ref Stage 34, run, start, 9783589480449021
1787664523.642411, NoOp Chain Depth 128 Size 0 Mode ref, Ref Stage 34, run, end, 9783589480469965
1787664523.642426, NoOp Chain Depth 128 Size 0 Mode ref, Ref Stage 35, run, start, 9783589480484749
1787664523.642446, NoOp Chain Depth 128 Size 0 Mode ref, Ref Stage 35, run, end, 9783589480505613
1787664523.642461, NoOp Chain Depth 128 Size 0 Mode ref, Ref Stage 36, run, start, 9783589480520365
1787664523.642482, NoOp Chain Depth 128 Size 0 Mode ref, Ref Stage 36, run, end, 9783589480541133
1787664523.642497, NoOp Chain Depth 128 Size 0 Mode ref, Ref Stage 37, run, start, 9783589480555933
1787664523.642517, NoOp Chain Depth 128 Size 0 Mode ref, Ref Stage 37, run, end, 9783589480576477
1787664523.642532, NoOp Chain Depth 128 Size 0 Mode ref, Ref Stage 38, run, start, 9783589480591149
1787664523.642554, NoOp Chain Depth 128 Size 0 Mode ref, Ref Stage 38, run, end, 9783589480613261
1787664523.642569, NoOp Chain Depth 128 Size 0 Mode ref, Ref Stage 39, run, start, 9783589480627853
1787664523.642591, NoOp Chain Depth 128 Size 0 Mode ref, Ref Stage 39, run, end, 9783589480649549
1787664523.642605, NoOp Chain Depth 128 Size 0 Mode ref, Ref Stage 40, run, start, 9783589480663885
1787664523.642625, NoOp Chain Depth 128 Size 0 Mode ref, Ref Stage 40, run, end, 9783589480684381
1787664523.642640, NoOp Chain Depth 128 Size 0 Mode ref, Ref Stage 41, run, start, 9783589480698765
1787664523.642660, NoOp Chain Depth 128 Size 0 Mode ref, Ref Stage 41, run, end, 9783589480719517
1787664523.642676, NoOp Chain Depth 128 Size 0 Mode ref, Ref Stage 42, run, start, 9783589480735629
1787664523.642698, NoOp Chain Depth 128 Size 0 Mode ref, Ref Stage 42, run, end, 9783589480756573
1787664523.642712, NoOp Chain Depth 128 Size 0 Mode ref, Ref Stage 43, run, start, 9783589480771277
1787664523.642733, NoOp Chain Depth 128 Size 0 Mode ref, Ref Stage 43, run, end, 9783589480792045
1787664523.642749, NoOp Chain Depth 128 Size 0 Mode ref, Ref Stage 44, run, start, 9783589480807949
1787664523.642770, NoOp Chain Depth 128 Size 0 Mode ref, Ref Stage 44, run, end, 9783589480830109
1787664523.642786, NoOp Chain Depth 128 Size 0 Mode ref, Ref Stage 45, run, start, 9783589480844717
1787664523.642807, NoOp Chain Depth 128 Size 0 Mode ref, Ref Stage 45, run, end, 9783589480865869
1787664523.642821, NoOp Chain Depth 128 Size 0 Mode ref, Ref Stage 46, run, start, 9783589480880685
1787664523.642842, NoOp Chain Depth 128 Size 0 Mode ref, Ref Stage 46, run, end, 9783589480901517
1787664523.642858, NoOp Chain Depth 128 Size 0 Mode ref, Ref Stage 47, run, start, 9783589480917309
1787664523.642882, NoOp Chain Depth 128 Size 0 Mode ref, Ref Stage 47, run, end, 9783589480941613
1787664523.642897, NoOp Chain Depth 128 Size 0 Mode ref, Ref Stage 48, run, start, 9783589480956637
1787664523.642918, NoOp Chain Depth 128 Size 0 Mode ref, Ref Stage 48, run, end, 9783589480977773
1787664523.642934, NoOp Chain Depth 128 Size 0 Mode ref, Ref Stage 49, run, start, 9783589480992877
1787664523.642960, NoOp Chain Depth 128 Size 0 Mode ref, Ref Stage 49, run, end, 9783589481019437
1787664523.642972, NoOp Chain Depth 128 Size 0 Mode ref, Ref Stage 50, run, start, 9783589481031357
1787664523.643005, NoOp Chain Depth 128 Size 0 Mode ref, Ref Stage 50, run, end, 9783589481063821
1787664523.643019, NoOp Chain Depth 128 Size 0 Mode ref, Ref Stage 51, run, start, 9783589481078605
1787664523.643041, NoOp Chain Depth 128 Size 0 Mode ref, Ref Stage 51, run, end, 9783589481100109
1787664523.643057, NoOp Chain Depth 128 Size 0 Mode ref, Ref Stage 52, run, start, 9783589481115949
1787664523.643078, NoOp Chain Depth 128 Size 0 Mode ref, Ref Stage 52, run, end, 9783589481137085
1787664523.643092, NoOp Chain Depth 128 Size 0 Mode ref, Ref Stage 53, run, start, 9783589481151725
1787664523.643116, NoOp Chain Depth 128 Size 0 Mode ref, Ref Stage 53, run, end, 9783589481175389
1787664523.643617, NoOp Chain Depth 128 Size 0 Mode ref, Ref Stage 54, run, start, 9783589481677180
1787664523.643643, NoOp Chain Depth 128 Size 0 Mode ref, Ref Stage 54, run, end, 9783589481702140
1787664523.643658, NoOp Chain Depth 128 Size 0 Mode ref, Ref Stage 55, run, start, 9783589481717660
1787664523.643680, NoOp Chain Depth 128 Size 0 Mode ref, Ref Stage 55, run, end, 9783589481738908
1787664523.643694, NoOp Chain Depth 128 Size 0 Mode ref, Ref Stage 56, run, start, 9783589481753788
1787664523.643717, NoOp Chain Depth 128 Size 0 Mode ref, Ref Stage 56, run, end, 9783589481776252
1787664523.643729, NoOp Chain Depth 128 Size 0 Mode ref, Ref Stage 57, run, start, 9783589481788412
1787664523.643760, NoOp Chain Depth 128 Size 0 Mode ref, Ref Stage 57, run, end, 9783589481819660
1787664523.643775, NoOp Chain Depth 128 Size 0 Mode ref, Ref Stage 58, run, start, 9783589481834604
1787664523.643797, NoOp Chain Depth 128 Size 0 Mode ref, Ref Stage 58, run, end, 9783589481856124
1787664523.643812, NoOp Chain Depth 128 Size 0 Mode ref, Ref Stage 59, run, start, 9783589481871404
1787664523.643955, NoOp Chain Depth 128 Size 0 Mode ref, Ref Stage 59, run, end, 9783589482015820
1787664523.643975, NoOp Chain Depth 128 Size 0 Mode ref, Ref Stage 60, run, start, 9783589482034876
1787664523.643999, NoOp Chain Depth 128 Size 0 Mode ref, Ref Stage 60, run, end, 9783589482058188
1787664523.644014, NoOp Chain Depth 128 Size 0 Mode ref, Ref Stage 61, run, start, 9783589482073420
1787664523.644036, NoOp Chain Depth 128 Size 0 Mode ref, Ref Stage 61, run, end, 9783589482095244
1787664523.644050, NoOp Chain Depth 128 Size 0 Mode ref, Ref Stage 62, run, start, 9783589482109820
1787664523.644072, NoOp Chain Depth 128 Size 0 Mode ref, Ref Stage 62, run, end, 9783589482131116
1787664523.644087, NoOp Chain Depth 128 Size 0 Mode ref, Ref Stage 63, run, start, 9783589482146204
1787664523.644111, NoOp Chain Depth 128 Size 0 Mode ref, Ref Stage 63, run, end, 9783589482170012
1787664523.644126, NoOp Chain Depth 128 Size 0 Mode ref, Ref Stage 64, run, start, 9783589482185356
1787664523.644151, NoOp Chain Depth 128 Size 0 Mode ref, Ref Stage 64, run, end, 9783589482210796
1787664523.644166, NoOp Chain Depth 128 Size 0 Mode ref, Ref Stage 65, run, start, 9783589482225340
1787664523.644188, NoOp Chain Depth 128 Size 0 Mode ref, Ref Stage 65, run, end, 9783589482247308
1787664523.644203, NoOp Chain Depth 128 Size 0 Mode ref, Ref Stage 66, run, start, 9783589482262812
1787664523.644224, NoOp Chain Depth 128 Size 0 Mode ref, Ref Stage 66, run, end, 9783589482283548
1787664523.644239, NoOp Chain Depth 128 Size 0 Mode ref, Ref Stage 67, run, start, 9783589482298092
1787664523.644261, NoOp Chain Depth 128 Size 0 Mode ref, Ref Stage 67, run, end, 9783589482320188
1787664523.644272, NoOp Chain Depth 128 Size 0 Mode ref, Ref Stage 68, run, start, 9783589482331756
1787664523.644306, NoOp Chain Depth 128 Size 0 Mode ref, Ref Stage 68, run, end, 9783589482365116
1787664523.644320, NoOp Chain Depth 128 Size 0 Mode ref, Ref Stage 69, run, start, 9783589482379836
1787664523.644342, NoOp Chain Depth 128 Size 0 Mode ref, Ref Stage 69, run, end, 9783589482400988
1787664523.644356, NoOp Chain Depth 128 Size 0 Mode ref, Ref Stage 70, run, start, 9783589482415740
1787664523.644379, NoOp Chain Depth 128 Size 0 Mode ref, Ref Stage 70, run, end, 9783589482437900
1787664523.644393, NoOp Chain Depth 128 Size 0 Mode ref, Ref Stage 71, run, start, 9783589482452716
1787664523.644414, NoOp Chain Depth 128 Size 0 Mode ref, Ref Stage 71, run, end, 9783589482473324
1787664523.644428, NoOp Chain Depth 128 Size 0 Mode ref, Ref Stage 72, run, start, 9783589482487644
1787664523.644451, NoOp Chain Depth 128 Size 0 Mode ref, Ref Stage 72, run, end, 9783589482510556
1787664523.644467, NoOp Chain Depth 128 Size 0 Mode ref, Ref Stage 73, run, start, 9783589482526284
1787664523.644488, NoOp Chain Depth 128 Size 0 Mode ref, Ref Stage 73, run, end, 9783589482547036
1787664523.644502, NoOp Chain Depth 128 Size 0 Mode ref, Ref Stage 74, run, start, 9783589482561324
1787664523.644523, NoOp Chain Depth 128 Size 0 Mode ref, Ref Stage 74, run, end, 9783589482582300
1787664523.644539, NoOp Chain Depth 128 Size 0 Mode ref, Ref Stage 75, run, start, 9783589482598060
1787664523.644561, NoOp Chain Depth 128 Size 0 Mode ref, Ref Stage 75, run, end, 9783589482620140
1787664523.644576, NoOp Chain Depth 128 Size 0 Mode ref, Ref Stage 76, run, start, 9783589482634860
1787664523.644598, NoOp Chain Depth 128 Size 0 Mode ref, Ref Stage 76, run, end, 9783589482657212
1787664523.644609, NoOp Chain Depth 128 Size 0 Mode ref, Ref Stage 77, run, start, 9783589482668716
1787664523.644641, NoOp Chain Depth 128 Size 0 Mode ref, Ref Stage 77, run, end, 9783589482700060
1787664523.644656, NoOp Chain Depth 128 Size 0 Mode ref, Ref Stage 78, run, start, 9783589482715004
1787664523.644678, NoOp Chain Depth 128 Size 0 Mode ref, Ref Stage 78, run, end, 9783589482737164
1787664523.644693, NoOp Chain Depth 128 Size 0 Mode ref, Ref Stage 79, run, start, 9783589482751932
1787664523.644716, NoOp Chain Depth 128 Size 0 Mode ref, Ref Stage 79, run, end, 9783589482775228
1787664523.644731, NoOp Chain Depth 128 Size 0 Mode ref, Ref Stage 80, run, start, 9783589482789820
1787664523.644754, NoOp Chain Depth 128 Size 0 Mode ref, Ref Stage 80, run, end, 9783589482812924
1787664523.644768, NoOp Chain Depth 128 Size 0 Mode ref, Ref Stage 81, run, start, 9783589482827244
1787664523.644789, NoOp Chain Depth 128 Size 0 Mode ref, Ref Stage 81, run, end, 9783589482847916
1787664523.644803, NoOp Chain Depth 128 Size 0 Mode ref, Ref Stage 82, run, start, 9783589482862396
1787664523.644824, NoOp Chain Depth 128 Size 0 Mode ref, Ref Stage 82, run, end, 9783589482882844
1787664523.644838, NoOp Chain Depth 128 Size 0 Mode ref, Ref Stage 83, run, start, 9783589482897452
1787664523.644859, NoOp Chain Depth 128 Size 0 Mode ref, Ref Stage 83, run, end, 9783589482918156
1787664523.644873, NoOp Chain Depth 128 Size 0 Mode ref, Ref Stage 84, run, start, 9783589482932492
1787664523.644894, NoOp Chain Depth 128 Size 0 Mode ref, Ref Stage 84, run, end, 9783589482952811
1787664523.644908, NoOp Chain Depth 128 Size 0 Mode ref, Ref Stage 85, run, start, 9783589482967723
1787664523.644929, NoOp Chain Depth 128 Size 0 Mode ref, Ref Stage 85, run, end, 9783589482988299
1787664523.644948, NoOp Chain Depth 128 Size 0 Mode ref, Ref Stage 86, run, start, 9783589483007675
1787664523.644970, NoOp Chain Depth 128 Size 0 Mode ref, Ref Stage 86, run, end, 9783589483029195
1787664523.645390, NoOp Chain Depth 128 Size 0 Mode ref, Ref Stage 87, run, start, 9783589483449931
1787664523.645415, NoOp Chain Depth 128 Size 0 Mode ref, Ref Stage 87, run, end, 9783589483474731
1787664523.645431, NoOp Chain Depth 128 Size 0 Mode ref, Ref Stage 88, run, start, 9783589483490363
1787664523.645452, NoOp Chain Depth 128 Size 0 Mode ref, Ref Stage 88, run, end, 9783589483511787
1787664523.645470, NoOp Chain Depth 128 Size 0 Mode ref, Ref Stage 89, run, start, 9783589483529083
1787664523.645491, NoOp Chain Depth 128 Size 0 Mode ref, Ref Stage 89, run, end, 9783589483550283
1787664523.645506, NoOp Chain Depth 128 Size 0 Mode ref, Ref Stage 90, run, start, 9783589483565307
1787664523.645529, NoOp Chain Depth 128 Size 0 Mode ref, Ref Stage 90, run, end, 9783589483588107
1787664523.645540, NoOp Chain Depth 128 Size 0 Mode ref, Ref Stage 91, run, start, 9783589483599787
1787664523.645572, NoOp Chain Depth 128 Size 0 Mode ref, Ref Stage 91, run, end, 9783589483631163
1787664523.645587, NoOp Chain Depth 128 Size 0 Mode ref, Ref Stage 92, run, start, 9783589483646171
1787664523.645608, NoOp Chain Depth 128 Size 0 Mode ref, Ref Stage 92, run, end, 9783589483667563
1787664523.645623, NoOp Chain Depth 128 Size 0 Mode ref, Ref Stage 93, run, start, 9783589483682587
1787664523.645645, NoOp Chain Depth 128 Size 0 Mode ref, Ref Stage 93, run, end, 9783589483704027
1787664523.645659, NoOp Chain Depth 128 Size 0 Mode ref, Ref Stage 94, run, start, 9783589483718795
1787664523.645681, NoOp Chain Depth 128 Size 0 Mode ref, Ref Stage 94, run, end, 9783589483740011
1787664523.645695, NoOp Chain Depth 128 Size 0 Mode ref, Ref Stage 95, run, start, 9783589483754571
1787664523.645718, NoOp Chain Depth 128 Size 0 Mode ref, Ref Stage 95, run, end, 9783589483777163
1787664523.645730, NoOp Chain Depth 128 Size 0 Mode ref, Ref Stage 96, run, start, 9783589483788779
1787664523.645762, NoOp Chain Depth 128 Size 0 Mode ref, Ref Stage 96, run, end, 9783589483821115
1787664523.645777, NoOp Chain Depth 128 Size 0 Mode ref, Ref Stage 97, run, start, 9783589483836011
1787664523.645799, NoOp Chain Depth 128 Size 0 Mode ref, Ref Stage 97, run, end, 9783589483858091
1787664523.645814, NoOp Chain Depth 128 Size 0 Mode ref, Ref Stage 98, run, start, 9783589483873051
1787664523.645836, NoOp Chain Depth 128 Size 0 Mode ref, Ref Stage 98, run, end, 9783589483895099
1787664523.645851, NoOp Chain Depth 128 Size 0 Mode ref, Ref Stage 99, run, start, 9783589483909851
1787664523.645871, NoOp Chain Depth 128 Size 0 Mode ref, Ref Stage 99, run, end, 9783589483930667
1787664523.645886, NoOp Chain Depth 128 Size 0 Mode ref, Ref Stage 100, run, start, 9783589483945403
1787664523.645908, NoOp Chain Depth 128 Size 0 Mode ref, Ref Stage 100, run, end, 9783589483967419
1787664523.645923, NoOp Chain Depth 128 Size 0 Mode ref, Ref Stage 101, run, start, 9783589483981947
1787664523.645946, NoOp Chain Depth 128 Size 0 Mode ref, Ref Stage 101, run, end, 9783589484005419
1787664523.645963, NoOp Chain Depth 128 Size 0 Mode ref, Ref Stage 102, run, start, 9783589484022011
1787664523.645984, NoOp Chain Depth 128 Size 0 Mode ref, Ref Stage 102, run, end, 9783589484043147
1787664523.645998, NoOp Chain Depth 128 Size 0 Mode ref, Ref Stage 103, run, start, 9783589484057947
1787664523.646020, NoOp Chain Depth 128 Size 0 Mode ref, Ref Stage 103, run, end, 9783589484078731
1787664523.646034, NoOp Chain Depth 128 Size 0 Mode ref, Ref Stage 104, run, start, 9783589484093387
1787664523.646055, NoOp Chain Depth 128 Size 0 Mode ref, Ref Stage 104, run, end, 9783589484114411
1787664523.646070, NoOp Chain Depth 128 Size 0 Mode ref, Ref Stage 105, run, start, 9783589484129819
1787664523.646092, NoOp Chain Depth 128 Size 0 Mode ref, Ref Stage 105, run, end, 9783589484151579
1787664523.646109, NoOp Chain Depth 128 Size 0 Mode ref, Ref Stage 106, run, start, 9783589484168155
1787664523.646132, NoOp Chain Depth 128 Size 0 Mode ref, Ref Stage 106, run, end, 9783589484191627
1787664523.646144, NoOp Chain Depth 128 Size 0 Mode ref, Ref Stage 107, run, start, 9783589484203435
1787664523.646175, NoOp Chain Depth 128 Size 0 Mode ref, Ref Stage 107, run, end, 9783589484234331
1787664523.646190, NoOp Chain Depth 128 Size 0 Mode ref, Ref Stage 108, run, start, 9783589484249131
1787664523.646211, NoOp Chain Depth 128 Size 0 Mode ref, Ref Stage 108, run, end, 9783589484270203
1787664523.646226, NoOp Chain Depth 128 Size 0 Mode ref, Ref Stage 109, run, start, 9783589484285195
1787664523.646248, NoOp Chain Depth 128 Size 0 Mode ref, Ref Stage 109, run, end, 9783589484307387
1787664523.646263, NoOp Chain Depth 128 Size 0 Mode ref, Ref Stage 110, run, start, 9783589484321867
1787664523.646283, NoOp Chain Depth 128 Size 0 Mode ref, Ref Stage 110, run, end, 9783589484342523
1787664523.646298, NoOp Chain Depth 128 Size 0 Mode ref, Ref Stage 111, run, start, 9783589484357099
1787664523.646323, NoOp Chain Depth 128 Size 0 Mode ref, Ref Stage 111, run, end, 9783589484381947
1787664523.646334, NoOp Chain Depth 128 Size 0 Mode ref, Ref Stage 112, run, start, 9783589484393675
1787664523.646366, NoOp Chain Depth 128 Size 0 Mode ref, Ref Stage 112, run, end, 9783589484425291
1787664523.646381, NoOp Chain Depth 128 Size 0 Mode ref, Ref Stage 113, run, start, 9783589484439819
1787664523.646403, NoOp Chain Depth 128 Size 0 Mode ref, Ref Stage 113, run, end, 9783589484461675
1787664523.646417, NoOp Chain Depth 128 Size 0 Mode ref, Ref Stage 114, run, start, 9783589484476107
1787664523.646437, NoOp Chain Depth 128 Size 0 Mode ref, Ref Stage 114, run, end, 9783589484496651
1787664523.646452, NoOp Chain Depth 128 Size 0 Mode ref, Ref Stage 115, run, start, 9783589484510922
1787664523.646472, NoOp Chain Depth 128 Size 0 Mode ref, Ref Stage 115, run, end, 9783589484531562
1787664523.646487, NoOp Chain Depth 128 Size 0 Mode ref, Ref Stage 116, run, start, 9783589484545786
1787664523.646507, NoOp Chain Depth 128 Size 0 Mode ref, Ref Stage 116, run, end, 9783589484566522
1787664523.646521, NoOp Chain Depth 128 Size 0 Mode ref, Ref Stage 117, run, start, 9783589484580666
1787664523.646546, NoOp Chain Depth 128 Size 0 Mode ref, Ref Stage 117, run, end, 9783589484605146
1787664523.646562, NoOp Chain Depth 128 Size 0 Mode ref, Ref Stage 118, run, start, 9783589484621546
1787664523.646583, NoOp Chain Depth 128 Size 0 Mode ref, Ref Stage 118, run, end, 9783589484642538
1787664523.646598, NoOp Chain Depth 128 Size 0 Mode ref, Ref Stage 119, run, start, 9783589484656954
1787664523.646618, NoOp Chain Depth 128 Size 0 Mode ref, Ref Stage 119, run, end, 9783589484677658
1787664523.646634, NoOp Chain Depth 128 Size 0 Mode ref, Ref Stage 120, run, start, 9783589484693146
1787664523.646654, NoOp Chain Depth 128 Size 0 Mode ref, Ref Stage 120, run, end, 9783589484713546
1787664523.646670, NoOp Chain Depth 128 Size 0 Mode ref, Ref Stage 121, run, start, 9783589484729050
1787664523.647084, NoOp Chain Depth 128 Size 0 Mode ref, Ref Stage 121, run, end, 9783589485144074
1787664523.647206, NoOp Chain Depth 128 Size 0 Mode ref, Ref Stage 122, run, start, 9783589485265450
1787664523.647229, NoOp Chain Depth 128 Size 0 Mode ref, Ref Stage 122, run, end, 9783589485288634
1787664523.647245, NoOp Chain Depth 128 Size 0 Mode ref, Ref Stage 123, run, start, 9783589485303978
1787664523.647266, NoOp Chain Depth 128 Size 0 Mode ref, Ref Stage 123, run, end, 9783589485325178
1787664523.647281, NoOp Chain Depth 128 Size 0 Mode ref, Ref Stage 124, run, start, 9783589485339962
1787664523.647303, NoOp Chain Depth 128 Size 0 Mode ref, Ref Stage 124, run, end, 9783589485362586
1787664523.647315, NoOp Chain Depth 128 Size 0 Mode ref, Ref Stage 125, run, start, 9783589485374570
1787664523.647347, NoOp Chain Depth 128 Size 0 Mode ref, Ref Stage 125, run, end, 9783589485405898
1787664523.647361, NoOp Chain Depth 128 Size 0 Mode ref, Ref Stage 126, run, start, 9783589485420522
1787664523.647382, NoOp Chain Depth 128 Size 0 Mode ref, Ref Stage 126, run, end, 9783589485441370
1787664523.647397, NoOp Chain Depth 128 Size 0 Mode ref, Ref Stage 127, run, start, 9783589485456538
1787664523.647420, NoOp Chain Depth 128 Size 0 Mode ref, Ref Stage 127, run, end, 9783589485479338
1787664523.647435, NoOp Chain Depth 128 Size 0 Mode ref, pipeline - train, run, end, 255257861104640587926605168193681465971, 1787664523.640154, 14, 1, 9783589485494618
1787664523.647472, NoOp Chain Depth 128 Size 0 Mode ref, pipeline - train, run, start, 291188825412183146741765060819764251540, 1787664523.647461, 15, 1, 9783589485531098
1787664523.647496, NoOp Chain Depth 128 Size 0 Mode ref, Ref Stage 0, run, start, 9783589485555738
1787664523.647521, NoOp Chain Depth 128 Size 0 Mode ref, Ref Stage 0, run, end, 9783589485580346
1787664523.647534, NoOp Chain Depth 128 Size 0 Mode ref, Ref Stage 1, run, start, 9783589485593722
1787664523.647567, NoOp Chain Depth 128 Size 0 Mode ref, Ref Stage 1, run, end, 9783589485626058
1787664523.647582, NoOp Chain Depth 128 Size 0 Mode ref, Ref Stage 2, run, start, 9783589485640874
1787664523.647603, NoOp Chain Depth 128 Size 0 Mode ref, Ref Stage 2, run, end, 9783589485661850
1787664523.647617, NoOp Chain Depth 128 Size 0 Mode ref, Ref Stage 3, run, start, 9783589485676234
1787664523.647640, NoOp Chain Depth 128 Size 0 Mode ref, Ref Stage 3, run, end, 9783589485699530
1787664523.647656, NoOp Chain Depth 128 Size 0 Mode ref, Ref Stage 4, run, start, 9783589485715290
1787664523.647677, NoOp Chain Depth 128 Size 0 Mode ref, Ref Stage 4, run, end, 9783589485736010
1787664523.647691, NoOp Chain Depth 128 Size 0 Mode ref, Ref Stage 5, run, start, 9783589485750570
1787664523.647713, NoOp Chain Depth 128 Size 0 Mode ref, Ref Stage 5, run, end, 9783589485772682
1787664523.648038, NoOp Chain Depth 128 Size 0 Mode ref, Ref Stage 6, run, start, 9783589486097593
1787664523.648163, NoOp Chain Depth 128 Size 0 Mode ref, Ref Stage 6, run, end, 9783589486222761
1787664523.648179, NoOp Chain Depth 128 Size 0 Mode ref, Ref Stage 7, run, start, 9783589486238281
1787664523.648200, NoOp Chain Depth 128 Size 0 Mode ref, Ref Stage 7, run, end, 9783589486259417
1787664523.648215, NoOp Chain Depth 128 Size 0 Mode ref, Ref Stage 8, run, start, 9783589486274201
1787664523.648236, NoOp Chain Depth 128 Size 0 Mode ref, Ref Stage 8, run, end, 9783589486295113
1787664523.648250, NoOp Chain Depth 128 Size 0 Mode ref, Ref Stage 9, run, start, 9783589486309721
1787664523.648271, NoOp Chain Depth 128 Size 0 Mode ref, Ref Stage 9, run, end, 9783589486330409
1787664523.648286, NoOp Chain Depth 128 Size 0 Mode ref, Ref Stage 10, run, start, 9783589486345001
1787664523.648307, NoOp Chain Depth 128 Size 0 Mode ref, Ref Stage 10, run, end, 9783589486366409
1787664523.648323, NoOp Chain Depth 128 Size 0 Mode ref, Ref Stage 11, run, start, 9783589486381785
1787664523.648344, NoOp Chain Depth 128 Size 0 Mode ref, Ref Stage 11, run, end, 9783589486402825
1787664523.648358, NoOp Chain Depth 128 Size 0 Mode ref, Ref Stage 12, run, start, 9783589486417609
1787664523.648380, NoOp Chain Depth 128 Size 0 Mode ref, Ref Stage 12, run, end, 9783589486438793
1787664523.648395, NoOp Chain Depth 128 Size 0 Mode ref, Ref Stage 13, run, start, 9783589486453673
1787664523.648417, NoOp Chain Depth 128 Size 0 Mode ref, Ref Stage 13, run, end, 9783589486475913
1787664523.648431, NoOp Chain Depth 128 Size 0 Mode ref, Ref Stage 14, run, start, 9783589486490361
1787664523.648452, NoOp Chain Depth 128 Size 0 Mode ref, Ref Stage 14, run, end, 9783589486510841
1787664523.648468, NoOp Chain Depth 128 Size 0 Mode ref, Ref Stage 15, run, start, 9783589486527209
1787664523.648490, NoOp Chain Depth 128 Size 0 Mode ref, Ref Stage 15, run, end, 9783589486549481
1787664523.648502, NoOp Chain Depth 128 Size 0 Mode ref, Ref Stage 16, run, start, 9783589486561225
1787664523.648533, NoOp Chain Depth 128 Size 0 Mode ref, Ref Stage 16, run, end, 9783589486591961
1787664523.648548, NoOp Chain Depth 128 Size 0 Mode ref, Ref Stage 17, run, start, 9783589486607673
1787664523.648572, NoOp Chain Depth 128 Size 0 Mode ref, Ref Stage 17, run, end, 9783589486631513
1787664523.648587, NoOp Chain Depth 128 Size 0 Mode ref, Ref Stage 18, run, start, 9783589486646441
1787664523.649002, NoOp Chain Depth 128 Size 0 Mode ref, Ref Stage 18, run, end, 9783589487061769
1787664523.649119, NoOp Chain Depth 128 Size 0 Mode ref, Ref Stage 19, run, start, 9783589487178345
1787664523.649142, NoOp Chain Depth 128 Size 0 Mode ref, Ref Stage 19, run, end, 9783589487200665
1787664523.649156, NoOp Chain Depth 128 Size 0 Mode ref, Ref Stage 20, run, start, 9783589487215625
1787664523.649178, NoOp Chain Depth 128 Size 0 Mode ref, Ref Stage 20, run, end, 9783589487237321
1787664523.649195, NoOp Chain Depth 128 Size 0 Mode ref, Ref Stage 21, run, start, 9783589487254633
1787664523.649217, NoOp Chain Depth 128 Size 0 Mode ref, Ref Stage 21, run, end, 9783589487275913
1787664523.649231, NoOp Chain Depth 128 Size 0 Mode ref, Ref Stage 22, run, start, 9783589487290601
1787664523.649254, NoOp Chain Depth 128 Size 0 Mode ref, Ref Stage 22, run, end, 9783589487313353
1787664523.649266, NoOp Chain Depth 128 Size 0 Mode ref, Ref Stage 23, run, start, 9783589487325241
1787664523.649298, NoOp Chain Depth 128 Size 0 Mode ref, Ref Stage 23, run, end, 9783589487356825
1787664523.649313, NoOp Chain Depth 128 Size 0 Mode ref, Ref Stage 24, run, start, 9783589487372377
1787664523.649336, NoOp Chain Depth 128 Size 0 Mode ref, Ref Stage 24, run, end, 9783589487395033
1787664523.649351, NoOp Chain Depth 128 Size 0 Mode ref, Ref Stage 25, run, start, 9783589487410089
1787664523.649372, NoOp Chain Depth 128 Size 0 Mode ref, Ref Stage 25, run, end, 9783589487432569
1787664523.649388, NoOp Chain Depth 128 Size 0 Mode ref, Ref Stage 26, run, start, 9783589487447193
1787664523.649409, NoOp Chain Depth 128 Size 0 Mode ref, Ref Stage 26, run, end, 9783589487467993
1787664523.649423, NoOp Chain Depth 128 Size 0 Mode ref, Ref Stage 27, run, start, 9783589487482713
1787664523.649518, NoOp Chain Depth 128 Size 0 Mode ref, Ref Stage 27, run, end, 9783589487578040
1787664523.649940, NoOp Chain Depth 128 Size 0 Mode ref, Ref Stage 28, run, start, 9783589487999784
1787664523.649969, NoOp Chain Depth 128 Size 0 Mode ref, Ref Stage 28, run, end, 9783589488028456
1787664523.649985, NoOp Chain Depth 128 Size 0 Mode ref, Ref Stage 29, run, start, 9783589488043992
1787664523.650007, NoOp Chain Depth 128 Size 0 Mode ref, Ref Stage 29, run, end, 9783589488065912
1787664523.650021, NoOp Chain Depth 128 Size 0 Mode ref, Ref Stage 30, run, start, 9783589488080696
1787664523.650045, NoOp Chain Depth 128 Size 0 Mode ref, Ref Stage 30, run, end, 9783589488103896
1787664523.650056, NoOp Chain Depth 128 Size 0 Mode ref, Ref Stage 31, run, start, 9783589488115880
1787664523.650090, NoOp Chain Depth 128 Size 0 Mode ref, Ref Stage 31, run, end, 9783589488149352
1787664523.650102, NoOp Chain Depth 128 Size 0 Mode ref, Ref Stage 32, run, start, 9783589488161000
1787664523.650134, NoOp Chain Depth 128 Size 0 Mode ref, Ref Stage 32, run, end, 9783589488193096
1787664523.650149, NoOp Chain Depth 128 Size 0 Mode ref, Ref Stage 33, run, start, 9783589488207880
1787664523.650170, NoOp Chain Depth 128 Size 0 Mode ref, Ref Stage 33, run, end, 9783589488229000
1787664523.650185, NoOp Chain Depth 128 Size 0 Mode ref, Ref Stage 34, run, start, 9783589488243976
1787664523.650207, NoOp Chain Depth 128 Size 0 Mode ref, Ref Stage 34, run, end, 9783589488266520
1787664523.650222, NoOp Chain Depth 128 Size 0 Mode ref, Ref Stage 35, run, start, 9783589488281304
1787664523.650243, NoOp Chain Depth 128 Size 0 Mode ref, Ref Stage 35, run, end, 9783589488302104
1787664523.650257, NoOp Chain Depth 128 Size 0 Mode ref, Ref Stage 36, run, start, 9783589488316776
1787664523.650278, NoOp Chain Depth 128 Size 0 Mode ref, Ref Stage 36, run, end, 9783589488337608
1787664523.650293, NoOp Chain Depth 128 Size 0 Mode ref, Ref Stage 37, run, start, 9783589488352104
1787664523.650314, NoOp Chain Depth 128 Size 0 Mode ref, Ref Stage 37, run, end, 9783589488373112
1787664523.650329, NoOp Chain Depth 128 Size 0 Mode ref, Ref Stage 38, run, start, 9783589488387912
1787664523.650351, NoOp Chain Depth 128 Size 0 Mode ref, Ref Stage 38, run, end, 9783589488410392
1787664523.650367, NoOp Chain Depth 128 Size 0 Mode ref, Ref Stage 39, run, start, 9783589488426824
1787664523.650391, NoOp Chain Depth 128 Size 0 Mode ref, Ref Stage 39, run, end, 9783589488450328
1787664523.650406, NoOp Chain Depth 128 Size 0 Mode ref, Ref Stage 40, run, start, 9783589488465128
1787664523.650428, NoOp Chain Depth 128 Size 0 Mode ref, Ref Stage 40, run, end, 9783589488487384
1787664523.650443, NoOp Chain Depth 128 Size 0 Mode ref, Ref Stage 41, run, start, 9783589488502120
1787664523.650464, NoOp Chain Depth 128 Size 0 Mode ref, Ref Stage 41, run, end, 9783589488523112
1787664523.650480, NoOp Chain Depth 128 Size 0 Mode ref, Ref Stage 42, run, start, 9783589488539480
1787664523.650501, NoOp Chain Depth 128 Size 0 Mode ref, Ref Stage 42, run, end, 9783589488560184
1787664523.650516, NoOp Chain Depth 128 Size 0 Mode ref, Ref Stage 43, run, start, 9783589488575080
1787664523.650537, NoOp Chain Depth 128 Size 0 Mode ref, Ref Stage 43, run, end, 9783589488595976
1787664523.650553, NoOp Chain Depth 128 Size 0 Mode ref, Ref Stage 44, run, start, 9783589488611816
1787664523.650573, NoOp Chain Depth 128 Size 0 Mode ref, Ref Stage 44, run, end, 9783589488632824
1787664523.650591, NoOp Chain Depth 128 Size 0 Mode ref, Ref Stage 45, run, start, 9783589488649944
1787664523.650611, NoOp Chain Depth 128 Size 0 Mode ref, Ref Stage 45, run, end, 9783589488670632
1787664523.650626, NoOp Chain Depth 128 Size 0 Mode ref, Ref Stage 46, run, start, 9783589488685448
1787664523.650647, NoOp Chain Depth 128 Size 0 Mode ref, Ref Stage 46, run, end, 9783589488706328
1787664523.650661, NoOp Chain Depth 128 Size 0 Mode ref, Ref Stage 47, run, start, 9783589488720648
1787664523.650682, NoOp Chain Depth 128 Size 0 Mode ref, Ref Stage 47, run, end, 9783589488741256
1787664523.650697, NoOp Chain Depth 128 Size 0 Mode ref, Ref Stage 48, run, start, 9783589488756328
1787664523.650718, NoOp Chain Depth 128 Size 0 Mode ref, Ref Stage 48, run, end, 9783589488777112
1787664523.650733, NoOp Chain Depth 128 Size 0 Mode ref, Ref Stage 49, run, start, 9783589488791960
1787664523.650753, NoOp Chain Depth 128 Size 0 Mode ref, Ref Stage 49, run, end, 9783589488812824
1787664523.650768, NoOp Chain Depth 128 Size 0 Mode ref, Ref Stage 50, run, start, 9783589488827064
1787664523.650790, NoOp Chain Depth 128 Size 0 Mode ref, Ref Stage 50, run, end, 9783589488848984
1787664523.650806, NoOp Chain Depth 128 Size 0 Mode ref, Ref Stage 51, run, start, 9783589488865720
1787664523.650827, NoOp Chain Depth 128 Size 0 Mode ref, Ref Stage 51, run, end, 9783589488886504
1787664523.650842, NoOp Chain Depth 128 Size 0 Mode ref, Ref Stage 52, run, start, 9783589488900920
1787664523.650863, NoOp Chain Depth 128 Size 0 Mode ref, Ref Stage 52, run, end, 9783589488922088
1787664523.653954, NoOp Chain Depth 128 Size 0 Mode ref, Ref Stage 53, run, start, 9783589492014357
1787664523.653986, NoOp Chain Depth 128 Size 0 Mode ref, Ref Stage 53, run, end, 9783589492046069
1787664523.654845, NoOp Chain Depth 128 Size 0 Mode ref, Ref Stage 54, run, start, 9783589492904773
1787664523.654869, NoOp Chain Depth 128 Size 0 Mode ref, Ref Stage 54, run, end, 9783589492928309
1787664523.654884, NoOp Chain Depth 128 Size 0 Mode ref, Ref Stage 55, run, start, 9783589492943813
1787664523.654906, NoOp Chain Depth 128 Size 0 Mode ref, Ref Stage 55, run, end, 9783589492964885
1787664523.654921, NoOp Chain Depth 128 Size 0 Mode ref, Ref Stage 56, run, start, 9783589492979861
1787664523.654942, NoOp Chain Depth 128 Size 0 Mode ref, Ref Stage 56, run, end, 9783589493003205
1787664523.654959, NoOp Chain Depth 128 Size 0 Mode ref, Ref Stage 57, run, start, 9783589493018517
1787664523.654982, NoOp Chain Depth 128 Size 0 Mode ref, Ref Stage 57, run, end, 9783589493041429
1787664523.654994, NoOp Chain Depth 128 Size 0 Mode ref, Ref Stage 58, run, start, 9783589493053317
1787664523.655025, NoOp Chain Depth 128 Size 0 Mode ref, Ref Stage 58, run, end, 9783589493084597
1787664523.655040, NoOp Chain Depth 128 Size 0 Mode ref, Ref Stage 59, run, start, 9783589493099397
1787664523.655061, NoOp Chain Depth 128 Size 0 Mode ref, Ref Stage 59, run, end, 9783589493120421
1787664523.655076, NoOp Chain Depth 128 Size 0 Mode ref, Ref Stage 60, run, start, 9783589493135077
1787664523.655097, NoOp Chain Depth 128 Size 0 Mode ref, Ref Stage 60, run, end, 9783589493155893
1787664523.655111, NoOp Chain Depth 128 Size 0 Mode ref, Ref Stage 61, run, start, 9783589493170629
1787664523.655133, NoOp Chain Depth 128 Size 0 Mode ref, Ref Stage 61, run, end, 9783589493191669
1787664523.655147, NoOp Chain Depth 128 Size 0 Mode ref, Ref Stage 62, run, start, 9783589493206309
1787664523.655170, NoOp Chain Depth 128 Size 0 Mode ref, Ref Stage 62, run, end, 9783589493229029
1787664523.655184, NoOp Chain Depth 128 Size 0 Mode ref, Ref Stage 63, run, start, 9783589493243621
1787664523.655205, NoOp Chain Depth 128 Size 0 Mode ref, Ref Stage 63, run, end, 9783589493264325
1787664523.655220, NoOp Chain Depth 128 Size 0 Mode ref, Ref Stage 64, run, start, 9783589493279349
1787664523.655241, NoOp Chain Depth 128 Size 0 Mode ref, Ref Stage 64, run, end, 9783589493300165
1787664523.655256, NoOp Chain Depth 128 Size 0 Mode ref, Ref Stage 65, run, start, 9783589493314821
1787664523.655277, NoOp Chain Depth 128 Size 0 Mode ref, Ref Stage 65, run, end, 9783589493335893
1787664523.655291, NoOp Chain Depth 128 Size 0 Mode ref, Ref Stage 66, run, start, 9783589493350373
1787664523.655312, NoOp Chain Depth 128 Size 0 Mode ref, Ref Stage 66, run, end, 9783589493370965
1787664523.655326, NoOp Chain Depth 128 Size 0 Mode ref, Ref Stage 67, run, start, 9783589493385237
1787664523.655348, NoOp Chain Depth 128 Size 0 Mode ref, Ref Stage 67, run, end, 9783589493407541
1787664523.655360, NoOp Chain Depth 128 Size 0 Mode ref, Ref Stage 68, run, start, 9783589493419141
1787664523.655391, NoOp Chain Depth 128 Size 0 Mode ref, Ref Stage 68, run, end, 9783589493450197
1787664523.655406, NoOp Chain Depth 128 Size 0 Mode ref, Ref Stage 69, run, start, 9783589493464725
1787664523.655426, NoOp Chain Depth 128 Size 0 Mode ref, Ref Stage 69, run, end, 9783589493485413
1787664523.655441, NoOp Chain Depth 128 Size 0 Mode ref, Ref Stage 70, run, start, 9783589493500549
1787664523.655464, NoOp Chain Depth 128 Size 0 Mode ref, Ref Stage 70, run, end, 9783589493522725
1787664523.655475, NoOp Chain Depth 128 Size 0 Mode ref, Ref Stage 71, run, start, 9783589493534677
1787664523.655506, NoOp Chain Depth 128 Size 0 Mode ref, Ref Stage 71, run, end, 9783589493565316
1787664523.655520, NoOp Chain Depth 128 Size 0 Mode ref, Ref Stage 72, run, start, 9783589493579572
1787664523.655541, NoOp Chain Depth 128 Size 0 Mode ref, Ref Stage 72, run, end, 9783589493600244
1787664523.655555, NoOp Chain Depth 128 Size 0 Mode ref, Ref Stage 73, run, start, 9783589493614932
1787664523.655576, NoOp Chain Depth 128 Size 0 Mode ref, Ref Stage 73, run, end, 9783589493635604
1787664523.655591, NoOp Chain Depth 128 Size 0 Mode ref, Ref Stage 74, run, start, 9783589493650244
1787664523.655612, NoOp Chain Depth 128 Size 0 Mode ref, Ref Stage 74, run, end, 9783589493670916
1787664523.655626, NoOp Chain Depth 128 Size 0 Mode ref, Ref Stage 75, run, start, 9783589493685412
1787664523.655647, NoOp Chain Depth 128 Size 0 Mode ref, Ref Stage 75, run, end, 9783589493706212
1787664523.655662, NoOp Chain Depth 128 Size 0 Mode ref, Ref Stage 76, run, start, 9783589493721188
1787664523.655685, NoOp Chain Depth 128 Size 0 Mode ref, Ref Stage 76, run, end, 9783589493743716
1787664523.655696, NoOp Chain Depth 128 Size 0 Mode ref, Ref Stage 77, run, start, 9783589493755252
1787664523.655727, NoOp Chain Depth 128 Size 0 Mode ref, Ref Stage 77, run, end, 9783589493785812
1787664523.655741, NoOp Chain Depth 128 Size 0 Mode ref, Ref Stage 78, run, start, 9783589493800404
1787664523.655762, NoOp Chain Depth 128 Size 0 Mode ref, Ref Stage 78, run, end, 9783589493821364
1787664523.655777, NoOp Chain Depth 128 Size 0 Mode ref, Ref Stage 79, run, start, 9783589493836196
1787664523.655797, NoOp Chain Depth 128 Size 0 Mode ref, Ref Stage 79, run, end, 9783589493856804
1787664523.655812, NoOp Chain Depth 128 Size 0 Mode ref, Ref Stage 80, run, start, 9783589493871508
1787664523.655833, NoOp Chain Depth 128 Size 0 Mode ref, Ref Stage 80, run, end, 9783589493892052
1787664523.655847, NoOp Chain Depth 128 Size 0 Mode ref, Ref Stage 81, run, start, 9783589493906628
1787664523.655868, NoOp Chain Depth 128 Size 0 Mode ref, Ref Stage 81, run, end, 9783589493927124
1787664523.655883, NoOp Chain Depth 128 Size 0 Mode ref, Ref Stage 82, run, start, 9783589493941876
1787664523.655904, NoOp Chain Depth 128 Size 0 Mode ref, Ref Stage 82, run, end, 9783589493962548
1787664523.655920, NoOp Chain Depth 128 Size 0 Mode ref, Ref Stage 83, run, start, 9783589493979140
1787664523.655940, NoOp Chain Depth 128 Size 0 Mode ref, Ref Stage 83, run, end, 9783589493999588
1787664523.655957, NoOp Chain Depth 128 Size 0 Mode ref, Ref Stage 84, run, start, 9783589494015892
1787664523.655977, NoOp Chain Depth 128 Size 0 Mode ref, Ref Stage 84, run, end, 9783589494036452
1787664523.655993, NoOp Chain Depth 128 Size 0 Mode ref, Ref Stage 85, run, start, 9783589494052308
1787664523.656013, NoOp Chain Depth 128 Size 0 Mode ref, Ref Stage 85, run, end, 9783589494072852
1787664523.656029, NoOp Chain Depth 128 Size 0 Mode ref, Ref Stage 86, run, start, 9783589494087764
1787664523.656051, NoOp Chain Depth 128 Size 0 Mode ref, Ref Stage 86, run, end, 9783589494109860
1787664523.656267, NoOp Chain Depth 128 Size 0 Mode ref, Ref Stage 87, run, start, 9783589494327060
1787664523.656393, NoOp Chain Depth 128 Size 0 Mode ref, Ref Stage 87, run, end, 9783589494452276
1787664523.656408, NoOp Chain Depth 128 Size 0 Mode ref, Ref Stage 88, run, start, 9783589494467620
1787664523.656430, NoOp Chain Depth 128 Size 0 Mode ref, Ref Stage 88, run, end, 9783589494488868
1787664523.656444, NoOp Chain Depth 128 Size 0 Mode ref, Ref Stage 89, run, start, 9783589494503780
1787664523.656466, NoOp Chain Depth 128 Size 0 Mode ref, Ref Stage 89, run, end, 9783589494525060
1787664523.656480, NoOp Chain Depth 128 Size 0 Mode ref, Ref Stage 90, run, start, 9783589494539492
1787664523.656501, NoOp Chain Depth 128 Size 0 Mode ref, Ref Stage 90, run, end, 9783589494560148
1787664523.656516, NoOp Chain Depth 128 Size 0 Mode ref, Ref Stage 91, run, start, 9783589494574772
1787664523.656924, NoOp Chain Depth 128 Size 0 Mode ref, Ref Stage 91, run, end, 9783589494983460
1787664523.657045, NoOp Chain Depth 128 Size 0 Mode ref, Ref Stage 92, run, start, 9783589495104500
1787664523.657069, NoOp Chain Depth 128 Size 0 Mode ref, Ref Stage 92, run, end, 9783589495128196
1787664523.657084, NoOp Chain Depth 128 Size 0 Mode ref, Ref Stage 93, run, start, 9783589495143299
1787664523.657105, NoOp Chain Depth 128 Size 0 Mode ref, Ref Stage 93, run, end, 9783589495164307
1787664523.657120, NoOp Chain Depth 128 Size 0 Mode ref, Ref Stage 94, run, start, 9783589495178835
1787664523.657140, NoOp Chain Depth 128 Size 0 Mode ref, Ref Stage 94, run, end, 9783589495199763
1787664523.657156, NoOp Chain Depth 128 Size 0 Mode ref, Ref Stage 95, run, start, 9783589495214739
1787664523.657179, NoOp Chain Depth 128 Size 0 Mode ref, Ref Stage 95, run, end, 9783589495237779
1787664523.657190, NoOp Chain Depth 128 Size 0 Mode ref, Ref Stage 96, run, start, 9783589495249363
1787664523.657221, NoOp Chain Depth 128 Size 0 Mode ref, Ref Stage 96, run, end, 9783589495280483
1787664523.657236, NoOp Chain Depth 128 Size 0 Mode ref, Ref Stage 97, run, start, 9783589495295123
1787664523.657257, NoOp Chain Depth 128 Size 0 Mode ref, Ref Stage 97, run, end, 9783589495315907
1787664523.657272, NoOp Chain Depth 128 Size 0 Mode ref, Ref Stage 98, run, start, 9783589495330707
1787664523.657293, NoOp Chain Depth 128 Size 0 Mode ref, Ref Stage 98, run, end, 9783589495351667
1787664523.657307, NoOp Chain Depth 128 Size 0 Mode ref, Ref Stage 99, run, start, 9783589495366387
1787664523.657328, NoOp Chain Depth 128 Size 0 Mode ref, Ref Stage 99, run, end, 9783589495387603
1787664523.657343, NoOp Chain Depth 128 Size 0 Mode ref, Ref Stage 100, run, start, 9783589495402163
1787664523.657364, NoOp Chain Depth 128 Size 0 Mode ref, Ref Stage 100, run, end, 9783589495423187
1787664523.657379, NoOp Chain Depth 128 Size 0 Mode ref, Ref Stage 101, run, start, 9783589495437811
1787664523.657399, NoOp Chain Depth 128 Size 0 Mode ref, Ref Stage 101, run, end, 9783589495458275
1787664523.657413, NoOp Chain Depth 128 Size 0 Mode ref, Ref Stage 102, run, start, 9783589495472579
1787664523.657434, NoOp Chain Depth 128 Size 0 Mode ref, Ref Stage 102, run, end, 9783589495493331
1787664523.657449, NoOp Chain Depth 128 Size 0 Mode ref, Ref Stage 103, run, start, 9783589495508147
1787664523.657470, NoOp Chain Depth 128 Size 0 Mode ref, Ref Stage 103, run, end, 9783589495528963
1787664523.657487, NoOp Chain Depth 128 Size 0 Mode ref, Ref Stage 104, run, start, 9783589495545891
1787664523.657508, NoOp Chain Depth 128 Size 0 Mode ref, Ref Stage 104, run, end, 9783589495566819
1787664523.657522, NoOp Chain Depth 128 Size 0 Mode ref, Ref Stage 105, run, start, 9783589495581395
1787664523.657543, NoOp Chain Depth 128 Size 0 Mode ref, Ref Stage 105, run, end, 9783589495602147
1787664523.657558, NoOp Chain Depth 128 Size 0 Mode ref, Ref Stage 106, run, start, 9783589495617571
1787664523.657581, NoOp Chain Depth 128 Size 0 Mode ref, Ref Stage 106, run, end, 9783589495640275
1787664523.657593, NoOp Chain Depth 128 Size 0 Mode ref, Ref Stage 107, run, start, 9783589495651763
1787664523.657624, NoOp Chain Depth 128 Size 0 Mode ref, Ref Stage 107, run, end, 9783589495682851
1787664523.657639, NoOp Chain Depth 128 Size 0 Mode ref, Ref Stage 108, run, start, 9783589495698483
1787664523.657662, NoOp Chain Depth 128 Size 0 Mode ref, Ref Stage 108, run, end, 9783589495721475
1787664523.657674, NoOp Chain Depth 128 Size 0 Mode ref, Ref Stage 109, run, start, 9783589495733267
1787664523.658100, NoOp Chain Depth 128 Size 0 Mode ref, Ref Stage 109, run, end, 9783589496159747
1787664523.658116, NoOp Chain Depth 128 Size 0 Mode ref, Ref Stage 110, run, start, 9783589496175299
1787664523.658138, NoOp Chain Depth 128 Size 0 Mode ref, Ref Stage 110, run, end, 9783589496196899
1787664523.658152, NoOp Chain Depth 128 Size 0 Mode ref, Ref Stage 111, run, start, 9783589496211651
1787664523.658175, NoOp Chain Depth 128 Size 0 Mode ref, Ref Stage 111, run, end, 9783589496234467
1787664523.658186, NoOp Chain Depth 128 Size 0 Mode ref, Ref Stage 112, run, start, 9783589496245811
1787664523.658220, NoOp Chain Depth 128 Size 0 Mode ref, Ref Stage 112, run, end, 9783589496278739
1787664523.658231, NoOp Chain Depth 128 Size 0 Mode ref, Ref Stage 113, run, start, 9783589496290275
1787664523.658262, NoOp Chain Depth 128 Size 0 Mode ref, Ref Stage 113, run, end, 9783589496321379
1787664523.658277, NoOp Chain Depth 128 Size 0 Mode ref, Ref Stage 114, run, start, 9783589496336083
1787664523.658298, NoOp Chain Depth 128 Size 0 Mode ref, Ref Stage 114, run, end, 9783589496357091
1787664523.658313, NoOp Chain Depth 128 Size 0 Mode ref, Ref Stage 115, run, start, 9783589496371731
1787664523.658335, NoOp Chain Depth 128 Size 0 Mode ref, Ref Stage 115, run, end, 9783589496394579
1787664523.658350, NoOp Chain Depth 128 Size 0 Mode ref, Ref Stage 116, run, start, 9783589496409363
1787664523.658371, NoOp Chain Depth 128 Size 0 Mode ref, Ref Stage 116, run, end, 9783589496430371
1787664523.658386, NoOp Chain Depth 128 Size 0 Mode ref, Ref Stage 117, run, start, 9783589496444739
1787664523.658406, NoOp Chain Depth 128 Size 0 Mode ref, Ref Stage 117, run, end, 9783589496465379
1787664523.658422, NoOp Chain Depth 128 Size 0 Mode ref, Ref Stage 118, run, start, 9783589496480675
1787664523.658442, NoOp Chain Depth 128 Size 0 Mode ref, Ref Stage 118, run, end, 9783589496501283
1787664523.658458, NoOp Chain Depth 128 Size 0 Mode ref, Ref Stage 119, run, start, 9783589496517011
1787664523.658480, NoOp Chain Depth 128 Size 0 Mode ref, Ref Stage 119, run, end, 9783589496539187
1787664523.658495, NoOp Chain Depth 128 Size 0 Mode ref, Ref Stage 120, run, start, 9783589496554787
1787664523.658914, NoOp Chain Depth 128 Size 0 Mode ref, Ref Stage 120, run, end, 9783589496973730
1787664523.659040, NoOp Chain Depth 128 Size 0 Mode ref, Ref Stage 121, run, start, 9783589497100162
1787664523.659065, NoOp Chain Depth 128 Size 0 Mode ref, Ref Stage 121, run, end, 9783589497124210
1787664523.659081, NoOp Chain Depth 128 Size 0 Mode ref, Ref Stage 122, run, start, 9783589497140050
1787664523.659102, NoOp Chain Depth 128 Size 0 Mode ref, Ref Stage 122, run, end, 9783589497161314
1787664523.659117, NoOp Chain Depth 128 Size 0 Mode ref, Ref Stage 123, run, start, 9783589497175874
1787664523.659138, NoOp Chain Depth 128 Size 0 Mode ref, Ref Stage 123, run, end, 9783589497196994
1787664523.659152, NoOp Chain Depth 128 Size 0 Mode ref, Ref Stage 124, run, start, 9783589497211458
1787664523.659176, NoOp Chain Depth 128 Size 0 Mode ref, Ref Stage 124, run, end, 9783589497234786
1787664523.659190, NoOp Chain Depth 128 Size 0 Mode ref, Ref Stage 125, run, start, 9783589497249250
1787664523.659213, NoOp Chain Depth 128 Size 0 Mode ref, Ref Stage 125, run, end, 9783589497272194
1787664523.659225, NoOp Chain Depth 128 Size 0 Mode ref, Ref Stage 126, run, start, 9783589497284322
1787664523.659257, NoOp Chain Depth 128 Size 0 Mode ref, Ref Stage 126, run, end, 9783589497315970
1787664523.659272, NoOp Chain Depth 128 Size 0 Mode ref, Ref Stage 127, run, start, 9783589497331314
1787664523.659293, NoOp Chain Depth 128 Size 0 Mode ref, Ref Stage 127, run, end, 9783589497352418
1787664523.659308, NoOp Chain Depth 128 Size 0 Mode ref, pipeline - train, run, end, 291188825412183146741765060819764251540, 1787664523.647461, 15, 1, 9783589497367730
1787664523.659345, NoOp Chain Depth 128 Size 0 Mode ref, pipeline - train, run, start, 261098578261732918447568913675804973, 1787664523.659334, 16, 1, 9783589497404498
1787664523.659368, NoOp Chain Depth 128 Size 0 Mode ref, Ref Stage 0, run, start, 9783589497427346
1787664523.659390, NoOp Chain Depth 128 Size 0 Mode ref, Ref Stage 0, run, end, 9783589497449666
1787664523.659405, NoOp Chain Depth 128 Size 0 Mode ref, Ref Stage 1, run, start, 9783589497464610
1787664523.659428, NoOp Chain Depth 128 Size 0 Mode ref, Ref Stage 1, run, end, 9783589497487138
1787664523.659443, NoOp Chain Depth 128 Size 0 Mode ref, Ref Stage 2, run, start, 9783589497502450
1787664523.659468, NoOp Chain Depth 128 Size 0 Mode ref, Ref Stage 2, run, end, 9783589497527154
1787664523.659480, NoOp Chain Depth 128 Size 0 Mode ref, Ref Stage 3, run, start, 9783589497539138
1787664523.659922, NoOp Chain Depth 128 Size 0 Mode ref, Ref Stage 3, run, end, 9783589497982194
1787664523.659938, NoOp Chain Depth 128 Size 0 Mode ref, Ref Stage 4, run, start, 9783589497997458
1787664523.659964, NoOp Chain Depth 128 Size 0 Mode ref, Ref Stage 4, run, end, 9783589498023202
1787664523.659976, NoOp Chain Depth 128 Size 0 Mode ref, Ref Stage 5, run, start, 9783589498035202
1787664523.660007, NoOp Chain Depth 128 Size 0 Mode ref, Ref Stage 5, run, end, 9783589498066610
1787664523.660022, NoOp Chain Depth 128 Size 0 Mode ref, Ref Stage 6, run, start, 9783589498081298
1787664523.660043, NoOp Chain Depth 128 Size 0 Mode ref, Ref Stage 6, run, end, 9783589498102322
1787664523.660058, NoOp Chain Depth 128 Size 0 Mode ref, Ref Stage 7, run, start, 9783589498117761
1787664523.660080, NoOp Chain Depth 128 Size 0 Mode ref, Ref Stage 7, run, end, 9783589498139073
1787664523.660095, NoOp Chain Depth 128 Size 0 Mode ref, Ref Stage 8, run, start, 9783589498154145
1787664523.660117, NoOp Chain Depth 128 Size 0 Mode ref, Ref Stage 8, run, end, 9783589498176769
1787664523.660518, NoOp Chain Depth 128 Size 0 Mode ref, Ref Stage 9, run, start, 9783589498578017
1787664523.660643, NoOp Chain Depth 128 Size 0 Mode ref, Ref Stage 9, run, end, 9783589498702449
1787664523.660659, NoOp Chain Depth 128 Size 0 Mode ref, Ref Stage 10, run, start, 9783589498718209
1787664523.660681, NoOp Chain Depth 128 Size 0 Mode ref, Ref Stage 10, run, end, 9783589498739873
1787664523.660696, NoOp Chain Depth 128 Size 0 Mode ref, Ref Stage 11, run, start, 9783589498754801
1787664523.660717, NoOp Chain Depth 128 Size 0 Mode ref, Ref Stage 11, run, end, 9783589498776065
1787664523.660731, NoOp Chain Depth 128 Size 0 Mode ref, Ref Stage 12, run, start, 9783589498790689
1787664523.660753, NoOp Chain Depth 128 Size 0 Mode ref, Ref Stage 12, run, end, 9783589498811761
1787664523.660768, NoOp Chain Depth 128 Size 0 Mode ref, Ref Stage 13, run, start, 9783589498826753
1787664523.660789, NoOp Chain Depth 128 Size 0 Mode ref, Ref Stage 13, run, end, 9783589498847809
1787664523.660804, NoOp Chain Depth 128 Size 0 Mode ref, Ref Stage 14, run, start, 9783589498862817
1787664523.660826, NoOp Chain Depth 128 Size 0 Mode ref, Ref Stage 14, run, end, 9783589498885569
1787664523.660838, NoOp Chain Depth 128 Size 0 Mode ref, Ref Stage 15, run, start, 9783589498897297
1787664523.660872, NoOp Chain Depth 128 Size 0 Mode ref, Ref Stage 15, run, end, 9783589498931281
1787664523.660887, NoOp Chain Depth 128 Size 0 Mode ref, Ref Stage 16, run, start, 9783589498946225
1787664523.660908, NoOp Chain Depth 128 Size 0 Mode ref, Ref Stage 16, run, end, 9783589498967329
1787664523.660924, NoOp Chain Depth 128 Size 0 Mode ref, Ref Stage 17, run, start, 9783589498982897
1787664523.660950, NoOp Chain Depth 128 Size 0 Mode ref, Ref Stage 17, run, end, 9783589499009617
1787664523.660962, NoOp Chain Depth 128 Size 0 Mode ref, Ref Stage 18, run, start, 9783589499021345
1787664523.661400, NoOp Chain Depth 128 Size 0 Mode ref, Ref Stage 18, run, end, 9783589499459489
1787664523.661415, NoOp Chain Depth 128 Size 0 Mode ref, Ref Stage 19, run, start, 9783589499474833
1787664523.661437, NoOp Chain Depth 128 Size 0 Mode ref, Ref Stage 19, run, end, 9783589499496209
1787664523.661452, NoOp Chain Depth 128 Size 0 Mode ref, Ref Stage 20, run, start, 9783589499511041
1787664523.661473, NoOp Chain Depth 128 Size 0 Mode ref, Ref Stage 20, run, end, 9783589499532129
1787664523.661487, NoOp Chain Depth 128 Size 0 Mode ref, Ref Stage 21, run, start, 9783589499546641
1787664523.661508, NoOp Chain Depth 128 Size 0 Mode ref, Ref Stage 21, run, end, 9783589499567537
1787664523.661523, NoOp Chain Depth 128 Size 0 Mode ref, Ref Stage 22, run, start, 9783589499582177
1787664523.661546, NoOp Chain Depth 128 Size 0 Mode ref, Ref Stage 22, run, end, 9783589499604801
1787664523.661557, NoOp Chain Depth 128 Size 0 Mode ref, Ref Stage 23, run, start, 9783589499616513
1787664523.661588, NoOp Chain Depth 128 Size 0 Mode ref, Ref Stage 23, run, end, 9783589499649409
1787664523.661606, NoOp Chain Depth 128 Size 0 Mode ref, Ref Stage 24, run, start, 9783589499664832
1787664523.661627, NoOp Chain Depth 128 Size 0 Mode ref, Ref Stage 24, run, end, 9783589499685808
1787664523.661643, NoOp Chain Depth 128 Size 0 Mode ref, Ref Stage 25, run, start, 9783589499701664
1787664523.661663, NoOp Chain Depth 128 Size 0 Mode ref, Ref Stage 25, run, end, 9783589499722304
1787664523.661678, NoOp Chain Depth 128 Size 0 Mode ref, Ref Stage 26, run, start, 9783589499736768
1787664523.661698, NoOp Chain Depth 128 Size 0 Mode ref, Ref Stage 26, run, end, 9783589499757296
1787664523.662199, NoOp Chain Depth 128 Size 0 Mode ref, Ref Stage 27, run, start, 9783589500258688
1787664523.662225, NoOp Chain Depth 128 Size 0 Mode ref, Ref Stage 27, run, end, 9783589500284240
1787664523.662241, NoOp Chain Depth 128 Size 0 Mode ref, Ref Stage 28, run, start, 9783589500299792
1787664523.662262, NoOp Chain Depth 128 Size 0 Mode ref, Ref Stage 28, run, end, 9783589500320976
1787664523.662277, NoOp Chain Depth 128 Size 0 Mode ref, Ref Stage 29, run, start, 9783589500336000
1787664523.662298, NoOp Chain Depth 128 Size 0 Mode ref, Ref Stage 29, run, end, 9783589500356960
1787664523.662313, NoOp Chain Depth 128 Size 0 Mode ref, Ref Stage 30, run, start, 9783589500371600
1787664523.662333, NoOp Chain Depth 128 Size 0 Mode ref, Ref Stage 30, run, end, 9783589500392704
1787664523.662348, NoOp Chain Depth 128 Size 0 Mode ref, Ref Stage 31, run, start, 9783589500407392
1787664523.662371, NoOp Chain Depth 128 Size 0 Mode ref, Ref Stage 31, run, end, 9783589500430256
1787664523.662383, NoOp Chain Depth 128 Size 0 Mode ref, Ref Stage 32, run, start, 9783589500442128
1787664523.662417, NoOp Chain Depth 128 Size 0 Mode ref, Ref Stage 32, run, end, 9783589500476448
1787664523.662432, NoOp Chain Depth 128 Size 0 Mode ref, Ref Stage 33, run, start, 9783589500491536
1787664523.662454, NoOp Chain Depth 128 Size 0 Mode ref, Ref Stage 33, run, end, 9783589500512896
1787664523.662468, NoOp Chain Depth 128 Size 0 Mode ref, Ref Stage 34, run, start, 9783589500527568
1787664523.662491, NoOp Chain Depth 128 Size 0 Mode ref, Ref Stage 34, run, end, 9783589500549920
1787664523.662505, NoOp Chain Depth 128 Size 0 Mode ref, Ref Stage 35, run, start, 9783589500564752
1787664523.662526, NoOp Chain Depth 128 Size 0 Mode ref, Ref Stage 35, run, end, 9783589500585504
1787664523.662543, NoOp Chain Depth 128 Size 0 Mode ref, Ref Stage 36, run, start, 9783589500602064
1787664523.662564, NoOp Chain Depth 128 Size 0 Mode ref, Ref Stage 36, run, end, 9783589500622992
1787664523.662580, NoOp Chain Depth 128 Size 0 Mode ref, Ref Stage 37, run, start, 9783589500639072
1787664523.662602, NoOp Chain Depth 128 Size 0 Mode ref, Ref Stage 37, run, end, 9783589500661264
1787664523.662616, NoOp Chain Depth 128 Size 0 Mode ref, Ref Stage 38, run, start, 9783589500675808
1787664523.662639, NoOp Chain Depth 128 Size 0 Mode ref, Ref Stage 38, run, end, 9783589500698288
1787664523.662654, NoOp Chain Depth 128 Size 0 Mode ref, Ref Stage 39, run, start, 9783589500713248
1787664523.662675, NoOp Chain Depth 128 Size 0 Mode ref, Ref Stage 39, run, end, 9783589500734288
1787664523.662689, NoOp Chain Depth 128 Size 0 Mode ref, Ref Stage 40, run, start, 9783589500748896
1787664523.662710, NoOp Chain Depth 128 Size 0 Mode ref, Ref Stage 40, run, end, 9783589500769536
1787664523.662724, NoOp Chain Depth 128 Size 0 Mode ref, Ref Stage 41, run, start, 9783589500784000
1787664523.662746, NoOp Chain Depth 128 Size 0 Mode ref, Ref Stage 41, run, end, 9783589500804736
1787664523.662761, NoOp Chain Depth 128 Size 0 Mode ref, Ref Stage 42, run, start, 9783589500820336
1787664523.662782, NoOp Chain Depth 128 Size 0 Mode ref, Ref Stage 42, run, end, 9783589500840944
1787664523.662799, NoOp Chain Depth 128 Size 0 Mode ref, Ref Stage 43, run, start, 9783589500858032
1787664523.662819, NoOp Chain Depth 128 Size 0 Mode ref, Ref Stage 43, run, end, 9783589500878480
1787664523.662834, NoOp Chain Depth 128 Size 0 Mode ref, Ref Stage 44, run, start, 9783589500892944
1787664523.662854, NoOp Chain Depth 128 Size 0 Mode ref, Ref Stage 44, run, end, 9783589500913600
1787664523.662869, NoOp Chain Depth 128 Size 0 Mode ref, Ref Stage 45, run, start, 9783589500927984
1787664523.662889, NoOp Chain Depth 128 Size 0 Mode ref, Ref Stage 45, run, end, 9783589500948320
1787664523.662903, NoOp Chain Depth 128 Size 0 Mode ref, Ref Stage 46, run, start, 9783589500962576
1787664523.662924, NoOp Chain Depth 128 Size 0 Mode ref, Ref Stage 46, run, end, 9783589500983136
1787664523.662938, NoOp Chain Depth 128 Size 0 Mode ref, Ref Stage 47, run, start, 9783589500997440
1787664523.662963, NoOp Chain Depth 128 Size 0 Mode ref, Ref Stage 47, run, end, 9783589501022480
1787664523.662978, NoOp Chain Depth 128 Size 0 Mode ref, Ref Stage 48, run, start, 9783589501037184
1787664523.663000, NoOp Chain Depth 128 Size 0 Mode ref, Ref Stage 48, run, end, 9783589501059424
1787664523.663015, NoOp Chain Depth 128 Size 0 Mode ref, Ref Stage 49, run, start, 9783589501074576
1787664523.663036, NoOp Chain Depth 128 Size 0 Mode ref, Ref Stage 49, run, end, 9783589501095488
1787664523.663051, NoOp Chain Depth 128 Size 0 Mode ref, Ref Stage 50, run, start, 9783589501110336
1787664523.663071, NoOp Chain Depth 128 Size 0 Mode ref, Ref Stage 50, run, end, 9783589501130720
1787664523.663087, NoOp Chain Depth 128 Size 0 Mode ref, Ref Stage 51, run, start, 9783589501146320
1787664523.663108, NoOp Chain Depth 128 Size 0 Mode ref, Ref Stage 51, run, end, 9783589501166896
1787664523.663122, NoOp Chain Depth 128 Size 0 Mode ref, Ref Stage 52, run, start, 9783589501181264
1787664523.663450, NoOp Chain Depth 128 Size 0 Mode ref, Ref Stage 52, run, end, 9783589501510287
1787664523.663464, NoOp Chain Depth 128 Size 0 Mode ref, Ref Stage 53, run, start, 9783589501523311
1787664523.663603, NoOp Chain Depth 128 Size 0 Mode ref, Ref Stage 53, run, end, 9783589501662543
1787664523.663618, NoOp Chain Depth 128 Size 0 Mode ref, Ref Stage 54, run, start, 9783589501677535
1787664523.663640, NoOp Chain Depth 128 Size 0 Mode ref, Ref Stage 54, run, end, 9783589501698799
1787664523.663654, NoOp Chain Depth 128 Size 0 Mode ref, Ref Stage 55, run, start, 9783589501713727
1787664523.663675, NoOp Chain Depth 128 Size 0 Mode ref, Ref Stage 55, run, end, 9783589501734239
1787664523.663690, NoOp Chain Depth 128 Size 0 Mode ref, Ref Stage 56, run, start, 9783589501749071
1787664523.663711, NoOp Chain Depth 128 Size 0 Mode ref, Ref Stage 56, run, end, 9783589501770191
1787664523.663727, NoOp Chain Depth 128 Size 0 Mode ref, Ref Stage 57, run, start, 9783589501786687
1787664523.663749, NoOp Chain Depth 128 Size 0 Mode ref, Ref Stage 57, run, end, 9783589501807791
1787664523.663763, NoOp Chain Depth 128 Size 0 Mode ref, Ref Stage 58, run, start, 9783589501822431
1787664523.663785, NoOp Chain Depth 128 Size 0 Mode ref, Ref Stage 58, run, end, 9783589501844383
1787664523.663800, NoOp Chain Depth 128 Size 0 Mode ref, Ref Stage 59, run, start, 9783589501859727
1787664523.663823, NoOp Chain Depth 128 Size 0 Mode ref, Ref Stage 59, run, end, 9783589501881983
1787664523.663837, NoOp Chain Depth 128 Size 0 Mode ref, Ref Stage 60, run, start, 9783589501896671
1787664523.663859, NoOp Chain Depth 128 Size 0 Mode ref, Ref Stage 60, run, end, 9783589501918687
1787664523.663874, NoOp Chain Depth 128 Size 0 Mode ref, Ref Stage 61, run, start, 9783589501933647
1787664523.663895, NoOp Chain Depth 128 Size 0 Mode ref, Ref Stage 61, run, end, 9783589501954591
1787664523.663910, NoOp Chain Depth 128 Size 0 Mode ref, Ref Stage 62, run, start, 9783589501969135
1787664523.663932, NoOp Chain Depth 128 Size 0 Mode ref, Ref Stage 62, run, end, 9783589501991359
1787664523.663949, NoOp Chain Depth 128 Size 0 Mode ref, Ref Stage 63, run, start, 9783589502008415
1787664523.663971, NoOp Chain Depth 128 Size 0 Mode ref, Ref Stage 63, run, end, 9783589502029951
1787664523.663986, NoOp Chain Depth 128 Size 0 Mode ref, Ref Stage 64, run, start, 9783589502045775
1787664523.664007, NoOp Chain Depth 128 Size 0 Mode ref, Ref Stage 64, run, end, 9783589502066527
1787664523.664022, NoOp Chain Depth 128 Size 0 Mode ref, Ref Stage 65, run, start, 9783589502081647
1787664523.664045, NoOp Chain Depth 128 Size 0 Mode ref, Ref Stage 65, run, end, 9783589502103679
1787664523.664059, NoOp Chain Depth 128 Size 0 Mode ref, Ref Stage 66, run, start, 9783589502118495
1787664523.664080, NoOp Chain Depth 128 Size 0 Mode ref, Ref Stage 66, run, end, 9783589502139231
1787664523.664095, NoOp Chain Depth 128 Size 0 Mode ref, Ref Stage 67, run, start, 9783589502154399
1787664523.664116, NoOp Chain Depth 128 Size 0 Mode ref, Ref Stage 67, run, end, 9783589502175135
1787664523.664130, NoOp Chain Depth 128 Size 0 Mode ref, Ref Stage 68, run, start, 9783589502189791
1787664523.664261, NoOp Chain Depth 128 Size 0 Mode ref, Ref Stage 68, run, end, 9783589502321423
1787664523.664279, NoOp Chain Depth 128 Size 0 Mode ref, Ref Stage 69, run, start, 9783589502339023
1787664523.664304, NoOp Chain Depth 128 Size 0 Mode ref, Ref Stage 69, run, end, 9783589502363279
1787664523.664320, NoOp Chain Depth 128 Size 0 Mode ref, Ref Stage 70, run, start, 9783589502379519
1787664523.664344, NoOp Chain Depth 128 Size 0 Mode ref, Ref Stage 70, run, end, 9783589502403455
1787664523.664356, NoOp Chain Depth 128 Size 0 Mode ref, Ref Stage 71, run, start, 9783589502414959
1787664523.664885, NoOp Chain Depth 128 Size 0 Mode ref, Ref Stage 71, run, end, 9783589502944654
1787664523.664901, NoOp Chain Depth 128 Size 0 Mode ref, Ref Stage 72, run, start, 9783589502960702
1787664523.664923, NoOp Chain Depth 128 Size 0 Mode ref, Ref Stage 72, run, end, 9783589502982366
1787664523.664938, NoOp Chain Depth 128 Size 0 Mode ref, Ref Stage 73, run, start, 9783589502996942
1787664523.664961, NoOp Chain Depth 128 Size 0 Mode ref, Ref Stage 73, run, end, 9783589503020030
1787664523.664976, NoOp Chain Depth 128 Size 0 Mode ref, Ref Stage 74, run, start, 9783589503035742
1787664523.664998, NoOp Chain Depth 128 Size 0 Mode ref, Ref Stage 74, run, end, 9783589503056766
1787664523.665012, NoOp Chain Depth 128 Size 0 Mode ref, Ref Stage 75, run, start, 9783589503071326
1787664523.665033, NoOp Chain Depth 128 Size 0 Mode ref, Ref Stage 75, run, end, 9783589503092286
1787664523.665048, NoOp Chain Depth 128 Size 0 Mode ref, Ref Stage 76, run, start, 9783589503107118
1787664523.665069, NoOp Chain Depth 128 Size 0 Mode ref, Ref Stage 76, run, end, 9783589503128142
1787664523.665084, NoOp Chain Depth 128 Size 0 Mode ref, Ref Stage 77, run, start, 9783589503142846
1787664523.665108, NoOp Chain Depth 128 Size 0 Mode ref, Ref Stage 77, run, end, 9783589503167246
1787664523.665121, NoOp Chain Depth 128 Size 0 Mode ref, Ref Stage 78, run, start, 9783589503180670
1787664523.665153, NoOp Chain Depth 128 Size 0 Mode ref, Ref Stage 78, run, end, 9783589503212222
1787664523.665168, NoOp Chain Depth 128 Size 0 Mode ref, Ref Stage 79, run, start, 9783589503227262
1787664523.665190, NoOp Chain Depth 128 Size 0 Mode ref, Ref Stage 79, run, end, 9783589503249422
1787664523.665205, NoOp Chain Depth 128 Size 0 Mode ref, Ref Stage 80, run, start, 9783589503263966
1787664523.665226, NoOp Chain Depth 128 Size 0 Mode ref, Ref Stage 80, run, end, 9783589503285166
1787664523.665241, NoOp Chain Depth 128 Size 0 Mode ref, Ref Stage 81, run, start, 9783589503299982
1787664523.665263, NoOp Chain Depth 128 Size 0 Mode ref, Ref Stage 81, run, end, 9783589503321998
1787664523.665277, NoOp Chain Depth 128 Size 0 Mode ref, Ref Stage 82, run, start, 9783589503336606
1787664523.665300, NoOp Chain Depth 128 Size 0 Mode ref, Ref Stage 82, run, end, 9783589503358846
1787664523.665314, NoOp Chain Depth 128 Size 0 Mode ref, Ref Stage 83, run, start, 9783589503373438
1787664523.665336, NoOp Chain Depth 128 Size 0 Mode ref, Ref Stage 83, run, end, 9783589503395326
1787664523.665351, NoOp Chain Depth 128 Size 0 Mode ref, Ref Stage 84, run, start, 9783589503409806
1787664523.665371, NoOp Chain Depth 128 Size 0 Mode ref, Ref Stage 84, run, end, 9783589503430542
1787664523.665387, NoOp Chain Depth 128 Size 0 Mode ref, Ref Stage 85, run, start, 9783589503446030
1787664523.665409, NoOp Chain Depth 128 Size 0 Mode ref, Ref Stage 85, run, end, 9783589503468094
1787664523.665425, NoOp Chain Depth 128 Size 0 Mode ref, Ref Stage 86, run, start, 9783589503484558
1787664523.665446, NoOp Chain Depth 128 Size 0 Mode ref, Ref Stage 86, run, end, 9783589503505134
1787664523.665460, NoOp Chain Depth 128 Size 0 Mode ref, Ref Stage 87, run, start, 9783589503519566
1787664523.665481, NoOp Chain Depth 128 Size 0 Mode ref, Ref Stage 87, run, end, 9783589503540222
1787664523.665495, NoOp Chain Depth 128 Size 0 Mode ref, Ref Stage 88, run, start, 9783589503554574
1787664523.665516, NoOp Chain Depth 128 Size 0 Mode ref, Ref Stage 88, run, end, 9783589503575166
1787664523.665530, NoOp Chain Depth 128 Size 0 Mode ref, Ref Stage 89, run, start, 9783589503589726
1787664523.665552, NoOp Chain Depth 128 Size 0 Mode ref, Ref Stage 89, run, end, 9783589503611406
1787664523.665567, NoOp Chain Depth 128 Size 0 Mode ref, Ref Stage 90, run, start, 9783589503626126
1787664523.665591, NoOp Chain Depth 128 Size 0 Mode ref, Ref Stage 90, run, end, 9783589503649838
1787664523.665602, NoOp Chain Depth 128 Size 0 Mode ref, Ref Stage 91, run, start, 9783589503661710
1787664523.665633, NoOp Chain Depth 128 Size 0 Mode ref, Ref Stage 91, run, end, 9783589503692222
1787664523.665648, NoOp Chain Depth 128 Size 0 Mode ref, Ref Stage 92, run, start, 9783589503707070
1787664523.665669, NoOp Chain Depth 128 Size 0 Mode ref, Ref Stage 92, run, end, 9783589503727806
1787664523.665683, NoOp Chain Depth 128 Size 0 Mode ref, Ref Stage 93, run, start, 9783589503742478
1787664523.665704, NoOp Chain Depth 128 Size 0 Mode ref, Ref Stage 93, run, end, 9783589503763310
1787664523.665719, NoOp Chain Depth 128 Size 0 Mode ref, Ref Stage 94, run, start, 9783589503777982
1787664523.665740, NoOp Chain Depth 128 Size 0 Mode ref, Ref Stage 94, run, end, 9783589503798766
1787664523.665754, NoOp Chain Depth 128 Size 0 Mode ref, Ref Stage 95, run, start, 9783589503813374
1787664523.665779, NoOp Chain Depth 128 Size 0 Mode ref, Ref Stage 95, run, end, 9783589503837886
1787664523.665791, NoOp Chain Depth 128 Size 0 Mode ref, Ref Stage 96, run, start, 9783589503849790
1787664523.665821, NoOp Chain Depth 128 Size 0 Mode ref, Ref Stage 96, run, end, 9783589503880446
1787664523.665836, NoOp Chain Depth 128 Size 0 Mode ref, Ref Stage 97, run, start, 9783589503895022
1787664523.665858, NoOp Chain Depth 128 Size 0 Mode ref, Ref Stage 97, run, end, 9783589503916782
1787664523.665875, NoOp Chain Depth 128 Size 0 Mode ref, Ref Stage 98, run, start, 9783589503934206
1787664523.665896, NoOp Chain Depth 128 Size 0 Mode ref, Ref Stage 98, run, end, 9783589503954830
1787664523.665910, NoOp Chain Depth 128 Size 0 Mode ref, Ref Stage 99, run, start, 9783589503969438
1787664523.665932, NoOp Chain Depth 128 Size 0 Mode ref, Ref Stage 99, run, end, 9783589503991358
1787664523.665948, NoOp Chain Depth 128 Size 0 Mode ref, Ref Stage 100, run, start, 9783589504007070
1787664523.665969, NoOp Chain Depth 128 Size 0 Mode ref, Ref Stage 100, run, end, 9783589504028558
1787664523.665985, NoOp Chain Depth 128 Size 0 Mode ref, Ref Stage 101, run, start, 9783589504044238
1787664523.666006, NoOp Chain Depth 128 Size 0 Mode ref, Ref Stage 101, run, end, 9783589504065246
1787664523.666021, NoOp Chain Depth 128 Size 0 Mode ref, Ref Stage 102, run, start, 9783589504079854
1787664523.666041, NoOp Chain Depth 128 Size 0 Mode ref, Ref Stage 102, run, end, 9783589504100462
1787664523.666056, NoOp Chain Depth 128 Size 0 Mode ref, Ref Stage 103, run, start, 9783589504115054
1787664523.666083, NoOp Chain Depth 128 Size 0 Mode ref, Ref Stage 103, run, end, 9783589504142478
1787664523.666098, NoOp Chain Depth 128 Size 0 Mode ref, Ref Stage 104, run, start, 9783589504157022
1787664523.666119, NoOp Chain Depth 128 Size 0 Mode ref, Ref Stage 104, run, end, 9783589504178190
1787664523.666133, NoOp Chain Depth 128 Size 0 Mode ref, Ref Stage 105, run, start, 9783589504192814
1787664523.666154, NoOp Chain Depth 128 Size 0 Mode ref, Ref Stage 105, run, end, 9783589504213582
1787664523.666170, NoOp Chain Depth 128 Size 0 Mode ref, Ref Stage 106, run, start, 9783589504229709
1787664523.666197, NoOp Chain Depth 128 Size 0 Mode ref, Ref Stage 106, run, end, 9783589504256045
1787664523.666212, NoOp Chain Depth 128 Size 0 Mode ref, Ref Stage 107, run, start, 9783589504270925
1787664523.666539, NoOp Chain Depth 128 Size 0 Mode ref, Ref Stage 107, run, end, 9783589504599325
1787664523.666662, NoOp Chain Depth 128 Size 0 Mode ref, Ref Stage 108, run, start, 9783589504721437
1787664523.666686, NoOp Chain Depth 128 Size 0 Mode ref, Ref Stage 108, run, end, 9783589504745197
1787664523.666701, NoOp Chain Depth 128 Size 0 Mode ref, Ref Stage 109, run, start, 9783589504760541
1787664523.666723, NoOp Chain Depth 128 Size 0 Mode ref, Ref Stage 109, run, end, 9783589504782093
1787664523.666738, NoOp Chain Depth 128 Size 0 Mode ref, Ref Stage 110, run, start, 9783589504797021
1787664523.666758, NoOp Chain Depth 128 Size 0 Mode ref, Ref Stage 110, run, end, 9783589504817901
1787664523.666773, NoOp Chain Depth 128 Size 0 Mode ref, Ref Stage 111, run, start, 9783589504832125
1787664523.666794, NoOp Chain Depth 128 Size 0 Mode ref, Ref Stage 111, run, end, 9783589504852957
1787664523.666809, NoOp Chain Depth 128 Size 0 Mode ref, Ref Stage 112, run, start, 9783589504867709
1787664523.666831, NoOp Chain Depth 128 Size 0 Mode ref, Ref Stage 112, run, end, 9783589504890157
1787664523.666843, NoOp Chain Depth 128 Size 0 Mode ref, Ref Stage 113, run, start, 9783589504901949
1787664523.666876, NoOp Chain Depth 128 Size 0 Mode ref, Ref Stage 113, run, end, 9783589504934989
1787664523.666887, NoOp Chain Depth 128 Size 0 Mode ref, Ref Stage 114, run, start, 9783589504946541
1787664523.666919, NoOp Chain Depth 128 Size 0 Mode ref, Ref Stage 114, run, end, 9783589504979069
1787664523.666934, NoOp Chain Depth 128 Size 0 Mode ref, Ref Stage 115, run, start, 9783589504993853
1787664523.666958, NoOp Chain Depth 128 Size 0 Mode ref, Ref Stage 115, run, end, 9783589505017405
1787664523.666974, NoOp Chain Depth 128 Size 0 Mode ref, Ref Stage 116, run, start, 9783589505033117
1787664523.666996, NoOp Chain Depth 128 Size 0 Mode ref, Ref Stage 116, run, end, 9783589505055405
1787664523.667010, NoOp Chain Depth 128 Size 0 Mode ref, Ref Stage 117, run, start, 9783589505069693
1787664523.667031, NoOp Chain Depth 128 Size 0 Mode ref, Ref Stage 117, run, end, 9783589505090429
1787664523.667046, NoOp Chain Depth 128 Size 0 Mode ref, Ref Stage 118, run, start, 9783589505105021
1787664523.667068, NoOp Chain Depth 128 Size 0 Mode ref, Ref Stage 118, run, end, 9783589505127517
1787664523.667084, NoOp Chain Depth 128 Size 0 Mode ref, Ref Stage 119, run, start, 9783589505142957
1787664523.667106, NoOp Chain Depth 128 Size 0 Mode ref, Ref Stage 119, run, end, 9783589505165053
1787664523.667117, NoOp Chain Depth 128 Size 0 Mode ref, Ref Stage 120, run, start, 9783589505176493
1787664523.667148, NoOp Chain Depth 128 Size 0 Mode ref, Ref Stage 120, run, end, 9783589505207389
1787664523.667163, NoOp Chain Depth 128 Size 0 Mode ref, Ref Stage 121, run, start, 9783589505222093
1787664523.667186, NoOp Chain Depth 128 Size 0 Mode ref, Ref Stage 121, run, end, 9783589505245421
1787664523.667201, NoOp Chain Depth 128 Size 0 Mode ref, Ref Stage 122, run, start, 9783589505260397
1787664523.667223, NoOp Chain Depth 128 Size 0 Mode ref, Ref Stage 122, run, end, 9783589505282765
1787664523.667238, NoOp Chain Depth 128 Size 0 Mode ref, Ref Stage 123, run, start, 9783589505297645
1787664523.667259, NoOp Chain Depth 128 Size 0 Mode ref, Ref Stage 123, run, end, 9783589505318701
1787664523.667275, NoOp Chain Depth 128 Size 0 Mode ref, Ref Stage 124, run, start, 9783589505334813
1787664523.667296, NoOp Chain Depth 128 Size 0 Mode ref, Ref Stage 124, run, end, 9783589505355501
1787664523.667311, NoOp Chain Depth 128 Size 0 Mode ref, Ref Stage 125, run, start, 9783589505370045
1787664523.667332, NoOp Chain Depth 128 Size 0 Mode ref, Ref Stage 125, run, end, 9783589505391021
1787664523.667348, NoOp Chain Depth 128 Size 0 Mode ref, Ref Stage 126, run, start, 9783589505407485
1787664523.667371, NoOp Chain Depth 128 Size 0 Mode ref, Ref Stage 126, run, end, 9783589505429789
1787664523.667914, NoOp Chain Depth 128 Size 0 Mode ref, Ref Stage 127, run, start, 9783589505974204
1787664523.667941, NoOp Chain Depth 128 Size 0 Mode ref, Ref Stage 127, run, end, 9783589506002556
1787664523.668064, NoOp Chain Depth 128 Size 0 Mode ref, pipeline - train, run, end, 261098578261732918447568913675804973, 1787664523.659334, 16, 1, 9783589506123676
1787664523.668103, NoOp Chain Depth 128 Size 0 Mode ref, pipeline - train, run, start, 121253491807879507809148093534102212235, 1787664523.668092, 17, 1, 9783589506162700
1787664523.668127, NoOp Chain Depth 128 Size 0 Mode ref, Ref Stage 0, run, start, 9783589506186252
1787664523.668149, NoOp Chain Depth 128 Size 0 Mode ref, Ref Stage 0, run, end, 9783589506208140
1787664523.668164, NoOp Chain Depth 128 Size 0 Mode ref, Ref Stage 1, run, start, 9783589506223356
1787664523.668187, NoOp Chain Depth 128 Size 0 Mode ref, Ref Stage 1, run, end, 9783589506246332
1787664523.668199, NoOp Chain Depth 128 Size 0 Mode ref, Ref Stage 2, run, start, 9783589506258268
1787664523.668232, NoOp Chain Depth 128 Size 0 Mode ref, Ref Stage 2, run, end, 9783589506291084
1787664523.668247, NoOp Chain Depth 128 Size 0 Mode ref, Ref Stage 3, run, start, 9783589506306220
1787664523.668269, NoOp Chain Depth 128 Size 0 Mode ref, Ref Stage 3, run, end, 9783589506328284
1787664523.668285, NoOp Chain Depth 128 Size 0 Mode ref, Ref Stage 4, run, start, 9783589506344092
1787664523.668309, NoOp Chain Depth 128 Size 0 Mode ref, Ref Stage 4, run, end, 9783589506368364
1787664523.668321, NoOp Chain Depth 128 Size 0 Mode ref, Ref Stage 5, run, start, 9783589506380092
1787664523.668352, NoOp Chain Depth 128 Size 0 Mode ref, Ref Stage 5, run, end, 9783589506411260
1787664523.668367, NoOp Chain Depth 128 Size 0 Mode ref, Ref Stage 6, run, start, 9783589506426092
1787664523.668389, NoOp Chain Depth 128 Size 0 Mode ref, Ref Stage 6, run, end, 9783589506448252
1787664523.668405, NoOp Chain Depth 128 Size 0 Mode ref, Ref Stage 7, run, start, 9783589506463692
1787664523.668427, NoOp Chain Depth 128 Size 0 Mode ref, Ref Stage 7, run, end, 9783589506486044
1787664523.668440, NoOp Chain Depth 128 Size 0 Mode ref, Ref Stage 8, run, start, 9783589506498780
1787664523.668471, NoOp Chain Depth 128 Size 0 Mode ref, Ref Stage 8, run, end, 9783589506529740
1787664523.668485, NoOp Chain Depth 128 Size 0 Mode ref, Ref Stage 9, run, start, 9783589506544332
1787664523.668509, NoOp Chain Depth 128 Size 0 Mode ref, Ref Stage 9, run, end, 9783589506567580
1787664523.668523, NoOp Chain Depth 128 Size 0 Mode ref, Ref Stage 10, run, start, 9783589506582172
1787664523.668544, NoOp Chain Depth 128 Size 0 Mode ref, Ref Stage 10, run, end, 9783589506603100
1787664523.668559, NoOp Chain Depth 128 Size 0 Mode ref, Ref Stage 11, run, start, 9783589506618716
1787664523.668582, NoOp Chain Depth 128 Size 0 Mode ref, Ref Stage 11, run, end, 9783589506641180
1787664523.668593, NoOp Chain Depth 128 Size 0 Mode ref, Ref Stage 12, run, start, 9783589506652796
1787664523.668626, NoOp Chain Depth 128 Size 0 Mode ref, Ref Stage 12, run, end, 9783589506684972
1787664523.668641, NoOp Chain Depth 128 Size 0 Mode ref, Ref Stage 13, run, start, 9783589506700460
1787664523.668665, NoOp Chain Depth 128 Size 0 Mode ref, Ref Stage 13, run, end, 9783589506723900
1787664523.668679, NoOp Chain Depth 128 Size 0 Mode ref, Ref Stage 14, run, start, 9783589506738764
1787664523.669008, NoOp Chain Depth 128 Size 0 Mode ref, Ref Stage 14, run, end, 9783589507067884
1787664523.669129, NoOp Chain Depth 128 Size 0 Mode ref, Ref Stage 15, run, start, 9783589507188284
1787664523.669152, NoOp Chain Depth 128 Size 0 Mode ref, Ref Stage 15, run, end, 9783589507211564
1787664523.669167, NoOp Chain Depth 128 Size 0 Mode ref, Ref Stage 16, run, start, 9783589507226700
1787664523.669188, NoOp Chain Depth 128 Size 0 Mode ref, Ref Stage 16, run, end, 9783589507247244
1787664523.669202, NoOp Chain Depth 128 Size 0 Mode ref, Ref Stage 17, run, start, 9783589507261708
1787664523.669223, NoOp Chain Depth 128 Size 0 Mode ref, Ref Stage 17, run, end, 9783589507282604
1787664523.669238, NoOp Chain Depth 128 Size 0 Mode ref, Ref Stage 18, run, start, 9783589507297260
1787664523.669259, NoOp Chain Depth 128 Size 0 Mode ref, Ref Stage 18, run, end, 9783589507318331
1787664523.669274, NoOp Chain Depth 128 Size 0 Mode ref, Ref Stage 19, run, start, 9783589507333211
1787664523.669295, NoOp Chain Depth 128 Size 0 Mode ref, Ref Stage 19, run, end, 9783589507354299
1787664523.669310, NoOp Chain Depth 128 Size 0 Mode ref, Ref Stage 20, run, start, 9783589507369035
1787664523.669332, NoOp Chain Depth 128 Size 0 Mode ref, Ref Stage 20, run, end, 9783589507390587
1787664523.669346, NoOp Chain Depth 128 Size 0 Mode ref, Ref Stage 21, run, start, 9783589507405579
1787664523.669369, NoOp Chain Depth 128 Size 0 Mode ref, Ref Stage 21, run, end, 9783589507428139
1787664523.669384, NoOp Chain Depth 128 Size 0 Mode ref, Ref Stage 22, run, start, 9783589507442859
1787664523.669408, NoOp Chain Depth 128 Size 0 Mode ref, Ref Stage 22, run, end, 9783589507466763
1787664523.669419, NoOp Chain Depth 128 Size 0 Mode ref, Ref Stage 23, run, start, 9783589507479339
1787664523.669452, NoOp Chain Depth 128 Size 0 Mode ref, Ref Stage 23, run, end, 9783589507511643
1787664523.669468, NoOp Chain Depth 128 Size 0 Mode ref, Ref Stage 24, run, start, 9783589507526923
1787664523.669488, NoOp Chain Depth 128 Size 0 Mode ref, Ref Stage 24, run, end, 9783589507547627
1787664523.669503, NoOp Chain Depth 128 Size 0 Mode ref, Ref Stage 25, run, start, 9783589507562427
1787664523.669524, NoOp Chain Depth 128 Size 0 Mode ref, Ref Stage 25, run, end, 9783589507583355
1787664523.670954, NoOp Chain Depth 128 Size 0 Mode ref, Ref Stage 26, run, start, 9783589509014506
1787664523.670981, NoOp Chain Depth 128 Size 0 Mode ref, Ref Stage 26, run, end, 9783589509040138
1787664523.671376, NoOp Chain Depth 128 Size 0 Mode ref, Ref Stage 27, run, start, 9783589509436154
1787664523.671400, NoOp Chain Depth 128 Size 0 Mode ref, Ref Stage 27, run, end, 9783589509459514
1787664523.671416, NoOp Chain Depth 128 Size 0 Mode ref, Ref Stage 28, run, start, 9783589509475306
1787664523.671438, NoOp Chain Depth 128 Size 0 Mode ref, Ref Stage 28, run, end, 9783589509497306
1787664523.671453, NoOp Chain Depth 128 Size 0 Mode ref, Ref Stage 29, run, start, 9783589509512522
1787664523.671475, NoOp Chain Depth 128 Size 0 Mode ref, Ref Stage 29, run, end, 9783589509534266
1787664523.671490, NoOp Chain Depth 128 Size 0 Mode ref, Ref Stage 30, run, start, 9783589509549338
1787664523.671514, NoOp Chain Depth 128 Size 0 Mode ref, Ref Stage 30, run, end, 9783589509573418
1787664523.671529, NoOp Chain Depth 128 Size 0 Mode ref, Ref Stage 31, run, start, 9783589509588522
1787664523.671551, NoOp Chain Depth 128 Size 0 Mode ref, Ref Stage 31, run, end, 9783589509610042
1787664523.671566, NoOp Chain Depth 128 Size 0 Mode ref, Ref Stage 32, run, start, 9783589509624842
1787664523.671589, NoOp Chain Depth 128 Size 0 Mode ref, Ref Stage 32, run, end, 9783589509647818
1787664523.671600, NoOp Chain Depth 128 Size 0 Mode ref, Ref Stage 33, run, start, 9783589509659850
1787664523.671632, NoOp Chain Depth 128 Size 0 Mode ref, Ref Stage 33, run, end, 9783589509691642
1787664523.671647, NoOp Chain Depth 128 Size 0 Mode ref, Ref Stage 34, run, start, 9783589509706442
1787664523.671669, NoOp Chain Depth 128 Size 0 Mode ref, Ref Stage 34, run, end, 9783589509727930
1787664523.671684, NoOp Chain Depth 128 Size 0 Mode ref, Ref Stage 35, run, start, 9783589509742890
1787664523.671705, NoOp Chain Depth 128 Size 0 Mode ref, Ref Stage 35, run, end, 9783589509764698
1787664523.671721, NoOp Chain Depth 128 Size 0 Mode ref, Ref Stage 36, run, start, 9783589509779722
1787664523.671743, NoOp Chain Depth 128 Size 0 Mode ref, Ref Stage 36, run, end, 9783589509801994
1787664523.671758, NoOp Chain Depth 128 Size 0 Mode ref, Ref Stage 37, run, start, 9783589509817162
1787664523.671779, NoOp Chain Depth 128 Size 0 Mode ref, Ref Stage 37, run, end, 9783589509838458
1787664523.671794, NoOp Chain Depth 128 Size 0 Mode ref, Ref Stage 38, run, start, 9783589509853498
1787664523.671815, NoOp Chain Depth 128 Size 0 Mode ref, Ref Stage 38, run, end, 9783589509874362
1787664523.671829, NoOp Chain Depth 128 Size 0 Mode ref, Ref Stage 39, run, start, 9783589509888842
1787664523.671850, NoOp Chain Depth 128 Size 0 Mode ref, Ref Stage 39, run, end, 9783589509909242
1787664523.671865, NoOp Chain Depth 128 Size 0 Mode ref, Ref Stage 40, run, start, 9783589509923770
1787664523.671885, NoOp Chain Depth 128 Size 0 Mode ref, Ref Stage 40, run, end, 9783589509944154
1787664523.671899, NoOp Chain Depth 128 Size 0 Mode ref, Ref Stage 41, run, start, 9783589509958330
1787664523.671920, NoOp Chain Depth 128 Size 0 Mode ref, Ref Stage 41, run, end, 9783589509978746
1787664523.671934, NoOp Chain Depth 128 Size 0 Mode ref, Ref Stage 42, run, start, 9783589509993434
1787664523.671960, NoOp Chain Depth 128 Size 0 Mode ref, Ref Stage 42, run, end, 9783589510018858
1787664523.671975, NoOp Chain Depth 128 Size 0 Mode ref, Ref Stage 43, run, start, 9783589510034074
1787664523.671995, NoOp Chain Depth 128 Size 0 Mode ref, Ref Stage 43, run, end, 9783589510054650
1787664523.672010, NoOp Chain Depth 128 Size 0 Mode ref, Ref Stage 44, run, start, 9783589510069082
1787664523.672030, NoOp Chain Depth 128 Size 0 Mode ref, Ref Stage 44, run, end, 9783589510089514
1787664523.672045, NoOp Chain Depth 128 Size 0 Mode ref, Ref Stage 45, run, start, 9783589510103818
1787664523.672065, NoOp Chain Depth 128 Size 0 Mode ref, Ref Stage 45, run, end, 9783589510124314
1787664523.672080, NoOp Chain Depth 128 Size 0 Mode ref, Ref Stage 46, run, start, 9783589510138762
1787664523.672101, NoOp Chain Depth 128 Size 0 Mode ref, Ref Stage 46, run, end, 9783589510159834
1787664523.672115, NoOp Chain Depth 128 Size 0 Mode ref, Ref Stage 47, run, start, 9783589510174314
1787664523.672136, NoOp Chain Depth 128 Size 0 Mode ref, Ref Stage 47, run, end, 9783589510195178
1787664523.672151, NoOp Chain Depth 128 Size 0 Mode ref, Ref Stage 48, run, start, 9783589510209786
1787664523.672172, NoOp Chain Depth 128 Size 0 Mode ref, Ref Stage 48, run, end, 9783589510230794
1787664523.672186, NoOp Chain Depth 128 Size 0 Mode ref, Ref Stage 49, run, start, 9783589510245418
1787664523.672213, NoOp Chain Depth 128 Size 0 Mode ref, Ref Stage 49, run, end, 9783589510272474
1787664523.672229, NoOp Chain Depth 128 Size 0 Mode ref, Ref Stage 50, run, start, 9783589510287946
1787664523.672249, NoOp Chain Depth 128 Size 0 Mode ref, Ref Stage 50, run, end, 9783589510308554
1787664523.672266, NoOp Chain Depth 128 Size 0 Mode ref, Ref Stage 51, run, start, 9783589510324666
1787664523.672289, NoOp Chain Depth 128 Size 0 Mode ref, Ref Stage 51, run, end, 9783589510348169
1787664523.672301, NoOp Chain Depth 128 Size 0 Mode ref, Ref Stage 52, run, start, 9783589510360473
1787664523.672334, NoOp Chain Depth 128 Size 0 Mode ref, Ref Stage 52, run, end, 9783589510393321
1787664523.672346, NoOp Chain Depth 128 Size 0 Mode ref, Ref Stage 53, run, start, 9783589510405001
1787664523.672377, NoOp Chain Depth 128 Size 0 Mode ref, Ref Stage 53, run, end, 9783589510435705
1787664523.672391, NoOp Chain Depth 128 Size 0 Mode ref, Ref Stage 54, run, start, 9783589510450217
1787664523.672414, NoOp Chain Depth 128 Size 0 Mode ref, Ref Stage 54, run, end, 9783589510473417
1787664523.672429, NoOp Chain Depth 128 Size 0 Mode ref, Ref Stage 55, run, start, 9783589510487881
1787664523.672449, NoOp Chain Depth 128 Size 0 Mode ref, Ref Stage 55, run, end, 9783589510508505
1787664523.672465, NoOp Chain Depth 128 Size 0 Mode ref, Ref Stage 56, run, start, 9783589510524345
1787664523.672575, NoOp Chain Depth 128 Size 0 Mode ref, Ref Stage 56, run, end, 9783589510634633
1787664523.672592, NoOp Chain Depth 128 Size 0 Mode ref, Ref Stage 57, run, start, 9783589510651065
1787664523.672616, NoOp Chain Depth 128 Size 0 Mode ref, Ref Stage 57, run, end, 9783589510674665
1787664523.672630, NoOp Chain Depth 128 Size 0 Mode ref, Ref Stage 58, run, start, 9783589510689321
1787664523.672651, NoOp Chain Depth 128 Size 0 Mode ref, Ref Stage 58, run, end, 9783589510710505
1787664523.672666, NoOp Chain Depth 128 Size 0 Mode ref, Ref Stage 59, run, start, 9783589510724889
1787664523.672687, NoOp Chain Depth 128 Size 0 Mode ref, Ref Stage 59, run, end, 9783589510746585
1787664523.672702, NoOp Chain Depth 128 Size 0 Mode ref, Ref Stage 60, run, start, 9783589510761193
1787664523.672723, NoOp Chain Depth 128 Size 0 Mode ref, Ref Stage 60, run, end, 9783589510781769
1787664523.672738, NoOp Chain Depth 128 Size 0 Mode ref, Ref Stage 61, run, start, 9783589510797593
1787664523.672759, NoOp Chain Depth 128 Size 0 Mode ref, Ref Stage 61, run, end, 9783589510818105
1787664523.672773, NoOp Chain Depth 128 Size 0 Mode ref, Ref Stage 62, run, start, 9783589510832713
1787664523.672794, NoOp Chain Depth 128 Size 0 Mode ref, Ref Stage 62, run, end, 9783589510853449
1787664523.672809, NoOp Chain Depth 128 Size 0 Mode ref, Ref Stage 63, run, start, 9783589510868233
1787664523.672829, NoOp Chain Depth 128 Size 0 Mode ref, Ref Stage 63, run, end, 9783589510888649
1787664523.672844, NoOp Chain Depth 128 Size 0 Mode ref, Ref Stage 64, run, start, 9783589510903257
1787664523.672865, NoOp Chain Depth 128 Size 0 Mode ref, Ref Stage 64, run, end, 9783589510923849
1787664523.672880, NoOp Chain Depth 128 Size 0 Mode ref, Ref Stage 65, run, start, 9783589510939369
1787664523.672901, NoOp Chain Depth 128 Size 0 Mode ref, Ref Stage 65, run, end, 9783589510960297
1787664523.672917, NoOp Chain Depth 128 Size 0 Mode ref, Ref Stage 66, run, start, 9783589510976441
1787664523.672938, NoOp Chain Depth 128 Size 0 Mode ref, Ref Stage 66, run, end, 9783589510997161
1787664523.672955, NoOp Chain Depth 128 Size 0 Mode ref, Ref Stage 67, run, start, 9783589511014169
1787664523.672976, NoOp Chain Depth 128 Size 0 Mode ref, Ref Stage 67, run, end, 9783589511035529
1787664523.672992, NoOp Chain Depth 128 Size 0 Mode ref, Ref Stage 68, run, start, 9783589511051161
1787664523.673013, NoOp Chain Depth 128 Size 0 Mode ref, Ref Stage 68, run, end, 9783589511072153
1787664523.673028, NoOp Chain Depth 128 Size 0 Mode ref, Ref Stage 69, run, start, 9783589511086745
1787664523.673051, NoOp Chain Depth 128 Size 0 Mode ref, Ref Stage 69, run, end, 9783589511110409
1787664523.673063, NoOp Chain Depth 128 Size 0 Mode ref, Ref Stage 70, run, start, 9783589511122105
1787664523.673095, NoOp Chain Depth 128 Size 0 Mode ref, Ref Stage 70, run, end, 9783589511154393
1787664523.673110, NoOp Chain Depth 128 Size 0 Mode ref, Ref Stage 71, run, start, 9783589511168873
1787664523.673133, NoOp Chain Depth 128 Size 0 Mode ref, Ref Stage 71, run, end, 9783589511192409
1787664523.673148, NoOp Chain Depth 128 Size 0 Mode ref, Ref Stage 72, run, start, 9783589511207289
1787664523.673170, NoOp Chain Depth 128 Size 0 Mode ref, Ref Stage 72, run, end, 9783589511229305
1787664523.673187, NoOp Chain Depth 128 Size 0 Mode ref, Ref Stage 73, run, start, 9783589511246697
1787664523.673210, NoOp Chain Depth 128 Size 0 Mode ref, Ref Stage 73, run, end, 9783589511268857
1787664523.673221, NoOp Chain Depth 128 Size 0 Mode ref, Ref Stage 74, run, start, 9783589511280617
1787664523.673254, NoOp Chain Depth 128 Size 0 Mode ref, Ref Stage 74, run, end, 9783589511312889
1787664523.673265, NoOp Chain Depth 128 Size 0 Mode ref, Ref Stage 75, run, start, 9783589511324441
1787664523.673297, NoOp Chain Depth 128 Size 0 Mode ref, Ref Stage 75, run, end, 9783589511356057
1787664523.673311, NoOp Chain Depth 128 Size 0 Mode ref, Ref Stage 76, run, start, 9783589511370841
1787664523.673334, NoOp Chain Depth 128 Size 0 Mode ref, Ref Stage 76, run, end, 9783589511393241
1787664523.673349, NoOp Chain Depth 128 Size 0 Mode ref, Ref Stage 77, run, start, 9783589511408761
1787664523.673373, NoOp Chain Depth 128 Size 0 Mode ref, Ref Stage 77, run, end, 9783589511431785
1787664523.673692, NoOp Chain Depth 128 Size 0 Mode ref, Ref Stage 78, run, start, 9783589511752265
1787664523.673717, NoOp Chain Depth 128 Size 0 Mode ref, Ref Stage 78, run, end, 9783589511775945
1787664523.673833, NoOp Chain Depth 128 Size 0 Mode ref, Ref Stage 79, run, start, 9783589511892808
1787664523.673856, NoOp Chain Depth 128 Size 0 Mode ref, Ref Stage 79, run, end, 9783589511914888
1787664523.673871, NoOp Chain Depth 128 Size 0 Mode ref, Ref Stage 80, run, start, 9783589511929944
1787664523.673892, NoOp Chain Depth 128 Size 0 Mode ref, Ref Stage 80, run, end, 9783589511950936
1787664523.673906, NoOp Chain Depth 128 Size 0 Mode ref, Ref Stage 81, run, start, 9783589511965528
1787664523.673928, NoOp Chain Depth 128 Size 0 Mode ref, Ref Stage 81, run, end, 9783589511986744
1787664523.673942, NoOp Chain Depth 128 Size 0 Mode ref, Ref Stage 82, run, start, 9783589512003704
1787664523.673966, NoOp Chain Depth 128 Size 0 Mode ref, Ref Stage 82, run, end, 9783589512025464
1787664523.673981, NoOp Chain Depth 128 Size 0 Mode ref, Ref Stage 83, run, start, 9783589512040136
1787664523.674002, NoOp Chain Depth 128 Size 0 Mode ref, Ref Stage 83, run, end, 9783589512061320
1787664523.674017, NoOp Chain Depth 128 Size 0 Mode ref, Ref Stage 84, run, start, 9783589512076232
1787664523.674038, NoOp Chain Depth 128 Size 0 Mode ref, Ref Stage 84, run, end, 9783589512097352
1787664523.674054, NoOp Chain Depth 128 Size 0 Mode ref, Ref Stage 85, run, start, 9783589512113736
1787664523.674076, NoOp Chain Depth 128 Size 0 Mode ref, Ref Stage 85, run, end, 9783589512134856
1787664523.674091, NoOp Chain Depth 128 Size 0 Mode ref, Ref Stage 86, run, start, 9783589512150696
1787664523.674113, NoOp Chain Depth 128 Size 0 Mode ref, Ref Stage 86, run, end, 9783589512171752
1787664523.674127, NoOp Chain Depth 128 Size 0 Mode ref, Ref Stage 87, run, start, 9783589512186440
1787664523.674151, NoOp Chain Depth 128 Size 0 Mode ref, Ref Stage 87, run, end, 9783589512210104
1787664523.674164, NoOp Chain Depth 128 Size 0 Mode ref, Ref Stage 88, run, start, 9783589512223240
1787664523.674195, NoOp Chain Depth 128 Size 0 Mode ref, Ref Stage 88, run, end, 9783589512254216
1787664523.674210, NoOp Chain Depth 128 Size 0 Mode ref, Ref Stage 89, run, start, 9783589512268904
1787664523.674231, NoOp Chain Depth 128 Size 0 Mode ref, Ref Stage 89, run, end, 9783589512289848
1787664523.674246, NoOp Chain Depth 128 Size 0 Mode ref, Ref Stage 90, run, start, 9783589512304968
1787664523.674268, NoOp Chain Depth 128 Size 0 Mode ref, Ref Stage 90, run, end, 9783589512328280
1787664523.674280, NoOp Chain Depth 128 Size 0 Mode ref, Ref Stage 91, run, start, 9783589512339848
1787664523.674313, NoOp Chain Depth 128 Size 0 Mode ref, Ref Stage 91, run, end, 9783589512371800
1787664523.674327, NoOp Chain Depth 128 Size 0 Mode ref, Ref Stage 92, run, start, 9783589512386280
1787664523.674350, NoOp Chain Depth 128 Size 0 Mode ref, Ref Stage 92, run, end, 9783589512408760
1787664523.674364, NoOp Chain Depth 128 Size 0 Mode ref, Ref Stage 93, run, start, 9783589512423368
1787664523.674385, NoOp Chain Depth 128 Size 0 Mode ref, Ref Stage 93, run, end, 9783589512443928
1787664523.674399, NoOp Chain Depth 128 Size 0 Mode ref, Ref Stage 94, run, start, 9783589512458424
1787664523.674420, NoOp Chain Depth 128 Size 0 Mode ref, Ref Stage 94, run, end, 9783589512478792
1787664523.674434, NoOp Chain Depth 128 Size 0 Mode ref, Ref Stage 95, run, start, 9783589512493416
1787664523.674458, NoOp Chain Depth 128 Size 0 Mode ref, Ref Stage 95, run, end, 9783589512517464
1787664523.674470, NoOp Chain Depth 128 Size 0 Mode ref, Ref Stage 96, run, start, 9783589512528936
1787664523.674503, NoOp Chain Depth 128 Size 0 Mode ref, Ref Stage 96, run, end, 9783589512562696
1787664523.674515, NoOp Chain Depth 128 Size 0 Mode ref, Ref Stage 97, run, start, 9783589512574344
1787664523.674546, NoOp Chain Depth 128 Size 0 Mode ref, Ref Stage 97, run, end, 9783589512604632
1787664523.674560, NoOp Chain Depth 128 Size 0 Mode ref, Ref Stage 98, run, start, 9783589512619288
1787664523.674581, NoOp Chain Depth 128 Size 0 Mode ref, Ref Stage 98, run, end, 9783589512640120
1787664523.674596, NoOp Chain Depth 128 Size 0 Mode ref, Ref Stage 99, run, start, 9783589512654888
1787664523.674618, NoOp Chain Depth 128 Size 0 Mode ref, Ref Stage 99, run, end, 9783589512676792
1787664523.674632, NoOp Chain Depth 128 Size 0 Mode ref, Ref Stage 100, run, start, 9783589512691528
1787664523.674658, NoOp Chain Depth 128 Size 0 Mode ref, Ref Stage 100, run, end, 9783589512717656
1787664523.674673, NoOp Chain Depth 128 Size 0 Mode ref, Ref Stage 101, run, start, 9783589512732408
1787664523.674694, NoOp Chain Depth 128 Size 0 Mode ref, Ref Stage 101, run, end, 9783589512753240
1787664523.674709, NoOp Chain Depth 128 Size 0 Mode ref, Ref Stage 102, run, start, 9783589512768536
1787664523.674731, NoOp Chain Depth 128 Size 0 Mode ref, Ref Stage 102, run, end, 9783589512790232
1787664523.674746, NoOp Chain Depth 128 Size 0 Mode ref, Ref Stage 103, run, start, 9783589512804840
1787664523.674767, NoOp Chain Depth 128 Size 0 Mode ref, Ref Stage 103, run, end, 9783589512825704
1787664523.674781, NoOp Chain Depth 128 Size 0 Mode ref, Ref Stage 104, run, start, 9783589512840168
1787664523.674802, NoOp Chain Depth 128 Size 0 Mode ref, Ref Stage 104, run, end, 9783589512861992
1787664523.674818, NoOp Chain Depth 128 Size 0 Mode ref, Ref Stage 105, run, start, 9783589512877480
1787664523.674839, NoOp Chain Depth 128 Size 0 Mode ref, Ref Stage 105, run, end, 9783589512898200
1787664523.674855, NoOp Chain Depth 128 Size 0 Mode ref, Ref Stage 106, run, start, 9783589512913576
1787664523.674877, NoOp Chain Depth 128 Size 0 Mode ref, Ref Stage 106, run, end, 9783589512935928
1787664523.674889, NoOp Chain Depth 128 Size 0 Mode ref, Ref Stage 107, run, start, 9783589512948328
1787664523.675236, NoOp Chain Depth 128 Size 0 Mode ref, Ref Stage 107, run, end, 9783589513295656
1787664523.675355, NoOp Chain Depth 128 Size 0 Mode ref, Ref Stage 108, run, start, 9783589513415031
1787664523.675379, NoOp Chain Depth 128 Size 0 Mode ref, Ref Stage 108, run, end, 9783589513438167
1787664523.675395, NoOp Chain Depth 128 Size 0 Mode ref, Ref Stage 109, run, start, 9783589513454023
1787664523.675417, NoOp Chain Depth 128 Size 0 Mode ref, Ref Stage 109, run, end, 9783589513476215
1787664523.675432, NoOp Chain Depth 128 Size 0 Mode ref, Ref Stage 110, run, start, 9783589513491479
1787664523.675454, NoOp Chain Depth 128 Size 0 Mode ref, Ref Stage 110, run, end, 9783589513513127
1787664523.675469, NoOp Chain Depth 128 Size 0 Mode ref, Ref Stage 111, run, start, 9783589513528151
1787664523.675490, NoOp Chain Depth 128 Size 0 Mode ref, Ref Stage 111, run, end, 9783589513549431
1787664523.675505, NoOp Chain Depth 128 Size 0 Mode ref, Ref Stage 112, run, start, 9783589513564295
1787664523.675529, NoOp Chain Depth 128 Size 0 Mode ref, Ref Stage 112, run, end, 9783589513588119
1787664523.675541, NoOp Chain Depth 128 Size 0 Mode ref, Ref Stage 113, run, start, 9783589513600391
1787664523.675575, NoOp Chain Depth 128 Size 0 Mode ref, Ref Stage 113, run, end, 9783589513634407
1787664523.675590, NoOp Chain Depth 128 Size 0 Mode ref, Ref Stage 114, run, start, 9783589513649303
1787664523.675611, NoOp Chain Depth 128 Size 0 Mode ref, Ref Stage 114, run, end, 9783589513670695
1787664523.675626, NoOp Chain Depth 128 Size 0 Mode ref, Ref Stage 115, run, start, 9783589513685031
1787664523.675647, NoOp Chain Depth 128 Size 0 Mode ref, Ref Stage 115, run, end, 9783589513705847
1787664523.675662, NoOp Chain Depth 128 Size 0 Mode ref, Ref Stage 116, run, start, 9783589513720983
1787664523.675682, NoOp Chain Depth 128 Size 0 Mode ref, Ref Stage 116, run, end, 9783589513741495
1787664523.675699, NoOp Chain Depth 128 Size 0 Mode ref, Ref Stage 117, run, start, 9783589513758279
1787664523.675721, NoOp Chain Depth 128 Size 0 Mode ref, Ref Stage 117, run, end, 9783589513779991
1787664523.675735, NoOp Chain Depth 128 Size 0 Mode ref, Ref Stage 118, run, start, 9783589513794567
1787664523.675757, NoOp Chain Depth 128 Size 0 Mode ref, Ref Stage 118, run, end, 9783589513816247
1787664523.675772, NoOp Chain Depth 128 Size 0 Mode ref, Ref Stage 119, run, start, 9783589513831031
1787664523.675794, NoOp Chain Depth 128 Size 0 Mode ref, Ref Stage 119, run, end, 9783589513852983
1787664523.675808, NoOp Chain Depth 128 Size 0 Mode ref, Ref Stage 120, run, start, 9783589513867495
1787664523.675828, NoOp Chain Depth 128 Size 0 Mode ref, Ref Stage 120, run, end, 9783589513887751
1787664523.675843, NoOp Chain Depth 128 Size 0 Mode ref, Ref Stage 121, run, start, 9783589513902279
1787664523.675864, NoOp Chain Depth 128 Size 0 Mode ref, Ref Stage 121, run, end, 9783589513923575
1787664523.675879, NoOp Chain Depth 128 Size 0 Mode ref, Ref Stage 122, run, start, 9783589513938215
1787664523.675900, NoOp Chain Depth 128 Size 0 Mode ref, Ref Stage 122, run, end, 9783589513958855
1787664523.675915, NoOp Chain Depth 128 Size 0 Mode ref, Ref Stage 123, run, start, 9783589513974839
1787664523.675936, NoOp Chain Depth 128 Size 0 Mode ref, Ref Stage 123, run, end, 9783589513995799
1787664523.675955, NoOp Chain Depth 128 Size 0 Mode ref, Ref Stage 124, run, start, 9783589514014087
1787664523.675977, NoOp Chain Depth 128 Size 0 Mode ref, Ref Stage 124, run, end, 9783589514035703
1787664523.675992, NoOp Chain Depth 128 Size 0 Mode ref, Ref Stage 125, run, start, 9783589514051159
1787664523.676014, NoOp Chain Depth 128 Size 0 Mode ref, Ref Stage 125, run, end, 9783589514073543
1787664523.679705, NoOp Chain Depth 128 Size 0 Mode ref, Ref Stage 126, run, start, 9783589517765221
1787664523.679732, NoOp Chain Depth 128 Size 0 Mode ref, Ref Stage 126, run, end, 9783589517791557
1787664523.679748, NoOp Chain Depth 128 Size 0 Mode ref, Ref Stage 127, run, start, 9783589517807541
1787664523.679770, NoOp Chain Depth 128 Size 0 Mode ref, Ref Stage 127, run, end, 9783589517829141
1787664523.679785, NoOp Chain Depth 128 Size 0 Mode ref, pipeline - train, run, end, 121253491807879507809148093534102212235, 1787664523.668092, 17, 1, 9783589517844917
1787664523.679823, NoOp Chain Depth 128 Size 0 Mode ref, pipeline - train, run, start, 86243777833557421602645239216364947425, 1787664523.679811, 18, 1, 9783589517882165
1787664523.679846, NoOp Chain Depth 128 Size 0 Mode ref, Ref Stage 0, run, start, 9783589517905173
1787664523.679868, NoOp Chain Depth 128 Size 0 Mode ref, Ref Stage 0, run, end, 9783589517927429
1787664523.679883, NoOp Chain Depth 128 Size 0 Mode ref, Ref Stage 1, run, start, 9783589517942516
1787664523.679905, NoOp Chain Depth 128 Size 0 Mode ref, Ref Stage 1, run, end, 9783589517963876
1787664523.679919, NoOp Chain Depth 128 Size 0 Mode ref, Ref Stage 2, run, start, 9783589517978596
1787664523.679941, NoOp Chain Depth 128 Size 0 Mode ref, Ref Stage 2, run, end, 9783589517999988
1787664523.679958, NoOp Chain Depth 128 Size 0 Mode ref, Ref Stage 3, run, start, 9783589518017156
1787664523.679980, NoOp Chain Depth 128 Size 0 Mode ref, Ref Stage 3, run, end, 9783589518038708
1787664523.679997, NoOp Chain Depth 128 Size 0 Mode ref, Ref Stage 4, run, start, 9783589518055924
1787664523.680018, NoOp Chain Depth 128 Size 0 Mode ref, Ref Stage 4, run, end, 9783589518077044
1787664523.680032, NoOp Chain Depth 128 Size 0 Mode ref, Ref Stage 5, run, start, 9783589518091828
1787664523.680055, NoOp Chain Depth 128 Size 0 Mode ref, Ref Stage 5, run, end, 9783589518114468
1787664523.680067, NoOp Chain Depth 128 Size 0 Mode ref, Ref Stage 6, run, start, 9783589518126180
1787664523.680098, NoOp Chain Depth 128 Size 0 Mode ref, Ref Stage 6, run, end, 9783589518157348
1787664523.680113, NoOp Chain Depth 128 Size 0 Mode ref, Ref Stage 7, run, start, 9783589518172804
1787664523.680136, NoOp Chain Depth 128 Size 0 Mode ref, Ref Stage 7, run, end, 9783589518195700
1787664523.680148, NoOp Chain Depth 128 Size 0 Mode ref, Ref Stage 8, run, start, 9783589518207140
1787664523.680350, NoOp Chain Depth 128 Size 0 Mode ref, Ref Stage 8, run, end, 9783589518409780
1787664523.680366, NoOp Chain Depth 128 Size 0 Mode ref, Ref Stage 9, run, start, 9783589518425236
1787664523.680387, NoOp Chain Depth 128 Size 0 Mode ref, Ref Stage 9, run, end, 9783589518446676
1787664523.680402, NoOp Chain Depth 128 Size 0 Mode ref, Ref Stage 10, run, start, 9783589518461604
1787664523.680424, NoOp Chain Depth 128 Size 0 Mode ref, Ref Stage 10, run, end, 9783589518483108
1787664523.680439, NoOp Chain Depth 128 Size 0 Mode ref, Ref Stage 11, run, start, 9783589518498740
1787664523.680461, NoOp Chain Depth 128 Size 0 Mode ref, Ref Stage 11, run, end, 9783589518520164
1787664523.680476, NoOp Chain Depth 128 Size 0 Mode ref, Ref Stage 12, run, start, 9783589518535108
1787664523.680497, NoOp Chain Depth 128 Size 0 Mode ref, Ref Stage 12, run, end, 9783589518556612
1787664523.680512, NoOp Chain Depth 128 Size 0 Mode ref, Ref Stage 13, run, start, 9783589518571476
1787664523.680536, NoOp Chain Depth 128 Size 0 Mode ref, Ref Stage 13, run, end, 9783589518594900
1787664523.680547, NoOp Chain Depth 128 Size 0 Mode ref, Ref Stage 14, run, start, 9783589518606436
1787664523.680987, NoOp Chain Depth 128 Size 0 Mode ref, Ref Stage 14, run, end, 9783589519046308
1787664523.681002, NoOp Chain Depth 128 Size 0 Mode ref, Ref Stage 15, run, start, 9783589519061732
1787664523.681024, NoOp Chain Depth 128 Size 0 Mode ref, Ref Stage 15, run, end, 9783589519082980
1787664523.681039, NoOp Chain Depth 128 Size 0 Mode ref, Ref Stage 16, run, start, 9783589519097908
1787664523.681060, NoOp Chain Depth 128 Size 0 Mode ref, Ref Stage 16, run, end, 9783589519118820
1787664523.681074, NoOp Chain Depth 128 Size 0 Mode ref, Ref Stage 17, run, start, 9783589519133764
1787664523.681095, NoOp Chain Depth 128 Size 0 Mode ref, Ref Stage 17, run, end, 9783589519154484
1787664523.681110, NoOp Chain Depth 128 Size 0 Mode ref, Ref Stage 18, run, start, 9783589519169460
1787664523.681132, NoOp Chain Depth 128 Size 0 Mode ref, Ref Stage 18, run, end, 9783589519190820
1787664523.681147, NoOp Chain Depth 128 Size 0 Mode ref, Ref Stage 19, run, start, 9783589519205844
1787664523.681168, NoOp Chain Depth 128 Size 0 Mode ref, Ref Stage 19, run, end, 9783589519226884
1787664523.681183, NoOp Chain Depth 128 Size 0 Mode ref, Ref Stage 20, run, start, 9783589519241908
1787664523.681204, NoOp Chain Depth 128 Size 0 Mode ref, Ref Stage 20, run, end, 9783589519263236
1787664523.681219, NoOp Chain Depth 128 Size 0 Mode ref, Ref Stage 21, run, start, 9783589519278084
1787664523.681240, NoOp Chain Depth 128 Size 0 Mode ref, Ref Stage 21, run, end, 9783589519298964
1787664523.681255, NoOp Chain Depth 128 Size 0 Mode ref, Ref Stage 22, run, start, 9783589519313876
1787664523.681276, NoOp Chain Depth 128 Size 0 Mode ref, Ref Stage 22, run, end, 9783589519334756
1787664523.681290, NoOp Chain Depth 128 Size 0 Mode ref, Ref Stage 23, run, start, 9783589519349348
1787664523.681311, NoOp Chain Depth 128 Size 0 Mode ref, Ref Stage 23, run, end, 9783589519370228
1787664523.681326, NoOp Chain Depth 128 Size 0 Mode ref, Ref Stage 24, run, start, 9783589519384868
1787664523.681349, NoOp Chain Depth 128 Size 0 Mode ref, Ref Stage 24, run, end, 9783589519408356
1787664523.681853, NoOp Chain Depth 128 Size 0 Mode ref, Ref Stage 25, run, start, 9783589519913171
1787664523.681880, NoOp Chain Depth 128 Size 0 Mode ref, Ref Stage 25, run, end, 9783589519939379
1787664523.681892, NoOp Chain Depth 128 Size 0 Mode ref, Ref Stage 26, run, start, 9783589519951827
1787664523.681925, NoOp Chain Depth 128 Size 0 Mode ref, Ref Stage 26, run, end, 9783589519984403
1787664523.681940, NoOp Chain Depth 128 Size 0 Mode ref, Ref Stage 27, run, start, 9783589519999443
1787664523.681964, NoOp Chain Depth 128 Size 0 Mode ref, Ref Stage 27, run, end, 9783589520023427
1787664523.681979, NoOp Chain Depth 128 Size 0 Mode ref, Ref Stage 28, run, start, 9783589520038435
1787664523.682000, NoOp Chain Depth 128 Size 0 Mode ref, Ref Stage 28, run, end, 9783589520059779
1787664523.682015, NoOp Chain Depth 128 Size 0 Mode ref, Ref Stage 29, run, start, 9783589520074851
1787664523.682037, NoOp Chain Depth 128 Size 0 Mode ref, Ref Stage 29, run, end, 9783589520095939
1787664523.682051, NoOp Chain Depth 128 Size 0 Mode ref, Ref Stage 30, run, start, 9783589520110531
1787664523.682073, NoOp Chain Depth 128 Size 0 Mode ref, Ref Stage 30, run, end, 9783589520131619
1787664523.682088, NoOp Chain Depth 128 Size 0 Mode ref, Ref Stage 31, run, start, 9783589520147139
1787664523.682109, NoOp Chain Depth 128 Size 0 Mode ref, Ref Stage 31, run, end, 9783589520168147
1787664523.682123, NoOp Chain Depth 128 Size 0 Mode ref, Ref Stage 32, run, start, 9783589520182643
1787664523.682146, NoOp Chain Depth 128 Size 0 Mode ref, Ref Stage 32, run, end, 9783589520205171
1787664523.682158, NoOp Chain Depth 128 Size 0 Mode ref, Ref Stage 33, run, start, 9783589520216899
1787664523.682189, NoOp Chain Depth 128 Size 0 Mode ref, Ref Stage 33, run, end, 9783589520248083
1787664523.682204, NoOp Chain Depth 128 Size 0 Mode ref, Ref Stage 34, run, start, 9783589520262995
1787664523.682224, NoOp Chain Depth 128 Size 0 Mode ref, Ref Stage 34, run, end, 9783589520283603
1787664523.682239, NoOp Chain Depth 128 Size 0 Mode ref, Ref Stage 35, run, start, 9783589520298147
1787664523.682260, NoOp Chain Depth 128 Size 0 Mode ref, Ref Stage 35, run, end, 9783589520318835
1787664523.682274, NoOp Chain Depth 128 Size 0 Mode ref, Ref Stage 36, run, start, 9783589520333507
1787664523.682295, NoOp Chain Depth 128 Size 0 Mode ref, Ref Stage 36, run, end, 9783589520354563
1787664523.682310, NoOp Chain Depth 128 Size 0 Mode ref, Ref Stage 37, run, start, 9783589520369267
1787664523.682331, NoOp Chain Depth 128 Size 0 Mode ref, Ref Stage 37, run, end, 9783589520390259
1787664523.682346, NoOp Chain Depth 128 Size 0 Mode ref, Ref Stage 38, run, start, 9783589520405091
1787664523.682367, NoOp Chain Depth 128 Size 0 Mode ref, Ref Stage 38, run, end, 9783589520425827
1787664523.682381, NoOp Chain Depth 128 Size 0 Mode ref, Ref Stage 39, run, start, 9783589520440563
1787664523.682402, NoOp Chain Depth 128 Size 0 Mode ref, Ref Stage 39, run, end, 9783589520461155
1787664523.682417, NoOp Chain Depth 128 Size 0 Mode ref, Ref Stage 40, run, start, 9783589520475731
1787664523.682437, NoOp Chain Depth 128 Size 0 Mode ref, Ref Stage 40, run, end, 9783589520496627
1787664523.682452, NoOp Chain Depth 128 Size 0 Mode ref, Ref Stage 41, run, start, 9783589520511219
1787664523.682473, NoOp Chain Depth 128 Size 0 Mode ref, Ref Stage 41, run, end, 9783589520531987
1787664523.682487, NoOp Chain Depth 128 Size 0 Mode ref, Ref Stage 42, run, start, 9783589520546339
1787664523.682508, NoOp Chain Depth 128 Size 0 Mode ref, Ref Stage 42, run, end, 9783589520566947
1787664523.682522, NoOp Chain Depth 128 Size 0 Mode ref, Ref Stage 43, run, start, 9783589520581283
1787664523.682543, NoOp Chain Depth 128 Size 0 Mode ref, Ref Stage 43, run, end, 9783589520601955
1787664523.682557, NoOp Chain Depth 128 Size 0 Mode ref, Ref Stage 44, run, start, 9783589520616243
1787664523.682578, NoOp Chain Depth 128 Size 0 Mode ref, Ref Stage 44, run, end, 9783589520636835
1787664523.682596, NoOp Chain Depth 128 Size 0 Mode ref, Ref Stage 45, run, start, 9783589520655331
1787664523.682617, NoOp Chain Depth 128 Size 0 Mode ref, Ref Stage 45, run, end, 9783589520675971
1787664523.682631, NoOp Chain Depth 128 Size 0 Mode ref, Ref Stage 46, run, start, 9783589520690531
1787664523.682652, NoOp Chain Depth 128 Size 0 Mode ref, Ref Stage 46, run, end, 9783589520711027
1787664523.682666, NoOp Chain Depth 128 Size 0 Mode ref, Ref Stage 47, run, start, 9783589520725491
1787664523.682687, NoOp Chain Depth 128 Size 0 Mode ref, Ref Stage 47, run, end, 9783589520746099
1787664523.682701, NoOp Chain Depth 128 Size 0 Mode ref, Ref Stage 48, run, start, 9783589520760547
1787664523.682722, NoOp Chain Depth 128 Size 0 Mode ref, Ref Stage 48, run, end, 9783589520781331
1787664523.682737, NoOp Chain Depth 128 Size 0 Mode ref, Ref Stage 49, run, start, 9783589520796131
1787664523.682758, NoOp Chain Depth 128 Size 0 Mode ref, Ref Stage 49, run, end, 9783589520816995
1787664523.682773, NoOp Chain Depth 128 Size 0 Mode ref, Ref Stage 50, run, start, 9783589520832019
1787664523.682796, NoOp Chain Depth 128 Size 0 Mode ref, Ref Stage 50, run, end, 9783589520855043
1787664523.682811, NoOp Chain Depth 128 Size 0 Mode ref, Ref Stage 51, run, start, 9783589520869795
1787664523.682832, NoOp Chain Depth 128 Size 0 Mode ref, Ref Stage 51, run, end, 9783589520891091
1787664523.682847, NoOp Chain Depth 128 Size 0 Mode ref, Ref Stage 52, run, start, 9783589520906114
1787664523.682870, NoOp Chain Depth 128 Size 0 Mode ref, Ref Stage 52, run, end, 9783589520929138
1787664523.682882, NoOp Chain Depth 128 Size 0 Mode ref, Ref Stage 53, run, start, 9783589520940914
1787664523.682914, NoOp Chain Depth 128 Size 0 Mode ref, Ref Stage 53, run, end, 9783589520973362
1787664523.682929, NoOp Chain Depth 128 Size 0 Mode ref, Ref Stage 54, run, start, 9783589520987954
1787664523.682952, NoOp Chain Depth 128 Size 0 Mode ref, Ref Stage 54, run, end, 9783589521010994
1787664523.682968, NoOp Chain Depth 128 Size 0 Mode ref, Ref Stage 55, run, start, 9783589521027442
1787664523.682989, NoOp Chain Depth 128 Size 0 Mode ref, Ref Stage 55, run, end, 9783589521048402
1787664523.683004, NoOp Chain Depth 128 Size 0 Mode ref, Ref Stage 56, run, start, 9783589521063154
1787664523.683026, NoOp Chain Depth 128 Size 0 Mode ref, Ref Stage 56, run, end, 9783589521085746
1787664523.683042, NoOp Chain Depth 128 Size 0 Mode ref, Ref Stage 57, run, start, 9783589521100914
1787664523.683063, NoOp Chain Depth 128 Size 0 Mode ref, Ref Stage 57, run, end, 9783589521121778
1787664523.683077, NoOp Chain Depth 128 Size 0 Mode ref, Ref Stage 58, run, start, 9783589521136482
1787664523.683100, NoOp Chain Depth 128 Size 0 Mode ref, Ref Stage 58, run, end, 9783589521158994
1787664523.683115, NoOp Chain Depth 128 Size 0 Mode ref, Ref Stage 59, run, start, 9783589521174706
1787664523.683136, NoOp Chain Depth 128 Size 0 Mode ref, Ref Stage 59, run, end, 9783589521195490
1787664523.683151, NoOp Chain Depth 128 Size 0 Mode ref, Ref Stage 60, run, start, 9783589521210050
1787664523.683172, NoOp Chain Depth 128 Size 0 Mode ref, Ref Stage 60, run, end, 9783589521230882
1787664523.683187, NoOp Chain Depth 128 Size 0 Mode ref, Ref Stage 61, run, start, 9783589521245762
1787664523.683208, NoOp Chain Depth 128 Size 0 Mode ref, Ref Stage 61, run, end, 9783589521266626
1787664523.683222, NoOp Chain Depth 128 Size 0 Mode ref, Ref Stage 62, run, start, 9783589521280994
1787664523.683243, NoOp Chain Depth 128 Size 0 Mode ref, Ref Stage 62, run, end, 9783589521301906
1787664523.683257, NoOp Chain Depth 128 Size 0 Mode ref, Ref Stage 63, run, start, 9783589521316482
1787664523.683278, NoOp Chain Depth 128 Size 0 Mode ref, Ref Stage 63, run, end, 9783589521337330
1787664523.683294, NoOp Chain Depth 128 Size 0 Mode ref, Ref Stage 64, run, start, 9783589521353266
1787664523.683317, NoOp Chain Depth 128 Size 0 Mode ref, Ref Stage 64, run, end, 9783589521376802
1787664523.683332, NoOp Chain Depth 128 Size 0 Mode ref, Ref Stage 65, run, start, 9783589521391410
1787664523.683353, NoOp Chain Depth 128 Size 0 Mode ref, Ref Stage 65, run, end, 9783589521412098
1787664523.683370, NoOp Chain Depth 128 Size 0 Mode ref, Ref Stage 66, run, start, 9783589521429570
1787664523.683391, NoOp Chain Depth 128 Size 0 Mode ref, Ref Stage 66, run, end, 9783589521450226
1787664523.683406, NoOp Chain Depth 128 Size 0 Mode ref, Ref Stage 67, run, start, 9783589521465074
1787664523.683426, NoOp Chain Depth 128 Size 0 Mode ref, Ref Stage 67, run, end, 9783589521485586
1787664523.683440, NoOp Chain Depth 128 Size 0 Mode ref, Ref Stage 68, run, start, 9783589521499794
1787664523.683461, NoOp Chain Depth 128 Size 0 Mode ref, Ref Stage 68, run, end, 9783589521520418
1787664523.683578, NoOp Chain Depth 128 Size 0 Mode ref, Ref Stage 69, run, start, 9783589521638018
1787664523.683607, NoOp Chain Depth 128 Size 0 Mode ref, Ref Stage 69, run, end, 9783589521666594
1787664523.683619, NoOp Chain Depth 128 Size 0 Mode ref, Ref Stage 70, run, start, 9783589521678674
1787664523.683652, NoOp Chain Depth 128 Size 0 Mode ref, Ref Stage 70, run, end, 9783589521711234
1787664523.683667, NoOp Chain Depth 128 Size 0 Mode ref, Ref Stage 71, run, start, 9783589521726162
1787664523.683689, NoOp Chain Depth 128 Size 0 Mode ref, Ref Stage 71, run, end, 9783589521748114
1787664523.683704, NoOp Chain Depth 128 Size 0 Mode ref, Ref Stage 72, run, start, 9783589521762738
1787664523.683726, NoOp Chain Depth 128 Size 0 Mode ref, Ref Stage 72, run, end, 9783589521784786
1787664523.683741, NoOp Chain Depth 128 Size 0 Mode ref, Ref Stage 73, run, start, 9783589521800162
1787664523.683762, NoOp Chain Depth 128 Size 0 Mode ref, Ref Stage 73, run, end, 9783589521821154
1787664523.684189, NoOp Chain Depth 128 Size 0 Mode ref, Ref Stage 74, run, start, 9783589522248946
1787664523.684215, NoOp Chain Depth 128 Size 0 Mode ref, Ref Stage 74, run, end, 9783589522274658
1787664523.684230, NoOp Chain Depth 128 Size 0 Mode ref, Ref Stage 75, run, start, 9783589522289666
1787664523.684252, NoOp Chain Depth 128 Size 0 Mode ref, Ref Stage 75, run, end, 9783589522310786
1787664523.684266, NoOp Chain Depth 128 Size 0 Mode ref, Ref Stage 76, run, start, 9783589522325634
1787664523.684289, NoOp Chain Depth 128 Size 0 Mode ref, Ref Stage 76, run, end, 9783589522348626
1787664523.684301, NoOp Chain Depth 128 Size 0 Mode ref, Ref Stage 77, run, start, 9783589522360434
1787664523.684333, NoOp Chain Depth 128 Size 0 Mode ref, Ref Stage 77, run, end, 9783589522391618
1787664523.684348, NoOp Chain Depth 128 Size 0 Mode ref, Ref Stage 78, run, start, 9783589522407234
1787664523.684371, NoOp Chain Depth 128 Size 0 Mode ref, Ref Stage 78, run, end, 9783589522430450
1787664523.684383, NoOp Chain Depth 128 Size 0 Mode ref, Ref Stage 79, run, start, 9783589522442498
1787664523.684414, NoOp Chain Depth 128 Size 0 Mode ref, Ref Stage 79, run, end, 9783589522473649
1787664523.684433, NoOp Chain Depth 128 Size 0 Mode ref, Ref Stage 80, run, start, 9783589522492721
1787664523.684454, NoOp Chain Depth 128 Size 0 Mode ref, Ref Stage 80, run, end, 9783589522513633
1787664523.684469, NoOp Chain Depth 128 Size 0 Mode ref, Ref Stage 81, run, start, 9783589522528097
1787664523.684490, NoOp Chain Depth 128 Size 0 Mode ref, Ref Stage 81, run, end, 9783589522548801
1787664523.684504, NoOp Chain Depth 128 Size 0 Mode ref, Ref Stage 82, run, start, 9783589522563377
1787664523.684525, NoOp Chain Depth 128 Size 0 Mode ref, Ref Stage 82, run, end, 9783589522584081
1787664523.684541, NoOp Chain Depth 128 Size 0 Mode ref, Ref Stage 83, run, start, 9783589522601297
1787664523.684563, NoOp Chain Depth 128 Size 0 Mode ref, Ref Stage 83, run, end, 9783589522622321
1787664523.684578, NoOp Chain Depth 128 Size 0 Mode ref, Ref Stage 84, run, start, 9783589522636961
1787664523.684598, NoOp Chain Depth 128 Size 0 Mode ref, Ref Stage 84, run, end, 9783589522657713
1787664523.684613, NoOp Chain Depth 128 Size 0 Mode ref, Ref Stage 85, run, start, 9783589522671793
1787664523.684635, NoOp Chain Depth 128 Size 0 Mode ref, Ref Stage 85, run, end, 9783589522693825
1787664523.684649, NoOp Chain Depth 128 Size 0 Mode ref, Ref Stage 86, run, start, 9783589522708081
1787664523.684673, NoOp Chain Depth 128 Size 0 Mode ref, Ref Stage 86, run, end, 9783589522732193
1787664523.684688, NoOp Chain Depth 128 Size 0 Mode ref, Ref Stage 87, run, start, 9783589522746945
1787664523.684709, NoOp Chain Depth 128 Size 0 Mode ref, Ref Stage 87, run, end, 9783589522768609
1787664523.684725, NoOp Chain Depth 128 Size 0 Mode ref, Ref Stage 88, run, start, 9783589522784113
1787664523.684747, NoOp Chain Depth 128 Size 0 Mode ref, Ref Stage 88, run, end, 9783589522806513
1787664523.685158, NoOp Chain Depth 128 Size 0 Mode ref, Ref Stage 89, run, start, 9783589523217937
1787664523.685286, NoOp Chain Depth 128 Size 0 Mode ref, Ref Stage 89, run, end, 9783589523346097
1787664523.685302, NoOp Chain Depth 128 Size 0 Mode ref, Ref Stage 90, run, start, 9783589523361825
1787664523.685324, NoOp Chain Depth 128 Size 0 Mode ref, Ref Stage 90, run, end, 9783589523383153
1787664523.685338, NoOp Chain Depth 128 Size 0 Mode ref, Ref Stage 91, run, start, 9783589523397665
1787664523.685360, NoOp Chain Depth 128 Size 0 Mode ref, Ref Stage 91, run, end, 9783589523418801
1787664523.685374, NoOp Chain Depth 128 Size 0 Mode ref, Ref Stage 92, run, start, 9783589523433953
1787664523.685396, NoOp Chain Depth 128 Size 0 Mode ref, Ref Stage 92, run, end, 9783589523454849
1787664523.685410, NoOp Chain Depth 128 Size 0 Mode ref, Ref Stage 93, run, start, 9783589523469681
1787664523.685433, NoOp Chain Depth 128 Size 0 Mode ref, Ref Stage 93, run, end, 9783589523492225
1787664523.685445, NoOp Chain Depth 128 Size 0 Mode ref, Ref Stage 94, run, start, 9783589523504097
1787664523.685476, NoOp Chain Depth 128 Size 0 Mode ref, Ref Stage 94, run, end, 9783589523535217
1787664523.685491, NoOp Chain Depth 128 Size 0 Mode ref, Ref Stage 95, run, start, 9783589523550465
1787664523.685814, NoOp Chain Depth 128 Size 0 Mode ref, Ref Stage 95, run, end, 9783589523874113
1787664523.685934, NoOp Chain Depth 128 Size 0 Mode ref, Ref Stage 96, run, start, 9783589523993617
1787664523.685961, NoOp Chain Depth 128 Size 0 Mode ref, Ref Stage 96, run, end, 9783589524020353
1787664523.685973, NoOp Chain Depth 128 Size 0 Mode ref, Ref Stage 97, run, start, 9783589524032224
1787664523.686005, NoOp Chain Depth 128 Size 0 Mode ref, Ref Stage 97, run, end, 9783589524064480
1787664523.686020, NoOp Chain Depth 128 Size 0 Mode ref, Ref Stage 98, run, start, 9783589524079696
1787664523.686041, NoOp Chain Depth 128 Size 0 Mode ref, Ref Stage 98, run, end, 9783589524100480
1787664523.686056, NoOp Chain Depth 128 Size 0 Mode ref, Ref Stage 99, run, start, 9783589524115360
1787664523.686077, NoOp Chain Depth 128 Size 0 Mode ref, Ref Stage 99, run, end, 9783589524135920
1787664523.686091, NoOp Chain Depth 128 Size 0 Mode ref, Ref Stage 100, run, start, 9783589524150432
1787664523.686112, NoOp Chain Depth 128 Size 0 Mode ref, Ref Stage 100, run, end, 9783589524171376
1787664523.686127, NoOp Chain Depth 128 Size 0 Mode ref, Ref Stage 101, run, start, 9783589524185744
1787664523.686149, NoOp Chain Depth 128 Size 0 Mode ref, Ref Stage 101, run, end, 9783589524208176
1787664523.686163, NoOp Chain Depth 128 Size 0 Mode ref, Ref Stage 102, run, start, 9783589524222800
1787664523.686184, NoOp Chain Depth 128 Size 0 Mode ref, Ref Stage 102, run, end, 9783589524243600
1787664523.686199, NoOp Chain Depth 128 Size 0 Mode ref, Ref Stage 103, run, start, 9783589524258224
1787664523.686220, NoOp Chain Depth 128 Size 0 Mode ref, Ref Stage 103, run, end, 9783589524278944
1787664523.686234, NoOp Chain Depth 128 Size 0 Mode ref, Ref Stage 104, run, start, 9783589524293392
1787664523.686256, NoOp Chain Depth 128 Size 0 Mode ref, Ref Stage 104, run, end, 9783589524315712
1787664523.686271, NoOp Chain Depth 128 Size 0 Mode ref, Ref Stage 105, run, start, 9783589524329920
1787664523.686291, NoOp Chain Depth 128 Size 0 Mode ref, Ref Stage 105, run, end, 9783589524350512
1787664523.686307, NoOp Chain Depth 128 Size 0 Mode ref, Ref Stage 106, run, start, 9783589524366080
1787664523.686327, NoOp Chain Depth 128 Size 0 Mode ref, Ref Stage 106, run, end, 9783589524386704
1787664523.686344, NoOp Chain Depth 128 Size 0 Mode ref, Ref Stage 107, run, start, 9783589524405056
1787664523.686367, NoOp Chain Depth 128 Size 0 Mode ref, Ref Stage 107, run, end, 9783589524426096
1787664523.686382, NoOp Chain Depth 128 Size 0 Mode ref, Ref Stage 108, run, start, 9783589524440944
1787664523.686404, NoOp Chain Depth 128 Size 0 Mode ref, Ref Stage 108, run, end, 9783589524463456
1787664523.686419, NoOp Chain Depth 128 Size 0 Mode ref, Ref Stage 109, run, start, 9783589524478368
1787664523.686440, NoOp Chain Depth 128 Size 0 Mode ref, Ref Stage 109, run, end, 9783589524499360
1787664523.686455, NoOp Chain Depth 128 Size 0 Mode ref, Ref Stage 110, run, start, 9783589524514144
1787664523.686476, NoOp Chain Depth 128 Size 0 Mode ref, Ref Stage 110, run, end, 9783589524534848
1787664523.686490, NoOp Chain Depth 128 Size 0 Mode ref, Ref Stage 111, run, start, 9783589524549024
1787664523.686513, NoOp Chain Depth 128 Size 0 Mode ref, Ref Stage 111, run, end, 9783589524572352
1787664523.686528, NoOp Chain Depth 128 Size 0 Mode ref, Ref Stage 112, run, start, 9783589524586880
1787664523.686548, NoOp Chain Depth 128 Size 0 Mode ref, Ref Stage 112, run, end, 9783589524607600
1787664523.686563, NoOp Chain Depth 128 Size 0 Mode ref, Ref Stage 113, run, start, 9783589524622080
1787664523.686587, NoOp Chain Depth 128 Size 0 Mode ref, Ref Stage 113, run, end, 9783589524645776
1787664523.686598, NoOp Chain Depth 128 Size 0 Mode ref, Ref Stage 114, run, start, 9783589524657504
1787664523.687124, NoOp Chain Depth 128 Size 0 Mode ref, Ref Stage 114, run, end, 9783589525184624
1787664523.687141, NoOp Chain Depth 128 Size 0 Mode ref, Ref Stage 115, run, start, 9783589525200016
1787664523.687162, NoOp Chain Depth 128 Size 0 Mode ref, Ref Stage 115, run, end, 9783589525221504
1787664523.687177, NoOp Chain Depth 128 Size 0 Mode ref, Ref Stage 116, run, start, 9783589525236256
1787664523.687198, NoOp Chain Depth 128 Size 0 Mode ref, Ref Stage 116, run, end, 9783589525257072
1787664523.687212, NoOp Chain Depth 128 Size 0 Mode ref, Ref Stage 117, run, start, 9783589525271680
1787664523.687233, NoOp Chain Depth 128 Size 0 Mode ref, Ref Stage 117, run, end, 9783589525292560
1787664523.687248, NoOp Chain Depth 128 Size 0 Mode ref, Ref Stage 118, run, start, 9783589525307248
1787664523.687269, NoOp Chain Depth 128 Size 0 Mode ref, Ref Stage 118, run, end, 9783589525328448
1787664523.687284, NoOp Chain Depth 128 Size 0 Mode ref, Ref Stage 119, run, start, 9783589525343136
1787664523.687305, NoOp Chain Depth 128 Size 0 Mode ref, Ref Stage 119, run, end, 9783589525364464
1787664523.687320, NoOp Chain Depth 128 Size 0 Mode ref, Ref Stage 120, run, start, 9783589525379072
1787664523.687343, NoOp Chain Depth 128 Size 0 Mode ref, Ref Stage 120, run, end, 9783589525401808
1787664523.687359, NoOp Chain Depth 128 Size 0 Mode ref, Ref Stage 121, run, start, 9783589525417888
1787664523.687381, NoOp Chain Depth 128 Size 0 Mode ref, Ref Stage 121, run, end, 9783589525440432
1787664523.687396, NoOp Chain Depth 128 Size 0 Mode ref, Ref Stage 122, run, start, 9783589525455312
1787664523.687417, NoOp Chain Depth 128 Size 0 Mode ref, Ref Stage 122, run, end, 9783589525476352
1787664523.687431, NoOp Chain Depth 128 Size 0 Mode ref, Ref Stage 123, run, start, 9783589525490720
1787664523.687452, NoOp Chain Depth 128 Size 0 Mode ref, Ref Stage 123, run, end, 9783589525511375
1787664523.687466, NoOp Chain Depth 128 Size 0 Mode ref, Ref Stage 124, run, start, 9783589525525759
1787664523.687489, NoOp Chain Depth 128 Size 0 Mode ref, Ref Stage 124, run, end, 9783589525548063
1787664523.687500, NoOp Chain Depth 128 Size 0 Mode ref, Ref Stage 125, run, start, 9783589525559711
1787664523.687532, NoOp Chain Depth 128 Size 0 Mode ref, Ref Stage 125, run, end, 9783589525590959
1787664523.687546, NoOp Chain Depth 128 Size 0 Mode ref, Ref Stage 126, run, start, 9783589525605583
1787664523.687569, NoOp Chain Depth 128 Size 0 Mode ref, Ref Stage 126, run, end, 9783589525628559
1787664523.687584, NoOp Chain Depth 128 Size 0 Mode ref, Ref Stage 127, run, start, 9783589525643535
1787664523.687607, NoOp Chain Depth 128 Size 0 Mode ref, Ref Stage 127, run, end, 9783589525665967
1787664523.687622, NoOp Chain Depth 128 Size 0 Mode ref, pipeline - train, run, end, 86243777833557421602645239216364947425, 1787664523.679811, 18, 1, 9783589525681119
1787664523.687658, NoOp Chain Depth 128 Size 0 Mode ref, pipeline - train, run, start, 224224913027541642798069710693462259479, 1787664523.687647, 19, 1, 9783589525717487
1787664523.687682, NoOp Chain Depth 128 Size 0 Mode ref, Ref Stage 0, run, start, 9783589525741391
1787664523.687704, NoOp Chain Depth 128 Size 0 Mode ref, Ref Stage 0, run, end, 9783589525762847
1787664523.687718, NoOp Chain Depth 128 Size 0 Mode ref, Ref Stage 1, run, start, 9783589525777759
1787664523.687739, NoOp Chain Depth 128 Size 0 Mode ref, Ref Stage 1, run, end, 9783589525798639
1787664523.687754, NoOp Chain Depth 128 Size 0 Mode ref, Ref Stage 2, run, start, 9783589525813247
1787664523.687776, NoOp Chain Depth 128 Size 0 Mode ref, Ref Stage 2, run, end, 9783589525835007
1787664523.687792, NoOp Chain Depth 128 Size 0 Mode ref, Ref Stage 3, run, start, 9783589525851039
1787664523.687814, NoOp Chain Depth 128 Size 0 Mode ref, Ref Stage 3, run, end, 9783589525872911
1787664523.687828, NoOp Chain Depth 128 Size 0 Mode ref, Ref Stage 4, run, start, 9783589525887551
1787664523.687849, NoOp Chain Depth 128 Size 0 Mode ref, Ref Stage 4, run, end, 9783589525908255
1787664523.687865, NoOp Chain Depth 128 Size 0 Mode ref, Ref Stage 5, run, start, 9783589525923903
1787664523.688193, NoOp Chain Depth 128 Size 0 Mode ref, Ref Stage 5, run, end, 9783589526252847
1787664523.688314, NoOp Chain Depth 128 Size 0 Mode ref, Ref Stage 6, run, start, 9783589526373791
1787664523.688337, NoOp Chain Depth 128 Size 0 Mode ref, Ref Stage 6, run, end, 9783589526396639
1787664523.688353, NoOp Chain Depth 128 Size 0 Mode ref, Ref Stage 7, run, start, 9783589526411903
1787664523.688374, NoOp Chain Depth 128 Size 0 Mode ref, Ref Stage 7, run, end, 9783589526433439
1787664523.688389, NoOp Chain Depth 128 Size 0 Mode ref, Ref Stage 8, run, start, 9783589526448303
1787664523.688410, NoOp Chain Depth 128 Size 0 Mode ref, Ref Stage 8, run, end, 9783589526469503
1787664523.688425, NoOp Chain Depth 128 Size 0 Mode ref, Ref Stage 9, run, start, 9783589526484303
1787664523.688448, NoOp Chain Depth 128 Size 0 Mode ref, Ref Stage 9, run, end, 9783589526507295
1787664523.688460, NoOp Chain Depth 128 Size 0 Mode ref, Ref Stage 10, run, start, 9783589526519487
1787664523.688492, NoOp Chain Depth 128 Size 0 Mode ref, Ref Stage 10, run, end, 9783589526551183
1787664523.688507, NoOp Chain Depth 128 Size 0 Mode ref, Ref Stage 11, run, start, 9783589526566111
1787664523.688528, NoOp Chain Depth 128 Size 0 Mode ref, Ref Stage 11, run, end, 9783589526587423
1787664523.688543, NoOp Chain Depth 128 Size 0 Mode ref, Ref Stage 12, run, start, 9783589526602351
1787664523.688566, NoOp Chain Depth 128 Size 0 Mode ref, Ref Stage 12, run, end, 9783589526625199
1787664523.688579, NoOp Chain Depth 128 Size 0 Mode ref, Ref Stage 13, run, start, 9783589526638575
1787664523.690352, NoOp Chain Depth 128 Size 0 Mode ref, Ref Stage 13, run, end, 9783589528411934
1787664523.690368, NoOp Chain Depth 128 Size 0 Mode ref, Ref Stage 14, run, start, 9783589528427534
1787664523.690390, NoOp Chain Depth 128 Size 0 Mode ref, Ref Stage 14, run, end, 9783589528449470
1787664523.690405, NoOp Chain Depth 128 Size 0 Mode ref, Ref Stage 15, run, start, 9783589528464318
1787664523.690426, NoOp Chain Depth 128 Size 0 Mode ref, Ref Stage 15, run, end, 9783589528485214
1787664523.690441, NoOp Chain Depth 128 Size 0 Mode ref, Ref Stage 16, run, start, 9783589528500030
1787664523.690462, NoOp Chain Depth 128 Size 0 Mode ref, Ref Stage 16, run, end, 9783589528520782
1787664523.690476, NoOp Chain Depth 128 Size 0 Mode ref, Ref Stage 17, run, start, 9783589528535358
1787664523.690497, NoOp Chain Depth 128 Size 0 Mode ref, Ref Stage 17, run, end, 9783589528556253
1787664523.690512, NoOp Chain Depth 128 Size 0 Mode ref, Ref Stage 18, run, start, 9783589528571085
1787664523.690534, NoOp Chain Depth 128 Size 0 Mode ref, Ref Stage 18, run, end, 9783589528593517
1787664523.690546, NoOp Chain Depth 128 Size 0 Mode ref, Ref Stage 19, run, start, 9783589528605229
1787664523.690579, NoOp Chain Depth 128 Size 0 Mode ref, Ref Stage 19, run, end, 9783589528638477
1787664523.690594, NoOp Chain Depth 128 Size 0 Mode ref, Ref Stage 20, run, start, 9783589528653565
1787664523.690615, NoOp Chain Depth 128 Size 0 Mode ref, Ref Stage 20, run, end, 9783589528674301
1787664523.690630, NoOp Chain Depth 128 Size 0 Mode ref, Ref Stage 21, run, start, 9783589528689133
1787664523.690651, NoOp Chain Depth 128 Size 0 Mode ref, Ref Stage 21, run, end, 9783589528709949
1787664523.690666, NoOp Chain Depth 128 Size 0 Mode ref, Ref Stage 22, run, start, 9783589528725581
1787664523.691018, NoOp Chain Depth 128 Size 0 Mode ref, Ref Stage 22, run, end, 9783589529077645
1787664523.691136, NoOp Chain Depth 128 Size 0 Mode ref, Ref Stage 23, run, start, 9783589529195277
1787664523.691159, NoOp Chain Depth 128 Size 0 Mode ref, Ref Stage 23, run, end, 9783589529218109
1787664523.691174, NoOp Chain Depth 128 Size 0 Mode ref, Ref Stage 24, run, start, 9783589529232941
1787664523.691197, NoOp Chain Depth 128 Size 0 Mode ref, Ref Stage 24, run, end, 9783589529255837
1787664523.691208, NoOp Chain Depth 128 Size 0 Mode ref, Ref Stage 25, run, start, 9783589529267549
1787664523.691239, NoOp Chain Depth 128 Size 0 Mode ref, Ref Stage 25, run, end, 9783589529298733
1787664523.691254, NoOp Chain Depth 128 Size 0 Mode ref, Ref Stage 26, run, start, 9783589529313629
1787664523.691276, NoOp Chain Depth 128 Size 0 Mode ref, Ref Stage 26, run, end, 9783589529334589
1787664523.691290, NoOp Chain Depth 128 Size 0 Mode ref, Ref Stage 27, run, start, 9783589529349453
1787664523.691311, NoOp Chain Depth 128 Size 0 Mode ref, Ref Stage 27, run, end, 9783589529370365
1787664523.691326, NoOp Chain Depth 128 Size 0 Mode ref, Ref Stage 28, run, start, 9783589529385213
1787664523.691347, NoOp Chain Depth 128 Size 0 Mode ref, Ref Stage 28, run, end, 9783589529406445
1787664523.691362, NoOp Chain Depth 128 Size 0 Mode ref, Ref Stage 29, run, start, 9783589529421181
1787664523.691383, NoOp Chain Depth 128 Size 0 Mode ref, Ref Stage 29, run, end, 9783589529442285
1787664523.691398, NoOp Chain Depth 128 Size 0 Mode ref, Ref Stage 30, run, start, 9783589529457357
1787664523.691419, NoOp Chain Depth 128 Size 0 Mode ref, Ref Stage 30, run, end, 9783589529478365
1787664523.691434, NoOp Chain Depth 128 Size 0 Mode ref, Ref Stage 31, run, start, 9783589529493485
1787664523.691456, NoOp Chain Depth 128 Size 0 Mode ref, Ref Stage 31, run, end, 9783589529514925
1787664523.691471, NoOp Chain Depth 128 Size 0 Mode ref, Ref Stage 32, run, start, 9783589529529901
1787664523.691492, NoOp Chain Depth 128 Size 0 Mode ref, Ref Stage 32, run, end, 9783589529551165
1787664523.691507, NoOp Chain Depth 128 Size 0 Mode ref, Ref Stage 33, run, start, 9783589529565885
1787664523.691528, NoOp Chain Depth 128 Size 0 Mode ref, Ref Stage 33, run, end, 9783589529586989
1787664523.691542, NoOp Chain Depth 128 Size 0 Mode ref, Ref Stage 34, run, start, 9783589529601533
1787664523.691564, NoOp Chain Depth 128 Size 0 Mode ref, Ref Stage 34, run, end, 9783589529622685
1787664523.691578, NoOp Chain Depth 128 Size 0 Mode ref, Ref Stage 35, run, start, 9783589529637213
1787664523.691599, NoOp Chain Depth 128 Size 0 Mode ref, Ref Stage 35, run, end, 9783589529658221
1787664523.691614, NoOp Chain Depth 128 Size 0 Mode ref, Ref Stage 36, run, start, 9783589529672909
1787664523.691637, NoOp Chain Depth 128 Size 0 Mode ref, Ref Stage 36, run, end, 9783589529695805
1787664523.691651, NoOp Chain Depth 128 Size 0 Mode ref, Ref Stage 37, run, start, 9783589529710365
1787664523.691672, NoOp Chain Depth 128 Size 0 Mode ref, Ref Stage 37, run, end, 9783589529731309
1787664523.691687, NoOp Chain Depth 128 Size 0 Mode ref, Ref Stage 38, run, start, 9783589529745837
1787664523.691707, NoOp Chain Depth 128 Size 0 Mode ref, Ref Stage 38, run, end, 9783589529766589
1787664523.691722, NoOp Chain Depth 128 Size 0 Mode ref, Ref Stage 39, run, start, 9783589529781517
1787664523.691749, NoOp Chain Depth 128 Size 0 Mode ref, Ref Stage 39, run, end, 9783589529807965
1787664523.691763, NoOp Chain Depth 128 Size 0 Mode ref, Ref Stage 40, run, start, 9783589529822573
1787664523.691784, NoOp Chain Depth 128 Size 0 Mode ref, Ref Stage 40, run, end, 9783589529843149
1787664523.691798, NoOp Chain Depth 128 Size 0 Mode ref, Ref Stage 41, run, start, 9783589529857533
1787664523.691820, NoOp Chain Depth 128 Size 0 Mode ref, Ref Stage 41, run, end, 9783589529879373
1787664523.691835, NoOp Chain Depth 128 Size 0 Mode ref, Ref Stage 42, run, start, 9783589529893885
1787664523.691857, NoOp Chain Depth 128 Size 0 Mode ref, Ref Stage 42, run, end, 9783589529916045
1787664523.691873, NoOp Chain Depth 128 Size 0 Mode ref, Ref Stage 43, run, start, 9783589529931917
1787664523.691894, NoOp Chain Depth 128 Size 0 Mode ref, Ref Stage 43, run, end, 9783589529952781
1787664523.691908, NoOp Chain Depth 128 Size 0 Mode ref, Ref Stage 44, run, start, 9783589529967629
1787664523.691931, NoOp Chain Depth 128 Size 0 Mode ref, Ref Stage 44, run, end, 9783589529989741
1787664523.691947, NoOp Chain Depth 128 Size 0 Mode ref, Ref Stage 45, run, start, 9783589530006637
1787664523.691969, NoOp Chain Depth 128 Size 0 Mode ref, Ref Stage 45, run, end, 9783589530028269
1787664523.691984, NoOp Chain Depth 128 Size 0 Mode ref, Ref Stage 46, run, start, 9783589530042941
1787664523.692004, NoOp Chain Depth 128 Size 0 Mode ref, Ref Stage 46, run, end, 9783589530063677
1787664523.692019, NoOp Chain Depth 128 Size 0 Mode ref, Ref Stage 47, run, start, 9783589530078125
1787664523.692040, NoOp Chain Depth 128 Size 0 Mode ref, Ref Stage 47, run, end, 9783589530099293
1787664523.692055, NoOp Chain Depth 128 Size 0 Mode ref, Ref Stage 48, run, start, 9783589530113869
1787664523.692076, NoOp Chain Depth 128 Size 0 Mode ref, Ref Stage 48, run, end, 9783589530135804
1787664523.692091, NoOp Chain Depth 128 Size 0 Mode ref, Ref Stage 49, run, start, 9783589530150556
1787664523.692114, NoOp Chain Depth 128 Size 0 Mode ref, Ref Stage 49, run, end, 9783589530172956
1787664523.692128, NoOp Chain Depth 128 Size 0 Mode ref, Ref Stage 50, run, start, 9783589530187564
1787664523.692149, NoOp Chain Depth 128 Size 0 Mode ref, Ref Stage 50, run, end, 9783589530208748
1787664523.692165, NoOp Chain Depth 128 Size 0 Mode ref, Ref Stage 51, run, start, 9783589530224172
1787664523.692187, NoOp Chain Depth 128 Size 0 Mode ref, Ref Stage 51, run, end, 9783589530246380
1787664523.692199, NoOp Chain Depth 128 Size 0 Mode ref, Ref Stage 52, run, start, 9783589530258108
1787664523.692230, NoOp Chain Depth 128 Size 0 Mode ref, Ref Stage 52, run, end, 9783589530289196
1787664523.692245, NoOp Chain Depth 128 Size 0 Mode ref, Ref Stage 53, run, start, 9783589530304060
1787664523.692270, NoOp Chain Depth 128 Size 0 Mode ref, Ref Stage 53, run, end, 9783589530329004
1787664523.692281, NoOp Chain Depth 128 Size 0 Mode ref, Ref Stage 54, run, start, 9783589530340716
1787664523.692314, NoOp Chain Depth 128 Size 0 Mode ref, Ref Stage 54, run, end, 9783589530373036
1787664523.692328, NoOp Chain Depth 128 Size 0 Mode ref, Ref Stage 55, run, start, 9783589530387500
1787664523.692352, NoOp Chain Depth 128 Size 0 Mode ref, Ref Stage 55, run, end, 9783589530410572
1787664523.692367, NoOp Chain Depth 128 Size 0 Mode ref, Ref Stage 56, run, start, 9783589530426428
1787664523.692388, NoOp Chain Depth 128 Size 0 Mode ref, Ref Stage 56, run, end, 9783589530447148
1787664523.692402, NoOp Chain Depth 128 Size 0 Mode ref, Ref Stage 57, run, start, 9783589530461772
1787664523.692423, NoOp Chain Depth 128 Size 0 Mode ref, Ref Stage 57, run, end, 9783589530482684
1787664523.692438, NoOp Chain Depth 128 Size 0 Mode ref, Ref Stage 58, run, start, 9783589530497164
1787664523.692459, NoOp Chain Depth 128 Size 0 Mode ref, Ref Stage 58, run, end, 9783589530518236
1787664523.692475, NoOp Chain Depth 128 Size 0 Mode ref, Ref Stage 59, run, start, 9783589530534124
1787664523.692496, NoOp Chain Depth 128 Size 0 Mode ref, Ref Stage 59, run, end, 9783589530554780
1787664523.692512, NoOp Chain Depth 128 Size 0 Mode ref, Ref Stage 60, run, start, 9783589530571260
1787664523.692533, NoOp Chain Depth 128 Size 0 Mode ref, Ref Stage 60, run, end, 9783589530592204
1787664523.692547, NoOp Chain Depth 128 Size 0 Mode ref, Ref Stage 61, run, start, 9783589530606556
1787664523.692568, NoOp Chain Depth 128 Size 0 Mode ref, Ref Stage 61, run, end, 9783589530627164
1787664523.692583, NoOp Chain Depth 128 Size 0 Mode ref, Ref Stage 62, run, start, 9783589530641836
1787664523.692603, NoOp Chain Depth 128 Size 0 Mode ref, Ref Stage 62, run, end, 9783589530662380
1787664523.692618, NoOp Chain Depth 128 Size 0 Mode ref, Ref Stage 63, run, start, 9783589530677164
1787664523.692640, NoOp Chain Depth 128 Size 0 Mode ref, Ref Stage 63, run, end, 9783589530698684
1787664523.692654, NoOp Chain Depth 128 Size 0 Mode ref, Ref Stage 64, run, start, 9783589530713116
1787664523.692676, NoOp Chain Depth 128 Size 0 Mode ref, Ref Stage 64, run, end, 9783589530734828
1787664523.692690, NoOp Chain Depth 128 Size 0 Mode ref, Ref Stage 65, run, start, 9783589530749388
1787664523.692711, NoOp Chain Depth 128 Size 0 Mode ref, Ref Stage 65, run, end, 9783589530770156
1787664523.692725, NoOp Chain Depth 128 Size 0 Mode ref, Ref Stage 66, run, start, 9783589530784604
1787664523.692837, NoOp Chain Depth 128 Size 0 Mode ref, Ref Stage 66, run, end, 9783589530896796
1787664523.692854, NoOp Chain Depth 128 Size 0 Mode ref, Ref Stage 67, run, start, 9783589530913388
1787664523.692878, NoOp Chain Depth 128 Size 0 Mode ref, Ref Stage 67, run, end, 9783589530936748
1787664523.692894, NoOp Chain Depth 128 Size 0 Mode ref, Ref Stage 68, run, start, 9783589530952668
1787664523.692914, NoOp Chain Depth 128 Size 0 Mode ref, Ref Stage 68, run, end, 9783589530973804
1787664523.692930, NoOp Chain Depth 128 Size 0 Mode ref, Ref Stage 69, run, start, 9783589530989468
1787664523.693272, NoOp Chain Depth 128 Size 0 Mode ref, Ref Stage 69, run, end, 9783589531331964
1787664523.693395, NoOp Chain Depth 128 Size 0 Mode ref, Ref Stage 70, run, start, 9783589531454620
1787664523.693419, NoOp Chain Depth 128 Size 0 Mode ref, Ref Stage 70, run, end, 9783589531477820
1787664523.693433, NoOp Chain Depth 128 Size 0 Mode ref, Ref Stage 71, run, start, 9783589531492668
1787664523.693455, NoOp Chain Depth 128 Size 0 Mode ref, Ref Stage 71, run, end, 9783589531513948
1787664523.693470, NoOp Chain Depth 128 Size 0 Mode ref, Ref Stage 72, run, start, 9783589531528796
1787664523.693491, NoOp Chain Depth 128 Size 0 Mode ref, Ref Stage 72, run, end, 9783589531550060
1787664523.693506, NoOp Chain Depth 128 Size 0 Mode ref, Ref Stage 73, run, start, 9783589531564748
1787664523.693528, NoOp Chain Depth 128 Size 0 Mode ref, Ref Stage 73, run, end, 9783589531587548
1787664523.693540, NoOp Chain Depth 128 Size 0 Mode ref, Ref Stage 74, run, start, 9783589531599564
1787664523.693574, NoOp Chain Depth 128 Size 0 Mode ref, Ref Stage 74, run, end, 9783589531632955
1787664523.693589, NoOp Chain Depth 128 Size 0 Mode ref, Ref Stage 75, run, start, 9783589531648251
1787664523.693610, NoOp Chain Depth 128 Size 0 Mode ref, Ref Stage 75, run, end, 9783589531669387
1787664523.693625, NoOp Chain Depth 128 Size 0 Mode ref, Ref Stage 76, run, start, 9783589531684299
1787664523.693646, NoOp Chain Depth 128 Size 0 Mode ref, Ref Stage 76, run, end, 9783589531705451
1787664523.693661, NoOp Chain Depth 128 Size 0 Mode ref, Ref Stage 77, run, start, 9783589531720187
1787664523.693682, NoOp Chain Depth 128 Size 0 Mode ref, Ref Stage 77, run, end, 9783589531740891
1787664523.693696, NoOp Chain Depth 128 Size 0 Mode ref, Ref Stage 78, run, start, 9783589531755883
1787664523.693720, NoOp Chain Depth 128 Size 0 Mode ref, Ref Stage 78, run, end, 9783589531779291
1787664523.696529, NoOp Chain Depth 128 Size 0 Mode ref, Ref Stage 79, run, start, 9783589534589738
1787664523.696556, NoOp Chain Depth 128 Size 0 Mode ref, Ref Stage 79, run, end, 9783589534615162
1787664523.696571, NoOp Chain Depth 128 Size 0 Mode ref, Ref Stage 80, run, start, 9783589534630778
1787664523.696593, NoOp Chain Depth 128 Size 0 Mode ref, Ref Stage 80, run, end, 9783589534652265
1787664523.696610, NoOp Chain Depth 128 Size 0 Mode ref, Ref Stage 81, run, start, 9783589534669193
1787664523.696631, NoOp Chain Depth 128 Size 0 Mode ref, Ref Stage 81, run, end, 9783589534690521
1787664523.696646, NoOp Chain Depth 128 Size 0 Mode ref, Ref Stage 82, run, start, 9783589534705241
1787664523.696667, NoOp Chain Depth 128 Size 0 Mode ref, Ref Stage 82, run, end, 9783589534726601
1787664523.696682, NoOp Chain Depth 128 Size 0 Mode ref, Ref Stage 83, run, start, 9783589534741241
1787664523.696703, NoOp Chain Depth 128 Size 0 Mode ref, Ref Stage 83, run, end, 9783589534762281
1787664523.696718, NoOp Chain Depth 128 Size 0 Mode ref, Ref Stage 84, run, start, 9783589534776697
1787664523.696738, NoOp Chain Depth 128 Size 0 Mode ref, Ref Stage 84, run, end, 9783589534797801
1787664523.696753, NoOp Chain Depth 128 Size 0 Mode ref, Ref Stage 85, run, start, 9783589534812201
1787664523.696774, NoOp Chain Depth 128 Size 0 Mode ref, Ref Stage 85, run, end, 9783589534833177
1787664523.696789, NoOp Chain Depth 128 Size 0 Mode ref, Ref Stage 86, run, start, 9783589534847737
1787664523.696809, NoOp Chain Depth 128 Size 0 Mode ref, Ref Stage 86, run, end, 9783589534868489
1787664523.696824, NoOp Chain Depth 128 Size 0 Mode ref, Ref Stage 87, run, start, 9783589534883545
1787664523.696846, NoOp Chain Depth 128 Size 0 Mode ref, Ref Stage 87, run, end, 9783589534905817
1787664523.696858, NoOp Chain Depth 128 Size 0 Mode ref, Ref Stage 88, run, start, 9783589534917337
1787664523.696889, NoOp Chain Depth 128 Size 0 Mode ref, Ref Stage 88, run, end, 9783589534948409
1787664523.696904, NoOp Chain Depth 128 Size 0 Mode ref, Ref Stage 89, run, start, 9783589534963353
1787664523.696925, NoOp Chain Depth 128 Size 0 Mode ref, Ref Stage 89, run, end, 9783589534984297
1787664523.696941, NoOp Chain Depth 128 Size 0 Mode ref, Ref Stage 90, run, start, 9783589534999817
1787664523.696965, NoOp Chain Depth 128 Size 0 Mode ref, Ref Stage 90, run, end, 9783589535023961
1787664523.696980, NoOp Chain Depth 128 Size 0 Mode ref, Ref Stage 91, run, start, 9783589535038777
1787664523.697001, NoOp Chain Depth 128 Size 0 Mode ref, Ref Stage 91, run, end, 9783589535059801
1787664523.697015, NoOp Chain Depth 128 Size 0 Mode ref, Ref Stage 92, run, start, 9783589535074505
1787664523.697036, NoOp Chain Depth 128 Size 0 Mode ref, Ref Stage 92, run, end, 9783589535095465
1787664523.697051, NoOp Chain Depth 128 Size 0 Mode ref, Ref Stage 93, run, start, 9783589535110233
1787664523.697073, NoOp Chain Depth 128 Size 0 Mode ref, Ref Stage 93, run, end, 9783589535132313
1787664523.697341, NoOp Chain Depth 128 Size 0 Mode ref, Ref Stage 94, run, start, 9783589535401209
1787664523.697469, NoOp Chain Depth 128 Size 0 Mode ref, Ref Stage 94, run, end, 9783589535528105
1787664523.697484, NoOp Chain Depth 128 Size 0 Mode ref, Ref Stage 95, run, start, 9783589535544041
1787664523.697506, NoOp Chain Depth 128 Size 0 Mode ref, Ref Stage 95, run, end, 9783589535565513
1787664523.697521, NoOp Chain Depth 128 Size 0 Mode ref, Ref Stage 96, run, start, 9783589535580409
1787664523.697542, NoOp Chain Depth 128 Size 0 Mode ref, Ref Stage 96, run, end, 9783589535601273
1787664523.697557, NoOp Chain Depth 128 Size 0 Mode ref, Ref Stage 97, run, start, 9783589535616281
1787664523.697578, NoOp Chain Depth 128 Size 0 Mode ref, Ref Stage 97, run, end, 9783589535637049
1787664523.697592, NoOp Chain Depth 128 Size 0 Mode ref, Ref Stage 98, run, start, 9783589535651625
1787664523.697613, NoOp Chain Depth 128 Size 0 Mode ref, Ref Stage 98, run, end, 9783589535672793
1787664523.697628, NoOp Chain Depth 128 Size 0 Mode ref, Ref Stage 99, run, start, 9783589535687721
1787664523.697649, NoOp Chain Depth 128 Size 0 Mode ref, Ref Stage 99, run, end, 9783589535708457
1787664523.697664, NoOp Chain Depth 128 Size 0 Mode ref, Ref Stage 100, run, start, 9783589535722697
1787664523.697684, NoOp Chain Depth 128 Size 0 Mode ref, Ref Stage 100, run, end, 9783589535743353
1787664523.697699, NoOp Chain Depth 128 Size 0 Mode ref, Ref Stage 101, run, start, 9783589535758041
1787664523.697721, NoOp Chain Depth 128 Size 0 Mode ref, Ref Stage 101, run, end, 9783589535780985
1787664523.697736, NoOp Chain Depth 128 Size 0 Mode ref, Ref Stage 102, run, start, 9783589535795305
1787664523.697757, NoOp Chain Depth 128 Size 0 Mode ref, Ref Stage 102, run, end, 9783589535815849
1787664523.697772, NoOp Chain Depth 128 Size 0 Mode ref, Ref Stage 103, run, start, 9783589535830649
1787664523.697793, NoOp Chain Depth 128 Size 0 Mode ref, Ref Stage 103, run, end, 9783589535851561
1787664523.697807, NoOp Chain Depth 128 Size 0 Mode ref, Ref Stage 104, run, start, 9783589535866057
1787664523.697828, NoOp Chain Depth 128 Size 0 Mode ref, Ref Stage 104, run, end, 9783589535886665
1787664523.697842, NoOp Chain Depth 128 Size 0 Mode ref, Ref Stage 105, run, start, 9783589535901449
1787664523.697863, NoOp Chain Depth 128 Size 0 Mode ref, Ref Stage 105, run, end, 9783589535921865
1787664523.697877, NoOp Chain Depth 128 Size 0 Mode ref, Ref Stage 106, run, start, 9783589535936489
1787664523.697898, NoOp Chain Depth 128 Size 0 Mode ref, Ref Stage 106, run, end, 9783589535957369
1787664523.697913, NoOp Chain Depth 128 Size 0 Mode ref, Ref Stage 107, run, start, 9783589535971785
1787664523.697933, NoOp Chain Depth 128 Size 0 Mode ref, Ref Stage 107, run, end, 9783589535992361
1787664523.697950, NoOp Chain Depth 128 Size 0 Mode ref, Ref Stage 108, run, start, 9783589536009833
1787664523.697973, NoOp Chain Depth 128 Size 0 Mode ref, Ref Stage 108, run, end, 9783589536032521
1787664523.697988, NoOp Chain Depth 128 Size 0 Mode ref, Ref Stage 109, run, start, 9783589536047337
1787664523.698010, NoOp Chain Depth 128 Size 0 Mode ref, Ref Stage 109, run, end, 9783589536069641
1787664523.698022, NoOp Chain Depth 128 Size 0 Mode ref, Ref Stage 110, run, start, 9783589536081177
1787664523.698053, NoOp Chain Depth 128 Size 0 Mode ref, Ref Stage 110, run, end, 9783589536112105
1787664523.698067, NoOp Chain Depth 128 Size 0 Mode ref, Ref Stage 111, run, start, 9783589536126697
1787664523.698088, NoOp Chain Depth 128 Size 0 Mode ref, Ref Stage 111, run, end, 9783589536147241
1787664523.698102, NoOp Chain Depth 128 Size 0 Mode ref, Ref Stage 112, run, start, 9783589536161705
1787664523.698125, NoOp Chain Depth 128 Size 0 Mode ref, Ref Stage 112, run, end, 9783589536183769
1787664523.698136, NoOp Chain Depth 128 Size 0 Mode ref, Ref Stage 113, run, start, 9783589536195737
1787664523.698168, NoOp Chain Depth 128 Size 0 Mode ref, Ref Stage 113, run, end, 9783589536227336
1787664523.698184, NoOp Chain Depth 128 Size 0 Mode ref, Ref Stage 114, run, start, 9783589536243576
1787664523.698207, NoOp Chain Depth 128 Size 0 Mode ref, Ref Stage 114, run, end, 9783589536266440
1787664523.698225, NoOp Chain Depth 128 Size 0 Mode ref, Ref Stage 115, run, start, 9783589536284888
1787664523.698257, NoOp Chain Depth 128 Size 0 Mode ref, Ref Stage 115, run, end, 9783589536316264
1787664523.698272, NoOp Chain Depth 128 Size 0 Mode ref, Ref Stage 116, run, start, 9783589536330920
1787664523.698293, NoOp Chain Depth 128 Size 0 Mode ref, Ref Stage 116, run, end, 9783589536351880
1787664523.698307, NoOp Chain Depth 128 Size 0 Mode ref, Ref Stage 117, run, start, 9783589536366568
1787664523.698331, NoOp Chain Depth 128 Size 0 Mode ref, Ref Stage 117, run, end, 9783589536390104
1787664523.698345, NoOp Chain Depth 128 Size 0 Mode ref, Ref Stage 118, run, start, 9783589536404488
1787664523.698367, NoOp Chain Depth 128 Size 0 Mode ref, Ref Stage 118, run, end, 9783589536426392
1787664523.698382, NoOp Chain Depth 128 Size 0 Mode ref, Ref Stage 119, run, start, 9783589536440920
1787664523.698402, NoOp Chain Depth 128 Size 0 Mode ref, Ref Stage 119, run, end, 9783589536461528
1787664523.698416, NoOp Chain Depth 128 Size 0 Mode ref, Ref Stage 120, run, start, 9783589536475704
1787664523.698438, NoOp Chain Depth 128 Size 0 Mode ref, Ref Stage 120, run, end, 9783589536497448
1787664523.698452, NoOp Chain Depth 128 Size 0 Mode ref, Ref Stage 121, run, start, 9783589536511784
1787664523.698473, NoOp Chain Depth 128 Size 0 Mode ref, Ref Stage 121, run, end, 9783589536532392
1787664523.698490, NoOp Chain Depth 128 Size 0 Mode ref, Ref Stage 122, run, start, 9783589536549000
1787664523.698512, NoOp Chain Depth 128 Size 0 Mode ref, Ref Stage 122, run, end, 9783589536570760
1787664523.698526, NoOp Chain Depth 128 Size 0 Mode ref, Ref Stage 123, run, start, 9783589536585752
1787664523.698547, NoOp Chain Depth 128 Size 0 Mode ref, Ref Stage 123, run, end, 9783589536607656
1787664523.698563, NoOp Chain Depth 128 Size 0 Mode ref, Ref Stage 124, run, start, 9783589536622200
1787664523.698894, NoOp Chain Depth 128 Size 0 Mode ref, Ref Stage 124, run, end, 9783589536953576
1787664523.698907, NoOp Chain Depth 128 Size 0 Mode ref, Ref Stage 125, run, start, 9783589536966520
1787664523.699047, NoOp Chain Depth 128 Size 0 Mode ref, Ref Stage 125, run, end, 9783589537106600
1787664523.699059, NoOp Chain Depth 128 Size 0 Mode ref, Ref Stage 126, run, start, 9783589537118504
1787664523.699091, NoOp Chain Depth 128 Size 0 Mode ref, Ref Stage 126, run, end, 9783589537149992
1787664523.699106, NoOp Chain Depth 128 Size 0 Mode ref, Ref Stage 127, run, start, 9783589537165384
1787664523.699127, NoOp Chain Depth 128 Size 0 Mode ref, Ref Stage 127, run, end, 9783589537186312
1787664523.699142, NoOp Chain Depth 128 Size 0 Mode ref, pipeline - train, run, end, 224224913027541642798069710693462259479, 1787664523.687647, 19, 1, 9783589537201784
1787664523.699179, NoOp Chain Depth 128 Size 0 Mode ref, pipeline - train, run, start, 40716790345120859894222962597361764099, 1787664523.699168, 20, 1, 9783589537238408
1787664523.699202, NoOp Chain Depth 128 Size 0 Mode ref, Ref Stage 0, run, start, 9783589537261736
1787664523.699225, NoOp Chain Depth 128 Size 0 Mode ref, Ref Stage 0, run, end, 9783589537283880
1787664523.699241, NoOp Chain Depth 128 Size 0 Mode ref, Ref Stage 1, run, start, 9783589537300712
1787664523.699263, NoOp Chain Depth 128 Size 0 Mode ref, Ref Stage 1, run, end, 9783589537321816
1787664523.699278, NoOp Chain Depth 128 Size 0 Mode ref, Ref Stage 2, run, start, 9783589537336792
1787664523.699299, NoOp Chain Depth 128 Size 0 Mode ref, Ref Stage 2, run, end, 9783589537358248
1787664523.699314, NoOp Chain Depth 128 Size 0 Mode ref, Ref Stage 3, run, start, 9783589537372968
1787664523.699335, NoOp Chain Depth 128 Size 0 Mode ref, Ref Stage 3, run, end, 9783589537393784
1787664523.699349, NoOp Chain Depth 128 Size 0 Mode ref, Ref Stage 4, run, start, 9783589537408568
1787664523.699372, NoOp Chain Depth 128 Size 0 Mode ref, Ref Stage 4, run, end, 9783589537430664
1787664523.699383, NoOp Chain Depth 128 Size 0 Mode ref, Ref Stage 5, run, start, 9783589537442280
1787664523.699414, NoOp Chain Depth 128 Size 0 Mode ref, Ref Stage 5, run, end, 9783589537473352
1787664523.699430, NoOp Chain Depth 128 Size 0 Mode ref, Ref Stage 6, run, start, 9783589537489432
1787664523.699453, NoOp Chain Depth 128 Size 0 Mode ref, Ref Stage 6, run, end, 9783589537512024
1787664523.699469, NoOp Chain Depth 128 Size 0 Mode ref, Ref Stage 7, run, start, 9783589537528120
1787664523.699491, NoOp Chain Depth 128 Size 0 Mode ref, Ref Stage 7, run, end, 9783589537550312
1787664523.699506, NoOp Chain Depth 128 Size 0 Mode ref, Ref Stage 8, run, start, 9783589537565320
1787664523.699529, NoOp Chain Depth 128 Size 0 Mode ref, Ref Stage 8, run, end, 9783589537588472
1787664523.699939, NoOp Chain Depth 128 Size 0 Mode ref, Ref Stage 9, run, start, 9783589537999175
1787664523.699968, NoOp Chain Depth 128 Size 0 Mode ref, Ref Stage 9, run, end, 9783589538027095
1787664523.700083, NoOp Chain Depth 128 Size 0 Mode ref, Ref Stage 10, run, start, 9783589538142999
1787664523.700106, NoOp Chain Depth 128 Size 0 Mode ref, Ref Stage 10, run, end, 9783589538165479
1787664523.700121, NoOp Chain Depth 128 Size 0 Mode ref, Ref Stage 11, run, start, 9783589538180439
1787664523.700144, NoOp Chain Depth 128 Size 0 Mode ref, Ref Stage 11, run, end, 9783589538203255
1787664523.700156, NoOp Chain Depth 128 Size 0 Mode ref, Ref Stage 12, run, start, 9783589538214967
1787664523.700187, NoOp Chain Depth 128 Size 0 Mode ref, Ref Stage 12, run, end, 9783589538246407
1787664523.700204, NoOp Chain Depth 128 Size 0 Mode ref, Ref Stage 13, run, start, 9783589538263303
1787664523.700226, NoOp Chain Depth 128 Size 0 Mode ref, Ref Stage 13, run, end, 9783589538284599
1787664523.700240, NoOp Chain Depth 128 Size 0 Mode ref, Ref Stage 14, run, start, 9783589538299319
1787664523.700261, NoOp Chain Depth 128 Size 0 Mode ref, Ref Stage 14, run, end, 9783589538320471
1787664523.700276, NoOp Chain Depth 128 Size 0 Mode ref, Ref Stage 15, run, start, 9783589538335287
1787664523.700299, NoOp Chain Depth 128 Size 0 Mode ref, Ref Stage 15, run, end, 9783589538358279
1787664523.700314, NoOp Chain Depth 128 Size 0 Mode ref, Ref Stage 16, run, start, 9783589538373191
1787664523.700336, NoOp Chain Depth 128 Size 0 Mode ref, Ref Stage 16, run, end, 9783589538395127
1787664523.700351, NoOp Chain Depth 128 Size 0 Mode ref, Ref Stage 17, run, start, 9783589538410775
1787664523.700372, NoOp Chain Depth 128 Size 0 Mode ref, Ref Stage 17, run, end, 9783589538431767
1787664523.700387, NoOp Chain Depth 128 Size 0 Mode ref, Ref Stage 18, run, start, 9783589538446391
1787664523.700408, NoOp Chain Depth 128 Size 0 Mode ref, Ref Stage 18, run, end, 9783589538468567
1787664523.700424, NoOp Chain Depth 128 Size 0 Mode ref, Ref Stage 19, run, start, 9783589538483223
1787664523.700445, NoOp Chain Depth 128 Size 0 Mode ref, Ref Stage 19, run, end, 9783589538504087
1787664523.700459, NoOp Chain Depth 128 Size 0 Mode ref, Ref Stage 20, run, start, 9783589538518919
1787664523.700480, NoOp Chain Depth 128 Size 0 Mode ref, Ref Stage 20, run, end, 9783589538539687
1787664523.700495, NoOp Chain Depth 128 Size 0 Mode ref, Ref Stage 21, run, start, 9783589538554231
1787664523.700819, NoOp Chain Depth 128 Size 0 Mode ref, Ref Stage 21, run, end, 9783589538879319
1787664523.700940, NoOp Chain Depth 128 Size 0 Mode ref, Ref Stage 22, run, start, 9783589538999959
1787664523.700966, NoOp Chain Depth 128 Size 0 Mode ref, Ref Stage 22, run, end, 9783589539025543
1787664523.700981, NoOp Chain Depth 128 Size 0 Mode ref, Ref Stage 23, run, start, 9783589539040599
1787664523.701003, NoOp Chain Depth 128 Size 0 Mode ref, Ref Stage 23, run, end, 9783589539061879
1787664523.701017, NoOp Chain Depth 128 Size 0 Mode ref, Ref Stage 24, run, start, 9783589539076791
1787664523.701038, NoOp Chain Depth 128 Size 0 Mode ref, Ref Stage 24, run, end, 9783589539097607
1787664523.701053, NoOp Chain Depth 128 Size 0 Mode ref, Ref Stage 25, run, start, 9783589539112391
1787664523.701076, NoOp Chain Depth 128 Size 0 Mode ref, Ref Stage 25, run, end, 9783589539134791
1787664523.701087, NoOp Chain Depth 128 Size 0 Mode ref, Ref Stage 26, run, start, 9783589539146407
1787664523.701120, NoOp Chain Depth 128 Size 0 Mode ref, Ref Stage 26, run, end, 9783589539179063
1787664523.701132, NoOp Chain Depth 128 Size 0 Mode ref, Ref Stage 27, run, start, 9783589539191015
1787664523.701163, NoOp Chain Depth 128 Size 0 Mode ref, Ref Stage 27, run, end, 9783589539222086
1787664523.701178, NoOp Chain Depth 128 Size 0 Mode ref, Ref Stage 28, run, start, 9783589539236838
1787664523.701199, NoOp Chain Depth 128 Size 0 Mode ref, Ref Stage 28, run, end, 9783589539257830
1787664523.701213, NoOp Chain Depth 128 Size 0 Mode ref, Ref Stage 29, run, start, 9783589539272534
1787664523.701234, NoOp Chain Depth 128 Size 0 Mode ref, Ref Stage 29, run, end, 9783589539293654
1787664523.701249, NoOp Chain Depth 128 Size 0 Mode ref, Ref Stage 30, run, start, 9783589539308726
1787664523.701270, NoOp Chain Depth 128 Size 0 Mode ref, Ref Stage 30, run, end, 9783589539329606
1787664523.701285, NoOp Chain Depth 128 Size 0 Mode ref, Ref Stage 31, run, start, 9783589539344422
1787664523.701307, NoOp Chain Depth 128 Size 0 Mode ref, Ref Stage 31, run, end, 9783589539366598
1787664523.701323, NoOp Chain Depth 128 Size 0 Mode ref, Ref Stage 32, run, start, 9783589539382342
1787664523.701346, NoOp Chain Depth 128 Size 0 Mode ref, Ref Stage 32, run, end, 9783589539405766
1787664523.701361, NoOp Chain Depth 128 Size 0 Mode ref, Ref Stage 33, run, start, 9783589539420454
1787664523.701385, NoOp Chain Depth 128 Size 0 Mode ref, Ref Stage 33, run, end, 9783589539444646
1787664523.701397, NoOp Chain Depth 128 Size 0 Mode ref, Ref Stage 34, run, start, 9783589539456374
1787664523.701429, NoOp Chain Depth 128 Size 0 Mode ref, Ref Stage 34, run, end, 9783589539487990
1787664523.701444, NoOp Chain Depth 128 Size 0 Mode ref, Ref Stage 35, run, start, 9783589539502774
1787664523.701464, NoOp Chain Depth 128 Size 0 Mode ref, Ref Stage 35, run, end, 9783589539523574
1787664523.701479, NoOp Chain Depth 128 Size 0 Mode ref, Ref Stage 36, run, start, 9783589539538390
1787664523.701500, NoOp Chain Depth 128 Size 0 Mode ref, Ref Stage 36, run, end, 9783589539558950
1787664523.701515, NoOp Chain Depth 128 Size 0 Mode ref, Ref Stage 37, run, start, 9783589539574246
1787664523.701539, NoOp Chain Depth 128 Size 0 Mode ref, Ref Stage 37, run, end, 9783589539597942
1787664523.701552, NoOp Chain Depth 128 Size 0 Mode ref, Ref Stage 38, run, start, 9783589539611238
1787664523.701583, NoOp Chain Depth 128 Size 0 Mode ref, Ref Stage 38, run, end, 9783589539642166
1787664523.701597, NoOp Chain Depth 128 Size 0 Mode ref, Ref Stage 39, run, start, 9783589539656854
1787664523.701618, NoOp Chain Depth 128 Size 0 Mode ref, Ref Stage 39, run, end, 9783589539677686
1787664523.701635, NoOp Chain Depth 128 Size 0 Mode ref, Ref Stage 40, run, start, 9783589539693702
1787664523.701655, NoOp Chain Depth 128 Size 0 Mode ref, Ref Stage 40, run, end, 9783589539714454
1787664523.701670, NoOp Chain Depth 128 Size 0 Mode ref, Ref Stage 41, run, start, 9783589539729222
1787664523.701692, NoOp Chain Depth 128 Size 0 Mode ref, Ref Stage 41, run, end, 9783589539751334
1787664523.701706, NoOp Chain Depth 128 Size 0 Mode ref, Ref Stage 42, run, start, 9783589539765830
1787664523.701727, NoOp Chain Depth 128 Size 0 Mode ref, Ref Stage 42, run, end, 9783589539786646
1787664523.701744, NoOp Chain Depth 128 Size 0 Mode ref, Ref Stage 43, run, start, 9783589539803254
1787664523.701765, NoOp Chain Depth 128 Size 0 Mode ref, Ref Stage 43, run, end, 9783589539823878
1787664523.701779, NoOp Chain Depth 128 Size 0 Mode ref, Ref Stage 44, run, start, 9783589539838502
1787664523.701800, NoOp Chain Depth 128 Size 0 Mode ref, Ref Stage 44, run, end, 9783589539858838
1787664523.701814, NoOp Chain Depth 128 Size 0 Mode ref, Ref Stage 45, run, start, 9783589539873286
1787664523.701836, NoOp Chain Depth 128 Size 0 Mode ref, Ref Stage 45, run, end, 9783589539895094
1787664523.701850, NoOp Chain Depth 128 Size 0 Mode ref, Ref Stage 46, run, start, 9783589539909750
1787664523.701875, NoOp Chain Depth 128 Size 0 Mode ref, Ref Stage 46, run, end, 9783589539934038
1787664523.701890, NoOp Chain Depth 128 Size 0 Mode ref, Ref Stage 47, run, start, 9783589539948822
1787664523.701910, NoOp Chain Depth 128 Size 0 Mode ref, Ref Stage 47, run, end, 9783589539969430
1787664523.701925, NoOp Chain Depth 128 Size 0 Mode ref, Ref Stage 48, run, start, 9783589539984054
1787664523.701948, NoOp Chain Depth 128 Size 0 Mode ref, Ref Stage 48, run, end, 9783589540007318
1787664523.701963, NoOp Chain Depth 128 Size 0 Mode ref, Ref Stage 49, run, start, 9783589540022774
1787664523.701984, NoOp Chain Depth 128 Size 0 Mode ref, Ref Stage 49, run, end, 9783589540043494
1787664523.701999, NoOp Chain Depth 128 Size 0 Mode ref, Ref Stage 50, run, start, 9783589540058278
1787664523.702020, NoOp Chain Depth 128 Size 0 Mode ref, Ref Stage 50, run, end, 9783589540078998
1787664523.702038, NoOp Chain Depth 128 Size 0 Mode ref, Ref Stage 51, run, start, 9783589540097142
1787664523.702059, NoOp Chain Depth 128 Size 0 Mode ref, Ref Stage 51, run, end, 9783589540117910
1787664523.702075, NoOp Chain Depth 128 Size 0 Mode ref, Ref Stage 52, run, start, 9783589540133926
1787664523.702491, NoOp Chain Depth 128 Size 0 Mode ref, Ref Stage 52, run, end, 9783589540551110
1787664523.702612, NoOp Chain Depth 128 Size 0 Mode ref, Ref Stage 53, run, start, 9783589540671750
1787664523.702637, NoOp Chain Depth 128 Size 0 Mode ref, Ref Stage 53, run, end, 9783589540696390
1787664523.702649, NoOp Chain Depth 128 Size 0 Mode ref, Ref Stage 54, run, start, 9783589540708278
1787664523.702683, NoOp Chain Depth 128 Size 0 Mode ref, Ref Stage 54, run, end, 9783589540742453
1787664523.702698, NoOp Chain Depth 128 Size 0 Mode ref, Ref Stage 55, run, start, 9783589540757045
1787664523.702719, NoOp Chain Depth 128 Size 0 Mode ref, Ref Stage 55, run, end, 9783589540778357
1787664523.702734, NoOp Chain Depth 128 Size 0 Mode ref, Ref Stage 56, run, start, 9783589540793029
1787664523.702755, NoOp Chain Depth 128 Size 0 Mode ref, Ref Stage 56, run, end, 9783589540813941
1787664523.702770, NoOp Chain Depth 128 Size 0 Mode ref, Ref Stage 57, run, start, 9783589540828677
1787664523.702791, NoOp Chain Depth 128 Size 0 Mode ref, Ref Stage 57, run, end, 9783589540849749
1787664523.702805, NoOp Chain Depth 128 Size 0 Mode ref, Ref Stage 58, run, start, 9783589540864469
1787664523.702828, NoOp Chain Depth 128 Size 0 Mode ref, Ref Stage 58, run, end, 9783589540887445
1787664523.702843, NoOp Chain Depth 128 Size 0 Mode ref, Ref Stage 59, run, start, 9783589540902357
1787664523.702864, NoOp Chain Depth 128 Size 0 Mode ref, Ref Stage 59, run, end, 9783589540922981
1787664523.702878, NoOp Chain Depth 128 Size 0 Mode ref, Ref Stage 60, run, start, 9783589540937861
1787664523.702899, NoOp Chain Depth 128 Size 0 Mode ref, Ref Stage 60, run, end, 9783589540958741
1787664523.702914, NoOp Chain Depth 128 Size 0 Mode ref, Ref Stage 61, run, start, 9783589540973493
1787664523.702935, NoOp Chain Depth 128 Size 0 Mode ref, Ref Stage 61, run, end, 9783589540994229
1787664523.702951, NoOp Chain Depth 128 Size 0 Mode ref, Ref Stage 62, run, start, 9783589541010645
1787664523.702973, NoOp Chain Depth 128 Size 0 Mode ref, Ref Stage 62, run, end, 9783589541032277
1787664523.702988, NoOp Chain Depth 128 Size 0 Mode ref, Ref Stage 63, run, start, 9783589541047125
1787664523.703010, NoOp Chain Depth 128 Size 0 Mode ref, Ref Stage 63, run, end, 9783589541068933
1787664523.703024, NoOp Chain Depth 128 Size 0 Mode ref, Ref Stage 64, run, start, 9783589541083397
1787664523.703048, NoOp Chain Depth 128 Size 0 Mode ref, Ref Stage 64, run, end, 9783589541107109
1787664523.703063, NoOp Chain Depth 128 Size 0 Mode ref, Ref Stage 65, run, start, 9783589541121957
1787664523.703083, NoOp Chain Depth 128 Size 0 Mode ref, Ref Stage 65, run, end, 9783589541142549
1787664523.703098, NoOp Chain Depth 128 Size 0 Mode ref, Ref Stage 66, run, start, 9783589541157237
1787664523.703119, NoOp Chain Depth 128 Size 0 Mode ref, Ref Stage 66, run, end, 9783589541178117
1787664523.703133, NoOp Chain Depth 128 Size 0 Mode ref, Ref Stage 67, run, start, 9783589541192645
1787664523.703155, NoOp Chain Depth 128 Size 0 Mode ref, Ref Stage 67, run, end, 9783589541214501
1787664523.703171, NoOp Chain Depth 128 Size 0 Mode ref, Ref Stage 68, run, start, 9783589541230773
1787664523.703192, NoOp Chain Depth 128 Size 0 Mode ref, Ref Stage 68, run, end, 9783589541251445
1787664523.703207, NoOp Chain Depth 128 Size 0 Mode ref, Ref Stage 69, run, start, 9783589541266085
1787664523.703230, NoOp Chain Depth 128 Size 0 Mode ref, Ref Stage 69, run, end, 9783589541289733
1787664523.703242, NoOp Chain Depth 128 Size 0 Mode ref, Ref Stage 70, run, start, 9783589541301189
1787664523.703273, NoOp Chain Depth 128 Size 0 Mode ref, Ref Stage 70, run, end, 9783589541332229
1787664523.703288, NoOp Chain Depth 128 Size 0 Mode ref, Ref Stage 71, run, start, 9783589541347829
1787664523.703410, NoOp Chain Depth 128 Size 0 Mode ref, Ref Stage 71, run, end, 9783589541469669
1787664523.703428, NoOp Chain Depth 128 Size 0 Mode ref, Ref Stage 72, run, start, 9783589541487189
1787664523.703450, NoOp Chain Depth 128 Size 0 Mode ref, Ref Stage 72, run, end, 9783589541509333
1787664523.703466, NoOp Chain Depth 128 Size 0 Mode ref, Ref Stage 73, run, start, 9783589541525845
1787664523.703490, NoOp Chain Depth 128 Size 0 Mode ref, Ref Stage 73, run, end, 9783589541548997
1787664523.703816, NoOp Chain Depth 128 Size 0 Mode ref, Ref Stage 74, run, start, 9783589541875829
1787664523.703948, NoOp Chain Depth 128 Size 0 Mode ref, Ref Stage 74, run, end, 9783589542007253
1787664523.703967, NoOp Chain Depth 128 Size 0 Mode ref, Ref Stage 75, run, start, 9783589542026293
1787664523.703989, NoOp Chain Depth 128 Size 0 Mode ref, Ref Stage 75, run, end, 9783589542048293
1787664523.704004, NoOp Chain Depth 128 Size 0 Mode ref, Ref Stage 76, run, start, 9783589542063349
1787664523.704025, NoOp Chain Depth 128 Size 0 Mode ref, Ref Stage 76, run, end, 9783589542084357
1787664523.704039, NoOp Chain Depth 128 Size 0 Mode ref, Ref Stage 77, run, start, 9783589542098581
1787664523.704062, NoOp Chain Depth 128 Size 0 Mode ref, Ref Stage 77, run, end, 9783589542120933
1787664523.704074, NoOp Chain Depth 128 Size 0 Mode ref, Ref Stage 78, run, start, 9783589542133061
1787664523.704105, NoOp Chain Depth 128 Size 0 Mode ref, Ref Stage 78, run, end, 9783589542164549
1787664523.704120, NoOp Chain Depth 128 Size 0 Mode ref, Ref Stage 79, run, start, 9783589542179221
1787664523.704142, NoOp Chain Depth 128 Size 0 Mode ref, Ref Stage 79, run, end, 9783589542201637
1787664523.704157, NoOp Chain Depth 128 Size 0 Mode ref, Ref Stage 80, run, start, 9783589542216373
1787664523.704178, NoOp Chain Depth 128 Size 0 Mode ref, Ref Stage 80, run, end, 9783589542237365
1787664523.704192, NoOp Chain Depth 128 Size 0 Mode ref, Ref Stage 81, run, start, 9783589542251701
1787664523.704213, NoOp Chain Depth 128 Size 0 Mode ref, Ref Stage 81, run, end, 9783589542272469
1787664523.704228, NoOp Chain Depth 128 Size 0 Mode ref, Ref Stage 82, run, start, 9783589542287253
1787664523.704250, NoOp Chain Depth 128 Size 0 Mode ref, Ref Stage 82, run, end, 9783589542308980
1787664523.704264, NoOp Chain Depth 128 Size 0 Mode ref, Ref Stage 83, run, start, 9783589542323428
1787664523.704285, NoOp Chain Depth 128 Size 0 Mode ref, Ref Stage 83, run, end, 9783589542344244
1787664523.704301, NoOp Chain Depth 128 Size 0 Mode ref, Ref Stage 84, run, start, 9783589542360452
1787664523.704324, NoOp Chain Depth 128 Size 0 Mode ref, Ref Stage 84, run, end, 9783589542383556
1787664523.704339, NoOp Chain Depth 128 Size 0 Mode ref, Ref Stage 85, run, start, 9783589542398052
1787664523.704360, NoOp Chain Depth 128 Size 0 Mode ref, Ref Stage 85, run, end, 9783589542419076
1787664523.704374, NoOp Chain Depth 128 Size 0 Mode ref, Ref Stage 86, run, start, 9783589542433716
1787664523.704396, NoOp Chain Depth 128 Size 0 Mode ref, Ref Stage 86, run, end, 9783589542454644
1787664523.704410, NoOp Chain Depth 128 Size 0 Mode ref, Ref Stage 87, run, start, 9783589542469092
1787664523.704430, NoOp Chain Depth 128 Size 0 Mode ref, Ref Stage 87, run, end, 9783589542489572
1787664523.704445, NoOp Chain Depth 128 Size 0 Mode ref, Ref Stage 88, run, start, 9783589542504068
1787664523.704466, NoOp Chain Depth 128 Size 0 Mode ref, Ref Stage 88, run, end, 9783589542524740
1787664523.704480, NoOp Chain Depth 128 Size 0 Mode ref, Ref Stage 89, run, start, 9783589542539140
1787664523.704501, NoOp Chain Depth 128 Size 0 Mode ref, Ref Stage 89, run, end, 9783589542559860
1787664523.704516, NoOp Chain Depth 128 Size 0 Mode ref, Ref Stage 90, run, start, 9783589542575492
1787664523.704538, NoOp Chain Depth 128 Size 0 Mode ref, Ref Stage 90, run, end, 9783589542597412
1787664523.704553, NoOp Chain Depth 128 Size 0 Mode ref, Ref Stage 91, run, start, 9783589542612628
1787664523.704574, NoOp Chain Depth 128 Size 0 Mode ref, Ref Stage 91, run, end, 9783589542633300
1787664523.704589, NoOp Chain Depth 128 Size 0 Mode ref, Ref Stage 92, run, start, 9783589542647860
1787664523.705002, NoOp Chain Depth 128 Size 0 Mode ref, Ref Stage 92, run, end, 9783589543062356
1787664523.705123, NoOp Chain Depth 128 Size 0 Mode ref, Ref Stage 93, run, start, 9783589543183012
1787664523.705148, NoOp Chain Depth 128 Size 0 Mode ref, Ref Stage 93, run, end, 9783589543206660
1787664523.705163, NoOp Chain Depth 128 Size 0 Mode ref, Ref Stage 94, run, start, 9783589543221572
1787664523.705183, NoOp Chain Depth 128 Size 0 Mode ref, Ref Stage 94, run, end, 9783589543242404
1787664523.705198, NoOp Chain Depth 128 Size 0 Mode ref, Ref Stage 95, run, start, 9783589543257140
1787664523.705221, NoOp Chain Depth 128 Size 0 Mode ref, Ref Stage 95, run, end, 9783589543280004
1787664523.705235, NoOp Chain Depth 128 Size 0 Mode ref, Ref Stage 96, run, start, 9783589543294468
1787664523.705256, NoOp Chain Depth 128 Size 0 Mode ref, Ref Stage 96, run, end, 9783589543314996
1787664523.705270, NoOp Chain Depth 128 Size 0 Mode ref, Ref Stage 97, run, start, 9783589543329636
1787664523.705293, NoOp Chain Depth 128 Size 0 Mode ref, Ref Stage 97, run, end, 9783589543352244
1787664523.705305, NoOp Chain Depth 128 Size 0 Mode ref, Ref Stage 98, run, start, 9783589543364564
1787664523.705337, NoOp Chain Depth 128 Size 0 Mode ref, Ref Stage 98, run, end, 9783589543396244
1787664523.705352, NoOp Chain Depth 128 Size 0 Mode ref, Ref Stage 99, run, start, 9783589543410996
1787664523.705374, NoOp Chain Depth 128 Size 0 Mode ref, Ref Stage 99, run, end, 9783589543433220
1787664523.705389, NoOp Chain Depth 128 Size 0 Mode ref, Ref Stage 100, run, start, 9783589543447780
1787664523.705413, NoOp Chain Depth 128 Size 0 Mode ref, Ref Stage 100, run, end, 9783589543472692
1787664523.705430, NoOp Chain Depth 128 Size 0 Mode ref, Ref Stage 101, run, start, 9783589543488708
1787664523.705450, NoOp Chain Depth 128 Size 0 Mode ref, Ref Stage 101, run, end, 9783589543509348
1787664523.705465, NoOp Chain Depth 128 Size 0 Mode ref, Ref Stage 102, run, start, 9783589543523940
1787664523.705485, NoOp Chain Depth 128 Size 0 Mode ref, Ref Stage 102, run, end, 9783589543544484
1787664523.705500, NoOp Chain Depth 128 Size 0 Mode ref, Ref Stage 103, run, start, 9783589543559796
1787664523.705521, NoOp Chain Depth 128 Size 0 Mode ref, Ref Stage 103, run, end, 9783589543580324
1787664523.705535, NoOp Chain Depth 128 Size 0 Mode ref, Ref Stage 104, run, start, 9783589543594628
1787664523.705556, NoOp Chain Depth 128 Size 0 Mode ref, Ref Stage 104, run, end, 9783589543615060
1787664523.705570, NoOp Chain Depth 128 Size 0 Mode ref, Ref Stage 105, run, start, 9783589543629572
1787664523.705592, NoOp Chain Depth 128 Size 0 Mode ref, Ref Stage 105, run, end, 9783589543651252
1787664523.705606, NoOp Chain Depth 128 Size 0 Mode ref, Ref Stage 106, run, start, 9783589543665780
1787664523.705627, NoOp Chain Depth 128 Size 0 Mode ref, Ref Stage 106, run, end, 9783589543686532
1787664523.705642, NoOp Chain Depth 128 Size 0 Mode ref, Ref Stage 107, run, start, 9783589543701172
1787664523.705663, NoOp Chain Depth 128 Size 0 Mode ref, Ref Stage 107, run, end, 9783589543721860
1787664523.705678, NoOp Chain Depth 128 Size 0 Mode ref, Ref Stage 108, run, start, 9783589543737268
1787664523.705699, NoOp Chain Depth 128 Size 0 Mode ref, Ref Stage 108, run, end, 9783589543757956
1787664523.705714, NoOp Chain Depth 128 Size 0 Mode ref, Ref Stage 109, run, start, 9783589543772788
1787664523.705740, NoOp Chain Depth 128 Size 0 Mode ref, Ref Stage 109, run, end, 9783589543799172
1787664523.705751, NoOp Chain Depth 128 Size 0 Mode ref, Ref Stage 110, run, start, 9783589543810628
1787664523.706171, NoOp Chain Depth 128 Size 0 Mode ref, Ref Stage 110, run, end, 9783589544231027
1787664523.706187, NoOp Chain Depth 128 Size 0 Mode ref, Ref Stage 111, run, start, 9783589544246211
1787664523.706208, NoOp Chain Depth 128 Size 0 Mode ref, Ref Stage 111, run, end, 9783589544266995
1787664523.706223, NoOp Chain Depth 128 Size 0 Mode ref, Ref Stage 112, run, start, 9783589544281891
1787664523.706245, NoOp Chain Depth 128 Size 0 Mode ref, Ref Stage 112, run, end, 9783589544304451
1787664523.706257, NoOp Chain Depth 128 Size 0 Mode ref, Ref Stage 113, run, start, 9783589544315971
1787664523.706288, NoOp Chain Depth 128 Size 0 Mode ref, Ref Stage 113, run, end, 9783589544346771
1787664523.706303, NoOp Chain Depth 128 Size 0 Mode ref, Ref Stage 114, run, start, 9783589544362195
1787664523.706324, NoOp Chain Depth 128 Size 0 Mode ref, Ref Stage 114, run, end, 9783589544383475
1787664523.706339, NoOp Chain Depth 128 Size 0 Mode ref, Ref Stage 115, run, start, 9783589544398435
1787664523.706362, NoOp Chain Depth 128 Size 0 Mode ref, Ref Stage 115, run, end, 9783589544420963
1787664523.706375, NoOp Chain Depth 128 Size 0 Mode ref, Ref Stage 116, run, start, 9783589544434675
1787664523.706408, NoOp Chain Depth 128 Size 0 Mode ref, Ref Stage 116, run, end, 9783589544467587
1787664523.706424, NoOp Chain Depth 128 Size 0 Mode ref, Ref Stage 117, run, start, 9783589544483347
1787664523.706445, NoOp Chain Depth 128 Size 0 Mode ref, Ref Stage 117, run, end, 9783589544504291
1787664523.706460, NoOp Chain Depth 128 Size 0 Mode ref, Ref Stage 118, run, start, 9783589544519043
1787664523.706481, NoOp Chain Depth 128 Size 0 Mode ref, Ref Stage 118, run, end, 9783589544540083
1787664523.706496, NoOp Chain Depth 128 Size 0 Mode ref, Ref Stage 119, run, start, 9783589544554787
1787664523.706517, NoOp Chain Depth 128 Size 0 Mode ref, Ref Stage 119, run, end, 9783589544576547
1787664523.706532, NoOp Chain Depth 128 Size 0 Mode ref, Ref Stage 120, run, start, 9783589544591251
1787664523.706553, NoOp Chain Depth 128 Size 0 Mode ref, Ref Stage 120, run, end, 9783589544611875
1787664523.706567, NoOp Chain Depth 128 Size 0 Mode ref, Ref Stage 121, run, start, 9783589544626211
1787664523.706589, NoOp Chain Depth 128 Size 0 Mode ref, Ref Stage 121, run, end, 9783589544647667
1787664523.706604, NoOp Chain Depth 128 Size 0 Mode ref, Ref Stage 122, run, start, 9783589544663315
1787664523.706626, NoOp Chain Depth 128 Size 0 Mode ref, Ref Stage 122, run, end, 9783589544684915
1787664523.706641, NoOp Chain Depth 128 Size 0 Mode ref, Ref Stage 123, run, start, 9783589544700387
1787664523.706952, NoOp Chain Depth 128 Size 0 Mode ref, Ref Stage 123, run, end, 9783589545012483
1787664523.706971, NoOp Chain Depth 128 Size 0 Mode ref, Ref Stage 124, run, start, 9783589545030739
1787664523.706995, NoOp Chain Depth 128 Size 0 Mode ref, Ref Stage 124, run, end, 9783589545054323
1787664523.707007, NoOp Chain Depth 128 Size 0 Mode ref, Ref Stage 125, run, start, 9783589545066019
1787664523.707041, NoOp Chain Depth 128 Size 0 Mode ref, Ref Stage 125, run, end, 9783589545100131
1787664523.707052, NoOp Chain Depth 128 Size 0 Mode ref, Ref Stage 126, run, start, 9783589545111619
1787664523.707085, NoOp Chain Depth 128 Size 0 Mode ref, Ref Stage 126, run, end, 9783589545144227
1787664523.707100, NoOp Chain Depth 128 Size 0 Mode ref, Ref Stage 127, run, start, 9783589545159331
1787664523.707121, NoOp Chain Depth 128 Size 0 Mode ref, Ref Stage 127, run, end, 9783589545179939
1787664523.707136, NoOp Chain Depth 128 Size 0 Mode ref, pipeline - train, run, end, 40716790345120859894222962597361764099, 1787664523.699168, 20, 1, 9783589545195027
1787664523.707174, NoOp Chain Depth 128 Size 0 Mode ref, pipeline - train, run, start, 92063035767379477634885141190458342133, 1787664523.707163, 21, 1, 9783589545233811
1787664523.707197, NoOp Chain Depth 128 Size 0 Mode ref, Ref Stage 0, run, start, 9783589545256227
1787664523.707218, NoOp Chain Depth 128 Size 0 Mode ref, Ref Stage 0, run, end, 9783589545277267
1787664523.707233, NoOp Chain Depth 128 Size 0 Mode ref, Ref Stage 1, run, start, 9783589545292531
1787664523.707255, NoOp Chain Depth 128 Size 0 Mode ref, Ref Stage 1, run, end, 9783589545314563
1787664523.707271, NoOp Chain Depth 128 Size 0 Mode ref, Ref Stage 2, run, start, 9783589545330002
1787664523.707294, NoOp Chain Depth 128 Size 0 Mode ref, Ref Stage 2, run, end, 9783589545352610
1787664523.707309, NoOp Chain Depth 128 Size 0 Mode ref, Ref Stage 3, run, start, 9783589545368338
1787664523.707330, NoOp Chain Depth 128 Size 0 Mode ref, Ref Stage 3, run, end, 9783589545388914
1787664523.707344, NoOp Chain Depth 128 Size 0 Mode ref, Ref Stage 4, run, start, 9783589545403378
1787664523.707365, NoOp Chain Depth 128 Size 0 Mode ref, Ref Stage 4, run, end, 9783589545424274
1787664523.707380, NoOp Chain Depth 128 Size 0 Mode ref, Ref Stage 5, run, start, 9783589545439074
1787664523.707401, NoOp Chain Depth 128 Size 0 Mode ref, Ref Stage 5, run, end, 9783589545459778
1787664523.707415, NoOp Chain Depth 128 Size 0 Mode ref, Ref Stage 6, run, start, 9783589545474450
1787664523.707436, NoOp Chain Depth 128 Size 0 Mode ref, Ref Stage 6, run, end, 9783589545495362
1787664523.707454, NoOp Chain Depth 128 Size 0 Mode ref, Ref Stage 7, run, start, 9783589545513346
1787664523.707478, NoOp Chain Depth 128 Size 0 Mode ref, Ref Stage 7, run, end, 9783589545536786
1787664523.707622, NoOp Chain Depth 128 Size 0 Mode ref, Ref Stage 8, run, start, 9783589545682370
1787664523.707751, NoOp Chain Depth 128 Size 0 Mode ref, Ref Stage 8, run, end, 9783589545810082
1787664523.707766, NoOp Chain Depth 128 Size 0 Mode ref, Ref Stage 9, run, start, 9783589545825234
1787664523.707789, NoOp Chain Depth 128 Size 0 Mode ref, Ref Stage 9, run, end, 9783589545848562
1787664523.707801, NoOp Chain Depth 128 Size 0 Mode ref, Ref Stage 10, run, start, 9783589545860354
1787664523.707833, NoOp Chain Depth 128 Size 0 Mode ref, Ref Stage 10, run, end, 9783589545891906
1787664523.707847, NoOp Chain Depth 128 Size 0 Mode ref, Ref Stage 11, run, start, 9783589545906722
1787664523.707869, NoOp Chain Depth 128 Size 0 Mode ref, Ref Stage 11, run, end, 9783589545927762
1787664523.707884, NoOp Chain Depth 128 Size 0 Mode ref, Ref Stage 12, run, start, 9783589545942786
1787664523.707905, NoOp Chain Depth 128 Size 0 Mode ref, Ref Stage 12, run, end, 9783589545964098
1787664523.707920, NoOp Chain Depth 128 Size 0 Mode ref, Ref Stage 13, run, start, 9783589545979010
1787664523.707941, NoOp Chain Depth 128 Size 0 Mode ref, Ref Stage 13, run, end, 9783589546003186
1787664523.707960, NoOp Chain Depth 128 Size 0 Mode ref, Ref Stage 14, run, start, 9783589546018898
1787664523.707981, NoOp Chain Depth 128 Size 0 Mode ref, Ref Stage 14, run, end, 9783589546039826
1787664523.707995, NoOp Chain Depth 128 Size 0 Mode ref, Ref Stage 15, run, start, 9783589546054482
1787664523.708016, NoOp Chain Depth 128 Size 0 Mode ref, Ref Stage 15, run, end, 9783589546075266
1787664523.708031, NoOp Chain Depth 128 Size 0 Mode ref, Ref Stage 16, run, start, 9783589546089890
1787664523.708051, NoOp Chain Depth 128 Size 0 Mode ref, Ref Stage 16, run, end, 9783589546110578
1787664523.708068, NoOp Chain Depth 128 Size 0 Mode ref, Ref Stage 17, run, start, 9783589546126754
1787664523.708088, NoOp Chain Depth 128 Size 0 Mode ref, Ref Stage 17, run, end, 9783589546147426
1787664523.708104, NoOp Chain Depth 128 Size 0 Mode ref, Ref Stage 18, run, start, 9783589546163122
1787664523.708127, NoOp Chain Depth 128 Size 0 Mode ref, Ref Stage 18, run, end, 9783589546185634
1787664523.708142, NoOp Chain Depth 128 Size 0 Mode ref, Ref Stage 19, run, start, 9783589546201330
1787664523.708165, NoOp Chain Depth 128 Size 0 Mode ref, Ref Stage 19, run, end, 9783589546224098
1787664523.708179, NoOp Chain Depth 128 Size 0 Mode ref, Ref Stage 20, run, start, 9783589546238834
1787664523.708202, NoOp Chain Depth 128 Size 0 Mode ref, Ref Stage 20, run, end, 9783589546261058
1787664523.711706, NoOp Chain Depth 128 Size 0 Mode ref, Ref Stage 21, run, start, 9783589549766832
1787664523.711734, NoOp Chain Depth 128 Size 0 Mode ref, Ref Stage 21, run, end, 9783589549793024
1787664523.711750, NoOp Chain Depth 128 Size 0 Mode ref, Ref Stage 22, run, start, 9783589549809439
1787664523.711772, NoOp Chain Depth 128 Size 0 Mode ref, Ref Stage 22, run, end, 9783589549831695
1787664523.711788, NoOp Chain Depth 128 Size 0 Mode ref, Ref Stage 23, run, start, 9783589549847119
1787664523.711809, NoOp Chain Depth 128 Size 0 Mode ref, Ref Stage 23, run, end, 9783589549868543
1787664523.711824, NoOp Chain Depth 128 Size 0 Mode ref, Ref Stage 24, run, start, 9783589549883407
1787664523.711845, NoOp Chain Depth 128 Size 0 Mode ref, Ref Stage 24, run, end, 9783589549904111
1787664523.711859, NoOp Chain Depth 128 Size 0 Mode ref, Ref Stage 25, run, start, 9783589549918767
1787664523.711880, NoOp Chain Depth 128 Size 0 Mode ref, Ref Stage 25, run, end, 9783589549939599
1787664523.711895, NoOp Chain Depth 128 Size 0 Mode ref, Ref Stage 26, run, start, 9783589549954543
1787664523.711918, NoOp Chain Depth 128 Size 0 Mode ref, Ref Stage 26, run, end, 9783589549977023
1787664523.711930, NoOp Chain Depth 128 Size 0 Mode ref, Ref Stage 27, run, start, 9783589549988831
1787664523.711963, NoOp Chain Depth 128 Size 0 Mode ref, Ref Stage 27, run, end, 9783589550022543
1787664523.711980, NoOp Chain Depth 128 Size 0 Mode ref, Ref Stage 28, run, start, 9783589550039727
1787664523.712002, NoOp Chain Depth 128 Size 0 Mode ref, Ref Stage 28, run, end, 9783589550060719
1787664523.712016, NoOp Chain Depth 128 Size 0 Mode ref, Ref Stage 29, run, start, 9783589550075327
1787664523.712037, NoOp Chain Depth 128 Size 0 Mode ref, Ref Stage 29, run, end, 9783589550096207
1787664523.712051, NoOp Chain Depth 128 Size 0 Mode ref, Ref Stage 30, run, start, 9783589550110703
1787664523.712072, NoOp Chain Depth 128 Size 0 Mode ref, Ref Stage 30, run, end, 9783589550131711
1787664523.712088, NoOp Chain Depth 128 Size 0 Mode ref, Ref Stage 31, run, start, 9783589550146751
1787664523.712109, NoOp Chain Depth 128 Size 0 Mode ref, Ref Stage 31, run, end, 9783589550167663
1787664523.712123, NoOp Chain Depth 128 Size 0 Mode ref, Ref Stage 32, run, start, 9783589550182303
1787664523.712144, NoOp Chain Depth 128 Size 0 Mode ref, Ref Stage 32, run, end, 9783589550203567
1787664523.712160, NoOp Chain Depth 128 Size 0 Mode ref, Ref Stage 33, run, start, 9783589550219087
1787664523.712183, NoOp Chain Depth 128 Size 0 Mode ref, Ref Stage 33, run, end, 9783589550241919
1787664523.712194, NoOp Chain Depth 128 Size 0 Mode ref, Ref Stage 34, run, start, 9783589550253535
1787664523.712225, NoOp Chain Depth 128 Size 0 Mode ref, Ref Stage 34, run, end, 9783589550284703
1787664523.712240, NoOp Chain Depth 128 Size 0 Mode ref, Ref Stage 35, run, start, 9783589550299615
1787664523.712261, NoOp Chain Depth 128 Size 0 Mode ref, Ref Stage 35, run, end, 9783589550320687
1787664523.712276, NoOp Chain Depth 128 Size 0 Mode ref, Ref Stage 36, run, start, 9783589550335759
1787664523.712297, NoOp Chain Depth 128 Size 0 Mode ref, Ref Stage 36, run, end, 9783589550356447
1787664523.712312, NoOp Chain Depth 128 Size 0 Mode ref, Ref Stage 37, run, start, 9783589550371599
1787664523.712335, NoOp Chain Depth 128 Size 0 Mode ref, Ref Stage 37, run, end, 9783589550393807
1787664523.712346, NoOp Chain Depth 128 Size 0 Mode ref, Ref Stage 38, run, start, 9783589550405231
1787664523.712378, NoOp Chain Depth 128 Size 0 Mode ref, Ref Stage 38, run, end, 9783589550437455
1787664523.712390, NoOp Chain Depth 128 Size 0 Mode ref, Ref Stage 39, run, start, 9783589550449023
1787664523.712421, NoOp Chain Depth 128 Size 0 Mode ref, Ref Stage 39, run, end, 9783589550479727
1787664523.712435, NoOp Chain Depth 128 Size 0 Mode ref, Ref Stage 40, run, start, 9783589550494319
1787664523.712456, NoOp Chain Depth 128 Size 0 Mode ref, Ref Stage 40, run, end, 9783589550515567
1787664523.712471, NoOp Chain Depth 128 Size 0 Mode ref, Ref Stage 41, run, start, 9783589550530127
1787664523.712492, NoOp Chain Depth 128 Size 0 Mode ref, Ref Stage 41, run, end, 9783589550551359
1787664523.712507, NoOp Chain Depth 128 Size 0 Mode ref, Ref Stage 42, run, start, 9783589550566223
1787664523.712528, NoOp Chain Depth 128 Size 0 Mode ref, Ref Stage 42, run, end, 9783589550587279
1787664523.712543, NoOp Chain Depth 128 Size 0 Mode ref, Ref Stage 43, run, start, 9783589550602207
1787664523.712564, NoOp Chain Depth 128 Size 0 Mode ref, Ref Stage 43, run, end, 9783589550623359
1787664523.712579, NoOp Chain Depth 128 Size 0 Mode ref, Ref Stage 44, run, start, 9783589550637711
1787664523.712600, NoOp Chain Depth 128 Size 0 Mode ref, Ref Stage 44, run, end, 9783589550658751
1787664523.712614, NoOp Chain Depth 128 Size 0 Mode ref, Ref Stage 45, run, start, 9783589550673359
1787664523.712635, NoOp Chain Depth 128 Size 0 Mode ref, Ref Stage 45, run, end, 9783589550694511
1787664523.712650, NoOp Chain Depth 128 Size 0 Mode ref, Ref Stage 46, run, start, 9783589550709103
1787664523.712671, NoOp Chain Depth 128 Size 0 Mode ref, Ref Stage 46, run, end, 9783589550730079
1787664523.712686, NoOp Chain Depth 128 Size 0 Mode ref, Ref Stage 47, run, start, 9783589550744895
1787664523.712707, NoOp Chain Depth 128 Size 0 Mode ref, Ref Stage 47, run, end, 9783589550765871
1787664523.712721, NoOp Chain Depth 128 Size 0 Mode ref, Ref Stage 48, run, start, 9783589550780367
1787664523.712744, NoOp Chain Depth 128 Size 0 Mode ref, Ref Stage 48, run, end, 9783589550803727
1787664523.712759, NoOp Chain Depth 128 Size 0 Mode ref, Ref Stage 49, run, start, 9783589550818399
1787664523.712780, NoOp Chain Depth 128 Size 0 Mode ref, Ref Stage 49, run, end, 9783589550839279
1787664523.712795, NoOp Chain Depth 128 Size 0 Mode ref, Ref Stage 50, run, start, 9783589550853855
1787664523.712815, NoOp Chain Depth 128 Size 0 Mode ref, Ref Stage 50, run, end, 9783589550874623
1787664523.712831, NoOp Chain Depth 128 Size 0 Mode ref, Ref Stage 51, run, start, 9783589550890879
1787664523.712854, NoOp Chain Depth 128 Size 0 Mode ref, Ref Stage 51, run, end, 9783589550913359
1787664523.712866, NoOp Chain Depth 128 Size 0 Mode ref, Ref Stage 52, run, start, 9783589550925007
1787664523.712899, NoOp Chain Depth 128 Size 0 Mode ref, Ref Stage 52, run, end, 9783589550958143
1787664523.712911, NoOp Chain Depth 128 Size 0 Mode ref, Ref Stage 53, run, start, 9783589550969839
1787664523.712942, NoOp Chain Depth 128 Size 0 Mode ref, Ref Stage 53, run, end, 9783589551005311
1787664523.712961, NoOp Chain Depth 128 Size 0 Mode ref, Ref Stage 54, run, start, 9783589551020575
1787664523.712984, NoOp Chain Depth 128 Size 0 Mode ref, Ref Stage 54, run, end, 9783589551043263
1787664523.712996, NoOp Chain Depth 128 Size 0 Mode ref, Ref Stage 55, run, start, 9783589551054815
1787664523.713027, NoOp Chain Depth 128 Size 0 Mode ref, Ref Stage 55, run, end, 9783589551085695
1787664523.713041, NoOp Chain Depth 128 Size 0 Mode ref, Ref Stage 56, run, start, 9783589551100463
1787664523.713062, NoOp Chain Depth 128 Size 0 Mode ref, Ref Stage 56, run, end, 9783589551121231
1787664523.713077, NoOp Chain Depth 128 Size 0 Mode ref, Ref Stage 57, run, start, 9783589551135903
1787664523.713098, NoOp Chain Depth 128 Size 0 Mode ref, Ref Stage 57, run, end, 9783589551156607
1787664523.713112, NoOp Chain Depth 128 Size 0 Mode ref, Ref Stage 58, run, start, 9783589551171023
1787664523.713133, NoOp Chain Depth 128 Size 0 Mode ref, Ref Stage 58, run, end, 9783589551191631
1787664523.713147, NoOp Chain Depth 128 Size 0 Mode ref, Ref Stage 59, run, start, 9783589551206239
1787664523.713168, NoOp Chain Depth 128 Size 0 Mode ref, Ref Stage 59, run, end, 9783589551226991
1787664523.713182, NoOp Chain Depth 128 Size 0 Mode ref, Ref Stage 60, run, start, 9783589551241583
1787664523.713203, NoOp Chain Depth 128 Size 0 Mode ref, Ref Stage 60, run, end, 9783589551262655
1787664523.713218, NoOp Chain Depth 128 Size 0 Mode ref, Ref Stage 61, run, start, 9783589551277535
1787664523.713240, NoOp Chain Depth 128 Size 0 Mode ref, Ref Stage 61, run, end, 9783589551298815
1787664523.713254, NoOp Chain Depth 128 Size 0 Mode ref, Ref Stage 62, run, start, 9783589551313711
1787664523.713276, NoOp Chain Depth 128 Size 0 Mode ref, Ref Stage 62, run, end, 9783589551334879
1787664523.713290, NoOp Chain Depth 128 Size 0 Mode ref, Ref Stage 63, run, start, 9783589551349455
1787664523.713313, NoOp Chain Depth 128 Size 0 Mode ref, Ref Stage 63, run, end, 9783589551372526
1787664523.713328, NoOp Chain Depth 128 Size 0 Mode ref, Ref Stage 64, run, start, 9783589551387374
1787664523.713349, NoOp Chain Depth 128 Size 0 Mode ref, Ref Stage 64, run, end, 9783589551408030
1787664523.713363, NoOp Chain Depth 128 Size 0 Mode ref, Ref Stage 65, run, start, 9783589551422846
1787664523.713384, NoOp Chain Depth 128 Size 0 Mode ref, Ref Stage 65, run, end, 9783589551443438
1787664523.713398, NoOp Chain Depth 128 Size 0 Mode ref, Ref Stage 66, run, start, 9783589551457870
1787664523.713421, NoOp Chain Depth 128 Size 0 Mode ref, Ref Stage 66, run, end, 9783589551479854
1787664523.713435, NoOp Chain Depth 128 Size 0 Mode ref, Ref Stage 67, run, start, 9783589551494446
1787664523.713456, NoOp Chain Depth 128 Size 0 Mode ref, Ref Stage 67, run, end, 9783589551515278
1787664523.713471, NoOp Chain Depth 128 Size 0 Mode ref, Ref Stage 68, run, start, 9783589551530654
1787664523.713495, NoOp Chain Depth 128 Size 0 Mode ref, Ref Stage 68, run, end, 9783589551554062
1787664523.713510, NoOp Chain Depth 128 Size 0 Mode ref, Ref Stage 69, run, start, 9783589551569054
1787664523.713532, NoOp Chain Depth 128 Size 0 Mode ref, Ref Stage 69, run, end, 9783589551591550
1787664523.713547, NoOp Chain Depth 128 Size 0 Mode ref, Ref Stage 70, run, start, 9783589551606398
1787664523.713568, NoOp Chain Depth 128 Size 0 Mode ref, Ref Stage 70, run, end, 9783589551627374
1787664523.713585, NoOp Chain Depth 128 Size 0 Mode ref, Ref Stage 71, run, start, 9783589551643790
1787664523.713607, NoOp Chain Depth 128 Size 0 Mode ref, Ref Stage 71, run, end, 9783589551666542
1787664523.713801, NoOp Chain Depth 128 Size 0 Mode ref, Ref Stage 72, run, start, 9783589551861102
1787664523.713932, NoOp Chain Depth 128 Size 0 Mode ref, Ref Stage 72, run, end, 9783589551991310
1787664523.713946, NoOp Chain Depth 128 Size 0 Mode ref, Ref Stage 73, run, start, 9783589552005678
1787664523.713980, NoOp Chain Depth 128 Size 0 Mode ref, Ref Stage 73, run, end, 9783589552038942
1787664523.713995, NoOp Chain Depth 128 Size 0 Mode ref, Ref Stage 74, run, start, 9783589552054478
1787664523.714017, NoOp Chain Depth 128 Size 0 Mode ref, Ref Stage 74, run, end, 9783589552076446
1787664523.714032, NoOp Chain Depth 128 Size 0 Mode ref, Ref Stage 75, run, start, 9783589552091374
1787664523.714054, NoOp Chain Depth 128 Size 0 Mode ref, Ref Stage 75, run, end, 9783589552112894
1787664523.714070, NoOp Chain Depth 128 Size 0 Mode ref, Ref Stage 76, run, start, 9783589552128766
1787664523.714091, NoOp Chain Depth 128 Size 0 Mode ref, Ref Stage 76, run, end, 9783589552149966
1787664523.714106, NoOp Chain Depth 128 Size 0 Mode ref, Ref Stage 77, run, start, 9783589552165214
1787664523.714131, NoOp Chain Depth 128 Size 0 Mode ref, Ref Stage 77, run, end, 9783589552189886
1787664523.714143, NoOp Chain Depth 128 Size 0 Mode ref, Ref Stage 78, run, start, 9783589552201710
1787664523.714174, NoOp Chain Depth 128 Size 0 Mode ref, Ref Stage 78, run, end, 9783589552232974
1787664523.714193, NoOp Chain Depth 128 Size 0 Mode ref, Ref Stage 79, run, start, 9783589552252414
1787664523.714216, NoOp Chain Depth 128 Size 0 Mode ref, Ref Stage 79, run, end, 9783589552275582
1787664523.714231, NoOp Chain Depth 128 Size 0 Mode ref, Ref Stage 80, run, start, 9783589552290638
1787664523.714252, NoOp Chain Depth 128 Size 0 Mode ref, Ref Stage 80, run, end, 9783589552311198
1787664523.714266, NoOp Chain Depth 128 Size 0 Mode ref, Ref Stage 81, run, start, 9783589552325662
1787664523.714287, NoOp Chain Depth 128 Size 0 Mode ref, Ref Stage 81, run, end, 9783589552346414
1787664523.714302, NoOp Chain Depth 128 Size 0 Mode ref, Ref Stage 82, run, start, 9783589552361102
1787664523.714323, NoOp Chain Depth 128 Size 0 Mode ref, Ref Stage 82, run, end, 9783589552382014
1787664523.714338, NoOp Chain Depth 128 Size 0 Mode ref, Ref Stage 83, run, start, 9783589552396718
1787664523.714359, NoOp Chain Depth 128 Size 0 Mode ref, Ref Stage 83, run, end, 9783589552418510
1787664523.714374, NoOp Chain Depth 128 Size 0 Mode ref, Ref Stage 84, run, start, 9783589552433326
1787664523.714501, NoOp Chain Depth 128 Size 0 Mode ref, Ref Stage 84, run, end, 9783589552560878
1787664523.714515, NoOp Chain Depth 128 Size 0 Mode ref, Ref Stage 85, run, start, 9783589552574126
1787664523.714549, NoOp Chain Depth 128 Size 0 Mode ref, Ref Stage 85, run, end, 9783589552608574
1787664523.714564, NoOp Chain Depth 128 Size 0 Mode ref, Ref Stage 86, run, start, 9783589552623614
1787664523.714587, NoOp Chain Depth 128 Size 0 Mode ref, Ref Stage 86, run, end, 9783589552646046
1787664523.714602, NoOp Chain Depth 128 Size 0 Mode ref, Ref Stage 87, run, start, 9783589552660750
1787664523.714622, NoOp Chain Depth 128 Size 0 Mode ref, Ref Stage 87, run, end, 9783589552681214
1787664523.714637, NoOp Chain Depth 128 Size 0 Mode ref, Ref Stage 88, run, start, 9783589552696142
1787664523.714658, NoOp Chain Depth 128 Size 0 Mode ref, Ref Stage 88, run, end, 9783589552716974
1787664523.714672, NoOp Chain Depth 128 Size 0 Mode ref, Ref Stage 89, run, start, 9783589552731678
1787664523.714693, NoOp Chain Depth 128 Size 0 Mode ref, Ref Stage 89, run, end, 9783589552752494
1787664523.714711, NoOp Chain Depth 128 Size 0 Mode ref, Ref Stage 90, run, start, 9783589552770334
1787664523.714732, NoOp Chain Depth 128 Size 0 Mode ref, Ref Stage 90, run, end, 9783589552791342
1787664523.714748, NoOp Chain Depth 128 Size 0 Mode ref, Ref Stage 91, run, start, 9783589552806894
1787664523.715168, NoOp Chain Depth 128 Size 0 Mode ref, Ref Stage 91, run, end, 9783589553228093
1787664523.715293, NoOp Chain Depth 128 Size 0 Mode ref, Ref Stage 92, run, start, 9783589553352797
1787664523.715317, NoOp Chain Depth 128 Size 0 Mode ref, Ref Stage 92, run, end, 9783589553376237
1787664523.715332, NoOp Chain Depth 128 Size 0 Mode ref, Ref Stage 93, run, start, 9783589553391533
1787664523.715353, NoOp Chain Depth 128 Size 0 Mode ref, Ref Stage 93, run, end, 9783589553412845
1787664523.715368, NoOp Chain Depth 128 Size 0 Mode ref, Ref Stage 94, run, start, 9783589553427789
1787664523.715390, NoOp Chain Depth 128 Size 0 Mode ref, Ref Stage 94, run, end, 9783589553448765
1787664523.715405, NoOp Chain Depth 128 Size 0 Mode ref, Ref Stage 95, run, start, 9783589553463821
1787664523.715426, NoOp Chain Depth 128 Size 0 Mode ref, Ref Stage 95, run, end, 9783589553484861
1787664523.715440, NoOp Chain Depth 128 Size 0 Mode ref, Ref Stage 96, run, start, 9783589553499421
1787664523.715461, NoOp Chain Depth 128 Size 0 Mode ref, Ref Stage 96, run, end, 9783589553520189
1787664523.715476, NoOp Chain Depth 128 Size 0 Mode ref, Ref Stage 97, run, start, 9783589553534861
1787664523.715498, NoOp Chain Depth 128 Size 0 Mode ref, Ref Stage 97, run, end, 9783589553557325
1787664523.715510, NoOp Chain Depth 128 Size 0 Mode ref, Ref Stage 98, run, start, 9783589553569165
1787664523.715946, NoOp Chain Depth 128 Size 0 Mode ref, Ref Stage 98, run, end, 9783589554006221
1787664523.715963, NoOp Chain Depth 128 Size 0 Mode ref, Ref Stage 99, run, start, 9783589554022941
1787664523.715985, NoOp Chain Depth 128 Size 0 Mode ref, Ref Stage 99, run, end, 9783589554044717
1787664523.716000, NoOp Chain Depth 128 Size 0 Mode ref, Ref Stage 100, run, start, 9783589554059533
1787664523.716021, NoOp Chain Depth 128 Size 0 Mode ref, Ref Stage 100, run, end, 9783589554080413
1787664523.716036, NoOp Chain Depth 128 Size 0 Mode ref, Ref Stage 101, run, start, 9783589554094893
1787664523.716057, NoOp Chain Depth 128 Size 0 Mode ref, Ref Stage 101, run, end, 9783589554116141
1787664523.716071, NoOp Chain Depth 128 Size 0 Mode ref, Ref Stage 102, run, start, 9783589554130781
1787664523.716092, NoOp Chain Depth 128 Size 0 Mode ref, Ref Stage 102, run, end, 9783589554151613
1787664523.716107, NoOp Chain Depth 128 Size 0 Mode ref, Ref Stage 103, run, start, 9783589554166349
1787664523.716130, NoOp Chain Depth 128 Size 0 Mode ref, Ref Stage 103, run, end, 9783589554189645
1787664523.716146, NoOp Chain Depth 128 Size 0 Mode ref, Ref Stage 104, run, start, 9783589554205789
1787664523.716168, NoOp Chain Depth 128 Size 0 Mode ref, Ref Stage 104, run, end, 9783589554227117
1787664523.716184, NoOp Chain Depth 128 Size 0 Mode ref, Ref Stage 105, run, start, 9783589554242877
1787664523.716206, NoOp Chain Depth 128 Size 0 Mode ref, Ref Stage 105, run, end, 9783589554264797
1787664523.716220, NoOp Chain Depth 128 Size 0 Mode ref, Ref Stage 106, run, start, 9783589554279581
1787664523.716241, NoOp Chain Depth 128 Size 0 Mode ref, Ref Stage 106, run, end, 9783589554300253
1787664523.716256, NoOp Chain Depth 128 Size 0 Mode ref, Ref Stage 107, run, start, 9783589554315021
1787664523.716277, NoOp Chain Depth 128 Size 0 Mode ref, Ref Stage 107, run, end, 9783589554335901
1787664523.716292, NoOp Chain Depth 128 Size 0 Mode ref, Ref Stage 108, run, start, 9783589554350669
1787664523.716312, NoOp Chain Depth 128 Size 0 Mode ref, Ref Stage 108, run, end, 9783589554371421
1787664523.716327, NoOp Chain Depth 128 Size 0 Mode ref, Ref Stage 109, run, start, 9783589554386300
1787664523.716349, NoOp Chain Depth 128 Size 0 Mode ref, Ref Stage 109, run, end, 9783589554408716
1787664523.716364, NoOp Chain Depth 128 Size 0 Mode ref, Ref Stage 110, run, start, 9783589554423516
1787664523.716388, NoOp Chain Depth 128 Size 0 Mode ref, Ref Stage 110, run, end, 9783589554447484
1787664523.716403, NoOp Chain Depth 128 Size 0 Mode ref, Ref Stage 111, run, start, 9783589554461804
1787664523.716423, NoOp Chain Depth 128 Size 0 Mode ref, Ref Stage 111, run, end, 9783589554482284
1787664523.716438, NoOp Chain Depth 128 Size 0 Mode ref, Ref Stage 112, run, start, 9783589554497212
1787664523.716460, NoOp Chain Depth 128 Size 0 Mode ref, Ref Stage 112, run, end, 9783589554519356
1787664523.716472, NoOp Chain Depth 128 Size 0 Mode ref, Ref Stage 113, run, start, 9783589554531116
1787664523.716502, NoOp Chain Depth 128 Size 0 Mode ref, Ref Stage 113, run, end, 9783589554562044
1787664523.716518, NoOp Chain Depth 128 Size 0 Mode ref, Ref Stage 114, run, start, 9783589554577244
1787664523.716539, NoOp Chain Depth 128 Size 0 Mode ref, Ref Stage 114, run, end, 9783589554597724
1787664523.716553, NoOp Chain Depth 128 Size 0 Mode ref, Ref Stage 115, run, start, 9783589554612060
1787664523.716965, NoOp Chain Depth 128 Size 0 Mode ref, Ref Stage 115, run, end, 9783589555025628
1787664523.717088, NoOp Chain Depth 128 Size 0 Mode ref, Ref Stage 116, run, start, 9783589555148348
1787664523.717113, NoOp Chain Depth 128 Size 0 Mode ref, Ref Stage 116, run, end, 9783589555171868
1787664523.717127, NoOp Chain Depth 128 Size 0 Mode ref, Ref Stage 117, run, start, 9783589555186780
1787664523.717150, NoOp Chain Depth 128 Size 0 Mode ref, Ref Stage 117, run, end, 9783589555209852
1787664523.717163, NoOp Chain Depth 128 Size 0 Mode ref, Ref Stage 118, run, start, 9783589555221884
1787664523.717194, NoOp Chain Depth 128 Size 0 Mode ref, Ref Stage 118, run, end, 9783589555253612
1787664523.717210, NoOp Chain Depth 128 Size 0 Mode ref, Ref Stage 119, run, start, 9783589555268796
1787664523.717231, NoOp Chain Depth 128 Size 0 Mode ref, Ref Stage 119, run, end, 9783589555289708
1787664523.717245, NoOp Chain Depth 128 Size 0 Mode ref, Ref Stage 120, run, start, 9783589555304396
1787664523.717266, NoOp Chain Depth 128 Size 0 Mode ref, Ref Stage 120, run, end, 9783589555325436
1787664523.717282, NoOp Chain Depth 128 Size 0 Mode ref, Ref Stage 121, run, start, 9783589555340684
1787664523.717304, NoOp Chain Depth 128 Size 0 Mode ref, Ref Stage 121, run, end, 9783589555363532
1787664523.717319, NoOp Chain Depth 128 Size 0 Mode ref, Ref Stage 122, run, start, 9783589555378236
1787664523.717341, NoOp Chain Depth 128 Size 0 Mode ref, Ref Stage 122, run, end, 9783589555400348
1787664523.717352, NoOp Chain Depth 128 Size 0 Mode ref, Ref Stage 123, run, start, 9783589555411836
1787664523.717383, NoOp Chain Depth 128 Size 0 Mode ref, Ref Stage 123, run, end, 9783589555442748
1787664523.717398, NoOp Chain Depth 128 Size 0 Mode ref, Ref Stage 124, run, start, 9783589555457580
1787664523.717421, NoOp Chain Depth 128 Size 0 Mode ref, Ref Stage 124, run, end, 9783589555479724
1787664523.717435, NoOp Chain Depth 128 Size 0 Mode ref, Ref Stage 125, run, start, 9783589555494252
1787664523.717459, NoOp Chain Depth 128 Size 0 Mode ref, Ref Stage 125, run, end, 9783589555518204
1787664523.717471, NoOp Chain Depth 128 Size 0 Mode ref, Ref Stage 126, run, start, 9783589555529964
1787664523.717503, NoOp Chain Depth 128 Size 0 Mode ref, Ref Stage 126, run, end, 9783589555561916
1787664523.717518, NoOp Chain Depth 128 Size 0 Mode ref, Ref Stage 127, run, start, 9783589555577084
1787664523.717539, NoOp Chain Depth 128 Size 0 Mode ref, Ref Stage 127, run, end, 9783589555597756
1787664523.717554, NoOp Chain Depth 128 Size 0 Mode ref, pipeline - train, run, end, 92063035767379477634885141190458342133, 1787664523.707163, 21, 1, 9783589555613020
1787664523.717591, NoOp Chain Depth 128 Size 0 Mode ref, pipeline - train, run, start, 153513498313202813155871643979772996851, 1787664523.717580, 22, 1, 9783589555650748
1787664523.717614, NoOp Chain Depth 128 Size 0 Mode ref, Ref Stage 0, run, start, 9783589555673548
1787664523.717635, NoOp Chain Depth 128 Size 0 Mode ref, Ref Stage 0, run, end, 9783589555694588
1787664523.717650, NoOp Chain Depth 128 Size 0 Mode ref, Ref Stage 1, run, start, 9783589555709436
1787664523.717673, NoOp Chain Depth 128 Size 0 Mode ref, Ref Stage 1, run, end, 9783589555732364
1787664523.717690, NoOp Chain Depth 128 Size 0 Mode ref, Ref Stage 2, run, start, 9783589555749260
1787664523.717711, NoOp Chain Depth 128 Size 0 Mode ref, Ref Stage 2, run, end, 9783589555770140
1787664523.717726, NoOp Chain Depth 128 Size 0 Mode ref, Ref Stage 3, run, start, 9783589555784780
1787664523.717747, NoOp Chain Depth 128 Size 0 Mode ref, Ref Stage 3, run, end, 9783589555806700
1787664523.717762, NoOp Chain Depth 128 Size 0 Mode ref, Ref Stage 4, run, start, 9783589555821692
1787664523.717785, NoOp Chain Depth 128 Size 0 Mode ref, Ref Stage 4, run, end, 9783589555843852
1787664523.717800, NoOp Chain Depth 128 Size 0 Mode ref, Ref Stage 5, run, start, 9783589555859276
1787664523.717822, NoOp Chain Depth 128 Size 0 Mode ref, Ref Stage 5, run, end, 9783589555880988
1787664523.717836, NoOp Chain Depth 128 Size 0 Mode ref, Ref Stage 6, run, start, 9783589555895483
1787664523.717859, NoOp Chain Depth 128 Size 0 Mode ref, Ref Stage 6, run, end, 9783589555917707
1787664523.717870, NoOp Chain Depth 128 Size 0 Mode ref, Ref Stage 7, run, start, 9783589555929083
1787664523.717902, NoOp Chain Depth 128 Size 0 Mode ref, Ref Stage 7, run, end, 9783589555961115
1787664523.717916, NoOp Chain Depth 128 Size 0 Mode ref, Ref Stage 8, run, start, 9783589555975787
1787664523.717938, NoOp Chain Depth 128 Size 0 Mode ref, Ref Stage 8, run, end, 9783589555997179
1787664523.718359, NoOp Chain Depth 128 Size 0 Mode ref, Ref Stage 9, run, start, 9783589556419419
1787664523.718386, NoOp Chain Depth 128 Size 0 Mode ref, Ref Stage 9, run, end, 9783589556445051
1787664523.718401, NoOp Chain Depth 128 Size 0 Mode ref, Ref Stage 10, run, start, 9783589556460363
1787664523.718423, NoOp Chain Depth 128 Size 0 Mode ref, Ref Stage 10, run, end, 9783589556481931
1787664523.718438, NoOp Chain Depth 128 Size 0 Mode ref, Ref Stage 11, run, start, 9783589556496827
1787664523.718460, NoOp Chain Depth 128 Size 0 Mode ref, Ref Stage 11, run, end, 9783589556519755
1787664523.718472, NoOp Chain Depth 128 Size 0 Mode ref, Ref Stage 12, run, start, 9783589556531451
1787664523.718504, NoOp Chain Depth 128 Size 0 Mode ref, Ref Stage 12, run, end, 9783589556562987
1787664523.718518, NoOp Chain Depth 128 Size 0 Mode ref, Ref Stage 13, run, start, 9783589556577627
1787664523.718539, NoOp Chain Depth 128 Size 0 Mode ref, Ref Stage 13, run, end, 9783589556598699
1787664523.718554, NoOp Chain Depth 128 Size 0 Mode ref, Ref Stage 14, run, start, 9783589556613419
1787664523.718575, NoOp Chain Depth 128 Size 0 Mode ref, Ref Stage 14, run, end, 9783589556634459
1787664523.718590, NoOp Chain Depth 128 Size 0 Mode ref, Ref Stage 15, run, start, 9783589556649339
1787664523.718611, NoOp Chain Depth 128 Size 0 Mode ref, Ref Stage 15, run, end, 9783589556670299
1787664523.718626, NoOp Chain Depth 128 Size 0 Mode ref, Ref Stage 16, run, start, 9783589556684891
1787664523.718646, NoOp Chain Depth 128 Size 0 Mode ref, Ref Stage 16, run, end, 9783589556705531
1787664523.718661, NoOp Chain Depth 128 Size 0 Mode ref, Ref Stage 17, run, start, 9783589556720075
1787664523.718687, NoOp Chain Depth 128 Size 0 Mode ref, Ref Stage 17, run, end, 9783589556745563
1787664523.718702, NoOp Chain Depth 128 Size 0 Mode ref, Ref Stage 18, run, start, 9783589556760939
1787664523.718726, NoOp Chain Depth 128 Size 0 Mode ref, Ref Stage 18, run, end, 9783589556785051
1787664523.718741, NoOp Chain Depth 128 Size 0 Mode ref, Ref Stage 19, run, start, 9783589556799931
1787664523.718763, NoOp Chain Depth 128 Size 0 Mode ref, Ref Stage 19, run, end, 9783589556822347
1787664523.718775, NoOp Chain Depth 128 Size 0 Mode ref, Ref Stage 20, run, start, 9783589556833787
1787664523.718805, NoOp Chain Depth 128 Size 0 Mode ref, Ref Stage 20, run, end, 9783589556864779
1787664523.718822, NoOp Chain Depth 128 Size 0 Mode ref, Ref Stage 21, run, start, 9783589556880827
1787664523.718844, NoOp Chain Depth 128 Size 0 Mode ref, Ref Stage 21, run, end, 9783589556903019
1787664523.718860, NoOp Chain Depth 128 Size 0 Mode ref, Ref Stage 22, run, start, 9783589556919675
1787664523.718881, NoOp Chain Depth 128 Size 0 Mode ref, Ref Stage 22, run, end, 9783589556940427
1787664523.718898, NoOp Chain Depth 128 Size 0 Mode ref, Ref Stage 23, run, start, 9783589556957227
1787664523.718919, NoOp Chain Depth 128 Size 0 Mode ref, Ref Stage 23, run, end, 9783589556978203
1787664523.718934, NoOp Chain Depth 128 Size 0 Mode ref, Ref Stage 24, run, start, 9783589556992875
1787664523.718957, NoOp Chain Depth 128 Size 0 Mode ref, Ref Stage 24, run, end, 9783589557016091
1787664523.718972, NoOp Chain Depth 128 Size 0 Mode ref, Ref Stage 25, run, start, 9783589557031339
1787664523.718993, NoOp Chain Depth 128 Size 0 Mode ref, Ref Stage 25, run, end, 9783589557051867
1787664523.719007, NoOp Chain Depth 128 Size 0 Mode ref, Ref Stage 26, run, start, 9783589557066315
1787664523.719028, NoOp Chain Depth 128 Size 0 Mode ref, Ref Stage 26, run, end, 9783589557087051
1787664523.719043, NoOp Chain Depth 128 Size 0 Mode ref, Ref Stage 27, run, start, 9783589557101739
1787664523.719063, NoOp Chain Depth 128 Size 0 Mode ref, Ref Stage 27, run, end, 9783589557122459
1787664523.719078, NoOp Chain Depth 128 Size 0 Mode ref, Ref Stage 28, run, start, 9783589557136923
1787664523.719100, NoOp Chain Depth 128 Size 0 Mode ref, Ref Stage 28, run, end, 9783589557158811
1787664523.719114, NoOp Chain Depth 128 Size 0 Mode ref, Ref Stage 29, run, start, 9783589557173307
1787664523.719135, NoOp Chain Depth 128 Size 0 Mode ref, Ref Stage 29, run, end, 9783589557194267
1787664523.719150, NoOp Chain Depth 128 Size 0 Mode ref, Ref Stage 30, run, start, 9783589557208907
1787664523.719170, NoOp Chain Depth 128 Size 0 Mode ref, Ref Stage 30, run, end, 9783589557229451
1787664523.719185, NoOp Chain Depth 128 Size 0 Mode ref, Ref Stage 31, run, start, 9783589557244187
1787664523.719206, NoOp Chain Depth 128 Size 0 Mode ref, Ref Stage 31, run, end, 9783589557265035
1787664523.719220, NoOp Chain Depth 128 Size 0 Mode ref, Ref Stage 32, run, start, 9783589557279499
1787664523.719242, NoOp Chain Depth 128 Size 0 Mode ref, Ref Stage 32, run, end, 9783589557301627
1787664523.719260, NoOp Chain Depth 128 Size 0 Mode ref, Ref Stage 33, run, start, 9783589557318491
1787664523.719283, NoOp Chain Depth 128 Size 0 Mode ref, Ref Stage 33, run, end, 9783589557341835
1787664523.719294, NoOp Chain Depth 128 Size 0 Mode ref, Ref Stage 34, run, start, 9783589557353531
1787664523.719325, NoOp Chain Depth 128 Size 0 Mode ref, Ref Stage 34, run, end, 9783589557384187
1787664523.719340, NoOp Chain Depth 128 Size 0 Mode ref, Ref Stage 35, run, start, 9783589557398683
1787664523.719362, NoOp Chain Depth 128 Size 0 Mode ref, Ref Stage 35, run, end, 9783589557420763
1787664523.719376, NoOp Chain Depth 128 Size 0 Mode ref, Ref Stage 36, run, start, 9783589557435595
1787664523.719397, NoOp Chain Depth 128 Size 0 Mode ref, Ref Stage 36, run, end, 9783589557456282
1787664523.719413, NoOp Chain Depth 128 Size 0 Mode ref, Ref Stage 37, run, start, 9783589557471594
1787664523.719433, NoOp Chain Depth 128 Size 0 Mode ref, Ref Stage 37, run, end, 9783589557492426
1787664523.719448, NoOp Chain Depth 128 Size 0 Mode ref, Ref Stage 38, run, start, 9783589557506842
1787664523.719471, NoOp Chain Depth 128 Size 0 Mode ref, Ref Stage 38, run, end, 9783589557531594
1787664523.719484, NoOp Chain Depth 128 Size 0 Mode ref, Ref Stage 39, run, start, 9783589557543482
1787664523.719517, NoOp Chain Depth 128 Size 0 Mode ref, Ref Stage 39, run, end, 9783589557576810
1787664523.719529, NoOp Chain Depth 128 Size 0 Mode ref, Ref Stage 40, run, start, 9783589557588346
1787664523.719562, NoOp Chain Depth 128 Size 0 Mode ref, Ref Stage 40, run, end, 9783589557620922
1787664523.719576, NoOp Chain Depth 128 Size 0 Mode ref, Ref Stage 41, run, start, 9783589557635466
1787664523.719597, NoOp Chain Depth 128 Size 0 Mode ref, Ref Stage 41, run, end, 9783589557656314
1787664523.719612, NoOp Chain Depth 128 Size 0 Mode ref, Ref Stage 42, run, start, 9783589557670874
1787664523.719632, NoOp Chain Depth 128 Size 0 Mode ref, Ref Stage 42, run, end, 9783589557691450
1787664523.719648, NoOp Chain Depth 128 Size 0 Mode ref, Ref Stage 43, run, start, 9783589557707562
1787664523.719669, NoOp Chain Depth 128 Size 0 Mode ref, Ref Stage 43, run, end, 9783589557728250
1787664523.719684, NoOp Chain Depth 128 Size 0 Mode ref, Ref Stage 44, run, start, 9783589557742826
1787664523.719711, NoOp Chain Depth 128 Size 0 Mode ref, Ref Stage 44, run, end, 9783589557770026
1787664523.719726, NoOp Chain Depth 128 Size 0 Mode ref, Ref Stage 45, run, start, 9783589557785162
1787664523.719748, NoOp Chain Depth 128 Size 0 Mode ref, Ref Stage 45, run, end, 9783589557807258
1787664523.719760, NoOp Chain Depth 128 Size 0 Mode ref, Ref Stage 46, run, start, 9783589557818858
1787664523.719792, NoOp Chain Depth 128 Size 0 Mode ref, Ref Stage 46, run, end, 9783589557851242
1787664523.719807, NoOp Chain Depth 128 Size 0 Mode ref, Ref Stage 47, run, start, 9783589557865882
1787664523.719827, NoOp Chain Depth 128 Size 0 Mode ref, Ref Stage 47, run, end, 9783589557886506
1787664523.719842, NoOp Chain Depth 128 Size 0 Mode ref, Ref Stage 48, run, start, 9783589557901114
1787664523.719864, NoOp Chain Depth 128 Size 0 Mode ref, Ref Stage 48, run, end, 9783589557923402
1787664523.719879, NoOp Chain Depth 128 Size 0 Mode ref, Ref Stage 49, run, start, 9783589557937834
1787664523.719901, NoOp Chain Depth 128 Size 0 Mode ref, Ref Stage 49, run, end, 9783589557959738
1787664523.719915, NoOp Chain Depth 128 Size 0 Mode ref, Ref Stage 50, run, start, 9783589557974138
1787664523.719935, NoOp Chain Depth 128 Size 0 Mode ref, Ref Stage 50, run, end, 9783589557994570
1787664523.719953, NoOp Chain Depth 128 Size 0 Mode ref, Ref Stage 51, run, start, 9783589558012058
1787664523.720045, NoOp Chain Depth 128 Size 0 Mode ref, Ref Stage 51, run, end, 9783589558104218
1787664523.720554, NoOp Chain Depth 128 Size 0 Mode ref, Ref Stage 52, run, start, 9783589558614266
1787664523.720581, NoOp Chain Depth 128 Size 0 Mode ref, Ref Stage 52, run, end, 9783589558640282
1787664523.720597, NoOp Chain Depth 128 Size 0 Mode ref, Ref Stage 53, run, start, 9783589558655994
1787664523.720618, NoOp Chain Depth 128 Size 0 Mode ref, Ref Stage 53, run, end, 9783589558677242
1787664523.720633, NoOp Chain Depth 128 Size 0 Mode ref, Ref Stage 54, run, start, 9783589558692138
1787664523.720655, NoOp Chain Depth 128 Size 0 Mode ref, Ref Stage 54, run, end, 9783589558714554
1787664523.720667, NoOp Chain Depth 128 Size 0 Mode ref, Ref Stage 55, run, start, 9783589558726186
1787664523.720698, NoOp Chain Depth 128 Size 0 Mode ref, Ref Stage 55, run, end, 9783589558757258
1787664523.720713, NoOp Chain Depth 128 Size 0 Mode ref, Ref Stage 56, run, start, 9783589558772394
1787664523.720735, NoOp Chain Depth 128 Size 0 Mode ref, Ref Stage 56, run, end, 9783589558793834
1787664523.720749, NoOp Chain Depth 128 Size 0 Mode ref, Ref Stage 57, run, start, 9783589558808682
1787664523.720771, NoOp Chain Depth 128 Size 0 Mode ref, Ref Stage 57, run, end, 9783589558831834
1787664523.720787, NoOp Chain Depth 128 Size 0 Mode ref, Ref Stage 58, run, start, 9783589558846554
1787664523.720809, NoOp Chain Depth 128 Size 0 Mode ref, Ref Stage 58, run, end, 9783589558867674
1787664523.720823, NoOp Chain Depth 128 Size 0 Mode ref, Ref Stage 59, run, start, 9783589558882490
1787664523.720845, NoOp Chain Depth 128 Size 0 Mode ref, Ref Stage 59, run, end, 9783589558904474
1787664523.720860, NoOp Chain Depth 128 Size 0 Mode ref, Ref Stage 60, run, start, 9783589558919082
1787664523.720881, NoOp Chain Depth 128 Size 0 Mode ref, Ref Stage 60, run, end, 9783589558939978
1787664523.720897, NoOp Chain Depth 128 Size 0 Mode ref, Ref Stage 61, run, start, 9783589558956042
1787664523.720918, NoOp Chain Depth 128 Size 0 Mode ref, Ref Stage 61, run, end, 9783589558977226
1787664523.720933, NoOp Chain Depth 128 Size 0 Mode ref, Ref Stage 62, run, start, 9783589558991978
1787664523.720957, NoOp Chain Depth 128 Size 0 Mode ref, Ref Stage 62, run, end, 9783589559016569
1787664523.720973, NoOp Chain Depth 128 Size 0 Mode ref, Ref Stage 63, run, start, 9783589559032361
1787664523.720996, NoOp Chain Depth 128 Size 0 Mode ref, Ref Stage 63, run, end, 9783589559055289
1787664523.721011, NoOp Chain Depth 128 Size 0 Mode ref, Ref Stage 64, run, start, 9783589559069977
1787664523.721032, NoOp Chain Depth 128 Size 0 Mode ref, Ref Stage 64, run, end, 9783589559090761
1787664523.721047, NoOp Chain Depth 128 Size 0 Mode ref, Ref Stage 65, run, start, 9783589559106569
1787664523.721069, NoOp Chain Depth 128 Size 0 Mode ref, Ref Stage 65, run, end, 9783589559128569
1787664523.721088, NoOp Chain Depth 128 Size 0 Mode ref, Ref Stage 66, run, start, 9783589559147513
1787664523.721110, NoOp Chain Depth 128 Size 0 Mode ref, Ref Stage 66, run, end, 9783589559169369
1787664523.721125, NoOp Chain Depth 128 Size 0 Mode ref, Ref Stage 67, run, start, 9783589559184217
1787664523.721146, NoOp Chain Depth 128 Size 0 Mode ref, Ref Stage 67, run, end, 9783589559204937
1787664523.721160, NoOp Chain Depth 128 Size 0 Mode ref, Ref Stage 68, run, start, 9783589559219417
1787664523.721181, NoOp Chain Depth 128 Size 0 Mode ref, Ref Stage 68, run, end, 9783589559239833
1787664523.721196, NoOp Chain Depth 128 Size 0 Mode ref, Ref Stage 69, run, start, 9783589559255193
1787664523.721216, NoOp Chain Depth 128 Size 0 Mode ref, Ref Stage 69, run, end, 9783589559275833
1787664523.721231, NoOp Chain Depth 128 Size 0 Mode ref, Ref Stage 70, run, start, 9783589559290537
1787664523.721255, NoOp Chain Depth 128 Size 0 Mode ref, Ref Stage 70, run, end, 9783589559314409
1787664523.721267, NoOp Chain Depth 128 Size 0 Mode ref, Ref Stage 71, run, start, 9783589559325833
1787664523.721298, NoOp Chain Depth 128 Size 0 Mode ref, Ref Stage 71, run, end, 9783589559356601
1787664523.721315, NoOp Chain Depth 128 Size 0 Mode ref, Ref Stage 72, run, start, 9783589559374537
1787664523.721338, NoOp Chain Depth 128 Size 0 Mode ref, Ref Stage 72, run, end, 9783589559397225
1787664523.721349, NoOp Chain Depth 128 Size 0 Mode ref, Ref Stage 73, run, start, 9783589559408697
1787664523.721380, NoOp Chain Depth 128 Size 0 Mode ref, Ref Stage 73, run, end, 9783589559439513
1787664523.721395, NoOp Chain Depth 128 Size 0 Mode ref, Ref Stage 74, run, start, 9783589559454265
1787664523.721416, NoOp Chain Depth 128 Size 0 Mode ref, Ref Stage 74, run, end, 9783589559475065
1787664523.721431, NoOp Chain Depth 128 Size 0 Mode ref, Ref Stage 75, run, start, 9783589559489769
1787664523.721452, NoOp Chain Depth 128 Size 0 Mode ref, Ref Stage 75, run, end, 9783589559511593
1787664523.721467, NoOp Chain Depth 128 Size 0 Mode ref, Ref Stage 76, run, start, 9783589559526361
1787664523.721489, NoOp Chain Depth 128 Size 0 Mode ref, Ref Stage 76, run, end, 9783589559548601
1787664523.721501, NoOp Chain Depth 128 Size 0 Mode ref, Ref Stage 77, run, start, 9783589559560313
1787664523.721532, NoOp Chain Depth 128 Size 0 Mode ref, Ref Stage 77, run, end, 9783589559590825
1787664523.721546, NoOp Chain Depth 128 Size 0 Mode ref, Ref Stage 78, run, start, 9783589559605561
1787664523.721567, NoOp Chain Depth 128 Size 0 Mode ref, Ref Stage 78, run, end, 9783589559626425
1787664523.721583, NoOp Chain Depth 128 Size 0 Mode ref, Ref Stage 79, run, start, 9783589559642473
1787664523.721605, NoOp Chain Depth 128 Size 0 Mode ref, Ref Stage 79, run, end, 9783589559664585
1787664523.721620, NoOp Chain Depth 128 Size 0 Mode ref, Ref Stage 80, run, start, 9783589559679385
1787664523.721642, NoOp Chain Depth 128 Size 0 Mode ref, Ref Stage 80, run, end, 9783589559701289
1787664523.721658, NoOp Chain Depth 128 Size 0 Mode ref, Ref Stage 81, run, start, 9783589559716889
1787664523.721678, NoOp Chain Depth 128 Size 0 Mode ref, Ref Stage 81, run, end, 9783589559737481
1787664523.721693, NoOp Chain Depth 128 Size 0 Mode ref, Ref Stage 82, run, start, 9783589559751945
1787664523.721713, NoOp Chain Depth 128 Size 0 Mode ref, Ref Stage 82, run, end, 9783589559772713
1787664523.721728, NoOp Chain Depth 128 Size 0 Mode ref, Ref Stage 83, run, start, 9783589559787481
1787664523.721749, NoOp Chain Depth 128 Size 0 Mode ref, Ref Stage 83, run, end, 9783589559807945
1787664523.721766, NoOp Chain Depth 128 Size 0 Mode ref, Ref Stage 84, run, start, 9783589559825065
1787664523.721787, NoOp Chain Depth 128 Size 0 Mode ref, Ref Stage 84, run, end, 9783589559845833
1787664523.721801, NoOp Chain Depth 128 Size 0 Mode ref, Ref Stage 85, run, start, 9783589559860409
1787664523.721822, NoOp Chain Depth 128 Size 0 Mode ref, Ref Stage 85, run, end, 9783589559881017
1787664523.721836, NoOp Chain Depth 128 Size 0 Mode ref, Ref Stage 86, run, start, 9783589559895641
1787664523.721861, NoOp Chain Depth 128 Size 0 Mode ref, Ref Stage 86, run, end, 9783589559919897
1787664523.721876, NoOp Chain Depth 128 Size 0 Mode ref, Ref Stage 87, run, start, 9783589559935449
1787664523.721897, NoOp Chain Depth 128 Size 0 Mode ref, Ref Stage 87, run, end, 9783589559955897
1787664523.721912, NoOp Chain Depth 128 Size 0 Mode ref, Ref Stage 88, run, start, 9783589559971353
1787664523.721934, NoOp Chain Depth 128 Size 0 Mode ref, Ref Stage 88, run, end, 9783589559993497
1787664523.721947, NoOp Chain Depth 128 Size 0 Mode ref, Ref Stage 89, run, start, 9783589560006777
1787664523.722291, NoOp Chain Depth 128 Size 0 Mode ref, Ref Stage 89, run, end, 9783589560351097
1787664523.722406, NoOp Chain Depth 128 Size 0 Mode ref, Ref Stage 90, run, start, 9783589560465465
1787664523.722428, NoOp Chain Depth 128 Size 0 Mode ref, Ref Stage 90, run, end, 9783589560487577
1787664523.722443, NoOp Chain Depth 128 Size 0 Mode ref, Ref Stage 91, run, start, 9783589560502504
1787664523.722464, NoOp Chain Depth 128 Size 0 Mode ref, Ref Stage 91, run, end, 9783589560523544
1787664523.722479, NoOp Chain Depth 128 Size 0 Mode ref, Ref Stage 92, run, start, 9783589560538296
1787664523.722500, NoOp Chain Depth 128 Size 0 Mode ref, Ref Stage 92, run, end, 9783589560559464
1787664523.722515, NoOp Chain Depth 128 Size 0 Mode ref, Ref Stage 93, run, start, 9783589560573992
1787664523.722535, NoOp Chain Depth 128 Size 0 Mode ref, Ref Stage 93, run, end, 9783589560594696
1787664523.722551, NoOp Chain Depth 128 Size 0 Mode ref, Ref Stage 94, run, start, 9783589560609752
1787664523.722572, NoOp Chain Depth 128 Size 0 Mode ref, Ref Stage 94, run, end, 9783589560630712
1787664523.722586, NoOp Chain Depth 128 Size 0 Mode ref, Ref Stage 95, run, start, 9783589560645608
1787664523.722607, NoOp Chain Depth 128 Size 0 Mode ref, Ref Stage 95, run, end, 9783589560666728
1787664523.722622, NoOp Chain Depth 128 Size 0 Mode ref, Ref Stage 96, run, start, 9783589560681480
1787664523.722646, NoOp Chain Depth 128 Size 0 Mode ref, Ref Stage 96, run, end, 9783589560705448
1787664523.722658, NoOp Chain Depth 128 Size 0 Mode ref, Ref Stage 97, run, start, 9783589560717224
1787664523.722688, NoOp Chain Depth 128 Size 0 Mode ref, Ref Stage 97, run, end, 9783589560747848
1787664523.722704, NoOp Chain Depth 128 Size 0 Mode ref, Ref Stage 98, run, start, 9783589560763080
1787664523.722726, NoOp Chain Depth 128 Size 0 Mode ref, Ref Stage 98, run, end, 9783589560785336
1787664523.722741, NoOp Chain Depth 128 Size 0 Mode ref, Ref Stage 99, run, start, 9783589560800392
1787664523.722764, NoOp Chain Depth 128 Size 0 Mode ref, Ref Stage 99, run, end, 9783589560823736
1787664523.722776, NoOp Chain Depth 128 Size 0 Mode ref, Ref Stage 100, run, start, 9783589560835128
1787664523.722808, NoOp Chain Depth 128 Size 0 Mode ref, Ref Stage 100, run, end, 9783589560866904
1787664523.722823, NoOp Chain Depth 128 Size 0 Mode ref, Ref Stage 101, run, start, 9783589560882376
1787664523.722844, NoOp Chain Depth 128 Size 0 Mode ref, Ref Stage 101, run, end, 9783589560903192
1787664523.722860, NoOp Chain Depth 128 Size 0 Mode ref, Ref Stage 102, run, start, 9783589560918792
1787664523.722880, NoOp Chain Depth 128 Size 0 Mode ref, Ref Stage 102, run, end, 9783589560939448
1787664523.722895, NoOp Chain Depth 128 Size 0 Mode ref, Ref Stage 103, run, start, 9783589560954072
1787664523.722915, NoOp Chain Depth 128 Size 0 Mode ref, Ref Stage 103, run, end, 9783589560974440
1787664523.722930, NoOp Chain Depth 128 Size 0 Mode ref, Ref Stage 104, run, start, 9783589560989048
1787664523.722954, NoOp Chain Depth 128 Size 0 Mode ref, Ref Stage 104, run, end, 9783589561012712
1787664523.722971, NoOp Chain Depth 128 Size 0 Mode ref, Ref Stage 105, run, start, 9783589561029896
1787664523.722993, NoOp Chain Depth 128 Size 0 Mode ref, Ref Stage 105, run, end, 9783589561051816
1787664523.723007, NoOp Chain Depth 128 Size 0 Mode ref, Ref Stage 106, run, start, 9783589561066536
1787664523.723028, NoOp Chain Depth 128 Size 0 Mode ref, Ref Stage 106, run, end, 9783589561086984
1787664523.723042, NoOp Chain Depth 128 Size 0 Mode ref, Ref Stage 107, run, start, 9783589561101688
1787664523.723064, NoOp Chain Depth 128 Size 0 Mode ref, Ref Stage 107, run, end, 9783589561123528
1787664523.723080, NoOp Chain Depth 128 Size 0 Mode ref, Ref Stage 108, run, start, 9783589561139496
1787664523.723103, NoOp Chain Depth 128 Size 0 Mode ref, Ref Stage 108, run, end, 9783589561161768
1787664523.723114, NoOp Chain Depth 128 Size 0 Mode ref, Ref Stage 109, run, start, 9783589561173208
1787664523.723145, NoOp Chain Depth 128 Size 0 Mode ref, Ref Stage 109, run, end, 9783589561204456
1787664523.723160, NoOp Chain Depth 128 Size 0 Mode ref, Ref Stage 110, run, start, 9783589561219128
1787664523.723181, NoOp Chain Depth 128 Size 0 Mode ref, Ref Stage 110, run, end, 9783589561239944
1787664523.723195, NoOp Chain Depth 128 Size 0 Mode ref, Ref Stage 111, run, start, 9783589561254600
1787664523.723218, NoOp Chain Depth 128 Size 0 Mode ref, Ref Stage 111, run, end, 9783589561276856
1787664523.723234, NoOp Chain Depth 128 Size 0 Mode ref, Ref Stage 112, run, start, 9783589561293512
1787664523.723258, NoOp Chain Depth 128 Size 0 Mode ref, Ref Stage 112, run, end, 9783589561317352
1787664523.723269, NoOp Chain Depth 128 Size 0 Mode ref, Ref Stage 113, run, start, 9783589561328696
1787664523.723302, NoOp Chain Depth 128 Size 0 Mode ref, Ref Stage 113, run, end, 9783589561361480
1787664523.723318, NoOp Chain Depth 128 Size 0 Mode ref, Ref Stage 114, run, start, 9783589561377032
1787664523.723340, NoOp Chain Depth 128 Size 0 Mode ref, Ref Stage 114, run, end, 9783589561399400
1787664523.724065, NoOp Chain Depth 128 Size 0 Mode ref, Ref Stage 115, run, start, 9783589562125351
1787664523.724091, NoOp Chain Depth 128 Size 0 Mode ref, Ref Stage 115, run, end, 9783589562150087
1787664523.724106, NoOp Chain Depth 128 Size 0 Mode ref, Ref Stage 116, run, start, 9783589562165607
1787664523.724128, NoOp Chain Depth 128 Size 0 Mode ref, Ref Stage 116, run, end, 9783589562187367
1787664523.724143, NoOp Chain Depth 128 Size 0 Mode ref, Ref Stage 117, run, start, 9783589562202471
1787664523.724167, NoOp Chain Depth 128 Size 0 Mode ref, Ref Stage 117, run, end, 9783589562226071
1787664523.724179, NoOp Chain Depth 128 Size 0 Mode ref, Ref Stage 118, run, start, 9783589562238007
1787664523.724211, NoOp Chain Depth 128 Size 0 Mode ref, Ref Stage 118, run, end, 9783589562270375
1787664523.724226, NoOp Chain Depth 128 Size 0 Mode ref, Ref Stage 119, run, start, 9783589562285335
1787664523.724248, NoOp Chain Depth 128 Size 0 Mode ref, Ref Stage 119, run, end, 9783589562307431
1787664523.724263, NoOp Chain Depth 128 Size 0 Mode ref, Ref Stage 120, run, start, 9783589562322519
1787664523.724285, NoOp Chain Depth 128 Size 0 Mode ref, Ref Stage 120, run, end, 9783589562344231
1787664523.724300, NoOp Chain Depth 128 Size 0 Mode ref, Ref Stage 121, run, start, 9783589562359095
1787664523.724321, NoOp Chain Depth 128 Size 0 Mode ref, Ref Stage 121, run, end, 9783589562380647
1787664523.724337, NoOp Chain Depth 128 Size 0 Mode ref, Ref Stage 122, run, start, 9783589562396151
1787664523.724358, NoOp Chain Depth 128 Size 0 Mode ref, Ref Stage 122, run, end, 9783589562417319
1787664523.724376, NoOp Chain Depth 128 Size 0 Mode ref, Ref Stage 123, run, start, 9783589562435095
1787664523.724397, NoOp Chain Depth 128 Size 0 Mode ref, Ref Stage 123, run, end, 9783589562456199
1787664523.724412, NoOp Chain Depth 128 Size 0 Mode ref, Ref Stage 124, run, start, 9783589562470983
1787664523.724438, NoOp Chain Depth 128 Size 0 Mode ref, Ref Stage 124, run, end, 9783589562497351
1787664523.724450, NoOp Chain Depth 128 Size 0 Mode ref, Ref Stage 125, run, start, 9783589562509239
1787664523.724486, NoOp Chain Depth 128 Size 0 Mode ref, Ref Stage 125, run, end, 9783589562545095
1787664523.724498, NoOp Chain Depth 128 Size 0 Mode ref, Ref Stage 126, run, start, 9783589562556903
1787664523.724529, NoOp Chain Depth 128 Size 0 Mode ref, Ref Stage 126, run, end, 9783589562588503
1787664523.724545, NoOp Chain Depth 128 Size 0 Mode ref, Ref Stage 127, run, start, 9783589562603799
1787664523.724565, NoOp Chain Depth 128 Size 0 Mode ref, Ref Stage 127, run, end, 9783589562624519
1787664523.724581, NoOp Chain Depth 128 Size 0 Mode ref, pipeline - train, run, end, 153513498313202813155871643979772996851, 1787664523.717580, 22, 1, 9783589562640503
1787664523.724618, NoOp Chain Depth 128 Size 0 Mode ref, pipeline - train, run, start, 36449030836259417478629756169182666490, 1787664523.724607, 23, 1, 9783589562677159
1787664523.724641, NoOp Chain Depth 128 Size 0 Mode ref, Ref Stage 0, run, start, 9783589562700535
1787664523.724663, NoOp Chain Depth 128 Size 0 Mode ref, Ref Stage 0, run, end, 9783589562721783
1787664523.724677, NoOp Chain Depth 128 Size 0 Mode ref, Ref Stage 1, run, start, 9783589562736519
1787664523.724698, NoOp Chain Depth 128 Size 0 Mode ref, Ref Stage 1, run, end, 9783589562757287
1787664523.724713, NoOp Chain Depth 128 Size 0 Mode ref, Ref Stage 2, run, start, 9783589562771991
1787664523.724734, NoOp Chain Depth 128 Size 0 Mode ref, Ref Stage 2, run, end, 9783589562793031
1787664523.724750, NoOp Chain Depth 128 Size 0 Mode ref, Ref Stage 3, run, start, 9783589562808839
1787664523.724770, NoOp Chain Depth 128 Size 0 Mode ref, Ref Stage 3, run, end, 9783589562829463
1787664523.724787, NoOp Chain Depth 128 Size 0 Mode ref, Ref Stage 4, run, start, 9783589562845751
1787664523.724807, NoOp Chain Depth 128 Size 0 Mode ref, Ref Stage 4, run, end, 9783589562866487
1787664523.724822, NoOp Chain Depth 128 Size 0 Mode ref, Ref Stage 5, run, start, 9783589562881095
1787664523.724845, NoOp Chain Depth 128 Size 0 Mode ref, Ref Stage 5, run, end, 9783589562904295
1787664523.724857, NoOp Chain Depth 128 Size 0 Mode ref, Ref Stage 6, run, start, 9783589562916007
1787664523.724887, NoOp Chain Depth 128 Size 0 Mode ref, Ref Stage 6, run, end, 9783589562946583
1787664523.724902, NoOp Chain Depth 128 Size 0 Mode ref, Ref Stage 7, run, start, 9783589562961015
1787664523.724924, NoOp Chain Depth 128 Size 0 Mode ref, Ref Stage 7, run, end, 9783589562983351
1787664523.724939, NoOp Chain Depth 128 Size 0 Mode ref, Ref Stage 8, run, start, 9783589562998231
1787664523.724963, NoOp Chain Depth 128 Size 0 Mode ref, Ref Stage 8, run, end, 9783589563022215
1787664523.724978, NoOp Chain Depth 128 Size 0 Mode ref, Ref Stage 9, run, start, 9783589563037911
1787664523.725090, NoOp Chain Depth 128 Size 0 Mode ref, Ref Stage 9, run, end, 9783589563150119
1787664523.725104, NoOp Chain Depth 128 Size 0 Mode ref, Ref Stage 10, run, start, 9783589563163175
1787664523.725240, NoOp Chain Depth 128 Size 0 Mode ref, Ref Stage 10, run, end, 9783589563299991
1787664523.725256, NoOp Chain Depth 128 Size 0 Mode ref, Ref Stage 11, run, start, 9783589563315239
1787664523.725277, NoOp Chain Depth 128 Size 0 Mode ref, Ref Stage 11, run, end, 9783589563336615
1787664523.725292, NoOp Chain Depth 128 Size 0 Mode ref, Ref Stage 12, run, start, 9783589563351543
1787664523.725315, NoOp Chain Depth 128 Size 0 Mode ref, Ref Stage 12, run, end, 9783589563374199
1787664523.725326, NoOp Chain Depth 128 Size 0 Mode ref, Ref Stage 13, run, start, 9783589563385655
1787664523.725358, NoOp Chain Depth 128 Size 0 Mode ref, Ref Stage 13, run, end, 9783589563417143
1787664523.725373, NoOp Chain Depth 128 Size 0 Mode ref, Ref Stage 14, run, start, 9783589563432055
1787664523.725394, NoOp Chain Depth 128 Size 0 Mode ref, Ref Stage 14, run, end, 9783589563453527
1787664523.725409, NoOp Chain Depth 128 Size 0 Mode ref, Ref Stage 15, run, start, 9783589563468167
1787664523.725430, NoOp Chain Depth 128 Size 0 Mode ref, Ref Stage 15, run, end, 9783589563488887
1787664523.725444, NoOp Chain Depth 128 Size 0 Mode ref, Ref Stage 16, run, start, 9783589563503639
1787664523.725470, NoOp Chain Depth 128 Size 0 Mode ref, Ref Stage 16, run, end, 9783589563528871
1787664523.725484, NoOp Chain Depth 128 Size 0 Mode ref, Ref Stage 17, run, start, 9783589563543671
1787664523.725909, NoOp Chain Depth 128 Size 0 Mode ref, Ref Stage 17, run, end, 9783589563970710
1787664523.725935, NoOp Chain Depth 128 Size 0 Mode ref, Ref Stage 18, run, start, 9783589563995270
1787664523.725964, NoOp Chain Depth 128 Size 0 Mode ref, Ref Stage 18, run, end, 9783589564024214
1787664523.726480, NoOp Chain Depth 128 Size 0 Mode ref, Ref Stage 19, run, start, 9783589564540102
1787664523.726509, NoOp Chain Depth 128 Size 0 Mode ref, Ref Stage 19, run, end, 9783589564568838
1787664523.726522, NoOp Chain Depth 128 Size 0 Mode ref, Ref Stage 20, run, start, 9783589564581542
1787664523.726555, NoOp Chain Depth 128 Size 0 Mode ref, Ref Stage 20, run, end, 9783589564614262
1787664523.726570, NoOp Chain Depth 128 Size 0 Mode ref, Ref Stage 21, run, start, 9783589564629110
1787664523.726591, NoOp Chain Depth 128 Size 0 Mode ref, Ref Stage 21, run, end, 9783589564650086
1787664523.726605, NoOp Chain Depth 128 Size 0 Mode ref, Ref Stage 22, run, start, 9783589564664598
1787664523.726626, NoOp Chain Depth 128 Size 0 Mode ref, Ref Stage 22, run, end, 9783589564685510
1787664523.726641, NoOp Chain Depth 128 Size 0 Mode ref, Ref Stage 23, run, start, 9783589564700198
1787664523.726662, NoOp Chain Depth 128 Size 0 Mode ref, Ref Stage 23, run, end, 9783589564721126
1787664523.726676, NoOp Chain Depth 128 Size 0 Mode ref, Ref Stage 24, run, start, 9783589564735606
1787664523.726700, NoOp Chain Depth 128 Size 0 Mode ref, Ref Stage 24, run, end, 9783589564759110
1787664523.726714, NoOp Chain Depth 128 Size 0 Mode ref, Ref Stage 25, run, start, 9783589564773670
1787664523.726737, NoOp Chain Depth 128 Size 0 Mode ref, Ref Stage 25, run, end, 9783589564796038
1787664523.726753, NoOp Chain Depth 128 Size 0 Mode ref, Ref Stage 26, run, start, 9783589564811766
1787664523.726774, NoOp Chain Depth 128 Size 0 Mode ref, Ref Stage 26, run, end, 9783589564832822
1787664523.726788, NoOp Chain Depth 128 Size 0 Mode ref, Ref Stage 27, run, start, 9783589564847494
1787664523.726811, NoOp Chain Depth 128 Size 0 Mode ref, Ref Stage 27, run, end, 9783589564869814
1787664523.726825, NoOp Chain Depth 128 Size 0 Mode ref, Ref Stage 28, run, start, 9783589564884630
1787664523.726848, NoOp Chain Depth 128 Size 0 Mode ref, Ref Stage 28, run, end, 9783589564906934
1787664523.726859, NoOp Chain Depth 128 Size 0 Mode ref, Ref Stage 29, run, start, 9783589564918630
1787664523.726891, NoOp Chain Depth 128 Size 0 Mode ref, Ref Stage 29, run, end, 9783589564949654
1787664523.726906, NoOp Chain Depth 128 Size 0 Mode ref, Ref Stage 30, run, start, 9783589564965174
1787664523.726927, NoOp Chain Depth 128 Size 0 Mode ref, Ref Stage 30, run, end, 9783589564986022
1787664523.726941, NoOp Chain Depth 128 Size 0 Mode ref, Ref Stage 31, run, start, 9783589565003190
1787664523.726966, NoOp Chain Depth 128 Size 0 Mode ref, Ref Stage 31, run, end, 9783589565024950
1787664523.726980, NoOp Chain Depth 128 Size 0 Mode ref, Ref Stage 32, run, start, 9783589565039526
1787664523.727001, NoOp Chain Depth 128 Size 0 Mode ref, Ref Stage 32, run, end, 9783589565060054
1787664523.727017, NoOp Chain Depth 128 Size 0 Mode ref, Ref Stage 33, run, start, 9783589565075910
1787664523.727039, NoOp Chain Depth 128 Size 0 Mode ref, Ref Stage 33, run, end, 9783589565097990
1787664523.727053, NoOp Chain Depth 128 Size 0 Mode ref, Ref Stage 34, run, start, 9783589565112549
1787664523.727074, NoOp Chain Depth 128 Size 0 Mode ref, Ref Stage 34, run, end, 9783589565133157
1787664523.727088, NoOp Chain Depth 128 Size 0 Mode ref, Ref Stage 35, run, start, 9783589565147749
1787664523.727111, NoOp Chain Depth 128 Size 0 Mode ref, Ref Stage 35, run, end, 9783589565170725
1787664523.727126, NoOp Chain Depth 128 Size 0 Mode ref, Ref Stage 36, run, start, 9783589565185493
1787664523.727147, NoOp Chain Depth 128 Size 0 Mode ref, Ref Stage 36, run, end, 9783589565206037
1787664523.727164, NoOp Chain Depth 128 Size 0 Mode ref, Ref Stage 37, run, start, 9783589565223157
1787664523.727186, NoOp Chain Depth 128 Size 0 Mode ref, Ref Stage 37, run, end, 9783589565245141
1787664523.727201, NoOp Chain Depth 128 Size 0 Mode ref, Ref Stage 38, run, start, 9783589565259797
1787664523.727224, NoOp Chain Depth 128 Size 0 Mode ref, Ref Stage 38, run, end, 9783589565282981
1787664523.727236, NoOp Chain Depth 128 Size 0 Mode ref, Ref Stage 39, run, start, 9783589565295429
1787664523.727269, NoOp Chain Depth 128 Size 0 Mode ref, Ref Stage 39, run, end, 9783589565328597
1787664523.727281, NoOp Chain Depth 128 Size 0 Mode ref, Ref Stage 40, run, start, 9783589565340645
1787664523.727314, NoOp Chain Depth 128 Size 0 Mode ref, Ref Stage 40, run, end, 9783589565373717
1787664523.727329, NoOp Chain Depth 128 Size 0 Mode ref, Ref Stage 41, run, start, 9783589565388757
1787664523.727352, NoOp Chain Depth 128 Size 0 Mode ref, Ref Stage 41, run, end, 9783589565410949
1787664523.727367, NoOp Chain Depth 128 Size 0 Mode ref, Ref Stage 42, run, start, 9783589565426101
1787664523.727390, NoOp Chain Depth 128 Size 0 Mode ref, Ref Stage 42, run, end, 9783589565448917
1787664523.727405, NoOp Chain Depth 128 Size 0 Mode ref, Ref Stage 43, run, start, 9783589565463893
1787664523.727426, NoOp Chain Depth 128 Size 0 Mode ref, Ref Stage 43, run, end, 9783589565485125
1787664523.727440, NoOp Chain Depth 128 Size 0 Mode ref, Ref Stage 44, run, start, 9783589565499781
1787664523.727463, NoOp Chain Depth 128 Size 0 Mode ref, Ref Stage 44, run, end, 9783589565522037
1787664523.727478, NoOp Chain Depth 128 Size 0 Mode ref, Ref Stage 45, run, start, 9783589565537541
1787664523.727500, NoOp Chain Depth 128 Size 0 Mode ref, Ref Stage 45, run, end, 9783589565558949
1787664523.727516, NoOp Chain Depth 128 Size 0 Mode ref, Ref Stage 46, run, start, 9783589565574853
1787664523.727537, NoOp Chain Depth 128 Size 0 Mode ref, Ref Stage 46, run, end, 9783589565596197
1787664523.727553, NoOp Chain Depth 128 Size 0 Mode ref, Ref Stage 47, run, start, 9783589565612037
1787664523.727576, NoOp Chain Depth 128 Size 0 Mode ref, Ref Stage 47, run, end, 9783589565635957
1787664523.730616, NoOp Chain Depth 128 Size 0 Mode ref, Ref Stage 48, run, start, 9783589568676371
1787664523.730643, NoOp Chain Depth 128 Size 0 Mode ref, Ref Stage 48, run, end, 9783589568702355
1787664523.730659, NoOp Chain Depth 128 Size 0 Mode ref, Ref Stage 49, run, start, 9783589568718195
1787664523.730681, NoOp Chain Depth 128 Size 0 Mode ref, Ref Stage 49, run, end, 9783589568740179
1787664523.730696, NoOp Chain Depth 128 Size 0 Mode ref, Ref Stage 50, run, start, 9783589568755059
1787664523.730717, NoOp Chain Depth 128 Size 0 Mode ref, Ref Stage 50, run, end, 9783589568776691
1787664523.730732, NoOp Chain Depth 128 Size 0 Mode ref, Ref Stage 51, run, start, 9783589568791763
1787664523.730754, NoOp Chain Depth 128 Size 0 Mode ref, Ref Stage 51, run, end, 9783589568812899
1787664523.730768, NoOp Chain Depth 128 Size 0 Mode ref, Ref Stage 52, run, start, 9783589568827747
1787664523.730790, NoOp Chain Depth 128 Size 0 Mode ref, Ref Stage 52, run, end, 9783589568848883
1787664523.730804, NoOp Chain Depth 128 Size 0 Mode ref, Ref Stage 53, run, start, 9783589568863731
1787664523.730825, NoOp Chain Depth 128 Size 0 Mode ref, Ref Stage 53, run, end, 9783589568884451
1787664523.730840, NoOp Chain Depth 128 Size 0 Mode ref, Ref Stage 54, run, start, 9783589568899059
1787664523.730860, NoOp Chain Depth 128 Size 0 Mode ref, Ref Stage 54, run, end, 9783589568919859
1787664523.730875, NoOp Chain Depth 128 Size 0 Mode ref, Ref Stage 55, run, start, 9783589568934595
1787664523.730898, NoOp Chain Depth 128 Size 0 Mode ref, Ref Stage 55, run, end, 9783589568957347
1787664523.730910, NoOp Chain Depth 128 Size 0 Mode ref, Ref Stage 56, run, start, 9783589568969267
1787664523.730942, NoOp Chain Depth 128 Size 0 Mode ref, Ref Stage 56, run, end, 9783589569002355
1787664523.730959, NoOp Chain Depth 128 Size 0 Mode ref, Ref Stage 57, run, start, 9783589569017795
1787664523.730982, NoOp Chain Depth 128 Size 0 Mode ref, Ref Stage 57, run, end, 9783589569040691
1787664523.730996, NoOp Chain Depth 128 Size 0 Mode ref, Ref Stage 58, run, start, 9783589569055587
1787664523.731017, NoOp Chain Depth 128 Size 0 Mode ref, Ref Stage 58, run, end, 9783589569076419
1787664523.731032, NoOp Chain Depth 128 Size 0 Mode ref, Ref Stage 59, run, start, 9783589569090883
1787664523.731053, NoOp Chain Depth 128 Size 0 Mode ref, Ref Stage 59, run, end, 9783589569111779
1787664523.731067, NoOp Chain Depth 128 Size 0 Mode ref, Ref Stage 60, run, start, 9783589569126579
1787664523.731088, NoOp Chain Depth 128 Size 0 Mode ref, Ref Stage 60, run, end, 9783589569147235
1787664523.731102, NoOp Chain Depth 128 Size 0 Mode ref, Ref Stage 61, run, start, 9783589569161699
1787664523.731123, NoOp Chain Depth 128 Size 0 Mode ref, Ref Stage 61, run, end, 9783589569182323
1787664523.731138, NoOp Chain Depth 128 Size 0 Mode ref, Ref Stage 62, run, start, 9783589569196643
1787664523.731158, NoOp Chain Depth 128 Size 0 Mode ref, Ref Stage 62, run, end, 9783589569217539
1787664523.731173, NoOp Chain Depth 128 Size 0 Mode ref, Ref Stage 63, run, start, 9783589569232163
1787664523.731194, NoOp Chain Depth 128 Size 0 Mode ref, Ref Stage 63, run, end, 9783589569252979
1787664523.731209, NoOp Chain Depth 128 Size 0 Mode ref, Ref Stage 64, run, start, 9783589569267731
1787664523.731229, NoOp Chain Depth 128 Size 0 Mode ref, Ref Stage 64, run, end, 9783589569288371
1787664523.731244, NoOp Chain Depth 128 Size 0 Mode ref, Ref Stage 65, run, start, 9783589569303155
1787664523.731265, NoOp Chain Depth 128 Size 0 Mode ref, Ref Stage 65, run, end, 9783589569324067
1787664523.731279, NoOp Chain Depth 128 Size 0 Mode ref, Ref Stage 66, run, start, 9783589569338307
1787664523.731300, NoOp Chain Depth 128 Size 0 Mode ref, Ref Stage 66, run, end, 9783589569359027
1787664523.731314, NoOp Chain Depth 128 Size 0 Mode ref, Ref Stage 67, run, start, 9783589569373603
1787664523.731335, NoOp Chain Depth 128 Size 0 Mode ref, Ref Stage 67, run, end, 9783589569394083
1787664523.731349, NoOp Chain Depth 128 Size 0 Mode ref, Ref Stage 68, run, start, 9783589569408595
1787664523.731370, NoOp Chain Depth 128 Size 0 Mode ref, Ref Stage 68, run, end, 9783589569429459
1787664523.731386, NoOp Chain Depth 128 Size 0 Mode ref, Ref Stage 69, run, start, 9783589569444995
1787664523.731407, NoOp Chain Depth 128 Size 0 Mode ref, Ref Stage 69, run, end, 9783589569465779
1787664523.731422, NoOp Chain Depth 128 Size 0 Mode ref, Ref Stage 70, run, start, 9783589569480947
1787664523.731442, NoOp Chain Depth 128 Size 0 Mode ref, Ref Stage 70, run, end, 9783589569501651
1787664523.731457, NoOp Chain Depth 128 Size 0 Mode ref, Ref Stage 71, run, start, 9783589569516339
1787664523.731478, NoOp Chain Depth 128 Size 0 Mode ref, Ref Stage 71, run, end, 9783589569537027
1787664523.731492, NoOp Chain Depth 128 Size 0 Mode ref, Ref Stage 72, run, start, 9783589569551699
1787664523.731515, NoOp Chain Depth 128 Size 0 Mode ref, Ref Stage 72, run, end, 9783589569574179
1787664523.731846, NoOp Chain Depth 128 Size 0 Mode ref, Ref Stage 73, run, start, 9783589569906370
1787664523.731977, NoOp Chain Depth 128 Size 0 Mode ref, Ref Stage 73, run, end, 9783589570036434
1787664523.731992, NoOp Chain Depth 128 Size 0 Mode ref, Ref Stage 74, run, start, 9783589570051954
1787664523.732014, NoOp Chain Depth 128 Size 0 Mode ref, Ref Stage 74, run, end, 9783589570073266
1787664523.732029, NoOp Chain Depth 128 Size 0 Mode ref, Ref Stage 75, run, start, 9783589570088018
1787664523.732050, NoOp Chain Depth 128 Size 0 Mode ref, Ref Stage 75, run, end, 9783589570109026
1787664523.732064, NoOp Chain Depth 128 Size 0 Mode ref, Ref Stage 76, run, start, 9783589570123858
1787664523.732087, NoOp Chain Depth 128 Size 0 Mode ref, Ref Stage 76, run, end, 9783589570146482
1787664523.732403, NoOp Chain Depth 128 Size 0 Mode ref, Ref Stage 77, run, start, 9783589570462722
1787664523.732527, NoOp Chain Depth 128 Size 0 Mode ref, Ref Stage 77, run, end, 9783589570586178
1787664523.732542, NoOp Chain Depth 128 Size 0 Mode ref, Ref Stage 78, run, start, 9783589570601634
1787664523.732570, NoOp Chain Depth 128 Size 0 Mode ref, Ref Stage 78, run, end, 9783589570628962
1787664523.732581, NoOp Chain Depth 128 Size 0 Mode ref, Ref Stage 79, run, start, 9783589570640914
1787664523.732613, NoOp Chain Depth 128 Size 0 Mode ref, Ref Stage 79, run, end, 9783589570672130
1787664523.732628, NoOp Chain Depth 128 Size 0 Mode ref, Ref Stage 80, run, start, 9783589570687058
1787664523.732649, NoOp Chain Depth 128 Size 0 Mode ref, Ref Stage 80, run, end, 9783589570708274
1787664523.732664, NoOp Chain Depth 128 Size 0 Mode ref, Ref Stage 81, run, start, 9783589570722914
1787664523.732685, NoOp Chain Depth 128 Size 0 Mode ref, Ref Stage 81, run, end, 9783589570744050
1787664523.732700, NoOp Chain Depth 128 Size 0 Mode ref, Ref Stage 82, run, start, 9783589570758898
1787664523.732721, NoOp Chain Depth 128 Size 0 Mode ref, Ref Stage 82, run, end, 9783589570780242
1787664523.732736, NoOp Chain Depth 128 Size 0 Mode ref, Ref Stage 83, run, start, 9783589570795074
1787664523.732757, NoOp Chain Depth 128 Size 0 Mode ref, Ref Stage 83, run, end, 9783589570816290
1787664523.732772, NoOp Chain Depth 128 Size 0 Mode ref, Ref Stage 84, run, start, 9783589570830866
1787664523.732792, NoOp Chain Depth 128 Size 0 Mode ref, Ref Stage 84, run, end, 9783589570851554
1787664523.732807, NoOp Chain Depth 128 Size 0 Mode ref, Ref Stage 85, run, start, 9783589570866578
1787664523.732830, NoOp Chain Depth 128 Size 0 Mode ref, Ref Stage 85, run, end, 9783589570889058
1787664523.732848, NoOp Chain Depth 128 Size 0 Mode ref, Ref Stage 86, run, start, 9783589570907074
1787664523.732879, NoOp Chain Depth 128 Size 0 Mode ref, Ref Stage 86, run, end, 9783589570938418
1787664523.732895, NoOp Chain Depth 128 Size 0 Mode ref, Ref Stage 87, run, start, 9783589570953858
1787664523.732917, NoOp Chain Depth 128 Size 0 Mode ref, Ref Stage 87, run, end, 9783589570976274
1787664523.732929, NoOp Chain Depth 128 Size 0 Mode ref, Ref Stage 88, run, start, 9783589570987810
1787664523.732962, NoOp Chain Depth 128 Size 0 Mode ref, Ref Stage 88, run, end, 9783589571021026
1787664523.732976, NoOp Chain Depth 128 Size 0 Mode ref, Ref Stage 89, run, start, 9783589571035474
1787664523.732997, NoOp Chain Depth 128 Size 0 Mode ref, Ref Stage 89, run, end, 9783589571056258
1787664523.733012, NoOp Chain Depth 128 Size 0 Mode ref, Ref Stage 90, run, start, 9783589571070930
1787664523.733035, NoOp Chain Depth 128 Size 0 Mode ref, Ref Stage 90, run, end, 9783589571094226
1787664523.733047, NoOp Chain Depth 128 Size 0 Mode ref, Ref Stage 91, run, start, 9783589571105794
1787664523.733078, NoOp Chain Depth 128 Size 0 Mode ref, Ref Stage 91, run, end, 9783589571136722
1787664523.733092, NoOp Chain Depth 128 Size 0 Mode ref, Ref Stage 92, run, start, 9783589571151490
1787664523.733114, NoOp Chain Depth 128 Size 0 Mode ref, Ref Stage 92, run, end, 9783589571172866
1787664523.733128, NoOp Chain Depth 128 Size 0 Mode ref, Ref Stage 93, run, start, 9783589571187570
1787664523.733151, NoOp Chain Depth 128 Size 0 Mode ref, Ref Stage 93, run, end, 9783589571209873
1787664523.733165, NoOp Chain Depth 128 Size 0 Mode ref, Ref Stage 94, run, start, 9783589571224353
1787664523.733186, NoOp Chain Depth 128 Size 0 Mode ref, Ref Stage 94, run, end, 9783589571245569
1787664523.733201, NoOp Chain Depth 128 Size 0 Mode ref, Ref Stage 95, run, start, 9783589571260225
1787664523.733222, NoOp Chain Depth 128 Size 0 Mode ref, Ref Stage 95, run, end, 9783589571281185
1787664523.733237, NoOp Chain Depth 128 Size 0 Mode ref, Ref Stage 96, run, start, 9783589571295649
1787664523.733260, NoOp Chain Depth 128 Size 0 Mode ref, Ref Stage 96, run, end, 9783589571319009
1787664523.733271, NoOp Chain Depth 128 Size 0 Mode ref, Ref Stage 97, run, start, 9783589571330721
1787664523.733302, NoOp Chain Depth 128 Size 0 Mode ref, Ref Stage 97, run, end, 9783589571361377
1787664523.733317, NoOp Chain Depth 128 Size 0 Mode ref, Ref Stage 98, run, start, 9783589571376689
1787664523.733340, NoOp Chain Depth 128 Size 0 Mode ref, Ref Stage 98, run, end, 9783589571399441
1787664523.733748, NoOp Chain Depth 128 Size 0 Mode ref, Ref Stage 99, run, start, 9783589571808449
1787664523.733876, NoOp Chain Depth 128 Size 0 Mode ref, Ref Stage 99, run, end, 9783589571935905
1787664523.733892, NoOp Chain Depth 128 Size 0 Mode ref, Ref Stage 100, run, start, 9783589571951521
1787664523.733913, NoOp Chain Depth 128 Size 0 Mode ref, Ref Stage 100, run, end, 9783589571972561
1787664523.733928, NoOp Chain Depth 128 Size 0 Mode ref, Ref Stage 101, run, start, 9783589571987553
1787664523.733951, NoOp Chain Depth 128 Size 0 Mode ref, Ref Stage 101, run, end, 9783589572010001
1787664523.733966, NoOp Chain Depth 128 Size 0 Mode ref, Ref Stage 102, run, start, 9783589572025697
1787664523.733987, NoOp Chain Depth 128 Size 0 Mode ref, Ref Stage 102, run, end, 9783589572046353
1787664523.734002, NoOp Chain Depth 128 Size 0 Mode ref, Ref Stage 103, run, start, 9783589572060721
1787664523.734022, NoOp Chain Depth 128 Size 0 Mode ref, Ref Stage 103, run, end, 9783589572081617
1787664523.734037, NoOp Chain Depth 128 Size 0 Mode ref, Ref Stage 104, run, start, 9783589572096577
1787664523.734058, NoOp Chain Depth 128 Size 0 Mode ref, Ref Stage 104, run, end, 9783589572117649
1787664523.734075, NoOp Chain Depth 128 Size 0 Mode ref, Ref Stage 105, run, start, 9783589572134033
1787664523.734097, NoOp Chain Depth 128 Size 0 Mode ref, Ref Stage 105, run, end, 9783589572155857
1787664523.734111, NoOp Chain Depth 128 Size 0 Mode ref, Ref Stage 106, run, start, 9783589572170545
1787664523.734134, NoOp Chain Depth 128 Size 0 Mode ref, Ref Stage 106, run, end, 9783589572192961
1787664523.734148, NoOp Chain Depth 128 Size 0 Mode ref, Ref Stage 107, run, start, 9783589572207409
1787664523.734169, NoOp Chain Depth 128 Size 0 Mode ref, Ref Stage 107, run, end, 9783589572228097
1787664523.734184, NoOp Chain Depth 128 Size 0 Mode ref, Ref Stage 108, run, start, 9783589572242929
1787664523.734206, NoOp Chain Depth 128 Size 0 Mode ref, Ref Stage 108, run, end, 9783589572265105
1787664523.734221, NoOp Chain Depth 128 Size 0 Mode ref, Ref Stage 109, run, start, 9783589572279953
1787664523.734243, NoOp Chain Depth 128 Size 0 Mode ref, Ref Stage 109, run, end, 9783589572301857
1787664523.734257, NoOp Chain Depth 128 Size 0 Mode ref, Ref Stage 110, run, start, 9783589572316289
1787664523.734278, NoOp Chain Depth 128 Size 0 Mode ref, Ref Stage 110, run, end, 9783589572336881
1787664523.734292, NoOp Chain Depth 128 Size 0 Mode ref, Ref Stage 111, run, start, 9783589572351329
1787664523.734315, NoOp Chain Depth 128 Size 0 Mode ref, Ref Stage 111, run, end, 9783589572375649
1787664523.734331, NoOp Chain Depth 128 Size 0 Mode ref, Ref Stage 112, run, start, 9783589572390305
1787664523.734353, NoOp Chain Depth 128 Size 0 Mode ref, Ref Stage 112, run, end, 9783589572412577
1787664523.734676, NoOp Chain Depth 128 Size 0 Mode ref, Ref Stage 113, run, start, 9783589572735712
1787664523.734803, NoOp Chain Depth 128 Size 0 Mode ref, Ref Stage 113, run, end, 9783589572862528
1787664523.734816, NoOp Chain Depth 128 Size 0 Mode ref, Ref Stage 114, run, start, 9783589572874768
1787664523.734847, NoOp Chain Depth 128 Size 0 Mode ref, Ref Stage 114, run, end, 9783589572906336
1787664523.734862, NoOp Chain Depth 128 Size 0 Mode ref, Ref Stage 115, run, start, 9783589572921136
1787664523.734883, NoOp Chain Depth 128 Size 0 Mode ref, Ref Stage 115, run, end, 9783589572942176
1787664523.734898, NoOp Chain Depth 128 Size 0 Mode ref, Ref Stage 116, run, start, 9783589572956928
1787664523.734919, NoOp Chain Depth 128 Size 0 Mode ref, Ref Stage 116, run, end, 9783589572977824
1787664523.734933, NoOp Chain Depth 128 Size 0 Mode ref, Ref Stage 117, run, start, 9783589572992256
1787664523.734956, NoOp Chain Depth 128 Size 0 Mode ref, Ref Stage 117, run, end, 9783589573015664
1787664523.734972, NoOp Chain Depth 128 Size 0 Mode ref, Ref Stage 118, run, start, 9783589573031328
1787664523.734993, NoOp Chain Depth 128 Size 0 Mode ref, Ref Stage 118, run, end, 9783589573052672
1787664523.735008, NoOp Chain Depth 128 Size 0 Mode ref, Ref Stage 119, run, start, 9783589573067504
1787664523.735031, NoOp Chain Depth 128 Size 0 Mode ref, Ref Stage 119, run, end, 9783589573090576
1787664523.735046, NoOp Chain Depth 128 Size 0 Mode ref, Ref Stage 120, run, start, 9783589573105296
1787664523.735067, NoOp Chain Depth 128 Size 0 Mode ref, Ref Stage 120, run, end, 9783589573126224
1787664523.735082, NoOp Chain Depth 128 Size 0 Mode ref, Ref Stage 121, run, start, 9783589573140912
1787664523.735102, NoOp Chain Depth 128 Size 0 Mode ref, Ref Stage 121, run, end, 9783589573161568
1787664523.735117, NoOp Chain Depth 128 Size 0 Mode ref, Ref Stage 122, run, start, 9783589573176384
1787664523.735141, NoOp Chain Depth 128 Size 0 Mode ref, Ref Stage 122, run, end, 9783589573199904
1787664523.735156, NoOp Chain Depth 128 Size 0 Mode ref, Ref Stage 123, run, start, 9783589573215136
1787664523.735177, NoOp Chain Depth 128 Size 0 Mode ref, Ref Stage 123, run, end, 9783589573235840
1787664523.735191, NoOp Chain Depth 128 Size 0 Mode ref, Ref Stage 124, run, start, 9783589573250432
1787664523.735215, NoOp Chain Depth 128 Size 0 Mode ref, Ref Stage 124, run, end, 9783589573274016
1787664523.735226, NoOp Chain Depth 128 Size 0 Mode ref, Ref Stage 125, run, start, 9783589573285760
1787664523.735259, NoOp Chain Depth 128 Size 0 Mode ref, Ref Stage 125, run, end, 9783589573317792
1787664523.735270, NoOp Chain Depth 128 Size 0 Mode ref, Ref Stage 126, run, start, 9783589573329280
1787664523.735301, NoOp Chain Depth 128 Size 0 Mode ref, Ref Stage 126, run, end, 9783589573360336
1787664523.735316, NoOp Chain Depth 128 Size 0 Mode ref, Ref Stage 127, run, start, 9783589573375264
1787664523.735338, NoOp Chain Depth 128 Size 0 Mode ref, Ref Stage 127, run, end, 9783589573397488
1787664523.735353, NoOp Chain Depth 128 Size 0 Mode ref, pipeline - train, run, end, 36449030836259417478629756169182666490, 1787664523.724607, 23, 1, 9783589573412704
1787664523.735389, NoOp Chain Depth 128 Size 0 Mode ref, pipeline - train, run, start, 266644576843970411774503508611929540386, 1787664523.735379, 24, 1, 9783589573448864
1787664523.735413, NoOp Chain Depth 128 Size 0 Mode ref, Ref Stage 0, run, start, 9783589573472272
1787664523.735434, NoOp Chain Depth 128 Size 0 Mode ref, Ref Stage 0, run, end, 9783589573493424
1787664523.735449, NoOp Chain Depth 128 Size 0 Mode ref, Ref Stage 1, run, start, 9783589573507968
1787664523.735470, NoOp Chain Depth 128 Size 0 Mode ref, Ref Stage 1, run, end, 9783589573530000
1787664523.735485, NoOp Chain Depth 128 Size 0 Mode ref, Ref Stage 2, run, start, 9783589573544416
1787664523.735506, NoOp Chain Depth 128 Size 0 Mode ref, Ref Stage 2, run, end, 9783589573565136
1787664523.735520, NoOp Chain Depth 128 Size 0 Mode ref, Ref Stage 3, run, start, 9783589573579648
1787664523.735542, NoOp Chain Depth 128 Size 0 Mode ref, Ref Stage 3, run, end, 9783589573601424
1787664523.735557, NoOp Chain Depth 128 Size 0 Mode ref, Ref Stage 4, run, start, 9783589573615984
1787664523.735579, NoOp Chain Depth 128 Size 0 Mode ref, Ref Stage 4, run, end, 9783589573637936
1787664523.735596, NoOp Chain Depth 128 Size 0 Mode ref, Ref Stage 5, run, start, 9783589573655472
1787664523.735618, NoOp Chain Depth 128 Size 0 Mode ref, Ref Stage 5, run, end, 9783589573676896
1787664523.735632, NoOp Chain Depth 128 Size 0 Mode ref, Ref Stage 6, run, start, 9783589573691360
1787664523.735653, NoOp Chain Depth 128 Size 0 Mode ref, Ref Stage 6, run, end, 9783589573712512
1787664523.735669, NoOp Chain Depth 128 Size 0 Mode ref, Ref Stage 7, run, start, 9783589573728224
1787664523.735690, NoOp Chain Depth 128 Size 0 Mode ref, Ref Stage 7, run, end, 9783589573748992
1787664523.735704, NoOp Chain Depth 128 Size 0 Mode ref, Ref Stage 8, run, start, 9783589573763696
1787664523.736257, NoOp Chain Depth 128 Size 0 Mode ref, Ref Stage 8, run, end, 9783589574316927
1787664523.736379, NoOp Chain Depth 128 Size 0 Mode ref, Ref Stage 9, run, start, 9783589574438671
1787664523.736403, NoOp Chain Depth 128 Size 0 Mode ref, Ref Stage 9, run, end, 9783589574462591
1787664523.736419, NoOp Chain Depth 128 Size 0 Mode ref, Ref Stage 10, run, start, 9783589574478111
1787664523.736443, NoOp Chain Depth 128 Size 0 Mode ref, Ref Stage 10, run, end, 9783589574502031
1787664523.736458, NoOp Chain Depth 128 Size 0 Mode ref, Ref Stage 11, run, start, 9783589574516991
1787664523.736479, NoOp Chain Depth 128 Size 0 Mode ref, Ref Stage 11, run, end, 9783589574538175
1787664523.736494, NoOp Chain Depth 128 Size 0 Mode ref, Ref Stage 12, run, start, 9783589574553215
1787664523.736515, NoOp Chain Depth 128 Size 0 Mode ref, Ref Stage 12, run, end, 9783589574574079
1787664523.736530, NoOp Chain Depth 128 Size 0 Mode ref, Ref Stage 13, run, start, 9783589574588783
1787664523.736551, NoOp Chain Depth 128 Size 0 Mode ref, Ref Stage 13, run, end, 9783589574610047
1787664523.736566, NoOp Chain Depth 128 Size 0 Mode ref, Ref Stage 14, run, start, 9783589574624927
1787664523.736592, NoOp Chain Depth 128 Size 0 Mode ref, Ref Stage 14, run, end, 9783589574650751
1787664523.736606, NoOp Chain Depth 128 Size 0 Mode ref, Ref Stage 15, run, start, 9783589574665727
1787664523.736627, NoOp Chain Depth 128 Size 0 Mode ref, Ref Stage 15, run, end, 9783589574686655
1787664523.736642, NoOp Chain Depth 128 Size 0 Mode ref, Ref Stage 16, run, start, 9783589574701567
1787664523.736663, NoOp Chain Depth 128 Size 0 Mode ref, Ref Stage 16, run, end, 9783589574722287
1787664523.736678, NoOp Chain Depth 128 Size 0 Mode ref, Ref Stage 17, run, start, 9783589574736927
1787664523.736700, NoOp Chain Depth 128 Size 0 Mode ref, Ref Stage 17, run, end, 9783589574759295
1787664523.736715, NoOp Chain Depth 128 Size 0 Mode ref, Ref Stage 18, run, start, 9783589574773855
1787664523.736736, NoOp Chain Depth 128 Size 0 Mode ref, Ref Stage 18, run, end, 9783589574794623
1787664523.736751, NoOp Chain Depth 128 Size 0 Mode ref, Ref Stage 19, run, start, 9783589574810335
1787664523.736772, NoOp Chain Depth 128 Size 0 Mode ref, Ref Stage 19, run, end, 9783589574830943
1787664523.736786, NoOp Chain Depth 128 Size 0 Mode ref, Ref Stage 20, run, start, 9783589574845551
1787664523.736809, NoOp Chain Depth 128 Size 0 Mode ref, Ref Stage 20, run, end, 9783589574867919
1787664523.736822, NoOp Chain Depth 128 Size 0 Mode ref, Ref Stage 21, run, start, 9783589574881199
1787664523.736853, NoOp Chain Depth 128 Size 0 Mode ref, Ref Stage 21, run, end, 9783589574912399
1787664523.736869, NoOp Chain Depth 128 Size 0 Mode ref, Ref Stage 22, run, start, 9783589574928367
1787664523.736890, NoOp Chain Depth 128 Size 0 Mode ref, Ref Stage 22, run, end, 9783589574949151
1787664523.736904, NoOp Chain Depth 128 Size 0 Mode ref, Ref Stage 23, run, start, 9783589574963743
1787664523.736925, NoOp Chain Depth 128 Size 0 Mode ref, Ref Stage 23, run, end, 9783589574984607
1787664523.736940, NoOp Chain Depth 128 Size 0 Mode ref, Ref Stage 24, run, start, 9783589574999215
1787664523.736965, NoOp Chain Depth 128 Size 0 Mode ref, Ref Stage 24, run, end, 9783589575023839
1787664523.736979, NoOp Chain Depth 128 Size 0 Mode ref, Ref Stage 25, run, start, 9783589575038559
1787664523.737000, NoOp Chain Depth 128 Size 0 Mode ref, Ref Stage 25, run, end, 9783589575059087
1787664523.737014, NoOp Chain Depth 128 Size 0 Mode ref, Ref Stage 26, run, start, 9783589575073551
1787664523.737035, NoOp Chain Depth 128 Size 0 Mode ref, Ref Stage 26, run, end, 9783589575094127
1787664523.737050, NoOp Chain Depth 128 Size 0 Mode ref, Ref Stage 27, run, start, 9783589575109615
1787664523.737071, NoOp Chain Depth 128 Size 0 Mode ref, Ref Stage 27, run, end, 9783589575130351
1787664523.737086, NoOp Chain Depth 128 Size 0 Mode ref, Ref Stage 28, run, start, 9783589575144847
1787664523.737109, NoOp Chain Depth 128 Size 0 Mode ref, Ref Stage 28, run, end, 9783589575168239
1787664523.737125, NoOp Chain Depth 128 Size 0 Mode ref, Ref Stage 29, run, start, 9783589575183855
1787664523.737247, NoOp Chain Depth 128 Size 0 Mode ref, Ref Stage 29, run, end, 9783589575306975
1787664523.737260, NoOp Chain Depth 128 Size 0 Mode ref, Ref Stage 30, run, start, 9783589575319887
1787664523.737295, NoOp Chain Depth 128 Size 0 Mode ref, Ref Stage 30, run, end, 9783589575354319
1787664523.737310, NoOp Chain Depth 128 Size 0 Mode ref, Ref Stage 31, run, start, 9783589575368895
1787664523.737333, NoOp Chain Depth 128 Size 0 Mode ref, Ref Stage 31, run, end, 9783589575391775
1787664523.737347, NoOp Chain Depth 128 Size 0 Mode ref, Ref Stage 32, run, start, 9783589575406687
1787664523.737368, NoOp Chain Depth 128 Size 0 Mode ref, Ref Stage 32, run, end, 9783589575427407
1787664523.737384, NoOp Chain Depth 128 Size 0 Mode ref, Ref Stage 33, run, start, 9783589575443503
1787664523.737406, NoOp Chain Depth 128 Size 0 Mode ref, Ref Stage 33, run, end, 9783589575464639
1787664523.737420, NoOp Chain Depth 128 Size 0 Mode ref, Ref Stage 34, run, start, 9783589575479135
1787664523.737443, NoOp Chain Depth 128 Size 0 Mode ref, Ref Stage 34, run, end, 9783589575502687
1787664523.737455, NoOp Chain Depth 128 Size 0 Mode ref, Ref Stage 35, run, start, 9783589575515327
1787664523.737487, NoOp Chain Depth 128 Size 0 Mode ref, Ref Stage 35, run, end, 9783589575546303
1787664523.737501, NoOp Chain Depth 128 Size 0 Mode ref, Ref Stage 36, run, start, 9783589575560751
1787664523.737522, NoOp Chain Depth 128 Size 0 Mode ref, Ref Stage 36, run, end, 9783589575581407
1787664523.737537, NoOp Chain Depth 128 Size 0 Mode ref, Ref Stage 37, run, start, 9783589575596223
1787664523.737558, NoOp Chain Depth 128 Size 0 Mode ref, Ref Stage 37, run, end, 9783589575617327
1787664523.737573, NoOp Chain Depth 128 Size 0 Mode ref, Ref Stage 38, run, start, 9783589575632591
1787664523.737594, NoOp Chain Depth 128 Size 0 Mode ref, Ref Stage 38, run, end, 9783589575653167
1787664523.737608, NoOp Chain Depth 128 Size 0 Mode ref, Ref Stage 39, run, start, 9783589575667583
1787664523.737947, NoOp Chain Depth 128 Size 0 Mode ref, Ref Stage 39, run, end, 9783589576006830
1787664523.738071, NoOp Chain Depth 128 Size 0 Mode ref, Ref Stage 40, run, start, 9783589576131246
1787664523.738095, NoOp Chain Depth 128 Size 0 Mode ref, Ref Stage 40, run, end, 9783589576154126
1787664523.738110, NoOp Chain Depth 128 Size 0 Mode ref, Ref Stage 41, run, start, 9783589576168958
1787664523.738131, NoOp Chain Depth 128 Size 0 Mode ref, Ref Stage 41, run, end, 9783589576190126
1787664523.738146, NoOp Chain Depth 128 Size 0 Mode ref, Ref Stage 42, run, start, 9783589576204734
1787664523.738167, NoOp Chain Depth 128 Size 0 Mode ref, Ref Stage 42, run, end, 9783589576225678
1787664523.738181, NoOp Chain Depth 128 Size 0 Mode ref, Ref Stage 43, run, start, 9783589576240206
1787664523.738202, NoOp Chain Depth 128 Size 0 Mode ref, Ref Stage 43, run, end, 9783589576261358
1787664523.738217, NoOp Chain Depth 128 Size 0 Mode ref, Ref Stage 44, run, start, 9783589576276238
1787664523.738238, NoOp Chain Depth 128 Size 0 Mode ref, Ref Stage 44, run, end, 9783589576297278
1787664523.738253, NoOp Chain Depth 128 Size 0 Mode ref, Ref Stage 45, run, start, 9783589576311710
1787664523.738276, NoOp Chain Depth 128 Size 0 Mode ref, Ref Stage 45, run, end, 9783589576334734
1787664523.738290, NoOp Chain Depth 128 Size 0 Mode ref, Ref Stage 46, run, start, 9783589576349214
1787664523.738312, NoOp Chain Depth 128 Size 0 Mode ref, Ref Stage 46, run, end, 9783589576371758
1787664523.738324, NoOp Chain Depth 128 Size 0 Mode ref, Ref Stage 47, run, start, 9783589576383886
1787664523.738357, NoOp Chain Depth 128 Size 0 Mode ref, Ref Stage 47, run, end, 9783589576416174
1787664523.738372, NoOp Chain Depth 128 Size 0 Mode ref, Ref Stage 48, run, start, 9783589576430766
1787664523.738394, NoOp Chain Depth 128 Size 0 Mode ref, Ref Stage 48, run, end, 9783589576453166
1787664523.738409, NoOp Chain Depth 128 Size 0 Mode ref, Ref Stage 49, run, start, 9783589576467710
1787664523.738430, NoOp Chain Depth 128 Size 0 Mode ref, Ref Stage 49, run, end, 9783589576488478
1787664523.738445, NoOp Chain Depth 128 Size 0 Mode ref, Ref Stage 50, run, start, 9783589576504302
1787664523.738468, NoOp Chain Depth 128 Size 0 Mode ref, Ref Stage 50, run, end, 9783589576527390
1787664523.738483, NoOp Chain Depth 128 Size 0 Mode ref, Ref Stage 51, run, start, 9783589576542094
1787664523.738504, NoOp Chain Depth 128 Size 0 Mode ref, Ref Stage 51, run, end, 9783589576562798
1787664523.738520, NoOp Chain Depth 128 Size 0 Mode ref, Ref Stage 52, run, start, 9783589576579246
1787664523.738541, NoOp Chain Depth 128 Size 0 Mode ref, Ref Stage 52, run, end, 9783589576600254
1787664523.738555, NoOp Chain Depth 128 Size 0 Mode ref, Ref Stage 53, run, start, 9783589576614622
1787664523.738576, NoOp Chain Depth 128 Size 0 Mode ref, Ref Stage 53, run, end, 9783589576635326
1787664523.738591, NoOp Chain Depth 128 Size 0 Mode ref, Ref Stage 54, run, start, 9783589576651598
1787664523.738616, NoOp Chain Depth 128 Size 0 Mode ref, Ref Stage 54, run, end, 9783589576675150
1787664523.738627, NoOp Chain Depth 128 Size 0 Mode ref, Ref Stage 55, run, start, 9783589576686542
1787664523.738661, NoOp Chain Depth 128 Size 0 Mode ref, Ref Stage 55, run, end, 9783589576720046
1787664523.738672, NoOp Chain Depth 128 Size 0 Mode ref, Ref Stage 56, run, start, 9783589576731774
1787664523.738703, NoOp Chain Depth 128 Size 0 Mode ref, Ref Stage 56, run, end, 9783589576762766
1787664523.738718, NoOp Chain Depth 128 Size 0 Mode ref, Ref Stage 57, run, start, 9783589576777454
1787664523.738739, NoOp Chain Depth 128 Size 0 Mode ref, Ref Stage 57, run, end, 9783589576797966
1787664523.738753, NoOp Chain Depth 128 Size 0 Mode ref, Ref Stage 58, run, start, 9783589576812590
1787664523.738774, NoOp Chain Depth 128 Size 0 Mode ref, Ref Stage 58, run, end, 9783589576833086
1787664523.738789, NoOp Chain Depth 128 Size 0 Mode ref, Ref Stage 59, run, start, 9783589576847838
1787664523.738809, NoOp Chain Depth 128 Size 0 Mode ref, Ref Stage 59, run, end, 9783589576868462
1787664523.738824, NoOp Chain Depth 128 Size 0 Mode ref, Ref Stage 60, run, start, 9783589576882910
1787664523.738844, NoOp Chain Depth 128 Size 0 Mode ref, Ref Stage 60, run, end, 9783589576903566
1787664523.738860, NoOp Chain Depth 128 Size 0 Mode ref, Ref Stage 61, run, start, 9783589576919358
1787664523.738883, NoOp Chain Depth 128 Size 0 Mode ref, Ref Stage 61, run, end, 9783589576942574
1787664523.738899, NoOp Chain Depth 128 Size 0 Mode ref, Ref Stage 62, run, start, 9783589576958334
1787664523.738920, NoOp Chain Depth 128 Size 0 Mode ref, Ref Stage 62, run, end, 9783589576978974
1787664523.738934, NoOp Chain Depth 128 Size 0 Mode ref, Ref Stage 63, run, start, 9783589576993470
1787664523.738956, NoOp Chain Depth 128 Size 0 Mode ref, Ref Stage 63, run, end, 9783589577015518
1787664523.738972, NoOp Chain Depth 128 Size 0 Mode ref, Ref Stage 64, run, start, 9783589577030958
1787664523.738993, NoOp Chain Depth 128 Size 0 Mode ref, Ref Stage 64, run, end, 9783589577051790
1787664523.739007, NoOp Chain Depth 128 Size 0 Mode ref, Ref Stage 65, run, start, 9783589577066478
1787664523.739028, NoOp Chain Depth 128 Size 0 Mode ref, Ref Stage 65, run, end, 9783589577087342
1787664523.739043, NoOp Chain Depth 128 Size 0 Mode ref, Ref Stage 66, run, start, 9783589577101918
1787664523.739065, NoOp Chain Depth 128 Size 0 Mode ref, Ref Stage 66, run, end, 9783589577124078
1787664523.739079, NoOp Chain Depth 128 Size 0 Mode ref, Ref Stage 67, run, start, 9783589577138462
1787664523.739101, NoOp Chain Depth 128 Size 0 Mode ref, Ref Stage 67, run, end, 9783589577160237
1787664523.739115, NoOp Chain Depth 128 Size 0 Mode ref, Ref Stage 68, run, start, 9783589577174717
1787664523.739141, NoOp Chain Depth 128 Size 0 Mode ref, Ref Stage 68, run, end, 9783589577199869
1787664523.739155, NoOp Chain Depth 128 Size 0 Mode ref, Ref Stage 69, run, start, 9783589577214477
1787664523.739176, NoOp Chain Depth 128 Size 0 Mode ref, Ref Stage 69, run, end, 9783589577235277
1787664523.739191, NoOp Chain Depth 128 Size 0 Mode ref, Ref Stage 70, run, start, 9783589577250445
1787664523.739212, NoOp Chain Depth 128 Size 0 Mode ref, Ref Stage 70, run, end, 9783589577270973
1787664523.739227, NoOp Chain Depth 128 Size 0 Mode ref, Ref Stage 71, run, start, 9783589577286525
1787664523.739250, NoOp Chain Depth 128 Size 0 Mode ref, Ref Stage 71, run, end, 9783589577309501
1787664523.739262, NoOp Chain Depth 128 Size 0 Mode ref, Ref Stage 72, run, start, 9783589577321341
1787664523.741451, NoOp Chain Depth 128 Size 0 Mode ref, Ref Stage 72, run, end, 9783589579511804
1787664523.741469, NoOp Chain Depth 128 Size 0 Mode ref, Ref Stage 73, run, start, 9783589579529164
1787664523.741492, NoOp Chain Depth 128 Size 0 Mode ref, Ref Stage 73, run, end, 9783589579551340
1787664523.741507, NoOp Chain Depth 128 Size 0 Mode ref, Ref Stage 74, run, start, 9783589579566572
1787664523.741529, NoOp Chain Depth 128 Size 0 Mode ref, Ref Stage 74, run, end, 9783589579588060
1787664523.741544, NoOp Chain Depth 128 Size 0 Mode ref, Ref Stage 75, run, start, 9783589579602732
1787664523.741565, NoOp Chain Depth 128 Size 0 Mode ref, Ref Stage 75, run, end, 9783589579623628
1787664523.741579, NoOp Chain Depth 128 Size 0 Mode ref, Ref Stage 76, run, start, 9783589579638476
1787664523.741601, NoOp Chain Depth 128 Size 0 Mode ref, Ref Stage 76, run, end, 9783589579659740
1787664523.741615, NoOp Chain Depth 128 Size 0 Mode ref, Ref Stage 77, run, start, 9783589579674524
1787664523.741636, NoOp Chain Depth 128 Size 0 Mode ref, Ref Stage 77, run, end, 9783589579695660
1787664523.741651, NoOp Chain Depth 128 Size 0 Mode ref, Ref Stage 78, run, start, 9783589579710460
1787664523.741674, NoOp Chain Depth 128 Size 0 Mode ref, Ref Stage 78, run, end, 9783589579733068
1787664523.741685, NoOp Chain Depth 128 Size 0 Mode ref, Ref Stage 79, run, start, 9783589579744780
1787664523.741716, NoOp Chain Depth 128 Size 0 Mode ref, Ref Stage 79, run, end, 9783589579775660
1787664523.741731, NoOp Chain Depth 128 Size 0 Mode ref, Ref Stage 80, run, start, 9783589579790476
1787664523.741752, NoOp Chain Depth 128 Size 0 Mode ref, Ref Stage 80, run, end, 9783589579811356
1787664523.741767, NoOp Chain Depth 128 Size 0 Mode ref, Ref Stage 81, run, start, 9783589579825868
1787664523.741787, NoOp Chain Depth 128 Size 0 Mode ref, Ref Stage 81, run, end, 9783589579846460
1787664523.741802, NoOp Chain Depth 128 Size 0 Mode ref, Ref Stage 82, run, start, 9783589579861356
1787664523.741822, NoOp Chain Depth 128 Size 0 Mode ref, Ref Stage 82, run, end, 9783589579881564
1787664523.741837, NoOp Chain Depth 128 Size 0 Mode ref, Ref Stage 83, run, start, 9783589579895836
1787664523.741857, NoOp Chain Depth 128 Size 0 Mode ref, Ref Stage 83, run, end, 9783589579916364
1787664523.741872, NoOp Chain Depth 128 Size 0 Mode ref, Ref Stage 84, run, start, 9783589579930828
1787664523.741892, NoOp Chain Depth 128 Size 0 Mode ref, Ref Stage 84, run, end, 9783589579951436
1787664523.741906, NoOp Chain Depth 128 Size 0 Mode ref, Ref Stage 85, run, start, 9783589579965820
1787664523.741927, NoOp Chain Depth 128 Size 0 Mode ref, Ref Stage 85, run, end, 9783589579986716
1787664523.741942, NoOp Chain Depth 128 Size 0 Mode ref, Ref Stage 86, run, start, 9783589580003164
1787664523.741966, NoOp Chain Depth 128 Size 0 Mode ref, Ref Stage 86, run, end, 9783589580024860
1787664523.741981, NoOp Chain Depth 128 Size 0 Mode ref, Ref Stage 87, run, start, 9783589580040124
1787664523.742003, NoOp Chain Depth 128 Size 0 Mode ref, Ref Stage 87, run, end, 9783589580062236
1787664523.742014, NoOp Chain Depth 128 Size 0 Mode ref, Ref Stage 88, run, start, 9783589580073804
1787664523.742045, NoOp Chain Depth 128 Size 0 Mode ref, Ref Stage 88, run, end, 9783589580104524
1787664523.742061, NoOp Chain Depth 128 Size 0 Mode ref, Ref Stage 89, run, start, 9783589580119820
1787664523.742081, NoOp Chain Depth 128 Size 0 Mode ref, Ref Stage 89, run, end, 9783589580140428
1787664523.742096, NoOp Chain Depth 128 Size 0 Mode ref, Ref Stage 90, run, start, 9783589580154892
1787664523.742118, NoOp Chain Depth 128 Size 0 Mode ref, Ref Stage 90, run, end, 9783589580176876
1787664523.742439, NoOp Chain Depth 128 Size 0 Mode ref, Ref Stage 91, run, start, 9783589580498571
1787664523.742567, NoOp Chain Depth 128 Size 0 Mode ref, Ref Stage 91, run, end, 9783589580626651
1787664523.742583, NoOp Chain Depth 128 Size 0 Mode ref, Ref Stage 92, run, start, 9783589580641915
1787664523.742604, NoOp Chain Depth 128 Size 0 Mode ref, Ref Stage 92, run, end, 9783589580663179
1787664523.742619, NoOp Chain Depth 128 Size 0 Mode ref, Ref Stage 93, run, start, 9783589580677995
1787664523.742642, NoOp Chain Depth 128 Size 0 Mode ref, Ref Stage 93, run, end, 9783589580701179
1787664523.742656, NoOp Chain Depth 128 Size 0 Mode ref, Ref Stage 94, run, start, 9783589580715691
1787664523.742677, NoOp Chain Depth 128 Size 0 Mode ref, Ref Stage 94, run, end, 9783589580736731
1787664523.742692, NoOp Chain Depth 128 Size 0 Mode ref, Ref Stage 95, run, start, 9783589580751611
1787664523.742713, NoOp Chain Depth 128 Size 0 Mode ref, Ref Stage 95, run, end, 9783589580772763
1787664523.742728, NoOp Chain Depth 128 Size 0 Mode ref, Ref Stage 96, run, start, 9783589580787227
1787664523.742751, NoOp Chain Depth 128 Size 0 Mode ref, Ref Stage 96, run, end, 9783589580809851
1787664523.742762, NoOp Chain Depth 128 Size 0 Mode ref, Ref Stage 97, run, start, 9783589580821451
1787664523.742794, NoOp Chain Depth 128 Size 0 Mode ref, Ref Stage 97, run, end, 9783589580853435
1787664523.742805, NoOp Chain Depth 128 Size 0 Mode ref, Ref Stage 98, run, start, 9783589580864923
1787664523.742836, NoOp Chain Depth 128 Size 0 Mode ref, Ref Stage 98, run, end, 9783589580895563
1787664523.742851, NoOp Chain Depth 128 Size 0 Mode ref, Ref Stage 99, run, start, 9783589580910171
1787664523.742872, NoOp Chain Depth 128 Size 0 Mode ref, Ref Stage 99, run, end, 9783589580931595
1787664523.742888, NoOp Chain Depth 128 Size 0 Mode ref, Ref Stage 100, run, start, 9783589580947275
1787664523.742909, NoOp Chain Depth 128 Size 0 Mode ref, Ref Stage 100, run, end, 9783589580968587
1787664523.742924, NoOp Chain Depth 128 Size 0 Mode ref, Ref Stage 101, run, start, 9783589580983483
1787664523.742947, NoOp Chain Depth 128 Size 0 Mode ref, Ref Stage 101, run, end, 9783589581006763
1787664523.742963, NoOp Chain Depth 128 Size 0 Mode ref, Ref Stage 102, run, start, 9783589581022667
1787664523.742985, NoOp Chain Depth 128 Size 0 Mode ref, Ref Stage 102, run, end, 9783589581044171
1787664523.743000, NoOp Chain Depth 128 Size 0 Mode ref, Ref Stage 103, run, start, 9783589581059163
1787664523.743021, NoOp Chain Depth 128 Size 0 Mode ref, Ref Stage 103, run, end, 9783589581080475
1787664523.743036, NoOp Chain Depth 128 Size 0 Mode ref, Ref Stage 104, run, start, 9783589581095531
1787664523.743058, NoOp Chain Depth 128 Size 0 Mode ref, Ref Stage 104, run, end, 9783589581116987
1787664523.743072, NoOp Chain Depth 128 Size 0 Mode ref, Ref Stage 105, run, start, 9783589581131515
1787664523.743093, NoOp Chain Depth 128 Size 0 Mode ref, Ref Stage 105, run, end, 9783589581152107
1787664523.743108, NoOp Chain Depth 128 Size 0 Mode ref, Ref Stage 106, run, start, 9783589581166715
1787664523.743132, NoOp Chain Depth 128 Size 0 Mode ref, Ref Stage 106, run, end, 9783589581191083
1787664523.743147, NoOp Chain Depth 128 Size 0 Mode ref, Ref Stage 107, run, start, 9783589581206555
1787664523.743168, NoOp Chain Depth 128 Size 0 Mode ref, Ref Stage 107, run, end, 9783589581227227
1787664523.743182, NoOp Chain Depth 128 Size 0 Mode ref, Ref Stage 108, run, start, 9783589581241691
1787664523.743203, NoOp Chain Depth 128 Size 0 Mode ref, Ref Stage 108, run, end, 9783589581262219
1787664523.743218, NoOp Chain Depth 128 Size 0 Mode ref, Ref Stage 109, run, start, 9783589581276955
1787664523.743241, NoOp Chain Depth 128 Size 0 Mode ref, Ref Stage 109, run, end, 9783589581300091
1787664523.743256, NoOp Chain Depth 128 Size 0 Mode ref, Ref Stage 110, run, start, 9783589581314811
1787664523.743276, NoOp Chain Depth 128 Size 0 Mode ref, Ref Stage 110, run, end, 9783589581335547
1787664523.743292, NoOp Chain Depth 128 Size 0 Mode ref, Ref Stage 111, run, start, 9783589581351291
1787664523.743694, NoOp Chain Depth 128 Size 0 Mode ref, Ref Stage 111, run, end, 9783589581753803
1787664523.743820, NoOp Chain Depth 128 Size 0 Mode ref, Ref Stage 112, run, start, 9783589581880042
1787664523.743844, NoOp Chain Depth 128 Size 0 Mode ref, Ref Stage 112, run, end, 9783589581903354
1787664523.743859, NoOp Chain Depth 128 Size 0 Mode ref, Ref Stage 113, run, start, 9783589581918634
1787664523.743881, NoOp Chain Depth 128 Size 0 Mode ref, Ref Stage 113, run, end, 9783589581939642
1787664523.743897, NoOp Chain Depth 128 Size 0 Mode ref, Ref Stage 114, run, start, 9783589581956234
1787664523.743918, NoOp Chain Depth 128 Size 0 Mode ref, Ref Stage 114, run, end, 9783589581977226
1787664523.743933, NoOp Chain Depth 128 Size 0 Mode ref, Ref Stage 115, run, start, 9783589581992186
1787664523.743957, NoOp Chain Depth 128 Size 0 Mode ref, Ref Stage 115, run, end, 9783589582016058
1787664523.743972, NoOp Chain Depth 128 Size 0 Mode ref, Ref Stage 116, run, start, 9783589582031690
1787664523.743994, NoOp Chain Depth 128 Size 0 Mode ref, Ref Stage 116, run, end, 9783589582053098
1787664523.744009, NoOp Chain Depth 128 Size 0 Mode ref, Ref Stage 117, run, start, 9783589582068010
1787664523.744031, NoOp Chain Depth 128 Size 0 Mode ref, Ref Stage 117, run, end, 9783589582090458
1787664523.744047, NoOp Chain Depth 128 Size 0 Mode ref, Ref Stage 118, run, start, 9783589582106058
1787664523.744068, NoOp Chain Depth 128 Size 0 Mode ref, Ref Stage 118, run, end, 9783589582127082
1787664523.744082, NoOp Chain Depth 128 Size 0 Mode ref, Ref Stage 119, run, start, 9783589582141658
1787664523.744103, NoOp Chain Depth 128 Size 0 Mode ref, Ref Stage 119, run, end, 9783589582162282
1787664523.744118, NoOp Chain Depth 128 Size 0 Mode ref, Ref Stage 120, run, start, 9783589582177034
1787664523.744138, NoOp Chain Depth 128 Size 0 Mode ref, Ref Stage 120, run, end, 9783589582197738
1787664523.744153, NoOp Chain Depth 128 Size 0 Mode ref, Ref Stage 121, run, start, 9783589582212458
1787664523.744174, NoOp Chain Depth 128 Size 0 Mode ref, Ref Stage 121, run, end, 9783589582232986
1787664523.744188, NoOp Chain Depth 128 Size 0 Mode ref, Ref Stage 122, run, start, 9783589582247770
1787664523.744209, NoOp Chain Depth 128 Size 0 Mode ref, Ref Stage 122, run, end, 9783589582268186
1787664523.744224, NoOp Chain Depth 128 Size 0 Mode ref, Ref Stage 123, run, start, 9783589582282810
1787664523.744246, NoOp Chain Depth 128 Size 0 Mode ref, Ref Stage 123, run, end, 9783589582304826
1787664523.744260, NoOp Chain Depth 128 Size 0 Mode ref, Ref Stage 124, run, start, 9783589582319450
1787664523.744281, NoOp Chain Depth 128 Size 0 Mode ref, Ref Stage 124, run, end, 9783589582340426
1787664523.744296, NoOp Chain Depth 128 Size 0 Mode ref, Ref Stage 125, run, start, 9783589582355194
1787664523.744321, NoOp Chain Depth 128 Size 0 Mode ref, Ref Stage 125, run, end, 9783589582379834
1787664523.744332, NoOp Chain Depth 128 Size 0 Mode ref, Ref Stage 126, run, start, 9783589582391546
1787664523.744365, NoOp Chain Depth 128 Size 0 Mode ref, Ref Stage 126, run, end, 9783589582424074
1787664523.744377, NoOp Chain Depth 128 Size 0 Mode ref, Ref Stage 127, run, start, 9783589582436266
1787664523.744408, NoOp Chain Depth 128 Size 0 Mode ref, Ref Stage 127, run, end, 9783589582467194
1787664523.744423, NoOp Chain Depth 128 Size 0 Mode ref, pipeline - train, run, end, 266644576843970411774503508611929540386, 1787664523.735379, 24, 1, 9783589582482250
1787664523.744460, NoOp Chain Depth 128 Size 0 Mode ref, pipeline - train, run, start, 323639056741130315858542096497427602594, 1787664523.744448, 25, 1, 9783589582519002
1787664523.744482, NoOp Chain Depth 128 Size 0 Mode ref, Ref Stage 0, run, start, 9783589582541418
1787664523.744503, NoOp Chain Depth 128 Size 0 Mode ref, Ref Stage 0, run, end, 9783589582562650
1787664523.744518, NoOp Chain Depth 128 Size 0 Mode ref, Ref Stage 1, run, start, 9783589582577306
1787664523.744540, NoOp Chain Depth 128 Size 0 Mode ref, Ref Stage 1, run, end, 9783589582599258
1787664523.744555, NoOp Chain Depth 128 Size 0 Mode ref, Ref Stage 2, run, start, 9783589582613914
1787664523.744576, NoOp Chain Depth 128 Size 0 Mode ref, Ref Stage 2, run, end, 9783589582635546
1787664523.744591, NoOp Chain Depth 128 Size 0 Mode ref, Ref Stage 3, run, start, 9783589582650202
1787664523.744612, NoOp Chain Depth 128 Size 0 Mode ref, Ref Stage 3, run, end, 9783589582670906
1787664523.744627, NoOp Chain Depth 128 Size 0 Mode ref, Ref Stage 4, run, start, 9783589582685578
1787664523.744648, NoOp Chain Depth 128 Size 0 Mode ref, Ref Stage 4, run, end, 9783589582707738
1787664523.744665, NoOp Chain Depth 128 Size 0 Mode ref, Ref Stage 5, run, start, 9783589582724682
1787664523.744688, NoOp Chain Depth 128 Size 0 Mode ref, Ref Stage 5, run, end, 9783589582747114
1787664523.744703, NoOp Chain Depth 128 Size 0 Mode ref, Ref Stage 6, run, start, 9783589582762026
1787664523.744724, NoOp Chain Depth 128 Size 0 Mode ref, Ref Stage 6, run, end, 9783589582783482
1787664523.744741, NoOp Chain Depth 128 Size 0 Mode ref, Ref Stage 7, run, start, 9783589582799930
1787664523.745072, NoOp Chain Depth 128 Size 0 Mode ref, Ref Stage 7, run, end, 9783589583131786
1787664523.745191, NoOp Chain Depth 128 Size 0 Mode ref, Ref Stage 8, run, start, 9783589583250650
1787664523.745214, NoOp Chain Depth 128 Size 0 Mode ref, Ref Stage 8, run, end, 9783589583273305
1787664523.745229, NoOp Chain Depth 128 Size 0 Mode ref, Ref Stage 9, run, start, 9783589583288153
1787664523.745250, NoOp Chain Depth 128 Size 0 Mode ref, Ref Stage 9, run, end, 9783589583309257
1787664523.745265, NoOp Chain Depth 128 Size 0 Mode ref, Ref Stage 10, run, start, 9783589583324233
1787664523.745286, NoOp Chain Depth 128 Size 0 Mode ref, Ref Stage 10, run, end, 9783589583345097
1787664523.745301, NoOp Chain Depth 128 Size 0 Mode ref, Ref Stage 11, run, start, 9783589583360105
1787664523.745322, NoOp Chain Depth 128 Size 0 Mode ref, Ref Stage 11, run, end, 9783589583380969
1787664523.745337, NoOp Chain Depth 128 Size 0 Mode ref, Ref Stage 12, run, start, 9783589583395945
1787664523.745359, NoOp Chain Depth 128 Size 0 Mode ref, Ref Stage 12, run, end, 9783589583418361
1787664523.745371, NoOp Chain Depth 128 Size 0 Mode ref, Ref Stage 13, run, start, 9783589583430009
1787664523.745403, NoOp Chain Depth 128 Size 0 Mode ref, Ref Stage 13, run, end, 9783589583461865
1787664523.745417, NoOp Chain Depth 128 Size 0 Mode ref, Ref Stage 14, run, start, 9783589583476505
1787664523.745440, NoOp Chain Depth 128 Size 0 Mode ref, Ref Stage 14, run, end, 9783589583498729
1787664523.745454, NoOp Chain Depth 128 Size 0 Mode ref, Ref Stage 15, run, start, 9783589583513753
1787664523.745477, NoOp Chain Depth 128 Size 0 Mode ref, Ref Stage 15, run, end, 9783589583535833
1787664523.745491, NoOp Chain Depth 128 Size 0 Mode ref, Ref Stage 16, run, start, 9783589583550553
1787664523.745512, NoOp Chain Depth 128 Size 0 Mode ref, Ref Stage 16, run, end, 9783589583571305
1787664523.745527, NoOp Chain Depth 128 Size 0 Mode ref, Ref Stage 17, run, start, 9783589583586265
1787664523.745548, NoOp Chain Depth 128 Size 0 Mode ref, Ref Stage 17, run, end, 9783589583607305
1787664523.745563, NoOp Chain Depth 128 Size 0 Mode ref, Ref Stage 18, run, start, 9783589583622009
1787664523.745585, NoOp Chain Depth 128 Size 0 Mode ref, Ref Stage 18, run, end, 9783589583643785
1787664523.745599, NoOp Chain Depth 128 Size 0 Mode ref, Ref Stage 19, run, start, 9783589583658441
1787664523.745621, NoOp Chain Depth 128 Size 0 Mode ref, Ref Stage 19, run, end, 9783589583680681
1787664523.745634, NoOp Chain Depth 128 Size 0 Mode ref, Ref Stage 20, run, start, 9783589583693481
1787664523.745665, NoOp Chain Depth 128 Size 0 Mode ref, Ref Stage 20, run, end, 9783589583724697
1787664523.745680, NoOp Chain Depth 128 Size 0 Mode ref, Ref Stage 21, run, start, 9783589583739369
1787664523.745701, NoOp Chain Depth 128 Size 0 Mode ref, Ref Stage 21, run, end, 9783589583761097
1787664523.745717, NoOp Chain Depth 128 Size 0 Mode ref, Ref Stage 22, run, start, 9783589583775897
1787664523.745826, NoOp Chain Depth 128 Size 0 Mode ref, Ref Stage 22, run, end, 9783589583885929
1787664523.745843, NoOp Chain Depth 128 Size 0 Mode ref, Ref Stage 23, run, start, 9783589583902089
1787664523.745865, NoOp Chain Depth 128 Size 0 Mode ref, Ref Stage 23, run, end, 9783589583924041
1787664523.745880, NoOp Chain Depth 128 Size 0 Mode ref, Ref Stage 24, run, start, 9783589583938841
1787664523.745901, NoOp Chain Depth 128 Size 0 Mode ref, Ref Stage 24, run, end, 9783589583959721
1787664523.745915, NoOp Chain Depth 128 Size 0 Mode ref, Ref Stage 25, run, start, 9783589583974377
1787664523.745946, NoOp Chain Depth 128 Size 0 Mode ref, Ref Stage 25, run, end, 9783589584005769
1787664523.745962, NoOp Chain Depth 128 Size 0 Mode ref, Ref Stage 26, run, start, 9783589584021305
1787664523.745983, NoOp Chain Depth 128 Size 0 Mode ref, Ref Stage 26, run, end, 9783589584042281
1787664523.745998, NoOp Chain Depth 128 Size 0 Mode ref, Ref Stage 27, run, start, 9783589584056905
1787664523.746018, NoOp Chain Depth 128 Size 0 Mode ref, Ref Stage 27, run, end, 9783589584077417
1787664523.746033, NoOp Chain Depth 128 Size 0 Mode ref, Ref Stage 28, run, start, 9783589584091993
1787664523.746054, NoOp Chain Depth 128 Size 0 Mode ref, Ref Stage 28, run, end, 9783589584113065
1787664523.746070, NoOp Chain Depth 128 Size 0 Mode ref, Ref Stage 29, run, start, 9783589584129385
1787664523.746093, NoOp Chain Depth 128 Size 0 Mode ref, Ref Stage 29, run, end, 9783589584152473
1787664523.746109, NoOp Chain Depth 128 Size 0 Mode ref, Ref Stage 30, run, start, 9783589584167977
1787664523.746130, NoOp Chain Depth 128 Size 0 Mode ref, Ref Stage 30, run, end, 9783589584189609
1787664523.746145, NoOp Chain Depth 128 Size 0 Mode ref, Ref Stage 31, run, start, 9783589584204281
1787664523.746166, NoOp Chain Depth 128 Size 0 Mode ref, Ref Stage 31, run, end, 9783589584224953
1787664523.746180, NoOp Chain Depth 128 Size 0 Mode ref, Ref Stage 32, run, start, 9783589584239497
1787664523.746201, NoOp Chain Depth 128 Size 0 Mode ref, Ref Stage 32, run, end, 9783589584260265
1787664523.746216, NoOp Chain Depth 128 Size 0 Mode ref, Ref Stage 33, run, start, 9783589584275033
1787664523.746236, NoOp Chain Depth 128 Size 0 Mode ref, Ref Stage 33, run, end, 9783589584295657
1787664523.746251, NoOp Chain Depth 128 Size 0 Mode ref, Ref Stage 34, run, start, 9783589584310329
1787664523.746272, NoOp Chain Depth 128 Size 0 Mode ref, Ref Stage 34, run, end, 9783589584330889
1787664523.746286, NoOp Chain Depth 128 Size 0 Mode ref, Ref Stage 35, run, start, 9783589584345513
1787664523.746308, NoOp Chain Depth 128 Size 0 Mode ref, Ref Stage 35, run, end, 9783589584367049
1787664523.746323, NoOp Chain Depth 128 Size 0 Mode ref, Ref Stage 36, run, start, 9783589584382585
1787664523.746344, NoOp Chain Depth 128 Size 0 Mode ref, Ref Stage 36, run, end, 9783589584403465
1787664523.746359, NoOp Chain Depth 128 Size 0 Mode ref, Ref Stage 37, run, start, 9783589584418169
1787664523.746380, NoOp Chain Depth 128 Size 0 Mode ref, Ref Stage 37, run, end, 9783589584438921
1787664523.746394, NoOp Chain Depth 128 Size 0 Mode ref, Ref Stage 38, run, start, 9783589584453561
1787664523.746415, NoOp Chain Depth 128 Size 0 Mode ref, Ref Stage 38, run, end, 9783589584474137
1787664523.746430, NoOp Chain Depth 128 Size 0 Mode ref, Ref Stage 39, run, start, 9783589584489017
1787664523.746453, NoOp Chain Depth 128 Size 0 Mode ref, Ref Stage 39, run, end, 9783589584512409
1787664523.746861, NoOp Chain Depth 128 Size 0 Mode ref, Ref Stage 40, run, start, 9783589584921640
1787664523.746885, NoOp Chain Depth 128 Size 0 Mode ref, Ref Stage 40, run, end, 9783589584944744
1787664523.746901, NoOp Chain Depth 128 Size 0 Mode ref, Ref Stage 41, run, start, 9783589584960584
1787664523.746923, NoOp Chain Depth 128 Size 0 Mode ref, Ref Stage 41, run, end, 9783589584982712
1787664523.746938, NoOp Chain Depth 128 Size 0 Mode ref, Ref Stage 42, run, start, 9783589584997464
1787664523.746963, NoOp Chain Depth 128 Size 0 Mode ref, Ref Stage 42, run, end, 9783589585021816
1787664523.746978, NoOp Chain Depth 128 Size 0 Mode ref, Ref Stage 43, run, start, 9783589585036840
1787664523.746999, NoOp Chain Depth 128 Size 0 Mode ref, Ref Stage 43, run, end, 9783589585057896
1787664523.747014, NoOp Chain Depth 128 Size 0 Mode ref, Ref Stage 44, run, start, 9783589585073624
1787664523.747036, NoOp Chain Depth 128 Size 0 Mode ref, Ref Stage 44, run, end, 9783589585094632
1787664523.747050, NoOp Chain Depth 128 Size 0 Mode ref, Ref Stage 45, run, start, 9783589585109112
1787664523.747071, NoOp Chain Depth 128 Size 0 Mode ref, Ref Stage 45, run, end, 9783589585129896
1787664523.747190, NoOp Chain Depth 128 Size 0 Mode ref, Ref Stage 46, run, start, 9783589585248888
1787664523.747213, NoOp Chain Depth 128 Size 0 Mode ref, Ref Stage 46, run, end, 9783589585272552
1787664523.747225, NoOp Chain Depth 128 Size 0 Mode ref, Ref Stage 47, run, start, 9783589585284440
1787664523.747257, NoOp Chain Depth 128 Size 0 Mode ref, Ref Stage 47, run, end, 9783589585315880
1787664523.747272, NoOp Chain Depth 128 Size 0 Mode ref, Ref Stage 48, run, start, 9783589585330824
1787664523.747293, NoOp Chain Depth 128 Size 0 Mode ref, Ref Stage 48, run, end, 9783589585352392
1787664523.747308, NoOp Chain Depth 128 Size 0 Mode ref, Ref Stage 49, run, start, 9783589585367368
1787664523.747329, NoOp Chain Depth 128 Size 0 Mode ref, Ref Stage 49, run, end, 9783589585388808
1787664523.747344, NoOp Chain Depth 128 Size 0 Mode ref, Ref Stage 50, run, start, 9783589585403336
1787664523.747365, NoOp Chain Depth 128 Size 0 Mode ref, Ref Stage 50, run, end, 9783589585424520
1787664523.747380, NoOp Chain Depth 128 Size 0 Mode ref, Ref Stage 51, run, start, 9783589585439544
1787664523.747404, NoOp Chain Depth 128 Size 0 Mode ref, Ref Stage 51, run, end, 9783589585462712
1787664523.747418, NoOp Chain Depth 128 Size 0 Mode ref, Ref Stage 52, run, start, 9783589585477448
1787664523.747439, NoOp Chain Depth 128 Size 0 Mode ref, Ref Stage 52, run, end, 9783589585498472
1787664523.747454, NoOp Chain Depth 128 Size 0 Mode ref, Ref Stage 53, run, start, 9783589585513096
1787664523.747475, NoOp Chain Depth 128 Size 0 Mode ref, Ref Stage 53, run, end, 9783589585534008
1787664523.747490, NoOp Chain Depth 128 Size 0 Mode ref, Ref Stage 54, run, start, 9783589585549256
1787664523.747511, NoOp Chain Depth 128 Size 0 Mode ref, Ref Stage 54, run, end, 9783589585570072
1787664523.747526, NoOp Chain Depth 128 Size 0 Mode ref, Ref Stage 55, run, start, 9783589585584696
1787664523.747548, NoOp Chain Depth 128 Size 0 Mode ref, Ref Stage 55, run, end, 9783589585607480
1787664523.747563, NoOp Chain Depth 128 Size 0 Mode ref, Ref Stage 56, run, start, 9783589585622056
1787664523.747586, NoOp Chain Depth 128 Size 0 Mode ref, Ref Stage 56, run, end, 9783589585645032
1787664523.747597, NoOp Chain Depth 128 Size 0 Mode ref, Ref Stage 57, run, start, 9783589585656792
1787664523.747630, NoOp Chain Depth 128 Size 0 Mode ref, Ref Stage 57, run, end, 9783589585688760
1787664523.747645, NoOp Chain Depth 128 Size 0 Mode ref, Ref Stage 58, run, start, 9783589585704376
1787664523.747666, NoOp Chain Depth 128 Size 0 Mode ref, Ref Stage 58, run, end, 9783589585725416
1787664523.747680, NoOp Chain Depth 128 Size 0 Mode ref, Ref Stage 59, run, start, 9783589585739800
1787664523.747701, NoOp Chain Depth 128 Size 0 Mode ref, Ref Stage 59, run, end, 9783589585760520
1787664523.747716, NoOp Chain Depth 128 Size 0 Mode ref, Ref Stage 60, run, start, 9783589585775096
1787664523.747737, NoOp Chain Depth 128 Size 0 Mode ref, Ref Stage 60, run, end, 9783589585795864
1787664523.747751, NoOp Chain Depth 128 Size 0 Mode ref, Ref Stage 61, run, start, 9783589585810280
1787664523.747772, NoOp Chain Depth 128 Size 0 Mode ref, Ref Stage 61, run, end, 9783589585830968
1787664523.747787, NoOp Chain Depth 128 Size 0 Mode ref, Ref Stage 62, run, start, 9783589585846360
1787664523.747808, NoOp Chain Depth 128 Size 0 Mode ref, Ref Stage 62, run, end, 9783589585867016
1787664523.747823, NoOp Chain Depth 128 Size 0 Mode ref, Ref Stage 63, run, start, 9783589585882584
1787664523.747844, NoOp Chain Depth 128 Size 0 Mode ref, Ref Stage 63, run, end, 9783589585903496
1787664523.747859, NoOp Chain Depth 128 Size 0 Mode ref, Ref Stage 64, run, start, 9783589585918104
1787664523.747880, NoOp Chain Depth 128 Size 0 Mode ref, Ref Stage 64, run, end, 9783589585938808
1787664523.747894, NoOp Chain Depth 128 Size 0 Mode ref, Ref Stage 65, run, start, 9783589585953432
1787664523.747915, NoOp Chain Depth 128 Size 0 Mode ref, Ref Stage 65, run, end, 9783589585974168
1787664523.747929, NoOp Chain Depth 128 Size 0 Mode ref, Ref Stage 66, run, start, 9783589585988648
1787664523.747951, NoOp Chain Depth 128 Size 0 Mode ref, Ref Stage 66, run, end, 9783589586010408
1787664523.747968, NoOp Chain Depth 128 Size 0 Mode ref, Ref Stage 67, run, start, 9783589586027160
1787664523.747990, NoOp Chain Depth 128 Size 0 Mode ref, Ref Stage 67, run, end, 9783589586049016
1787664523.748005, NoOp Chain Depth 128 Size 0 Mode ref, Ref Stage 68, run, start, 9783589586063800
1787664523.748027, NoOp Chain Depth 128 Size 0 Mode ref, Ref Stage 68, run, end, 9783589586085960
1787664523.748041, NoOp Chain Depth 128 Size 0 Mode ref, Ref Stage 69, run, start, 9783589586100616
1787664523.748065, NoOp Chain Depth 128 Size 0 Mode ref, Ref Stage 69, run, end, 9783589586123704
1787664523.748080, NoOp Chain Depth 128 Size 0 Mode ref, Ref Stage 70, run, start, 9783589586139096
1787664523.748103, NoOp Chain Depth 128 Size 0 Mode ref, Ref Stage 70, run, end, 9783589586162600
1787664523.748115, NoOp Chain Depth 128 Size 0 Mode ref, Ref Stage 71, run, start, 9783589586174376
1787664523.748147, NoOp Chain Depth 128 Size 0 Mode ref, Ref Stage 71, run, end, 9783589586205992
1787664523.748162, NoOp Chain Depth 128 Size 0 Mode ref, Ref Stage 72, run, start, 9783589586220968
1787664523.748184, NoOp Chain Depth 128 Size 0 Mode ref, Ref Stage 72, run, end, 9783589586243416
1787664523.748199, NoOp Chain Depth 128 Size 0 Mode ref, Ref Stage 73, run, start, 9783589586258584
1787664523.748220, NoOp Chain Depth 128 Size 0 Mode ref, Ref Stage 73, run, end, 9783589586279528
1787664523.748235, NoOp Chain Depth 128 Size 0 Mode ref, Ref Stage 74, run, start, 9783589586293800
1787664523.748255, NoOp Chain Depth 128 Size 0 Mode ref, Ref Stage 74, run, end, 9783589586314792
1787664523.748270, NoOp Chain Depth 128 Size 0 Mode ref, Ref Stage 75, run, start, 9783589586329544
1787664523.748291, NoOp Chain Depth 128 Size 0 Mode ref, Ref Stage 75, run, end, 9783589586350119
1787664523.748306, NoOp Chain Depth 128 Size 0 Mode ref, Ref Stage 76, run, start, 9783589586364823
1787664523.748327, NoOp Chain Depth 128 Size 0 Mode ref, Ref Stage 76, run, end, 9783589586386263
1787664523.748345, NoOp Chain Depth 128 Size 0 Mode ref, Ref Stage 77, run, start, 9783589586404391
1787664523.748366, NoOp Chain Depth 128 Size 0 Mode ref, Ref Stage 77, run, end, 9783589586425191
1787664523.748381, NoOp Chain Depth 128 Size 0 Mode ref, Ref Stage 78, run, start, 9783589586440535
1787664523.748402, NoOp Chain Depth 128 Size 0 Mode ref, Ref Stage 78, run, end, 9783589586461271
1787664523.748418, NoOp Chain Depth 128 Size 0 Mode ref, Ref Stage 79, run, start, 9783589586476711
1787664523.748440, NoOp Chain Depth 128 Size 0 Mode ref, Ref Stage 79, run, end, 9783589586499239
1787664523.748452, NoOp Chain Depth 128 Size 0 Mode ref, Ref Stage 80, run, start, 9783589586511399
1787664523.748484, NoOp Chain Depth 128 Size 0 Mode ref, Ref Stage 80, run, end, 9783589586542807
1787664523.748499, NoOp Chain Depth 128 Size 0 Mode ref, Ref Stage 81, run, start, 9783589586558743
1787664523.748520, NoOp Chain Depth 128 Size 0 Mode ref, Ref Stage 81, run, end, 9783589586579463
1787664523.748535, NoOp Chain Depth 128 Size 0 Mode ref, Ref Stage 82, run, start, 9783589586594103
1787664523.748555, NoOp Chain Depth 128 Size 0 Mode ref, Ref Stage 82, run, end, 9783589586614471
1787664523.748569, NoOp Chain Depth 128 Size 0 Mode ref, Ref Stage 83, run, start, 9783589586628967
1787664523.748593, NoOp Chain Depth 128 Size 0 Mode ref, Ref Stage 83, run, end, 9783589586651863
1787664523.748607, NoOp Chain Depth 128 Size 0 Mode ref, Ref Stage 84, run, start, 9783589586666487
1787664523.748628, NoOp Chain Depth 128 Size 0 Mode ref, Ref Stage 84, run, end, 9783589586686951
1787664523.748642, NoOp Chain Depth 128 Size 0 Mode ref, Ref Stage 85, run, start, 9783589586701463
1787664523.748663, NoOp Chain Depth 128 Size 0 Mode ref, Ref Stage 85, run, end, 9783589586722183
1787664523.748679, NoOp Chain Depth 128 Size 0 Mode ref, Ref Stage 86, run, start, 9783589586738055
1787664523.748700, NoOp Chain Depth 128 Size 0 Mode ref, Ref Stage 86, run, end, 9783589586759287
1787664523.748716, NoOp Chain Depth 128 Size 0 Mode ref, Ref Stage 87, run, start, 9783589586774855
1787664523.748739, NoOp Chain Depth 128 Size 0 Mode ref, Ref Stage 87, run, end, 9783589586798311
1787664523.748751, NoOp Chain Depth 128 Size 0 Mode ref, Ref Stage 88, run, start, 9783589586809815
1787664523.748782, NoOp Chain Depth 128 Size 0 Mode ref, Ref Stage 88, run, end, 9783589586841159
1787664523.748796, NoOp Chain Depth 128 Size 0 Mode ref, Ref Stage 89, run, start, 9783589586855815
1787664523.748819, NoOp Chain Depth 128 Size 0 Mode ref, Ref Stage 89, run, end, 9783589586878055
1787664523.748831, NoOp Chain Depth 128 Size 0 Mode ref, Ref Stage 90, run, start, 9783589586890359
1787664523.748862, NoOp Chain Depth 128 Size 0 Mode ref, Ref Stage 90, run, end, 9783589586921079
1787664523.748877, NoOp Chain Depth 128 Size 0 Mode ref, Ref Stage 91, run, start, 9783589586935783
1787664523.748898, NoOp Chain Depth 128 Size 0 Mode ref, Ref Stage 91, run, end, 9783589586957303
1787664523.748914, NoOp Chain Depth 128 Size 0 Mode ref, Ref Stage 92, run, start, 9783589586972871
1787664523.748935, NoOp Chain Depth 128 Size 0 Mode ref, Ref Stage 92, run, end, 9783589586993527
1787664523.748950, NoOp Chain Depth 128 Size 0 Mode ref, Ref Stage 93, run, start, 9783589587009463
1787664523.748971, NoOp Chain Depth 128 Size 0 Mode ref, Ref Stage 93, run, end, 9783589587030759
1787664523.748987, NoOp Chain Depth 128 Size 0 Mode ref, Ref Stage 94, run, start, 9783589587046407
1787664523.749010, NoOp Chain Depth 128 Size 0 Mode ref, Ref Stage 94, run, end, 9783589587069591
1787664523.749022, NoOp Chain Depth 128 Size 0 Mode ref, Ref Stage 95, run, start, 9783589587081031
1787664523.749053, NoOp Chain Depth 128 Size 0 Mode ref, Ref Stage 95, run, end, 9783589587112135
1787664523.749067, NoOp Chain Depth 128 Size 0 Mode ref, Ref Stage 96, run, start, 9783589587126455
1787664523.749088, NoOp Chain Depth 128 Size 0 Mode ref, Ref Stage 96, run, end, 9783589587147383
1787664523.749516, NoOp Chain Depth 128 Size 0 Mode ref, Ref Stage 97, run, start, 9783589587575527
1787664523.749541, NoOp Chain Depth 128 Size 0 Mode ref, Ref Stage 97, run, end, 9783589587600311
1787664523.749556, NoOp Chain Depth 128 Size 0 Mode ref, Ref Stage 98, run, start, 9783589587615751
1787664523.749578, NoOp Chain Depth 128 Size 0 Mode ref, Ref Stage 98, run, end, 9783589587637415
1787664523.749593, NoOp Chain Depth 128 Size 0 Mode ref, Ref Stage 99, run, start, 9783589587652535
1787664523.749614, NoOp Chain Depth 128 Size 0 Mode ref, Ref Stage 99, run, end, 9783589587673671
1787664523.749629, NoOp Chain Depth 128 Size 0 Mode ref, Ref Stage 100, run, start, 9783589587688551
1787664523.749650, NoOp Chain Depth 128 Size 0 Mode ref, Ref Stage 100, run, end, 9783589587709479
1787664523.749665, NoOp Chain Depth 128 Size 0 Mode ref, Ref Stage 101, run, start, 9783589587724119
1787664523.749687, NoOp Chain Depth 128 Size 0 Mode ref, Ref Stage 101, run, end, 9783589587746679
1787664523.749699, NoOp Chain Depth 128 Size 0 Mode ref, Ref Stage 102, run, start, 9783589587758311
1787664523.749731, NoOp Chain Depth 128 Size 0 Mode ref, Ref Stage 102, run, end, 9783589587791479
1787664523.749747, NoOp Chain Depth 128 Size 0 Mode ref, Ref Stage 103, run, start, 9783589587806295
1787664523.749769, NoOp Chain Depth 128 Size 0 Mode ref, Ref Stage 103, run, end, 9783589587828551
1787664523.749784, NoOp Chain Depth 128 Size 0 Mode ref, Ref Stage 104, run, start, 9783589587843511
1787664523.749806, NoOp Chain Depth 128 Size 0 Mode ref, Ref Stage 104, run, end, 9783589587865319
1787664523.749821, NoOp Chain Depth 128 Size 0 Mode ref, Ref Stage 105, run, start, 9783589587880247
1787664523.749842, NoOp Chain Depth 128 Size 0 Mode ref, Ref Stage 105, run, end, 9783589587901030
1787664523.749856, NoOp Chain Depth 128 Size 0 Mode ref, Ref Stage 106, run, start, 9783589587915494
1787664523.749877, NoOp Chain Depth 128 Size 0 Mode ref, Ref Stage 106, run, end, 9783589587936038
1787664523.749891, NoOp Chain Depth 128 Size 0 Mode ref, Ref Stage 107, run, start, 9783589587950790
1787664523.749913, NoOp Chain Depth 128 Size 0 Mode ref, Ref Stage 107, run, end, 9783589587972486
1787664523.749929, NoOp Chain Depth 128 Size 0 Mode ref, Ref Stage 108, run, start, 9783589587988566
1787664523.749952, NoOp Chain Depth 128 Size 0 Mode ref, Ref Stage 108, run, end, 9783589588010886
1787664523.749968, NoOp Chain Depth 128 Size 0 Mode ref, Ref Stage 109, run, start, 9783589588027318
1787664523.750051, NoOp Chain Depth 128 Size 0 Mode ref, Ref Stage 109, run, end, 9783589588111014
1787664523.751953, NoOp Chain Depth 128 Size 0 Mode ref, Ref Stage 110, run, start, 9783589590013477
1787664523.751982, NoOp Chain Depth 128 Size 0 Mode ref, Ref Stage 110, run, end, 9783589590041541
1787664523.752476, NoOp Chain Depth 128 Size 0 Mode ref, Ref Stage 111, run, start, 9783589590535173
1787664523.752499, NoOp Chain Depth 128 Size 0 Mode ref, Ref Stage 111, run, end, 9783589590558293
1787664523.752514, NoOp Chain Depth 128 Size 0 Mode ref, Ref Stage 112, run, start, 9783589590573525
1787664523.752536, NoOp Chain Depth 128 Size 0 Mode ref, Ref Stage 112, run, end, 9783589590594677
1787664523.752550, NoOp Chain Depth 128 Size 0 Mode ref, Ref Stage 113, run, start, 9783589590609349
1787664523.752571, NoOp Chain Depth 128 Size 0 Mode ref, Ref Stage 113, run, end, 9783589590630613
1787664523.752586, NoOp Chain Depth 128 Size 0 Mode ref, Ref Stage 114, run, start, 9783589590645221
1787664523.752607, NoOp Chain Depth 128 Size 0 Mode ref, Ref Stage 114, run, end, 9783589590666421
1787664523.752622, NoOp Chain Depth 128 Size 0 Mode ref, Ref Stage 115, run, start, 9783589590681285
1787664523.752643, NoOp Chain Depth 128 Size 0 Mode ref, Ref Stage 115, run, end, 9783589590702117
1787664523.752657, NoOp Chain Depth 128 Size 0 Mode ref, Ref Stage 116, run, start, 9783589590716549
1787664523.752678, NoOp Chain Depth 128 Size 0 Mode ref, Ref Stage 116, run, end, 9783589590737557
1787664523.752693, NoOp Chain Depth 128 Size 0 Mode ref, Ref Stage 117, run, start, 9783589590752213
1787664523.752714, NoOp Chain Depth 128 Size 0 Mode ref, Ref Stage 117, run, end, 9783589590772869
1787664523.752728, NoOp Chain Depth 128 Size 0 Mode ref, Ref Stage 118, run, start, 9783589590787317
1787664523.752749, NoOp Chain Depth 128 Size 0 Mode ref, Ref Stage 118, run, end, 9783589590808309
1787664523.752764, NoOp Chain Depth 128 Size 0 Mode ref, Ref Stage 119, run, start, 9783589590822949
1787664523.752785, NoOp Chain Depth 128 Size 0 Mode ref, Ref Stage 119, run, end, 9783589590843973
1787664523.752799, NoOp Chain Depth 128 Size 0 Mode ref, Ref Stage 120, run, start, 9783589590858565
1787664523.752822, NoOp Chain Depth 128 Size 0 Mode ref, Ref Stage 120, run, end, 9783589590881364
1787664523.752834, NoOp Chain Depth 128 Size 0 Mode ref, Ref Stage 121, run, start, 9783589590893204
1787664523.752865, NoOp Chain Depth 128 Size 0 Mode ref, Ref Stage 121, run, end, 9783589590924100
1787664523.752880, NoOp Chain Depth 128 Size 0 Mode ref, Ref Stage 122, run, start, 9783589590938964
1787664523.752900, NoOp Chain Depth 128 Size 0 Mode ref, Ref Stage 122, run, end, 9783589590959700
1787664523.752915, NoOp Chain Depth 128 Size 0 Mode ref, Ref Stage 123, run, start, 9783589590974084
1787664523.752936, NoOp Chain Depth 128 Size 0 Mode ref, Ref Stage 123, run, end, 9783589590995092
1787664523.752953, NoOp Chain Depth 128 Size 0 Mode ref, Ref Stage 124, run, start, 9783589591012228
1787664523.752975, NoOp Chain Depth 128 Size 0 Mode ref, Ref Stage 124, run, end, 9783589591034004
1787664523.752990, NoOp Chain Depth 128 Size 0 Mode ref, Ref Stage 125, run, start, 9783589591048564
1787664523.753107, NoOp Chain Depth 128 Size 0 Mode ref, Ref Stage 125, run, end, 9783589591166676
1787664523.753226, NoOp Chain Depth 128 Size 0 Mode ref, Ref Stage 126, run, start, 9783589591285764
1787664523.753249, NoOp Chain Depth 128 Size 0 Mode ref, Ref Stage 126, run, end, 9783589591308180
1787664523.753264, NoOp Chain Depth 128 Size 0 Mode ref, Ref Stage 127, run, start, 9783589591323524
1787664523.753286, NoOp Chain Depth 128 Size 0 Mode ref, Ref Stage 127, run, end, 9783589591344964
1787664523.753301, NoOp Chain Depth 128 Size 0 Mode ref, pipeline - train, run, end, 323639056741130315858542096497427602594, 1787664523.744448, 25, 1, 9783589591360580
1787664523.753339, NoOp Chain Depth 128 Size 0 Mode ref, pipeline - train, run, start, 75831649305519853113943957482560405852, 1787664523.753328, 26, 1, 9783589591398980
1787664523.753362, NoOp Chain Depth 128 Size 0 Mode ref, Ref Stage 0, run, start, 9783589591421876
1787664523.753384, NoOp Chain Depth 128 Size 0 Mode ref, Ref Stage 0, run, end, 9783589591443668
1787664523.753400, NoOp Chain Depth 128 Size 0 Mode ref, Ref Stage 1, run, start, 9783589591458820
1787664523.753421, NoOp Chain Depth 128 Size 0 Mode ref, Ref Stage 1, run, end, 9783589591480260
1787664523.753436, NoOp Chain Depth 128 Size 0 Mode ref, Ref Stage 2, run, start, 9783589591495156
1787664523.753457, NoOp Chain Depth 128 Size 0 Mode ref, Ref Stage 2, run, end, 9783589591516052
1787664523.753471, NoOp Chain Depth 128 Size 0 Mode ref, Ref Stage 3, run, start, 9783589591530644
1787664523.753492, NoOp Chain Depth 128 Size 0 Mode ref, Ref Stage 3, run, end, 9783589591551348
1787664523.753507, NoOp Chain Depth 128 Size 0 Mode ref, Ref Stage 4, run, start, 9783589591566116
1787664523.753528, NoOp Chain Depth 128 Size 0 Mode ref, Ref Stage 4, run, end, 9783589591586996
1787664523.753543, NoOp Chain Depth 128 Size 0 Mode ref, Ref Stage 5, run, start, 9783589591602772
1787664523.753565, NoOp Chain Depth 128 Size 0 Mode ref, Ref Stage 5, run, end, 9783589591624100
1787664523.753580, NoOp Chain Depth 128 Size 0 Mode ref, Ref Stage 6, run, start, 9783589591638788
1787664523.753600, NoOp Chain Depth 128 Size 0 Mode ref, Ref Stage 6, run, end, 9783589591659476
1787664523.753615, NoOp Chain Depth 128 Size 0 Mode ref, Ref Stage 7, run, start, 9783589591673988
1787664523.754024, NoOp Chain Depth 128 Size 0 Mode ref, Ref Stage 7, run, end, 9783589592083636
1787664523.754144, NoOp Chain Depth 128 Size 0 Mode ref, Ref Stage 8, run, start, 9783589592204164
1787664523.754168, NoOp Chain Depth 128 Size 0 Mode ref, Ref Stage 8, run, end, 9783589592226948
1787664523.754182, NoOp Chain Depth 128 Size 0 Mode ref, Ref Stage 9, run, start, 9783589592241652
1787664523.754203, NoOp Chain Depth 128 Size 0 Mode ref, Ref Stage 9, run, end, 9783589592262660
1787664523.754218, NoOp Chain Depth 128 Size 0 Mode ref, Ref Stage 10, run, start, 9783589592277284
1787664523.754239, NoOp Chain Depth 128 Size 0 Mode ref, Ref Stage 10, run, end, 9783589592298084
1787664523.754253, NoOp Chain Depth 128 Size 0 Mode ref, Ref Stage 11, run, start, 9783589592312612
1787664523.754274, NoOp Chain Depth 128 Size 0 Mode ref, Ref Stage 11, run, end, 9783589592333508
1787664523.754289, NoOp Chain Depth 128 Size 0 Mode ref, Ref Stage 12, run, start, 9783589592348244
1787664523.754310, NoOp Chain Depth 128 Size 0 Mode ref, Ref Stage 12, run, end, 9783589592369460
1787664523.754325, NoOp Chain Depth 128 Size 0 Mode ref, Ref Stage 13, run, start, 9783589592384100
1787664523.754348, NoOp Chain Depth 128 Size 0 Mode ref, Ref Stage 13, run, end, 9783589592406804
1787664523.754359, NoOp Chain Depth 128 Size 0 Mode ref, Ref Stage 14, run, start, 9783589592418548
1787664523.754392, NoOp Chain Depth 128 Size 0 Mode ref, Ref Stage 14, run, end, 9783589592451171
1787664523.754404, NoOp Chain Depth 128 Size 0 Mode ref, Ref Stage 15, run, start, 9783589592462787
1787664523.754435, NoOp Chain Depth 128 Size 0 Mode ref, Ref Stage 15, run, end, 9783589592493795
1787664523.754449, NoOp Chain Depth 128 Size 0 Mode ref, Ref Stage 16, run, start, 9783589592508355
1787664523.754470, NoOp Chain Depth 128 Size 0 Mode ref, Ref Stage 16, run, end, 9783589592529299
1787664523.754485, NoOp Chain Depth 128 Size 0 Mode ref, Ref Stage 17, run, start, 9783589592544067
1787664523.754506, NoOp Chain Depth 128 Size 0 Mode ref, Ref Stage 17, run, end, 9783589592564979
1787664523.754521, NoOp Chain Depth 128 Size 0 Mode ref, Ref Stage 18, run, start, 9783589592579651
1787664523.754541, NoOp Chain Depth 128 Size 0 Mode ref, Ref Stage 18, run, end, 9783589592600419
1787664523.754557, NoOp Chain Depth 128 Size 0 Mode ref, Ref Stage 19, run, start, 9783589592615875
1787664523.754582, NoOp Chain Depth 128 Size 0 Mode ref, Ref Stage 19, run, end, 9783589592641091
1787664523.754596, NoOp Chain Depth 128 Size 0 Mode ref, Ref Stage 20, run, start, 9783589592655683
1787664523.754620, NoOp Chain Depth 128 Size 0 Mode ref, Ref Stage 20, run, end, 9783589592679523
1787664523.754632, NoOp Chain Depth 128 Size 0 Mode ref, Ref Stage 21, run, start, 9783589592691043
1787664523.754663, NoOp Chain Depth 128 Size 0 Mode ref, Ref Stage 21, run, end, 9783589592722131
1787664523.754678, NoOp Chain Depth 128 Size 0 Mode ref, Ref Stage 22, run, start, 9783589592736995
1787664523.754700, NoOp Chain Depth 128 Size 0 Mode ref, Ref Stage 22, run, end, 9783589592759059
1787664523.754715, NoOp Chain Depth 128 Size 0 Mode ref, Ref Stage 23, run, start, 9783589592773923
1787664523.754736, NoOp Chain Depth 128 Size 0 Mode ref, Ref Stage 23, run, end, 9783589592794979
1787664523.754750, NoOp Chain Depth 128 Size 0 Mode ref, Ref Stage 24, run, start, 9783589592809427
1787664523.754771, NoOp Chain Depth 128 Size 0 Mode ref, Ref Stage 24, run, end, 9783589592830387
1787664523.754786, NoOp Chain Depth 128 Size 0 Mode ref, Ref Stage 25, run, start, 9783589592844819
1787664523.754807, NoOp Chain Depth 128 Size 0 Mode ref, Ref Stage 25, run, end, 9783589592866595
1787664523.754822, NoOp Chain Depth 128 Size 0 Mode ref, Ref Stage 26, run, start, 9783589592881331
1787664523.754844, NoOp Chain Depth 128 Size 0 Mode ref, Ref Stage 26, run, end, 9783589592903027
1787664523.754859, NoOp Chain Depth 128 Size 0 Mode ref, Ref Stage 27, run, start, 9783589592918915
1787664523.754881, NoOp Chain Depth 128 Size 0 Mode ref, Ref Stage 27, run, end, 9783589592940115
1787664523.754896, NoOp Chain Depth 128 Size 0 Mode ref, Ref Stage 28, run, start, 9783589592954883
1787664523.754917, NoOp Chain Depth 128 Size 0 Mode ref, Ref Stage 28, run, end, 9783589592976099
1787664523.754932, NoOp Chain Depth 128 Size 0 Mode ref, Ref Stage 29, run, start, 9783589592990947
1787664523.754955, NoOp Chain Depth 128 Size 0 Mode ref, Ref Stage 29, run, end, 9783589593014675
1787664523.755376, NoOp Chain Depth 128 Size 0 Mode ref, Ref Stage 30, run, start, 9783589593435859
1787664523.755401, NoOp Chain Depth 128 Size 0 Mode ref, Ref Stage 30, run, end, 9783589593459971
1787664523.755416, NoOp Chain Depth 128 Size 0 Mode ref, Ref Stage 31, run, start, 9783589593475235
1787664523.755437, NoOp Chain Depth 128 Size 0 Mode ref, Ref Stage 31, run, end, 9783589593496355
1787664523.755451, NoOp Chain Depth 128 Size 0 Mode ref, Ref Stage 32, run, start, 9783589593510819
1787664523.755473, NoOp Chain Depth 128 Size 0 Mode ref, Ref Stage 32, run, end, 9783589593531747
1787664523.755487, NoOp Chain Depth 128 Size 0 Mode ref, Ref Stage 33, run, start, 9783589593546019
1787664523.755508, NoOp Chain Depth 128 Size 0 Mode ref, Ref Stage 33, run, end, 9783589593567059
1787664523.755522, NoOp Chain Depth 128 Size 0 Mode ref, Ref Stage 34, run, start, 9783589593581571
1787664523.755543, NoOp Chain Depth 128 Size 0 Mode ref, Ref Stage 34, run, end, 9783589593602675
1787664523.755558, NoOp Chain Depth 128 Size 0 Mode ref, Ref Stage 35, run, start, 9783589593617411
1787664523.755579, NoOp Chain Depth 128 Size 0 Mode ref, Ref Stage 35, run, end, 9783589593638227
1787664523.755595, NoOp Chain Depth 128 Size 0 Mode ref, Ref Stage 36, run, start, 9783589593654355
1787664523.755616, NoOp Chain Depth 128 Size 0 Mode ref, Ref Stage 36, run, end, 9783589593675363
1787664523.755631, NoOp Chain Depth 128 Size 0 Mode ref, Ref Stage 37, run, start, 9783589593690051
1787664523.755655, NoOp Chain Depth 128 Size 0 Mode ref, Ref Stage 37, run, end, 9783589593714403
1787664523.756152, NoOp Chain Depth 128 Size 0 Mode ref, Ref Stage 38, run, start, 9783589594212050
1787664523.756178, NoOp Chain Depth 128 Size 0 Mode ref, Ref Stage 38, run, end, 9783589594237522
1787664523.756193, NoOp Chain Depth 128 Size 0 Mode ref, Ref Stage 39, run, start, 9783589594252658
1787664523.756215, NoOp Chain Depth 128 Size 0 Mode ref, Ref Stage 39, run, end, 9783589594273842
1787664523.756230, NoOp Chain Depth 128 Size 0 Mode ref, Ref Stage 40, run, start, 9783589594288834
1787664523.756253, NoOp Chain Depth 128 Size 0 Mode ref, Ref Stage 40, run, end, 9783589594312002
1787664523.756268, NoOp Chain Depth 128 Size 0 Mode ref, Ref Stage 41, run, start, 9783589594326802
1787664523.756291, NoOp Chain Depth 128 Size 0 Mode ref, Ref Stage 41, run, end, 9783589594349554
1787664523.756302, NoOp Chain Depth 128 Size 0 Mode ref, Ref Stage 42, run, start, 9783589594361794
1787664523.756335, NoOp Chain Depth 128 Size 0 Mode ref, Ref Stage 42, run, end, 9783589594394018
1787664523.756349, NoOp Chain Depth 128 Size 0 Mode ref, Ref Stage 43, run, start, 9783589594408786
1787664523.756371, NoOp Chain Depth 128 Size 0 Mode ref, Ref Stage 43, run, end, 9783589594429730
1787664523.756385, NoOp Chain Depth 128 Size 0 Mode ref, Ref Stage 44, run, start, 9783589594444498
1787664523.756406, NoOp Chain Depth 128 Size 0 Mode ref, Ref Stage 44, run, end, 9783589594465442
1787664523.756422, NoOp Chain Depth 128 Size 0 Mode ref, Ref Stage 45, run, start, 9783589594481346
1787664523.756443, NoOp Chain Depth 128 Size 0 Mode ref, Ref Stage 45, run, end, 9783589594501826
1787664523.756457, NoOp Chain Depth 128 Size 0 Mode ref, Ref Stage 46, run, start, 9783589594516482
1787664523.756479, NoOp Chain Depth 128 Size 0 Mode ref, Ref Stage 46, run, end, 9783589594539714
1787664523.756495, NoOp Chain Depth 128 Size 0 Mode ref, Ref Stage 47, run, start, 9783589594554466
1787664523.756518, NoOp Chain Depth 128 Size 0 Mode ref, Ref Stage 47, run, end, 9783589594576882
1787664523.756530, NoOp Chain Depth 128 Size 0 Mode ref, Ref Stage 48, run, start, 9783589594589218
1787664523.756562, NoOp Chain Depth 128 Size 0 Mode ref, Ref Stage 48, run, end, 9783589594621218
1787664523.756577, NoOp Chain Depth 128 Size 0 Mode ref, Ref Stage 49, run, start, 9783589594636242
1787664523.756598, NoOp Chain Depth 128 Size 0 Mode ref, Ref Stage 49, run, end, 9783589594656994
1787664523.756612, NoOp Chain Depth 128 Size 0 Mode ref, Ref Stage 50, run, start, 9783589594671698
1787664523.756633, NoOp Chain Depth 128 Size 0 Mode ref, Ref Stage 50, run, end, 9783589594692242
1787664523.756648, NoOp Chain Depth 128 Size 0 Mode ref, Ref Stage 51, run, start, 9783589594706802
1787664523.756669, NoOp Chain Depth 128 Size 0 Mode ref, Ref Stage 51, run, end, 9783589594728370
1787664523.756683, NoOp Chain Depth 128 Size 0 Mode ref, Ref Stage 52, run, start, 9783589594742578
1787664523.756704, NoOp Chain Depth 128 Size 0 Mode ref, Ref Stage 52, run, end, 9783589594763522
1787664523.756720, NoOp Chain Depth 128 Size 0 Mode ref, Ref Stage 53, run, start, 9783589594779090
1787664523.756741, NoOp Chain Depth 128 Size 0 Mode ref, Ref Stage 53, run, end, 9783589594799922
1787664523.756755, NoOp Chain Depth 128 Size 0 Mode ref, Ref Stage 54, run, start, 9783589594814642
1787664523.756777, NoOp Chain Depth 128 Size 0 Mode ref, Ref Stage 54, run, end, 9783589594836242
1787664523.756792, NoOp Chain Depth 128 Size 0 Mode ref, Ref Stage 55, run, start, 9783589594851490
1787664523.756814, NoOp Chain Depth 128 Size 0 Mode ref, Ref Stage 55, run, end, 9783589594873250
1787664523.756829, NoOp Chain Depth 128 Size 0 Mode ref, Ref Stage 56, run, start, 9783589594887906
1787664523.756851, NoOp Chain Depth 128 Size 0 Mode ref, Ref Stage 56, run, end, 9783589594910626
1787664523.756864, NoOp Chain Depth 128 Size 0 Mode ref, Ref Stage 57, run, start, 9783589594923042
1787664523.756896, NoOp Chain Depth 128 Size 0 Mode ref, Ref Stage 57, run, end, 9783589594954658
1787664523.756910, NoOp Chain Depth 128 Size 0 Mode ref, Ref Stage 58, run, start, 9783589594969186
1787664523.756931, NoOp Chain Depth 128 Size 0 Mode ref, Ref Stage 58, run, end, 9783589594989890
1787664523.756947, NoOp Chain Depth 128 Size 0 Mode ref, Ref Stage 59, run, start, 9783589595006658
1787664523.756970, NoOp Chain Depth 128 Size 0 Mode ref, Ref Stage 59, run, end, 9783589595029138
1787664523.756984, NoOp Chain Depth 128 Size 0 Mode ref, Ref Stage 60, run, start, 9783589595043666
1787664523.757005, NoOp Chain Depth 128 Size 0 Mode ref, Ref Stage 60, run, end, 9783589595065298
1787664523.757022, NoOp Chain Depth 128 Size 0 Mode ref, Ref Stage 61, run, start, 9783589595081490
1787664523.757043, NoOp Chain Depth 128 Size 0 Mode ref, Ref Stage 61, run, end, 9783589595102338
1787664523.757058, NoOp Chain Depth 128 Size 0 Mode ref, Ref Stage 62, run, start, 9783589595117570
1787664523.757080, NoOp Chain Depth 128 Size 0 Mode ref, Ref Stage 62, run, end, 9783589595139186
1787664523.757094, NoOp Chain Depth 128 Size 0 Mode ref, Ref Stage 63, run, start, 9783589595153746
1787664523.757116, NoOp Chain Depth 128 Size 0 Mode ref, Ref Stage 63, run, end, 9783589595174690
1787664523.757130, NoOp Chain Depth 128 Size 0 Mode ref, Ref Stage 64, run, start, 9783589595189362
1787664523.757151, NoOp Chain Depth 128 Size 0 Mode ref, Ref Stage 64, run, end, 9783589595210098
1787664523.757165, NoOp Chain Depth 128 Size 0 Mode ref, Ref Stage 65, run, start, 9783589595224706
1787664523.757186, NoOp Chain Depth 128 Size 0 Mode ref, Ref Stage 65, run, end, 9783589595245522
1787664523.757201, NoOp Chain Depth 128 Size 0 Mode ref, Ref Stage 66, run, start, 9783589595260130
1787664523.757222, NoOp Chain Depth 128 Size 0 Mode ref, Ref Stage 66, run, end, 9783589595280754
1787664523.757236, NoOp Chain Depth 128 Size 0 Mode ref, Ref Stage 67, run, start, 9783589595295426
1787664523.757258, NoOp Chain Depth 128 Size 0 Mode ref, Ref Stage 67, run, end, 9783589595316914
1787664523.757272, NoOp Chain Depth 128 Size 0 Mode ref, Ref Stage 68, run, start, 9783589595331090
1787664523.757293, NoOp Chain Depth 128 Size 0 Mode ref, Ref Stage 68, run, end, 9783589595352626
1787664523.757308, NoOp Chain Depth 128 Size 0 Mode ref, Ref Stage 69, run, start, 9783589595366962
1787664523.757329, NoOp Chain Depth 128 Size 0 Mode ref, Ref Stage 69, run, end, 9783589595388594
1787664523.757344, NoOp Chain Depth 128 Size 0 Mode ref, Ref Stage 70, run, start, 9783589595403362
1787664523.757366, NoOp Chain Depth 128 Size 0 Mode ref, Ref Stage 70, run, end, 9783589595425778
1787664523.757378, NoOp Chain Depth 128 Size 0 Mode ref, Ref Stage 71, run, start, 9783589595437298
1787664523.757410, NoOp Chain Depth 128 Size 0 Mode ref, Ref Stage 71, run, end, 9783589595469090
1787664523.757425, NoOp Chain Depth 128 Size 0 Mode ref, Ref Stage 72, run, start, 9783589595483826
1787664523.757445, NoOp Chain Depth 128 Size 0 Mode ref, Ref Stage 72, run, end, 9783589595504641
1787664523.757461, NoOp Chain Depth 128 Size 0 Mode ref, Ref Stage 73, run, start, 9783589595520065
1787664523.757482, NoOp Chain Depth 128 Size 0 Mode ref, Ref Stage 73, run, end, 9783589595540609
1787664523.757496, NoOp Chain Depth 128 Size 0 Mode ref, Ref Stage 74, run, start, 9783589595555057
1787664523.757517, NoOp Chain Depth 128 Size 0 Mode ref, Ref Stage 74, run, end, 9783589595575617
1787664523.757532, NoOp Chain Depth 128 Size 0 Mode ref, Ref Stage 75, run, start, 9783589595590929
1787664523.757552, NoOp Chain Depth 128 Size 0 Mode ref, Ref Stage 75, run, end, 9783589595611489
1787664523.757568, NoOp Chain Depth 128 Size 0 Mode ref, Ref Stage 76, run, start, 9783589595626897
1787664523.757588, NoOp Chain Depth 128 Size 0 Mode ref, Ref Stage 76, run, end, 9783589595647521
1787664523.757603, NoOp Chain Depth 128 Size 0 Mode ref, Ref Stage 77, run, start, 9783589595662289
1787664523.757624, NoOp Chain Depth 128 Size 0 Mode ref, Ref Stage 77, run, end, 9783589595683057
1787664523.757639, NoOp Chain Depth 128 Size 0 Mode ref, Ref Stage 78, run, start, 9783589595697937
1787664523.757661, NoOp Chain Depth 128 Size 0 Mode ref, Ref Stage 78, run, end, 9783589595720625
1787664523.757677, NoOp Chain Depth 128 Size 0 Mode ref, Ref Stage 79, run, start, 9783589595736129
1787664523.757700, NoOp Chain Depth 128 Size 0 Mode ref, Ref Stage 79, run, end, 9783589595759697
1787664523.757712, NoOp Chain Depth 128 Size 0 Mode ref, Ref Stage 80, run, start, 9783589595771281
1787664523.757744, NoOp Chain Depth 128 Size 0 Mode ref, Ref Stage 80, run, end, 9783589595803681
1787664523.757756, NoOp Chain Depth 128 Size 0 Mode ref, Ref Stage 81, run, start, 9783589595815073
1787664523.757786, NoOp Chain Depth 128 Size 0 Mode ref, Ref Stage 81, run, end, 9783589595845601
1787664523.757802, NoOp Chain Depth 128 Size 0 Mode ref, Ref Stage 82, run, start, 9783589595861601
1787664523.757825, NoOp Chain Depth 128 Size 0 Mode ref, Ref Stage 82, run, end, 9783589595884449
1787664523.757840, NoOp Chain Depth 128 Size 0 Mode ref, Ref Stage 83, run, start, 9783589595899473
1787664523.757861, NoOp Chain Depth 128 Size 0 Mode ref, Ref Stage 83, run, end, 9783589595920577
1787664523.757876, NoOp Chain Depth 128 Size 0 Mode ref, Ref Stage 84, run, start, 9783589595935153
1787664523.757896, NoOp Chain Depth 128 Size 0 Mode ref, Ref Stage 84, run, end, 9783589595955585
1787664523.757911, NoOp Chain Depth 128 Size 0 Mode ref, Ref Stage 85, run, start, 9783589595970177
1787664523.757932, NoOp Chain Depth 128 Size 0 Mode ref, Ref Stage 85, run, end, 9783589595991009
1787664523.757947, NoOp Chain Depth 128 Size 0 Mode ref, Ref Stage 86, run, start, 9783589596006657
1787664523.757969, NoOp Chain Depth 128 Size 0 Mode ref, Ref Stage 86, run, end, 9783589596027857
1787664523.757984, NoOp Chain Depth 128 Size 0 Mode ref, Ref Stage 87, run, start, 9783589596043857
1787664523.758005, NoOp Chain Depth 128 Size 0 Mode ref, Ref Stage 87, run, end, 9783589596064145
1787664523.758020, NoOp Chain Depth 128 Size 0 Mode ref, Ref Stage 88, run, start, 9783589596078881
1787664523.758041, NoOp Chain Depth 128 Size 0 Mode ref, Ref Stage 88, run, end, 9783589596100321
1787664523.758056, NoOp Chain Depth 128 Size 0 Mode ref, Ref Stage 89, run, start, 9783589596115025
1787664523.758080, NoOp Chain Depth 128 Size 0 Mode ref, Ref Stage 89, run, end, 9783589596139649
1787664523.758092, NoOp Chain Depth 128 Size 0 Mode ref, Ref Stage 90, run, start, 9783589596151057
1787664523.758428, NoOp Chain Depth 128 Size 0 Mode ref, Ref Stage 90, run, end, 9783589596487729
1787664523.758548, NoOp Chain Depth 128 Size 0 Mode ref, Ref Stage 91, run, start, 9783589596607345
1787664523.758571, NoOp Chain Depth 128 Size 0 Mode ref, Ref Stage 91, run, end, 9783589596630385
1787664523.758586, NoOp Chain Depth 128 Size 0 Mode ref, Ref Stage 92, run, start, 9783589596645569
1787664523.758607, NoOp Chain Depth 128 Size 0 Mode ref, Ref Stage 92, run, end, 9783589596666785
1787664523.758622, NoOp Chain Depth 128 Size 0 Mode ref, Ref Stage 93, run, start, 9783589596681857
1787664523.758645, NoOp Chain Depth 128 Size 0 Mode ref, Ref Stage 93, run, end, 9783589596704241
1787664523.758657, NoOp Chain Depth 128 Size 0 Mode ref, Ref Stage 94, run, start, 9783589596715889
1787664523.758688, NoOp Chain Depth 128 Size 0 Mode ref, Ref Stage 94, run, end, 9783589596746945
1787664523.758703, NoOp Chain Depth 128 Size 0 Mode ref, Ref Stage 95, run, start, 9783589596762289
1787664523.758724, NoOp Chain Depth 128 Size 0 Mode ref, Ref Stage 95, run, end, 9783589596783489
1787664523.758739, NoOp Chain Depth 128 Size 0 Mode ref, Ref Stage 96, run, start, 9783589596798193
1787664523.760953, NoOp Chain Depth 128 Size 0 Mode ref, Ref Stage 96, run, end, 9783589599012911
1787664523.761538, NoOp Chain Depth 128 Size 0 Mode ref, Ref Stage 97, run, start, 9783589599597407
1787664523.761562, NoOp Chain Depth 128 Size 0 Mode ref, Ref Stage 97, run, end, 9783589599621071
1787664523.761577, NoOp Chain Depth 128 Size 0 Mode ref, Ref Stage 98, run, start, 9783589599636191
1787664523.761599, NoOp Chain Depth 128 Size 0 Mode ref, Ref Stage 98, run, end, 9783589599658191
1787664523.761614, NoOp Chain Depth 128 Size 0 Mode ref, Ref Stage 99, run, start, 9783589599672991
1787664523.761635, NoOp Chain Depth 128 Size 0 Mode ref, Ref Stage 99, run, end, 9783589599694319
1787664523.761649, NoOp Chain Depth 128 Size 0 Mode ref, Ref Stage 100, run, start, 9783589599708719
1787664523.761670, NoOp Chain Depth 128 Size 0 Mode ref, Ref Stage 100, run, end, 9783589599729583
1787664523.761685, NoOp Chain Depth 128 Size 0 Mode ref, Ref Stage 101, run, start, 9783589599744207
1787664523.761706, NoOp Chain Depth 128 Size 0 Mode ref, Ref Stage 101, run, end, 9783589599764831
1787664523.761720, NoOp Chain Depth 128 Size 0 Mode ref, Ref Stage 102, run, start, 9783589599779471
1787664523.761743, NoOp Chain Depth 128 Size 0 Mode ref, Ref Stage 102, run, end, 9783589599802015
1787664523.761757, NoOp Chain Depth 128 Size 0 Mode ref, Ref Stage 103, run, start, 9783589599816799
1787664523.761780, NoOp Chain Depth 128 Size 0 Mode ref, Ref Stage 103, run, end, 9783589599839263
1787664523.761791, NoOp Chain Depth 128 Size 0 Mode ref, Ref Stage 104, run, start, 9783589599850735
1787664523.761823, NoOp Chain Depth 128 Size 0 Mode ref, Ref Stage 104, run, end, 9783589599881823
1787664523.761837, NoOp Chain Depth 128 Size 0 Mode ref, Ref Stage 105, run, start, 9783589599896543
1787664523.761858, NoOp Chain Depth 128 Size 0 Mode ref, Ref Stage 105, run, end, 9783589599917391
1787664523.761873, NoOp Chain Depth 128 Size 0 Mode ref, Ref Stage 106, run, start, 9783589599932015
1787664523.761894, NoOp Chain Depth 128 Size 0 Mode ref, Ref Stage 106, run, end, 9783589599953087
1787664523.761909, NoOp Chain Depth 128 Size 0 Mode ref, Ref Stage 107, run, start, 9783589599967679
1787664523.761929, NoOp Chain Depth 128 Size 0 Mode ref, Ref Stage 107, run, end, 9783589599988159
1787664523.761945, NoOp Chain Depth 128 Size 0 Mode ref, Ref Stage 108, run, start, 9783589600004111
1787664523.761966, NoOp Chain Depth 128 Size 0 Mode ref, Ref Stage 108, run, end, 9783589600025583
1787664523.761982, NoOp Chain Depth 128 Size 0 Mode ref, Ref Stage 109, run, start, 9783589600040991
1787664523.762004, NoOp Chain Depth 128 Size 0 Mode ref, Ref Stage 109, run, end, 9783589600063375
1787664523.762016, NoOp Chain Depth 128 Size 0 Mode ref, Ref Stage 110, run, start, 9783589600074783
1787664523.762047, NoOp Chain Depth 128 Size 0 Mode ref, Ref Stage 110, run, end, 9783589600105582
1787664523.762061, NoOp Chain Depth 128 Size 0 Mode ref, Ref Stage 111, run, start, 9783589600120318
1787664523.762082, NoOp Chain Depth 128 Size 0 Mode ref, Ref Stage 111, run, end, 9783589600141054
1787664523.762096, NoOp Chain Depth 128 Size 0 Mode ref, Ref Stage 112, run, start, 9783589600155790
1787664523.762117, NoOp Chain Depth 128 Size 0 Mode ref, Ref Stage 112, run, end, 9783589600176686
1787664523.762132, NoOp Chain Depth 128 Size 0 Mode ref, Ref Stage 113, run, start, 9783589600191598
1787664523.762153, NoOp Chain Depth 128 Size 0 Mode ref, Ref Stage 113, run, end, 9783589600212414
1787664523.762168, NoOp Chain Depth 128 Size 0 Mode ref, Ref Stage 114, run, start, 9783589600227166
1787664523.762189, NoOp Chain Depth 128 Size 0 Mode ref, Ref Stage 114, run, end, 9783589600247966
1787664523.762203, NoOp Chain Depth 128 Size 0 Mode ref, Ref Stage 115, run, start, 9783589600262718
1787664523.762224, NoOp Chain Depth 128 Size 0 Mode ref, Ref Stage 115, run, end, 9783589600283390
1787664523.762239, NoOp Chain Depth 128 Size 0 Mode ref, Ref Stage 116, run, start, 9783589600298126
1787664523.762260, NoOp Chain Depth 128 Size 0 Mode ref, Ref Stage 116, run, end, 9783589600318878
1787664523.762274, NoOp Chain Depth 128 Size 0 Mode ref, Ref Stage 117, run, start, 9783589600333550
1787664523.762295, NoOp Chain Depth 128 Size 0 Mode ref, Ref Stage 117, run, end, 9783589600354286
1787664523.762310, NoOp Chain Depth 128 Size 0 Mode ref, Ref Stage 118, run, start, 9783589600368974
1787664523.762331, NoOp Chain Depth 128 Size 0 Mode ref, Ref Stage 118, run, end, 9783589600390014
1787664523.762346, NoOp Chain Depth 128 Size 0 Mode ref, Ref Stage 119, run, start, 9783589600405310
1787664523.762367, NoOp Chain Depth 128 Size 0 Mode ref, Ref Stage 119, run, end, 9783589600425950
1787664523.762382, NoOp Chain Depth 128 Size 0 Mode ref, Ref Stage 120, run, start, 9783589600440750
1787664523.762598, NoOp Chain Depth 128 Size 0 Mode ref, Ref Stage 120, run, end, 9783589600657726
1787664523.762719, NoOp Chain Depth 128 Size 0 Mode ref, Ref Stage 121, run, start, 9783589600778622
1787664523.762742, NoOp Chain Depth 128 Size 0 Mode ref, Ref Stage 121, run, end, 9783589600801534
1787664523.762757, NoOp Chain Depth 128 Size 0 Mode ref, Ref Stage 122, run, start, 9783589600816510
1787664523.762779, NoOp Chain Depth 128 Size 0 Mode ref, Ref Stage 122, run, end, 9783589600837806
1787664523.762796, NoOp Chain Depth 128 Size 0 Mode ref, Ref Stage 123, run, start, 9783589600855006
1787664523.762817, NoOp Chain Depth 128 Size 0 Mode ref, Ref Stage 123, run, end, 9783589600875966
1787664523.762831, NoOp Chain Depth 128 Size 0 Mode ref, Ref Stage 124, run, start, 9783589600890622
1787664523.762854, NoOp Chain Depth 128 Size 0 Mode ref, Ref Stage 124, run, end, 9783589600913150
1787664523.763179, NoOp Chain Depth 128 Size 0 Mode ref, Ref Stage 125, run, start, 9783589601239070
1787664523.763304, NoOp Chain Depth 128 Size 0 Mode ref, Ref Stage 125, run, end, 9783589601363006
1787664523.763319, NoOp Chain Depth 128 Size 0 Mode ref, Ref Stage 126, run, start, 9783589601378222
1787664523.763340, NoOp Chain Depth 128 Size 0 Mode ref, Ref Stage 126, run, end, 9783589601399662
1787664523.763356, NoOp Chain Depth 128 Size 0 Mode ref, Ref Stage 127, run, start, 9783589601415070
1787664523.763378, NoOp Chain Depth 128 Size 0 Mode ref, Ref Stage 127, run, end, 9783589601437566
1787664523.763391, NoOp Chain Depth 128 Size 0 Mode ref, pipeline - train, run, end, 75831649305519853113943957482560405852, 1787664523.753328, 26, 1, 9783589601449918
1787664523.763437, NoOp Chain Depth 128 Size 0 Mode ref, pipeline - train, run, start, 235182427003421936366140042593095451975, 1787664523.763426, 27, 1, 9783589601496174
1787664523.763459, NoOp Chain Depth 128 Size 0 Mode ref, Ref Stage 0, run, start, 9783589601518702
1787664523.763481, NoOp Chain Depth 128 Size 0 Mode ref, Ref Stage 0, run, end, 9783589601539934
1787664523.763495, NoOp Chain Depth 128 Size 0 Mode ref, Ref Stage 1, run, start, 9783589601554606
1787664523.763517, NoOp Chain Depth 128 Size 0 Mode ref, Ref Stage 1, run, end, 9783589601575902
1787664523.763531, NoOp Chain Depth 128 Size 0 Mode ref, Ref Stage 2, run, start, 9783589601590846
1787664523.763553, NoOp Chain Depth 128 Size 0 Mode ref, Ref Stage 2, run, end, 9783589601612557
1787664523.763568, NoOp Chain Depth 128 Size 0 Mode ref, Ref Stage 3, run, start, 9783589601627501
1787664523.763590, NoOp Chain Depth 128 Size 0 Mode ref, Ref Stage 3, run, end, 9783589601649005
1787664523.763604, NoOp Chain Depth 128 Size 0 Mode ref, Ref Stage 4, run, start, 9783589601663773
1787664523.763626, NoOp Chain Depth 128 Size 0 Mode ref, Ref Stage 4, run, end, 9783589601685437
1787664523.763642, NoOp Chain Depth 128 Size 0 Mode ref, Ref Stage 5, run, start, 9783589601701277
1787664523.763663, NoOp Chain Depth 128 Size 0 Mode ref, Ref Stage 5, run, end, 9783589601722637
1787664523.763678, NoOp Chain Depth 128 Size 0 Mode ref, Ref Stage 6, run, start, 9783589601737565
1787664523.763700, NoOp Chain Depth 128 Size 0 Mode ref, Ref Stage 6, run, end, 9783589601759085
1787664523.763715, NoOp Chain Depth 128 Size 0 Mode ref, Ref Stage 7, run, start, 9783589601773901
1787664523.763738, NoOp Chain Depth 128 Size 0 Mode ref, Ref Stage 7, run, end, 9783589601796925
1787664523.764142, NoOp Chain Depth 128 Size 0 Mode ref, Ref Stage 8, run, start, 9783589602202077
1787664523.764271, NoOp Chain Depth 128 Size 0 Mode ref, Ref Stage 8, run, end, 9783589602330717
1787664523.764287, NoOp Chain Depth 128 Size 0 Mode ref, Ref Stage 9, run, start, 9783589602345981
1787664523.764308, NoOp Chain Depth 128 Size 0 Mode ref, Ref Stage 9, run, end, 9783589602367421
1787664523.764323, NoOp Chain Depth 128 Size 0 Mode ref, Ref Stage 10, run, start, 9783589602382477
1787664523.764345, NoOp Chain Depth 128 Size 0 Mode ref, Ref Stage 10, run, end, 9783589602403757
1787664523.764359, NoOp Chain Depth 128 Size 0 Mode ref, Ref Stage 11, run, start, 9783589602418509
1787664523.764381, NoOp Chain Depth 128 Size 0 Mode ref, Ref Stage 11, run, end, 9783589602440173
1787664523.764396, NoOp Chain Depth 128 Size 0 Mode ref, Ref Stage 12, run, start, 9783589602455133
1787664523.764417, NoOp Chain Depth 128 Size 0 Mode ref, Ref Stage 12, run, end, 9783589602476477
1787664523.764432, NoOp Chain Depth 128 Size 0 Mode ref, Ref Stage 13, run, start, 9783589602491149
1787664523.764454, NoOp Chain Depth 128 Size 0 Mode ref, Ref Stage 13, run, end, 9783589602512845
1787664523.764471, NoOp Chain Depth 128 Size 0 Mode ref, Ref Stage 14, run, start, 9783589602530285
1787664523.764496, NoOp Chain Depth 128 Size 0 Mode ref, Ref Stage 14, run, end, 9783589602555677
1787664523.764508, NoOp Chain Depth 128 Size 0 Mode ref, Ref Stage 15, run, start, 9783589602567485
1787664523.764650, NoOp Chain Depth 128 Size 0 Mode ref, Ref Stage 15, run, end, 9783589602710333
1787664523.764666, NoOp Chain Depth 128 Size 0 Mode ref, Ref Stage 16, run, start, 9783589602725245
1787664523.764701, NoOp Chain Depth 128 Size 0 Mode ref, Ref Stage 16, run, end, 9783589602760733
1787664523.764716, NoOp Chain Depth 128 Size 0 Mode ref, Ref Stage 17, run, start, 9783589602775533
1787664523.764740, NoOp Chain Depth 128 Size 0 Mode ref, Ref Stage 17, run, end, 9783589602798733
1787664523.764754, NoOp Chain Depth 128 Size 0 Mode ref, Ref Stage 18, run, start, 9783589602813549
1787664523.764776, NoOp Chain Depth 128 Size 0 Mode ref, Ref Stage 18, run, end, 9783589602834813
1787664523.764790, NoOp Chain Depth 128 Size 0 Mode ref, Ref Stage 19, run, start, 9783589602849517
1787664523.764812, NoOp Chain Depth 128 Size 0 Mode ref, Ref Stage 19, run, end, 9783589602871405
1787664523.764827, NoOp Chain Depth 128 Size 0 Mode ref, Ref Stage 20, run, start, 9783589602886157
1787664523.765159, NoOp Chain Depth 128 Size 0 Mode ref, Ref Stage 20, run, end, 9783589603219388
1787664523.765283, NoOp Chain Depth 128 Size 0 Mode ref, Ref Stage 21, run, start, 9783589603342364
1787664523.765306, NoOp Chain Depth 128 Size 0 Mode ref, Ref Stage 21, run, end, 9783589603365244
1787664523.765321, NoOp Chain Depth 128 Size 0 Mode ref, Ref Stage 22, run, start, 9783589603380348
1787664523.765343, NoOp Chain Depth 128 Size 0 Mode ref, Ref Stage 22, run, end, 9783589603402092
1787664523.765358, NoOp Chain Depth 128 Size 0 Mode ref, Ref Stage 23, run, start, 9783589603417340
1787664523.765380, NoOp Chain Depth 128 Size 0 Mode ref, Ref Stage 23, run, end, 9783589603438700
1787664523.765394, NoOp Chain Depth 128 Size 0 Mode ref, Ref Stage 24, run, start, 9783589603453276
1787664523.765415, NoOp Chain Depth 128 Size 0 Mode ref, Ref Stage 24, run, end, 9783589603474348
1787664523.765430, NoOp Chain Depth 128 Size 0 Mode ref, Ref Stage 25, run, start, 9783589603489148
1787664523.765451, NoOp Chain Depth 128 Size 0 Mode ref, Ref Stage 25, run, end, 9783589603510476
1787664523.765466, NoOp Chain Depth 128 Size 0 Mode ref, Ref Stage 26, run, start, 9783589603525276
1787664523.765487, NoOp Chain Depth 128 Size 0 Mode ref, Ref Stage 26, run, end, 9783589603546668
1787664523.765502, NoOp Chain Depth 128 Size 0 Mode ref, Ref Stage 27, run, start, 9783589603561372
1787664523.765523, NoOp Chain Depth 128 Size 0 Mode ref, Ref Stage 27, run, end, 9783589603582748
1787664523.765538, NoOp Chain Depth 128 Size 0 Mode ref, Ref Stage 28, run, start, 9783589603597660
1787664523.765559, NoOp Chain Depth 128 Size 0 Mode ref, Ref Stage 28, run, end, 9783589603618444
1787664523.765574, NoOp Chain Depth 128 Size 0 Mode ref, Ref Stage 29, run, start, 9783589603633276
1787664523.765596, NoOp Chain Depth 128 Size 0 Mode ref, Ref Stage 29, run, end, 9783589603655324
1787664523.765612, NoOp Chain Depth 128 Size 0 Mode ref, Ref Stage 30, run, start, 9783589603671036
1787664523.765634, NoOp Chain Depth 128 Size 0 Mode ref, Ref Stage 30, run, end, 9783589603692748
1787664523.765648, NoOp Chain Depth 128 Size 0 Mode ref, Ref Stage 31, run, start, 9783589603707324
1787664523.765669, NoOp Chain Depth 128 Size 0 Mode ref, Ref Stage 31, run, end, 9783589603728284
1787664523.765683, NoOp Chain Depth 128 Size 0 Mode ref, Ref Stage 32, run, start, 9783589603742812
1787664523.765704, NoOp Chain Depth 128 Size 0 Mode ref, Ref Stage 32, run, end, 9783589603763676
1787664523.765719, NoOp Chain Depth 128 Size 0 Mode ref, Ref Stage 33, run, start, 9783589603778188
1787664523.765741, NoOp Chain Depth 128 Size 0 Mode ref, Ref Stage 33, run, end, 9783589603800508
1787664523.765756, NoOp Chain Depth 128 Size 0 Mode ref, Ref Stage 34, run, start, 9783589603815116
1787664523.765779, NoOp Chain Depth 128 Size 0 Mode ref, Ref Stage 34, run, end, 9783589603837900
1787664523.765793, NoOp Chain Depth 128 Size 0 Mode ref, Ref Stage 35, run, start, 9783589603852508
1787664523.765815, NoOp Chain Depth 128 Size 0 Mode ref, Ref Stage 35, run, end, 9783589603874140
1787664523.765830, NoOp Chain Depth 128 Size 0 Mode ref, Ref Stage 36, run, start, 9783589603888924
1787664523.765851, NoOp Chain Depth 128 Size 0 Mode ref, Ref Stage 36, run, end, 9783589603910396
1787664523.765866, NoOp Chain Depth 128 Size 0 Mode ref, Ref Stage 37, run, start, 9783589603924924
1787664523.766273, NoOp Chain Depth 128 Size 0 Mode ref, Ref Stage 37, run, end, 9783589604332444
1787664523.766399, NoOp Chain Depth 128 Size 0 Mode ref, Ref Stage 38, run, start, 9783589604458620
1787664523.766422, NoOp Chain Depth 128 Size 0 Mode ref, Ref Stage 38, run, end, 9783589604481596
1787664523.766438, NoOp Chain Depth 128 Size 0 Mode ref, Ref Stage 39, run, start, 9783589604497212
1787664523.766459, NoOp Chain Depth 128 Size 0 Mode ref, Ref Stage 39, run, end, 9783589604518540
1787664523.766474, NoOp Chain Depth 128 Size 0 Mode ref, Ref Stage 40, run, start, 9783589604533324
1787664523.766495, NoOp Chain Depth 128 Size 0 Mode ref, Ref Stage 40, run, end, 9783589604554411
1787664523.766510, NoOp Chain Depth 128 Size 0 Mode ref, Ref Stage 41, run, start, 9783589604569259
1787664523.766531, NoOp Chain Depth 128 Size 0 Mode ref, Ref Stage 41, run, end, 9783589604590331
1787664523.766546, NoOp Chain Depth 128 Size 0 Mode ref, Ref Stage 42, run, start, 9783589604605227
1787664523.766567, NoOp Chain Depth 128 Size 0 Mode ref, Ref Stage 42, run, end, 9783589604626667
1787664523.766582, NoOp Chain Depth 128 Size 0 Mode ref, Ref Stage 43, run, start, 9783589604641403
1787664523.766603, NoOp Chain Depth 128 Size 0 Mode ref, Ref Stage 43, run, end, 9783589604662475
1787664523.766619, NoOp Chain Depth 128 Size 0 Mode ref, Ref Stage 44, run, start, 9783589604678203
1787664523.766640, NoOp Chain Depth 128 Size 0 Mode ref, Ref Stage 44, run, end, 9783589604698907
1787664523.766654, NoOp Chain Depth 128 Size 0 Mode ref, Ref Stage 45, run, start, 9783589604713371
1787664523.766675, NoOp Chain Depth 128 Size 0 Mode ref, Ref Stage 45, run, end, 9783589604733867
1787664523.766690, NoOp Chain Depth 128 Size 0 Mode ref, Ref Stage 46, run, start, 9783589604749163
1787664523.766711, NoOp Chain Depth 128 Size 0 Mode ref, Ref Stage 46, run, end, 9783589604770011
1787664523.766726, NoOp Chain Depth 128 Size 0 Mode ref, Ref Stage 47, run, start, 9783589604785627
1787664523.766749, NoOp Chain Depth 128 Size 0 Mode ref, Ref Stage 47, run, end, 9783589604808315
1787664523.766761, NoOp Chain Depth 128 Size 0 Mode ref, Ref Stage 48, run, start, 9783589604819995
1787664523.766792, NoOp Chain Depth 128 Size 0 Mode ref, Ref Stage 48, run, end, 9783589604851851
1787664523.766807, NoOp Chain Depth 128 Size 0 Mode ref, Ref Stage 49, run, start, 9783589604866379
1787664523.766828, NoOp Chain Depth 128 Size 0 Mode ref, Ref Stage 49, run, end, 9783589604887227
1787664523.766842, NoOp Chain Depth 128 Size 0 Mode ref, Ref Stage 50, run, start, 9783589604901643
1787664523.766863, NoOp Chain Depth 128 Size 0 Mode ref, Ref Stage 50, run, end, 9783589604922235
1787664523.766878, NoOp Chain Depth 128 Size 0 Mode ref, Ref Stage 51, run, start, 9783589604936939
1787664523.766901, NoOp Chain Depth 128 Size 0 Mode ref, Ref Stage 51, run, end, 9783589604959643
1787664523.766915, NoOp Chain Depth 128 Size 0 Mode ref, Ref Stage 52, run, start, 9783589604973915
1787664523.766936, NoOp Chain Depth 128 Size 0 Mode ref, Ref Stage 52, run, end, 9783589604995531
1787664523.766954, NoOp Chain Depth 128 Size 0 Mode ref, Ref Stage 53, run, start, 9783589605013067
1787664523.766975, NoOp Chain Depth 128 Size 0 Mode ref, Ref Stage 53, run, end, 9783589605034331
1787664523.766991, NoOp Chain Depth 128 Size 0 Mode ref, Ref Stage 54, run, start, 9783589605049915
1787664523.767011, NoOp Chain Depth 128 Size 0 Mode ref, Ref Stage 54, run, end, 9783589605070363
1787664523.767026, NoOp Chain Depth 128 Size 0 Mode ref, Ref Stage 55, run, start, 9783589605084923
1787664523.767048, NoOp Chain Depth 128 Size 0 Mode ref, Ref Stage 55, run, end, 9783589605107435
1787664523.767064, NoOp Chain Depth 128 Size 0 Mode ref, Ref Stage 56, run, start, 9783589605123051
1787664523.767086, NoOp Chain Depth 128 Size 0 Mode ref, Ref Stage 56, run, end, 9783589605144715
1787664523.767100, NoOp Chain Depth 128 Size 0 Mode ref, Ref Stage 57, run, start, 9783589605159371
1787664523.767123, NoOp Chain Depth 128 Size 0 Mode ref, Ref Stage 57, run, end, 9783589605181707
1787664523.767134, NoOp Chain Depth 128 Size 0 Mode ref, Ref Stage 58, run, start, 9783589605193451
1787664523.767165, NoOp Chain Depth 128 Size 0 Mode ref, Ref Stage 58, run, end, 9783589605224235
1787664523.767180, NoOp Chain Depth 128 Size 0 Mode ref, Ref Stage 59, run, start, 9783589605239563
1787664523.767201, NoOp Chain Depth 128 Size 0 Mode ref, Ref Stage 59, run, end, 9783589605260187
1787664523.767215, NoOp Chain Depth 128 Size 0 Mode ref, Ref Stage 60, run, start, 9783589605274667
1787664523.767236, NoOp Chain Depth 128 Size 0 Mode ref, Ref Stage 60, run, end, 9783589605295307
1787664523.767251, NoOp Chain Depth 128 Size 0 Mode ref, Ref Stage 61, run, start, 9783589605310475
1787664523.767272, NoOp Chain Depth 128 Size 0 Mode ref, Ref Stage 61, run, end, 9783589605331019
1787664523.767287, NoOp Chain Depth 128 Size 0 Mode ref, Ref Stage 62, run, start, 9783589605346347
1787664523.767308, NoOp Chain Depth 128 Size 0 Mode ref, Ref Stage 62, run, end, 9783589605366875
1787664523.767326, NoOp Chain Depth 128 Size 0 Mode ref, Ref Stage 63, run, start, 9783589605384891
1787664523.767347, NoOp Chain Depth 128 Size 0 Mode ref, Ref Stage 63, run, end, 9783589605405883
1787664523.767362, NoOp Chain Depth 128 Size 0 Mode ref, Ref Stage 64, run, start, 9783589605421003
1787664523.767384, NoOp Chain Depth 128 Size 0 Mode ref, Ref Stage 64, run, end, 9783589605443531
1787664523.767395, NoOp Chain Depth 128 Size 0 Mode ref, Ref Stage 65, run, start, 9783589605455019
1787664523.767445, NoOp Chain Depth 128 Size 0 Mode ref, Ref Stage 65, run, end, 9783589605504059
1787664523.767459, NoOp Chain Depth 128 Size 0 Mode ref, Ref Stage 66, run, start, 9783589605518683
1787664523.767480, NoOp Chain Depth 128 Size 0 Mode ref, Ref Stage 66, run, end, 9783589605539259
1787664523.767494, NoOp Chain Depth 128 Size 0 Mode ref, Ref Stage 67, run, start, 9783589605553563
1787664523.767516, NoOp Chain Depth 128 Size 0 Mode ref, Ref Stage 67, run, end, 9783589605575243
1787664523.767530, NoOp Chain Depth 128 Size 0 Mode ref, Ref Stage 68, run, start, 9783589605589707
1787664523.767551, NoOp Chain Depth 128 Size 0 Mode ref, Ref Stage 68, run, end, 9783589605610747
1787664523.767566, NoOp Chain Depth 128 Size 0 Mode ref, Ref Stage 69, run, start, 9783589605625483
1787664523.767587, NoOp Chain Depth 128 Size 0 Mode ref, Ref Stage 69, run, end, 9783589605645931
1787664523.767602, NoOp Chain Depth 128 Size 0 Mode ref, Ref Stage 70, run, start, 9783589605661019
1787664523.767625, NoOp Chain Depth 128 Size 0 Mode ref, Ref Stage 70, run, end, 9783589605684123
1787664523.767639, NoOp Chain Depth 128 Size 0 Mode ref, Ref Stage 71, run, start, 9783589605698555
1787664523.767660, NoOp Chain Depth 128 Size 0 Mode ref, Ref Stage 71, run, end, 9783589605719483
1787664523.767675, NoOp Chain Depth 128 Size 0 Mode ref, Ref Stage 72, run, start, 9783589605734027
1787664523.767698, NoOp Chain Depth 128 Size 0 Mode ref, Ref Stage 72, run, end, 9783589605756779
1787664523.767712, NoOp Chain Depth 128 Size 0 Mode ref, Ref Stage 73, run, start, 9783589605771611
1787664523.767733, NoOp Chain Depth 128 Size 0 Mode ref, Ref Stage 73, run, end, 9783589605792235
1787664523.767747, NoOp Chain Depth 128 Size 0 Mode ref, Ref Stage 74, run, start, 9783589605806587
1787664523.767768, NoOp Chain Depth 128 Size 0 Mode ref, Ref Stage 74, run, end, 9783589605827099
1787664523.767783, NoOp Chain Depth 128 Size 0 Mode ref, Ref Stage 75, run, start, 9783589605841835
1787664523.767803, NoOp Chain Depth 128 Size 0 Mode ref, Ref Stage 75, run, end, 9783589605862571
1787664523.767819, NoOp Chain Depth 128 Size 0 Mode ref, Ref Stage 76, run, start, 9783589605878619
1787664523.767841, NoOp Chain Depth 128 Size 0 Mode ref, Ref Stage 76, run, end, 9783589605899803
1787664523.767855, NoOp Chain Depth 128 Size 0 Mode ref, Ref Stage 77, run, start, 9783589605915627
1787664523.767878, NoOp Chain Depth 128 Size 0 Mode ref, Ref Stage 77, run, end, 9783589605937211
1787664523.767893, NoOp Chain Depth 128 Size 0 Mode ref, Ref Stage 78, run, start, 9783589605952139
1787664523.767916, NoOp Chain Depth 128 Size 0 Mode ref, Ref Stage 78, run, end, 9783589605975307
1787664523.767932, NoOp Chain Depth 128 Size 0 Mode ref, Ref Stage 79, run, start, 9783589605990907
1787664523.767959, NoOp Chain Depth 128 Size 0 Mode ref, Ref Stage 79, run, end, 9783589606017723
1787664523.767970, NoOp Chain Depth 128 Size 0 Mode ref, Ref Stage 80, run, start, 9783589606029210
1787664523.770456, NoOp Chain Depth 128 Size 0 Mode ref, Ref Stage 80, run, end, 9783589608516953
1787664523.770475, NoOp Chain Depth 128 Size 0 Mode ref, Ref Stage 81, run, start, 9783589608534617
1787664523.770498, NoOp Chain Depth 128 Size 0 Mode ref, Ref Stage 81, run, end, 9783589608557369
1787664523.770513, NoOp Chain Depth 128 Size 0 Mode ref, Ref Stage 82, run, start, 9783589608572777
1787664523.770535, NoOp Chain Depth 128 Size 0 Mode ref, Ref Stage 82, run, end, 9783589608594089
1787664523.770550, NoOp Chain Depth 128 Size 0 Mode ref, Ref Stage 83, run, start, 9783589608608793
1787664523.770571, NoOp Chain Depth 128 Size 0 Mode ref, Ref Stage 83, run, end, 9783589608629705
1787664523.770585, NoOp Chain Depth 128 Size 0 Mode ref, Ref Stage 84, run, start, 9783589608644457
1787664523.770606, NoOp Chain Depth 128 Size 0 Mode ref, Ref Stage 84, run, end, 9783589608665369
1787664523.770621, NoOp Chain Depth 128 Size 0 Mode ref, Ref Stage 85, run, start, 9783589608680105
1787664523.770642, NoOp Chain Depth 128 Size 0 Mode ref, Ref Stage 85, run, end, 9783589608701225
1787664523.770657, NoOp Chain Depth 128 Size 0 Mode ref, Ref Stage 86, run, start, 9783589608716105
1787664523.770678, NoOp Chain Depth 128 Size 0 Mode ref, Ref Stage 86, run, end, 9783589608737145
1787664523.770692, NoOp Chain Depth 128 Size 0 Mode ref, Ref Stage 87, run, start, 9783589608751641
1787664523.770713, NoOp Chain Depth 128 Size 0 Mode ref, Ref Stage 87, run, end, 9783589608772217
1787664523.770727, NoOp Chain Depth 128 Size 0 Mode ref, Ref Stage 88, run, start, 9783589608786777
1787664523.770750, NoOp Chain Depth 128 Size 0 Mode ref, Ref Stage 88, run, end, 9783589608809129
1787664523.770762, NoOp Chain Depth 128 Size 0 Mode ref, Ref Stage 89, run, start, 9783589608821065
1787664523.770793, NoOp Chain Depth 128 Size 0 Mode ref, Ref Stage 89, run, end, 9783589608852153
1787664523.770808, NoOp Chain Depth 128 Size 0 Mode ref, Ref Stage 90, run, start, 9783589608867817
1787664523.770831, NoOp Chain Depth 128 Size 0 Mode ref, Ref Stage 90, run, end, 9783589608890025
1787664523.770842, NoOp Chain Depth 128 Size 0 Mode ref, Ref Stage 91, run, start, 9783589608901401
1787664523.770873, NoOp Chain Depth 128 Size 0 Mode ref, Ref Stage 91, run, end, 9783589608932105
1787664523.770888, NoOp Chain Depth 128 Size 0 Mode ref, Ref Stage 92, run, start, 9783589608946937
1787664523.770909, NoOp Chain Depth 128 Size 0 Mode ref, Ref Stage 92, run, end, 9783589608967833
1787664523.770924, NoOp Chain Depth 128 Size 0 Mode ref, Ref Stage 93, run, start, 9783589608983273
1787664523.770947, NoOp Chain Depth 128 Size 0 Mode ref, Ref Stage 93, run, end, 9783589609006041
1787664523.770962, NoOp Chain Depth 128 Size 0 Mode ref, Ref Stage 94, run, start, 9783589609021145
1787664523.770983, NoOp Chain Depth 128 Size 0 Mode ref, Ref Stage 94, run, end, 9783589609042169
1787664523.770997, NoOp Chain Depth 128 Size 0 Mode ref, Ref Stage 95, run, start, 9783589609056569
1787664523.771020, NoOp Chain Depth 128 Size 0 Mode ref, Ref Stage 95, run, end, 9783589609078953
1787664523.771031, NoOp Chain Depth 128 Size 0 Mode ref, Ref Stage 96, run, start, 9783589609090425
1787664523.771065, NoOp Chain Depth 128 Size 0 Mode ref, Ref Stage 96, run, end, 9783589609123801
1787664523.771080, NoOp Chain Depth 128 Size 0 Mode ref, Ref Stage 97, run, start, 9783589609138873
1787664523.771101, NoOp Chain Depth 128 Size 0 Mode ref, Ref Stage 97, run, end, 9783589609160152
1787664523.771116, NoOp Chain Depth 128 Size 0 Mode ref, Ref Stage 98, run, start, 9783589609175192
1787664523.771137, NoOp Chain Depth 128 Size 0 Mode ref, Ref Stage 98, run, end, 9783589609196264
1787664523.771152, NoOp Chain Depth 128 Size 0 Mode ref, Ref Stage 99, run, start, 9783589609211240
1787664523.771173, NoOp Chain Depth 128 Size 0 Mode ref, Ref Stage 99, run, end, 9783589609232360
1787664523.771188, NoOp Chain Depth 128 Size 0 Mode ref, Ref Stage 100, run, start, 9783589609247080
1787664523.771209, NoOp Chain Depth 128 Size 0 Mode ref, Ref Stage 100, run, end, 9783589609268344
1787664523.771224, NoOp Chain Depth 128 Size 0 Mode ref, Ref Stage 101, run, start, 9783589609282920
1787664523.771245, NoOp Chain Depth 128 Size 0 Mode ref, Ref Stage 101, run, end, 9783589609303832
1787664523.771259, NoOp Chain Depth 128 Size 0 Mode ref, Ref Stage 102, run, start, 9783589609318696
1787664523.771281, NoOp Chain Depth 128 Size 0 Mode ref, Ref Stage 102, run, end, 9783589609339720
1787664523.771295, NoOp Chain Depth 128 Size 0 Mode ref, Ref Stage 103, run, start, 9783589609354216
1787664523.771316, NoOp Chain Depth 128 Size 0 Mode ref, Ref Stage 103, run, end, 9783589609375128
1787664523.771331, NoOp Chain Depth 128 Size 0 Mode ref, Ref Stage 104, run, start, 9783589609390072
1787664523.771352, NoOp Chain Depth 128 Size 0 Mode ref, Ref Stage 104, run, end, 9783589609411448
1787664523.771367, NoOp Chain Depth 128 Size 0 Mode ref, Ref Stage 105, run, start, 9783589609426392
1787664523.771389, NoOp Chain Depth 128 Size 0 Mode ref, Ref Stage 105, run, end, 9783589609447624
1787664523.771403, NoOp Chain Depth 128 Size 0 Mode ref, Ref Stage 106, run, start, 9783589609462312
1787664523.771424, NoOp Chain Depth 128 Size 0 Mode ref, Ref Stage 106, run, end, 9783589609483560
1787664523.771439, NoOp Chain Depth 128 Size 0 Mode ref, Ref Stage 107, run, start, 9783589609498312
1787664523.771462, NoOp Chain Depth 128 Size 0 Mode ref, Ref Stage 107, run, end, 9783589609521144
1787664523.771477, NoOp Chain Depth 128 Size 0 Mode ref, Ref Stage 108, run, start, 9783589609535672
1787664523.771498, NoOp Chain Depth 128 Size 0 Mode ref, Ref Stage 108, run, end, 9783589609557544
1787664523.771513, NoOp Chain Depth 128 Size 0 Mode ref, Ref Stage 109, run, start, 9783589609572504
1787664523.771538, NoOp Chain Depth 128 Size 0 Mode ref, Ref Stage 109, run, end, 9783589609597016
1787664523.771549, NoOp Chain Depth 128 Size 0 Mode ref, Ref Stage 110, run, start, 9783589609608648
1787664523.771580, NoOp Chain Depth 128 Size 0 Mode ref, Ref Stage 110, run, end, 9783589609639736
1787664523.771595, NoOp Chain Depth 128 Size 0 Mode ref, Ref Stage 111, run, start, 9783589609654264
1787664523.771616, NoOp Chain Depth 128 Size 0 Mode ref, Ref Stage 111, run, end, 9783589609674840
1787664523.771630, NoOp Chain Depth 128 Size 0 Mode ref, Ref Stage 112, run, start, 9783589609689384
1787664523.771651, NoOp Chain Depth 128 Size 0 Mode ref, Ref Stage 112, run, end, 9783589609709992
1787664523.771666, NoOp Chain Depth 128 Size 0 Mode ref, Ref Stage 113, run, start, 9783589609724968
1787664523.771686, NoOp Chain Depth 128 Size 0 Mode ref, Ref Stage 113, run, end, 9783589609745544
1787664523.771702, NoOp Chain Depth 128 Size 0 Mode ref, Ref Stage 114, run, start, 9783589609761256
1787664523.771723, NoOp Chain Depth 128 Size 0 Mode ref, Ref Stage 114, run, end, 9783589609781912
1787664523.771737, NoOp Chain Depth 128 Size 0 Mode ref, Ref Stage 115, run, start, 9783589609796600
1787664523.771758, NoOp Chain Depth 128 Size 0 Mode ref, Ref Stage 115, run, end, 9783589609817416
1787664523.771773, NoOp Chain Depth 128 Size 0 Mode ref, Ref Stage 116, run, start, 9783589609833704
1787664523.771796, NoOp Chain Depth 128 Size 0 Mode ref, Ref Stage 116, run, end, 9783589609855400
1787664523.771814, NoOp Chain Depth 128 Size 0 Mode ref, Ref Stage 117, run, start, 9783589609873256
1787664523.771837, NoOp Chain Depth 128 Size 0 Mode ref, Ref Stage 117, run, end, 9783589609895608
1787664523.771851, NoOp Chain Depth 128 Size 0 Mode ref, Ref Stage 118, run, start, 9783589609910664
1787664523.771873, NoOp Chain Depth 128 Size 0 Mode ref, Ref Stage 118, run, end, 9783589609931864
1787664523.771888, NoOp Chain Depth 128 Size 0 Mode ref, Ref Stage 119, run, start, 9783589609946936
1787664523.771914, NoOp Chain Depth 128 Size 0 Mode ref, Ref Stage 119, run, end, 9783589609973336
1787664523.772132, NoOp Chain Depth 128 Size 0 Mode ref, Ref Stage 120, run, start, 9783589610192360
1787664523.772264, NoOp Chain Depth 128 Size 0 Mode ref, Ref Stage 120, run, end, 9783589610323512
1787664523.772280, NoOp Chain Depth 128 Size 0 Mode ref, Ref Stage 121, run, start, 9783589610339416
1787664523.772301, NoOp Chain Depth 128 Size 0 Mode ref, Ref Stage 121, run, end, 9783589610360664
1787664523.772316, NoOp Chain Depth 128 Size 0 Mode ref, Ref Stage 122, run, start, 9783589610375288
1787664523.772337, NoOp Chain Depth 128 Size 0 Mode ref, Ref Stage 122, run, end, 9783589610395896
1787664523.772352, NoOp Chain Depth 128 Size 0 Mode ref, Ref Stage 123, run, start, 9783589610410648
1787664523.772373, NoOp Chain Depth 128 Size 0 Mode ref, Ref Stage 123, run, end, 9783589610432760
1787664523.772385, NoOp Chain Depth 128 Size 0 Mode ref, Ref Stage 124, run, start, 9783589610444504
1787664523.772820, NoOp Chain Depth 128 Size 0 Mode ref, Ref Stage 124, run, end, 9783589610880039
1787664523.772836, NoOp Chain Depth 128 Size 0 Mode ref, Ref Stage 125, run, start, 9783589610895655
1787664523.772858, NoOp Chain Depth 128 Size 0 Mode ref, Ref Stage 125, run, end, 9783589610917143
1787664523.772873, NoOp Chain Depth 128 Size 0 Mode ref, Ref Stage 126, run, start, 9783589610932023
1787664523.772894, NoOp Chain Depth 128 Size 0 Mode ref, Ref Stage 126, run, end, 9783589610953031
1787664523.772908, NoOp Chain Depth 128 Size 0 Mode ref, Ref Stage 127, run, start, 9783589610968039
1787664523.772930, NoOp Chain Depth 128 Size 0 Mode ref, Ref Stage 127, run, end, 9783589610989271
1787664523.772950, NoOp Chain Depth 128 Size 0 Mode ref, pipeline - train, run, end, 235182427003421936366140042593095451975, 1787664523.763426, 27, 1, 9783589611009415
1787664523.772990, NoOp Chain Depth 128 Size 0 Mode ref, pipeline - train, run, start, 184580542496242821453125915419796493066, 1787664523.772979, 28, 1, 9783589611049719
1787664523.773013, NoOp Chain Depth 128 Size 0 Mode ref, Ref Stage 0, run, start, 9783589611072647
1787664523.773035, NoOp Chain Depth 128 Size 0 Mode ref, Ref Stage 0, run, end, 9783589611094039
1787664523.773050, NoOp Chain Depth 128 Size 0 Mode ref, Ref Stage 1, run, start, 9783589611108999
1787664523.773071, NoOp Chain Depth 128 Size 0 Mode ref, Ref Stage 1, run, end, 9783589611130503
1787664523.773086, NoOp Chain Depth 128 Size 0 Mode ref, Ref Stage 2, run, start, 9783589611145447
1787664523.773108, NoOp Chain Depth 128 Size 0 Mode ref, Ref Stage 2, run, end, 9783589611166647
1787664523.773122, NoOp Chain Depth 128 Size 0 Mode ref, Ref Stage 3, run, start, 9783589611181527
1787664523.773143, NoOp Chain Depth 128 Size 0 Mode ref, Ref Stage 3, run, end, 9783589611202519
1787664523.773160, NoOp Chain Depth 128 Size 0 Mode ref, Ref Stage 4, run, start, 9783589611218743
1787664523.773180, NoOp Chain Depth 128 Size 0 Mode ref, Ref Stage 4, run, end, 9783589611239735
1787664523.773196, NoOp Chain Depth 128 Size 0 Mode ref, Ref Stage 5, run, start, 9783589611255703
1787664523.773217, NoOp Chain Depth 128 Size 0 Mode ref, Ref Stage 5, run, end, 9783589611276439
1787664523.773233, NoOp Chain Depth 128 Size 0 Mode ref, Ref Stage 6, run, start, 9783589611292375
1787664523.773255, NoOp Chain Depth 128 Size 0 Mode ref, Ref Stage 6, run, end, 9783589611314663
1787664523.773267, NoOp Chain Depth 128 Size 0 Mode ref, Ref Stage 7, run, start, 9783589611326263
1787664523.773298, NoOp Chain Depth 128 Size 0 Mode ref, Ref Stage 7, run, end, 9783589611357175
1787664523.773314, NoOp Chain Depth 128 Size 0 Mode ref, Ref Stage 8, run, start, 9783589611373863
1787664523.773427, NoOp Chain Depth 128 Size 0 Mode ref, Ref Stage 8, run, end, 9783589611486679
1787664523.773444, NoOp Chain Depth 128 Size 0 Mode ref, Ref Stage 9, run, start, 9783589611502887
1787664523.773465, NoOp Chain Depth 128 Size 0 Mode ref, Ref Stage 9, run, end, 9783589611524407
1787664523.773480, NoOp Chain Depth 128 Size 0 Mode ref, Ref Stage 10, run, start, 9783589611539223
1787664523.773503, NoOp Chain Depth 128 Size 0 Mode ref, Ref Stage 10, run, end, 9783589611563287
1787664523.773519, NoOp Chain Depth 128 Size 0 Mode ref, Ref Stage 11, run, start, 9783589611578199
1787664523.773540, NoOp Chain Depth 128 Size 0 Mode ref, Ref Stage 11, run, end, 9783589611599463
1787664523.773555, NoOp Chain Depth 128 Size 0 Mode ref, Ref Stage 12, run, start, 9783589611614215
1787664523.773577, NoOp Chain Depth 128 Size 0 Mode ref, Ref Stage 12, run, end, 9783589611635991
1787664523.773592, NoOp Chain Depth 128 Size 0 Mode ref, Ref Stage 13, run, start, 9783589611651399
1787664523.773613, NoOp Chain Depth 128 Size 0 Mode ref, Ref Stage 13, run, end, 9783589611672327
1787664523.773628, NoOp Chain Depth 128 Size 0 Mode ref, Ref Stage 14, run, start, 9783589611686791
1787664523.773650, NoOp Chain Depth 128 Size 0 Mode ref, Ref Stage 14, run, end, 9783589611708903
1787664523.773661, NoOp Chain Depth 128 Size 0 Mode ref, Ref Stage 15, run, start, 9783589611720391
1787664523.773693, NoOp Chain Depth 128 Size 0 Mode ref, Ref Stage 15, run, end, 9783589611752103
1787664523.773707, NoOp Chain Depth 128 Size 0 Mode ref, Ref Stage 16, run, start, 9783589611766327
1787664523.773727, NoOp Chain Depth 128 Size 0 Mode ref, Ref Stage 16, run, end, 9783589611786807
1787664523.773742, NoOp Chain Depth 128 Size 0 Mode ref, Ref Stage 17, run, start, 9783589611801367
1787664523.773762, NoOp Chain Depth 128 Size 0 Mode ref, Ref Stage 17, run, end, 9783589611821831
1787664523.773777, NoOp Chain Depth 128 Size 0 Mode ref, Ref Stage 18, run, start, 9783589611836423
1787664523.773800, NoOp Chain Depth 128 Size 0 Mode ref, Ref Stage 18, run, end, 9783589611858919
1787664523.773814, NoOp Chain Depth 128 Size 0 Mode ref, Ref Stage 19, run, start, 9783589611873543
1787664523.773835, NoOp Chain Depth 128 Size 0 Mode ref, Ref Stage 19, run, end, 9783589611893943
1787664523.773849, NoOp Chain Depth 128 Size 0 Mode ref, Ref Stage 20, run, start, 9783589611908423
1787664523.773871, NoOp Chain Depth 128 Size 0 Mode ref, Ref Stage 20, run, end, 9783589611930599
1787664523.774288, NoOp Chain Depth 128 Size 0 Mode ref, Ref Stage 21, run, start, 9783589612348134
1787664523.774419, NoOp Chain Depth 128 Size 0 Mode ref, Ref Stage 21, run, end, 9783589612478886
1787664523.774435, NoOp Chain Depth 128 Size 0 Mode ref, Ref Stage 22, run, start, 9783589612494646
1787664523.774459, NoOp Chain Depth 128 Size 0 Mode ref, Ref Stage 22, run, end, 9783589612518246
1787664523.774471, NoOp Chain Depth 128 Size 0 Mode ref, Ref Stage 23, run, start, 9783589612530182
1787664523.774503, NoOp Chain Depth 128 Size 0 Mode ref, Ref Stage 23, run, end, 9783589612561798
1787664523.774517, NoOp Chain Depth 128 Size 0 Mode ref, Ref Stage 24, run, start, 9783589612576710
1787664523.774539, NoOp Chain Depth 128 Size 0 Mode ref, Ref Stage 24, run, end, 9783589612597718
1787664523.774553, NoOp Chain Depth 128 Size 0 Mode ref, Ref Stage 25, run, start, 9783589612612422
1787664523.774575, NoOp Chain Depth 128 Size 0 Mode ref, Ref Stage 25, run, end, 9783589612633798
1787664523.774590, NoOp Chain Depth 128 Size 0 Mode ref, Ref Stage 26, run, start, 9783589612648726
1787664523.774611, NoOp Chain Depth 128 Size 0 Mode ref, Ref Stage 26, run, end, 9783589612670230
1787664523.774626, NoOp Chain Depth 128 Size 0 Mode ref, Ref Stage 27, run, start, 9783589612684838
1787664523.774647, NoOp Chain Depth 128 Size 0 Mode ref, Ref Stage 27, run, end, 9783589612706774
1787664523.774662, NoOp Chain Depth 128 Size 0 Mode ref, Ref Stage 28, run, start, 9783589612721510
1787664523.774684, NoOp Chain Depth 128 Size 0 Mode ref, Ref Stage 28, run, end, 9783589612743254
1787664523.774702, NoOp Chain Depth 128 Size 0 Mode ref, Ref Stage 29, run, start, 9783589612761670
1787664523.774723, NoOp Chain Depth 128 Size 0 Mode ref, Ref Stage 29, run, end, 9783589612782262
1787664523.774739, NoOp Chain Depth 128 Size 0 Mode ref, Ref Stage 30, run, start, 9783589612797814
1787664523.774759, NoOp Chain Depth 128 Size 0 Mode ref, Ref Stage 30, run, end, 9783589612818502
1787664523.774774, NoOp Chain Depth 128 Size 0 Mode ref, Ref Stage 31, run, start, 9783589612833110
1787664523.774795, NoOp Chain Depth 128 Size 0 Mode ref, Ref Stage 31, run, end, 9783589612854422
1787664523.774810, NoOp Chain Depth 128 Size 0 Mode ref, Ref Stage 32, run, start, 9783589612868902
1787664523.774831, NoOp Chain Depth 128 Size 0 Mode ref, Ref Stage 32, run, end, 9783589612889942
1787664523.774845, NoOp Chain Depth 128 Size 0 Mode ref, Ref Stage 33, run, start, 9783589612904470
1787664523.774866, NoOp Chain Depth 128 Size 0 Mode ref, Ref Stage 33, run, end, 9783589612925334
1787664523.774881, NoOp Chain Depth 128 Size 0 Mode ref, Ref Stage 34, run, start, 9783589612939974
1787664523.774901, NoOp Chain Depth 128 Size 0 Mode ref, Ref Stage 34, run, end, 9783589612960470
1787664523.774916, NoOp Chain Depth 128 Size 0 Mode ref, Ref Stage 35, run, start, 9783589612974966
1787664523.774936, NoOp Chain Depth 128 Size 0 Mode ref, Ref Stage 35, run, end, 9783589612995606
1787664523.774954, NoOp Chain Depth 128 Size 0 Mode ref, Ref Stage 36, run, start, 9783589613013110
1787664523.774978, NoOp Chain Depth 128 Size 0 Mode ref, Ref Stage 36, run, end, 9783589613036966
1787664523.774989, NoOp Chain Depth 128 Size 0 Mode ref, Ref Stage 37, run, start, 9783589613048502
1787664523.775021, NoOp Chain Depth 128 Size 0 Mode ref, Ref Stage 37, run, end, 9783589613080166
1787664523.775035, NoOp Chain Depth 128 Size 0 Mode ref, Ref Stage 38, run, start, 9783589613094790
1787664523.775056, NoOp Chain Depth 128 Size 0 Mode ref, Ref Stage 38, run, end, 9783589613115622
1787664523.775071, NoOp Chain Depth 128 Size 0 Mode ref, Ref Stage 39, run, start, 9783589613130678
1787664523.775092, NoOp Chain Depth 128 Size 0 Mode ref, Ref Stage 39, run, end, 9783589613151206
1787664523.775108, NoOp Chain Depth 128 Size 0 Mode ref, Ref Stage 40, run, start, 9783589613166758
1787664523.775129, NoOp Chain Depth 128 Size 0 Mode ref, Ref Stage 40, run, end, 9783589613187878
1787664523.775144, NoOp Chain Depth 128 Size 0 Mode ref, Ref Stage 41, run, start, 9783589613202838
1787664523.775166, NoOp Chain Depth 128 Size 0 Mode ref, Ref Stage 41, run, end, 9783589613224726
1787664523.775181, NoOp Chain Depth 128 Size 0 Mode ref, Ref Stage 42, run, start, 9783589613240646
1787664523.775205, NoOp Chain Depth 128 Size 0 Mode ref, Ref Stage 42, run, end, 9783589613263990
1787664523.775535, NoOp Chain Depth 128 Size 0 Mode ref, Ref Stage 43, run, start, 9783589613594822
1787664523.775661, NoOp Chain Depth 128 Size 0 Mode ref, Ref Stage 43, run, end, 9783589613720181
1787664523.775676, NoOp Chain Depth 128 Size 0 Mode ref, Ref Stage 44, run, start, 9783589613735637
1787664523.775698, NoOp Chain Depth 128 Size 0 Mode ref, Ref Stage 44, run, end, 9783589613757029
1787664523.775712, NoOp Chain Depth 128 Size 0 Mode ref, Ref Stage 45, run, start, 9783589613771861
1787664523.775733, NoOp Chain Depth 128 Size 0 Mode ref, Ref Stage 45, run, end, 9783589613792805
1787664523.775748, NoOp Chain Depth 128 Size 0 Mode ref, Ref Stage 46, run, start, 9783589613807125
1787664523.775769, NoOp Chain Depth 128 Size 0 Mode ref, Ref Stage 46, run, end, 9783589613828069
1787664523.775784, NoOp Chain Depth 128 Size 0 Mode ref, Ref Stage 47, run, start, 9783589613842613
1787664523.775805, NoOp Chain Depth 128 Size 0 Mode ref, Ref Stage 47, run, end, 9783589613863637
1787664523.775819, NoOp Chain Depth 128 Size 0 Mode ref, Ref Stage 48, run, start, 9783589613878229
1787664523.775840, NoOp Chain Depth 128 Size 0 Mode ref, Ref Stage 48, run, end, 9783589613899317
1787664523.775855, NoOp Chain Depth 128 Size 0 Mode ref, Ref Stage 49, run, start, 9783589613913957
1787664523.775881, NoOp Chain Depth 128 Size 0 Mode ref, Ref Stage 49, run, end, 9783589613939893
1787664523.775895, NoOp Chain Depth 128 Size 0 Mode ref, Ref Stage 50, run, start, 9783589613954597
1787664523.775916, NoOp Chain Depth 128 Size 0 Mode ref, Ref Stage 50, run, end, 9783589613975301
1787664523.775931, NoOp Chain Depth 128 Size 0 Mode ref, Ref Stage 51, run, start, 9783589613989925
1787664523.775956, NoOp Chain Depth 128 Size 0 Mode ref, Ref Stage 51, run, end, 9783589614015029
1787664523.775971, NoOp Chain Depth 128 Size 0 Mode ref, Ref Stage 52, run, start, 9783589614030373
1787664523.775993, NoOp Chain Depth 128 Size 0 Mode ref, Ref Stage 52, run, end, 9783589614052277
1787664523.776007, NoOp Chain Depth 128 Size 0 Mode ref, Ref Stage 53, run, start, 9783589614066613
1787664523.776028, NoOp Chain Depth 128 Size 0 Mode ref, Ref Stage 53, run, end, 9783589614087413
1787664523.776043, NoOp Chain Depth 128 Size 0 Mode ref, Ref Stage 54, run, start, 9783589614102229
1787664523.776064, NoOp Chain Depth 128 Size 0 Mode ref, Ref Stage 54, run, end, 9783589614122869
1787664523.776078, NoOp Chain Depth 128 Size 0 Mode ref, Ref Stage 55, run, start, 9783589614137557
1787664523.776099, NoOp Chain Depth 128 Size 0 Mode ref, Ref Stage 55, run, end, 9783589614158149
1787664523.776114, NoOp Chain Depth 128 Size 0 Mode ref, Ref Stage 56, run, start, 9783589614172693
1787664523.776136, NoOp Chain Depth 128 Size 0 Mode ref, Ref Stage 56, run, end, 9783589614195317
1787664523.776150, NoOp Chain Depth 128 Size 0 Mode ref, Ref Stage 57, run, start, 9783589614209893
1787664523.776174, NoOp Chain Depth 128 Size 0 Mode ref, Ref Stage 57, run, end, 9783589614232965
1787664523.776185, NoOp Chain Depth 128 Size 0 Mode ref, Ref Stage 58, run, start, 9783589614244453
1787664523.776217, NoOp Chain Depth 128 Size 0 Mode ref, Ref Stage 58, run, end, 9783589614275701
1787664523.776231, NoOp Chain Depth 128 Size 0 Mode ref, Ref Stage 59, run, start, 9783589614290325
1787664523.776255, NoOp Chain Depth 128 Size 0 Mode ref, Ref Stage 59, run, end, 9783589614314037
1787664523.776269, NoOp Chain Depth 128 Size 0 Mode ref, Ref Stage 60, run, start, 9783589614328565
1787664523.776290, NoOp Chain Depth 128 Size 0 Mode ref, Ref Stage 60, run, end, 9783589614349061
1787664523.776304, NoOp Chain Depth 128 Size 0 Mode ref, Ref Stage 61, run, start, 9783589614363397
1787664523.776325, NoOp Chain Depth 128 Size 0 Mode ref, Ref Stage 61, run, end, 9783589614384133
1787664523.776339, NoOp Chain Depth 128 Size 0 Mode ref, Ref Stage 62, run, start, 9783589614398325
1787664523.776361, NoOp Chain Depth 128 Size 0 Mode ref, Ref Stage 62, run, end, 9783589614419749
1787664523.776375, NoOp Chain Depth 128 Size 0 Mode ref, Ref Stage 63, run, start, 9783589614434261
1787664523.776397, NoOp Chain Depth 128 Size 0 Mode ref, Ref Stage 63, run, end, 9783589614455861
1787664523.776411, NoOp Chain Depth 128 Size 0 Mode ref, Ref Stage 64, run, start, 9783589614470325
1787664523.776432, NoOp Chain Depth 128 Size 0 Mode ref, Ref Stage 64, run, end, 9783589614490837
1787664523.776447, NoOp Chain Depth 128 Size 0 Mode ref, Ref Stage 65, run, start, 9783589614505797
1787664523.776469, NoOp Chain Depth 128 Size 0 Mode ref, Ref Stage 65, run, end, 9783589614527765
1787664523.776480, NoOp Chain Depth 128 Size 0 Mode ref, Ref Stage 66, run, start, 9783589614539669
1787664523.776513, NoOp Chain Depth 128 Size 0 Mode ref, Ref Stage 66, run, end, 9783589614571781
1787664523.776527, NoOp Chain Depth 128 Size 0 Mode ref, Ref Stage 67, run, start, 9783589614586533
1787664523.776548, NoOp Chain Depth 128 Size 0 Mode ref, Ref Stage 67, run, end, 9783589614607205
1787664523.776562, NoOp Chain Depth 128 Size 0 Mode ref, Ref Stage 68, run, start, 9783589614621621
1787664523.776585, NoOp Chain Depth 128 Size 0 Mode ref, Ref Stage 68, run, end, 9783589614643893
1787664523.776599, NoOp Chain Depth 128 Size 0 Mode ref, Ref Stage 69, run, start, 9783589614658197
1787664523.776620, NoOp Chain Depth 128 Size 0 Mode ref, Ref Stage 69, run, end, 9783589614678949
1787664523.776636, NoOp Chain Depth 128 Size 0 Mode ref, Ref Stage 70, run, start, 9783589614695253
1787664523.776659, NoOp Chain Depth 128 Size 0 Mode ref, Ref Stage 70, run, end, 9783589614717733
1787664523.776673, NoOp Chain Depth 128 Size 0 Mode ref, Ref Stage 71, run, start, 9783589614732037
1787664523.776696, NoOp Chain Depth 128 Size 0 Mode ref, Ref Stage 71, run, end, 9783589614755349
1787664523.777112, NoOp Chain Depth 128 Size 0 Mode ref, Ref Stage 72, run, start, 9783589615172389
1787664523.777137, NoOp Chain Depth 128 Size 0 Mode ref, Ref Stage 72, run, end, 9783589615196197
1787664523.777152, NoOp Chain Depth 128 Size 0 Mode ref, Ref Stage 73, run, start, 9783589615211189
1787664523.777175, NoOp Chain Depth 128 Size 0 Mode ref, Ref Stage 73, run, end, 9783589615234613
1787664523.777190, NoOp Chain Depth 128 Size 0 Mode ref, Ref Stage 74, run, start, 9783589615249316
1787664523.777211, NoOp Chain Depth 128 Size 0 Mode ref, Ref Stage 74, run, end, 9783589615270148
1787664523.777226, NoOp Chain Depth 128 Size 0 Mode ref, Ref Stage 75, run, start, 9783589615285444
1787664523.777247, NoOp Chain Depth 128 Size 0 Mode ref, Ref Stage 75, run, end, 9783589615306260
1787664523.777365, NoOp Chain Depth 128 Size 0 Mode ref, Ref Stage 76, run, start, 9783589615424804
1787664523.777387, NoOp Chain Depth 128 Size 0 Mode ref, Ref Stage 76, run, end, 9783589615446404
1787664523.777402, NoOp Chain Depth 128 Size 0 Mode ref, Ref Stage 77, run, start, 9783589615461348
1787664523.777423, NoOp Chain Depth 128 Size 0 Mode ref, Ref Stage 77, run, end, 9783589615482292
1787664523.777438, NoOp Chain Depth 128 Size 0 Mode ref, Ref Stage 78, run, start, 9783589615496964
1787664523.777460, NoOp Chain Depth 128 Size 0 Mode ref, Ref Stage 78, run, end, 9783589615519284
1787664523.777472, NoOp Chain Depth 128 Size 0 Mode ref, Ref Stage 79, run, start, 9783589615531108
1787664523.777503, NoOp Chain Depth 128 Size 0 Mode ref, Ref Stage 79, run, end, 9783589615562100
1787664523.777518, NoOp Chain Depth 128 Size 0 Mode ref, Ref Stage 80, run, start, 9783589615576932
1787664523.777539, NoOp Chain Depth 128 Size 0 Mode ref, Ref Stage 80, run, end, 9783589615598116
1787664523.777554, NoOp Chain Depth 128 Size 0 Mode ref, Ref Stage 81, run, start, 9783589615613268
1787664523.777575, NoOp Chain Depth 128 Size 0 Mode ref, Ref Stage 81, run, end, 9783589615634388
1787664523.777590, NoOp Chain Depth 128 Size 0 Mode ref, Ref Stage 82, run, start, 9783589615648756
1787664523.777611, NoOp Chain Depth 128 Size 0 Mode ref, Ref Stage 82, run, end, 9783589615670596
1787664523.777626, NoOp Chain Depth 128 Size 0 Mode ref, Ref Stage 83, run, start, 9783589615685348
1787664523.777648, NoOp Chain Depth 128 Size 0 Mode ref, Ref Stage 83, run, end, 9783589615706884
1787664523.777663, NoOp Chain Depth 128 Size 0 Mode ref, Ref Stage 84, run, start, 9783589615721604
1787664523.777683, NoOp Chain Depth 128 Size 0 Mode ref, Ref Stage 84, run, end, 9783589615742452
1787664523.777699, NoOp Chain Depth 128 Size 0 Mode ref, Ref Stage 85, run, start, 9783589615758260
1787664523.777720, NoOp Chain Depth 128 Size 0 Mode ref, Ref Stage 85, run, end, 9783589615779396
1787664523.777735, NoOp Chain Depth 128 Size 0 Mode ref, Ref Stage 86, run, start, 9783589615794228
1787664523.777756, NoOp Chain Depth 128 Size 0 Mode ref, Ref Stage 86, run, end, 9783589615815076
1787664523.777771, NoOp Chain Depth 128 Size 0 Mode ref, Ref Stage 87, run, start, 9783589615829956
1787664523.777792, NoOp Chain Depth 128 Size 0 Mode ref, Ref Stage 87, run, end, 9783589615850660
1787664523.777807, NoOp Chain Depth 128 Size 0 Mode ref, Ref Stage 88, run, start, 9783589615866340
1787664523.777829, NoOp Chain Depth 128 Size 0 Mode ref, Ref Stage 88, run, end, 9783589615887908
1787664523.777844, NoOp Chain Depth 128 Size 0 Mode ref, Ref Stage 89, run, start, 9783589615903300
1787664523.777865, NoOp Chain Depth 128 Size 0 Mode ref, Ref Stage 89, run, end, 9783589615924260
1787664523.777880, NoOp Chain Depth 128 Size 0 Mode ref, Ref Stage 90, run, start, 9783589615939588
1787664523.777901, NoOp Chain Depth 128 Size 0 Mode ref, Ref Stage 90, run, end, 9783589615960116
1787664523.777917, NoOp Chain Depth 128 Size 0 Mode ref, Ref Stage 91, run, start, 9783589615976324
1787664523.777939, NoOp Chain Depth 128 Size 0 Mode ref, Ref Stage 91, run, end, 9783589615998244
1787664523.777956, NoOp Chain Depth 128 Size 0 Mode ref, Ref Stage 92, run, start, 9783589616015412
1787664523.777977, NoOp Chain Depth 128 Size 0 Mode ref, Ref Stage 92, run, end, 9783589616035844
1787664523.777992, NoOp Chain Depth 128 Size 0 Mode ref, Ref Stage 93, run, start, 9783589616050548
1787664523.778013, NoOp Chain Depth 128 Size 0 Mode ref, Ref Stage 93, run, end, 9783589616072644
1787664523.778025, NoOp Chain Depth 128 Size 0 Mode ref, Ref Stage 94, run, start, 9783589616084420
1787664523.778057, NoOp Chain Depth 128 Size 0 Mode ref, Ref Stage 94, run, end, 9783589616116372
1787664523.778072, NoOp Chain Depth 128 Size 0 Mode ref, Ref Stage 95, run, start, 9783589616131716
1787664523.778399, NoOp Chain Depth 128 Size 0 Mode ref, Ref Stage 95, run, end, 9783589616458388
1787664523.778413, NoOp Chain Depth 128 Size 0 Mode ref, Ref Stage 96, run, start, 9783589616472148
1787664523.778547, NoOp Chain Depth 128 Size 0 Mode ref, Ref Stage 96, run, end, 9783589616606564
1787664523.778562, NoOp Chain Depth 128 Size 0 Mode ref, Ref Stage 97, run, start, 9783589616621748
1787664523.778584, NoOp Chain Depth 128 Size 0 Mode ref, Ref Stage 97, run, end, 9783589616642916
1787664523.778598, NoOp Chain Depth 128 Size 0 Mode ref, Ref Stage 98, run, start, 9783589616657508
1787664523.778619, NoOp Chain Depth 128 Size 0 Mode ref, Ref Stage 98, run, end, 9783589616678516
1787664523.778634, NoOp Chain Depth 128 Size 0 Mode ref, Ref Stage 99, run, start, 9783589616693252
1787664523.778655, NoOp Chain Depth 128 Size 0 Mode ref, Ref Stage 99, run, end, 9783589616714116
1787664523.778670, NoOp Chain Depth 128 Size 0 Mode ref, Ref Stage 100, run, start, 9783589616728996
1787664523.778691, NoOp Chain Depth 128 Size 0 Mode ref, Ref Stage 100, run, end, 9783589616750260
1787664523.778705, NoOp Chain Depth 128 Size 0 Mode ref, Ref Stage 101, run, start, 9783589616764884
1787664523.778728, NoOp Chain Depth 128 Size 0 Mode ref, Ref Stage 101, run, end, 9783589616787907
1787664523.778744, NoOp Chain Depth 128 Size 0 Mode ref, Ref Stage 102, run, start, 9783589616803315
1787664523.778765, NoOp Chain Depth 128 Size 0 Mode ref, Ref Stage 102, run, end, 9783589616824099
1787664523.778780, NoOp Chain Depth 128 Size 0 Mode ref, Ref Stage 103, run, start, 9783589616838723
1787664523.778801, NoOp Chain Depth 128 Size 0 Mode ref, Ref Stage 103, run, end, 9783589616859667
1787664523.778815, NoOp Chain Depth 128 Size 0 Mode ref, Ref Stage 104, run, start, 9783589616874563
1787664523.778839, NoOp Chain Depth 128 Size 0 Mode ref, Ref Stage 104, run, end, 9783589616897891
1787664523.778850, NoOp Chain Depth 128 Size 0 Mode ref, Ref Stage 105, run, start, 9783589616909379
1787664523.778950, NoOp Chain Depth 128 Size 0 Mode ref, Ref Stage 105, run, end, 9783589617010019
1787664523.779459, NoOp Chain Depth 128 Size 0 Mode ref, Ref Stage 106, run, start, 9783589617519299
1787664523.779485, NoOp Chain Depth 128 Size 0 Mode ref, Ref Stage 106, run, end, 9783589617544451
1787664523.779500, NoOp Chain Depth 128 Size 0 Mode ref, Ref Stage 107, run, start, 9783589617559859
1787664523.779522, NoOp Chain Depth 128 Size 0 Mode ref, Ref Stage 107, run, end, 9783589617581635
1787664523.779537, NoOp Chain Depth 128 Size 0 Mode ref, Ref Stage 108, run, start, 9783589617596371
1787664523.779558, NoOp Chain Depth 128 Size 0 Mode ref, Ref Stage 108, run, end, 9783589617617139
1787664523.779573, NoOp Chain Depth 128 Size 0 Mode ref, Ref Stage 109, run, start, 9783589617632131
1787664523.779596, NoOp Chain Depth 128 Size 0 Mode ref, Ref Stage 109, run, end, 9783589617655059
1787664523.779608, NoOp Chain Depth 128 Size 0 Mode ref, Ref Stage 110, run, start, 9783589617667123
1787664523.779639, NoOp Chain Depth 128 Size 0 Mode ref, Ref Stage 110, run, end, 9783589617698275
1787664523.779654, NoOp Chain Depth 128 Size 0 Mode ref, Ref Stage 111, run, start, 9783589617713091
1787664523.779677, NoOp Chain Depth 128 Size 0 Mode ref, Ref Stage 111, run, end, 9783589617735987
1787664523.779691, NoOp Chain Depth 128 Size 0 Mode ref, Ref Stage 112, run, start, 9783589617750883
1787664523.779712, NoOp Chain Depth 128 Size 0 Mode ref, Ref Stage 112, run, end, 9783589617771731
1787664523.779727, NoOp Chain Depth 128 Size 0 Mode ref, Ref Stage 113, run, start, 9783589617786563
1787664523.779748, NoOp Chain Depth 128 Size 0 Mode ref, Ref Stage 113, run, end, 9783589617807315
1787664523.779763, NoOp Chain Depth 128 Size 0 Mode ref, Ref Stage 114, run, start, 9783589617821859
1787664523.779786, NoOp Chain Depth 128 Size 0 Mode ref, Ref Stage 114, run, end, 9783589617845523
1787664523.779802, NoOp Chain Depth 128 Size 0 Mode ref, Ref Stage 115, run, start, 9783589617861059
1787664523.779823, NoOp Chain Depth 128 Size 0 Mode ref, Ref Stage 115, run, end, 9783589617882675
1787664523.779838, NoOp Chain Depth 128 Size 0 Mode ref, Ref Stage 116, run, start, 9783589617897347
1787664523.779859, NoOp Chain Depth 128 Size 0 Mode ref, Ref Stage 116, run, end, 9783589617918339
1787664523.779874, NoOp Chain Depth 128 Size 0 Mode ref, Ref Stage 117, run, start, 9783589617932691
1787664523.779894, NoOp Chain Depth 128 Size 0 Mode ref, Ref Stage 117, run, end, 9783589617953523
1787664523.779910, NoOp Chain Depth 128 Size 0 Mode ref, Ref Stage 118, run, start, 9783589617969587
1787664523.779931, NoOp Chain Depth 128 Size 0 Mode ref, Ref Stage 118, run, end, 9783589617990627
1787664523.779948, NoOp Chain Depth 128 Size 0 Mode ref, Ref Stage 119, run, start, 9783589618007155
1787664523.779969, NoOp Chain Depth 128 Size 0 Mode ref, Ref Stage 119, run, end, 9783589618028563
1787664523.779984, NoOp Chain Depth 128 Size 0 Mode ref, Ref Stage 120, run, start, 9783589618043011
1787664523.780005, NoOp Chain Depth 128 Size 0 Mode ref, Ref Stage 120, run, end, 9783589618064483
1787664523.780024, NoOp Chain Depth 128 Size 0 Mode ref, Ref Stage 121, run, start, 9783589618082787
1787664523.780044, NoOp Chain Depth 128 Size 0 Mode ref, Ref Stage 121, run, end, 9783589618103683
1787664523.780059, NoOp Chain Depth 128 Size 0 Mode ref, Ref Stage 122, run, start, 9783589618118227
1787664523.780081, NoOp Chain Depth 128 Size 0 Mode ref, Ref Stage 122, run, end, 9783589618140323
1787664523.780092, NoOp Chain Depth 128 Size 0 Mode ref, Ref Stage 123, run, start, 9783589618151731
1787664523.780123, NoOp Chain Depth 128 Size 0 Mode ref, Ref Stage 123, run, end, 9783589618182291
1787664523.780138, NoOp Chain Depth 128 Size 0 Mode ref, Ref Stage 124, run, start, 9783589618197059
1787664523.780159, NoOp Chain Depth 128 Size 0 Mode ref, Ref Stage 124, run, end, 9783589618217715
1787664523.780173, NoOp Chain Depth 128 Size 0 Mode ref, Ref Stage 125, run, start, 9783589618232371
1787664523.780195, NoOp Chain Depth 128 Size 0 Mode ref, Ref Stage 125, run, end, 9783589618254050
1787664523.780209, NoOp Chain Depth 128 Size 0 Mode ref, Ref Stage 126, run, start, 9783589618268818
1787664523.780230, NoOp Chain Depth 128 Size 0 Mode ref, Ref Stage 126, run, end, 9783589618289490
1787664523.780246, NoOp Chain Depth 128 Size 0 Mode ref, Ref Stage 127, run, start, 9783589618304850
1787664523.780267, NoOp Chain Depth 128 Size 0 Mode ref, Ref Stage 127, run, end, 9783589618326818
1787664523.780283, NoOp Chain Depth 128 Size 0 Mode ref, pipeline - train, run, end, 184580542496242821453125915419796493066, 1787664523.772979, 28, 1, 9783589618341906
1787664523.780323, NoOp Chain Depth 128 Size 0 Mode ref, pipeline - train, run, start, 161475073934058937150963369220405106017, 1787664523.780313, 29, 1, 9783589618382786
1787664523.780347, NoOp Chain Depth 128 Size 0 Mode ref, Ref Stage 0, run, start, 9783589618406082
1787664523.780368, NoOp Chain Depth 128 Size 0 Mode ref, Ref Stage 0, run, end, 9783589618427330
1787664523.780383, NoOp Chain Depth 128 Size 0 Mode ref, Ref Stage 1, run, start, 9783589618442306
1787664523.780405, NoOp Chain Depth 128 Size 0 Mode ref, Ref Stage 1, run, end, 9783589618464226
1787664523.780420, NoOp Chain Depth 128 Size 0 Mode ref, Ref Stage 2, run, start, 9783589618478962
1787664523.780442, NoOp Chain Depth 128 Size 0 Mode ref, Ref Stage 2, run, end, 9783589618501314
1787664523.780457, NoOp Chain Depth 128 Size 0 Mode ref, Ref Stage 3, run, start, 9783589618516258
1787664523.780478, NoOp Chain Depth 128 Size 0 Mode ref, Ref Stage 3, run, end, 9783589618537346
1787664523.780493, NoOp Chain Depth 128 Size 0 Mode ref, Ref Stage 4, run, start, 9783589618551906
1787664523.780514, NoOp Chain Depth 128 Size 0 Mode ref, Ref Stage 4, run, end, 9783589618572690
1787664523.780528, NoOp Chain Depth 128 Size 0 Mode ref, Ref Stage 5, run, start, 9783589618587362
1787664523.780549, NoOp Chain Depth 128 Size 0 Mode ref, Ref Stage 5, run, end, 9783589618609122
1787664523.780565, NoOp Chain Depth 128 Size 0 Mode ref, Ref Stage 6, run, start, 9783589618623810
1787664523.780587, NoOp Chain Depth 128 Size 0 Mode ref, Ref Stage 6, run, end, 9783589618646434
1787664523.780602, NoOp Chain Depth 128 Size 0 Mode ref, Ref Stage 7, run, start, 9783589618661122
1787664523.780623, NoOp Chain Depth 128 Size 0 Mode ref, Ref Stage 7, run, end, 9783589618681986
1787664523.780638, NoOp Chain Depth 128 Size 0 Mode ref, Ref Stage 8, run, start, 9783589618696770
1787664523.780658, NoOp Chain Depth 128 Size 0 Mode ref, Ref Stage 8, run, end, 9783589618717618
1787664523.780674, NoOp Chain Depth 128 Size 0 Mode ref, Ref Stage 9, run, start, 9783589618733042
1787664523.780695, NoOp Chain Depth 128 Size 0 Mode ref, Ref Stage 9, run, end, 9783589618754018
1787664523.780710, NoOp Chain Depth 128 Size 0 Mode ref, Ref Stage 10, run, start, 9783589618769698
1787664523.780734, NoOp Chain Depth 128 Size 0 Mode ref, Ref Stage 10, run, end, 9783589618793058
1787664523.781067, NoOp Chain Depth 128 Size 0 Mode ref, Ref Stage 11, run, start, 9783589619126930
1787664523.781091, NoOp Chain Depth 128 Size 0 Mode ref, Ref Stage 11, run, end, 9783589619150466
1787664523.781209, NoOp Chain Depth 128 Size 0 Mode ref, Ref Stage 12, run, start, 9783589619268674
1787664523.781232, NoOp Chain Depth 128 Size 0 Mode ref, Ref Stage 12, run, end, 9783589619291330
1787664523.781247, NoOp Chain Depth 128 Size 0 Mode ref, Ref Stage 13, run, start, 9783589619306402
1787664523.781268, NoOp Chain Depth 128 Size 0 Mode ref, Ref Stage 13, run, end, 9783589619327474
1787664523.781283, NoOp Chain Depth 128 Size 0 Mode ref, Ref Stage 14, run, start, 9783589619342194
1787664523.781304, NoOp Chain Depth 128 Size 0 Mode ref, Ref Stage 14, run, end, 9783589619363074
1787664523.781319, NoOp Chain Depth 128 Size 0 Mode ref, Ref Stage 15, run, start, 9783589619377986
1787664523.781339, NoOp Chain Depth 128 Size 0 Mode ref, Ref Stage 15, run, end, 9783589619398610
1787664523.781354, NoOp Chain Depth 128 Size 0 Mode ref, Ref Stage 16, run, start, 9783589619413314
1787664523.781375, NoOp Chain Depth 128 Size 0 Mode ref, Ref Stage 16, run, end, 9783589619434194
1787664523.781391, NoOp Chain Depth 128 Size 0 Mode ref, Ref Stage 17, run, start, 9783589619450066
1787664523.781412, NoOp Chain Depth 128 Size 0 Mode ref, Ref Stage 17, run, end, 9783589619470882
1787664523.781427, NoOp Chain Depth 128 Size 0 Mode ref, Ref Stage 18, run, start, 9783589619486674
1787664523.781448, NoOp Chain Depth 128 Size 0 Mode ref, Ref Stage 18, run, end, 9783589619507714
1787664523.781463, NoOp Chain Depth 128 Size 0 Mode ref, Ref Stage 19, run, start, 9783589619522514
1787664523.781484, NoOp Chain Depth 128 Size 0 Mode ref, Ref Stage 19, run, end, 9783589619543538
1787664523.781499, NoOp Chain Depth 128 Size 0 Mode ref, Ref Stage 20, run, start, 9783589619558338
1787664523.781520, NoOp Chain Depth 128 Size 0 Mode ref, Ref Stage 20, run, end, 9783589619579474
1787664523.781535, NoOp Chain Depth 128 Size 0 Mode ref, Ref Stage 21, run, start, 9783589619594354
1787664523.781557, NoOp Chain Depth 128 Size 0 Mode ref, Ref Stage 21, run, end, 9783589619616482
1787664523.781572, NoOp Chain Depth 128 Size 0 Mode ref, Ref Stage 22, run, start, 9783589619631186
1787664523.781594, NoOp Chain Depth 128 Size 0 Mode ref, Ref Stage 22, run, end, 9783589619653122
1787664523.781610, NoOp Chain Depth 128 Size 0 Mode ref, Ref Stage 23, run, start, 9783589619669586
1787664523.781631, NoOp Chain Depth 128 Size 0 Mode ref, Ref Stage 23, run, end, 9783589619690658
1787664523.781646, NoOp Chain Depth 128 Size 0 Mode ref, Ref Stage 24, run, start, 9783589619705410
1787664523.781667, NoOp Chain Depth 128 Size 0 Mode ref, Ref Stage 24, run, end, 9783589619727314
1787664523.781682, NoOp Chain Depth 128 Size 0 Mode ref, Ref Stage 25, run, start, 9783589619741762
1787664523.781703, NoOp Chain Depth 128 Size 0 Mode ref, Ref Stage 25, run, end, 9783589619762642
1787664523.781718, NoOp Chain Depth 128 Size 0 Mode ref, Ref Stage 26, run, start, 9783589619777361
1787664523.781739, NoOp Chain Depth 128 Size 0 Mode ref, Ref Stage 26, run, end, 9783589619798113
1787664523.781754, NoOp Chain Depth 128 Size 0 Mode ref, Ref Stage 27, run, start, 9783589619812801
1787664523.781775, NoOp Chain Depth 128 Size 0 Mode ref, Ref Stage 27, run, end, 9783589619834177
1787664523.781790, NoOp Chain Depth 128 Size 0 Mode ref, Ref Stage 28, run, start, 9783589619849265
1787664523.781811, NoOp Chain Depth 128 Size 0 Mode ref, Ref Stage 28, run, end, 9783589619870769
1787664523.781826, NoOp Chain Depth 128 Size 0 Mode ref, Ref Stage 29, run, start, 9783589619885249
1787664523.781847, NoOp Chain Depth 128 Size 0 Mode ref, Ref Stage 29, run, end, 9783589619905905
1787664523.781862, NoOp Chain Depth 128 Size 0 Mode ref, Ref Stage 30, run, start, 9783589619921505
1787664523.781883, NoOp Chain Depth 128 Size 0 Mode ref, Ref Stage 30, run, end, 9783589619942529
1787664523.781898, NoOp Chain Depth 128 Size 0 Mode ref, Ref Stage 31, run, start, 9783589619957441
1787664523.781919, NoOp Chain Depth 128 Size 0 Mode ref, Ref Stage 31, run, end, 9783589619978209
1787664523.781934, NoOp Chain Depth 128 Size 0 Mode ref, Ref Stage 32, run, start, 9783589619993873
1787664523.781957, NoOp Chain Depth 128 Size 0 Mode ref, Ref Stage 32, run, end, 9783589620016193
1787664523.781973, NoOp Chain Depth 128 Size 0 Mode ref, Ref Stage 33, run, start, 9783589620032369
1787664523.781996, NoOp Chain Depth 128 Size 0 Mode ref, Ref Stage 33, run, end, 9783589620054833
1787664523.782007, NoOp Chain Depth 128 Size 0 Mode ref, Ref Stage 34, run, start, 9783589620066449
1787664523.782038, NoOp Chain Depth 128 Size 0 Mode ref, Ref Stage 34, run, end, 9783589620097313
1787664523.782052, NoOp Chain Depth 128 Size 0 Mode ref, Ref Stage 35, run, start, 9783589620111729
1787664523.782073, NoOp Chain Depth 128 Size 0 Mode ref, Ref Stage 35, run, end, 9783589620132273
1787664523.782088, NoOp Chain Depth 128 Size 0 Mode ref, Ref Stage 36, run, start, 9783589620147505
1787664523.782109, NoOp Chain Depth 128 Size 0 Mode ref, Ref Stage 36, run, end, 9783589620168065
1787664523.782123, NoOp Chain Depth 128 Size 0 Mode ref, Ref Stage 37, run, start, 9783589620182449
1787664523.782144, NoOp Chain Depth 128 Size 0 Mode ref, Ref Stage 37, run, end, 9783589620202833
1787664523.782158, NoOp Chain Depth 128 Size 0 Mode ref, Ref Stage 38, run, start, 9783589620217809
1787664523.782575, NoOp Chain Depth 128 Size 0 Mode ref, Ref Stage 38, run, end, 9783589620635457
1787664523.782596, NoOp Chain Depth 128 Size 0 Mode ref, Ref Stage 39, run, start, 9783589620655121
1787664523.782618, NoOp Chain Depth 128 Size 0 Mode ref, Ref Stage 39, run, end, 9783589620677537
1787664523.782734, NoOp Chain Depth 128 Size 0 Mode ref, Ref Stage 40, run, start, 9783589620793665
1787664523.782757, NoOp Chain Depth 128 Size 0 Mode ref, Ref Stage 40, run, end, 9783589620816033
1787664523.782771, NoOp Chain Depth 128 Size 0 Mode ref, Ref Stage 41, run, start, 9783589620830945
1787664523.782793, NoOp Chain Depth 128 Size 0 Mode ref, Ref Stage 41, run, end, 9783589620852385
1787664523.782808, NoOp Chain Depth 128 Size 0 Mode ref, Ref Stage 42, run, start, 9783589620867185
1787664523.782829, NoOp Chain Depth 128 Size 0 Mode ref, Ref Stage 42, run, end, 9783589620888161
1787664523.782844, NoOp Chain Depth 128 Size 0 Mode ref, Ref Stage 43, run, start, 9783589620903105
1787664523.782865, NoOp Chain Depth 128 Size 0 Mode ref, Ref Stage 43, run, end, 9783589620924257
1787664523.782882, NoOp Chain Depth 128 Size 0 Mode ref, Ref Stage 44, run, start, 9783589620941169
1787664523.782905, NoOp Chain Depth 128 Size 0 Mode ref, Ref Stage 44, run, end, 9783589620964161
1787664523.782917, NoOp Chain Depth 128 Size 0 Mode ref, Ref Stage 45, run, start, 9783589620975921
1787664523.782950, NoOp Chain Depth 128 Size 0 Mode ref, Ref Stage 45, run, end, 9783589621008961
1787664523.782965, NoOp Chain Depth 128 Size 0 Mode ref, Ref Stage 46, run, start, 9783589621024289
1787664523.782988, NoOp Chain Depth 128 Size 0 Mode ref, Ref Stage 46, run, end, 9783589621046657
1787664523.783003, NoOp Chain Depth 128 Size 0 Mode ref, Ref Stage 47, run, start, 9783589621062369
1787664523.783025, NoOp Chain Depth 128 Size 0 Mode ref, Ref Stage 47, run, end, 9783589621084321
1787664523.783040, NoOp Chain Depth 128 Size 0 Mode ref, Ref Stage 48, run, start, 9783589621098929
1787664523.783067, NoOp Chain Depth 128 Size 0 Mode ref, Ref Stage 48, run, end, 9783589621125953
1787664523.783078, NoOp Chain Depth 128 Size 0 Mode ref, Ref Stage 49, run, start, 9783589621137793
1787664523.783110, NoOp Chain Depth 128 Size 0 Mode ref, Ref Stage 49, run, end, 9783589621168929
1787664523.783124, NoOp Chain Depth 128 Size 0 Mode ref, Ref Stage 50, run, start, 9783589621183745
1787664523.783145, NoOp Chain Depth 128 Size 0 Mode ref, Ref Stage 50, run, end, 9783589621204417
1787664523.783160, NoOp Chain Depth 128 Size 0 Mode ref, Ref Stage 51, run, start, 9783589621219121
1787664523.783183, NoOp Chain Depth 128 Size 0 Mode ref, Ref Stage 51, run, end, 9783589621242449
1787664523.783198, NoOp Chain Depth 128 Size 0 Mode ref, Ref Stage 52, run, start, 9783589621256913
1787664523.783219, NoOp Chain Depth 128 Size 0 Mode ref, Ref Stage 52, run, end, 9783589621278033
1787664523.783233, NoOp Chain Depth 128 Size 0 Mode ref, Ref Stage 53, run, start, 9783589621292625
1787664523.783254, NoOp Chain Depth 128 Size 0 Mode ref, Ref Stage 53, run, end, 9783589621313489
1787664523.783270, NoOp Chain Depth 128 Size 0 Mode ref, Ref Stage 54, run, start, 9783589621329169
1787664523.783291, NoOp Chain Depth 128 Size 0 Mode ref, Ref Stage 54, run, end, 9783589621349952
1787664523.783305, NoOp Chain Depth 128 Size 0 Mode ref, Ref Stage 55, run, start, 9783589621364656
1787664523.783326, NoOp Chain Depth 128 Size 0 Mode ref, Ref Stage 55, run, end, 9783589621385456
1787664523.783341, NoOp Chain Depth 128 Size 0 Mode ref, Ref Stage 56, run, start, 9783589621400096
1787664523.783361, NoOp Chain Depth 128 Size 0 Mode ref, Ref Stage 56, run, end, 9783589621420832
1787664523.783377, NoOp Chain Depth 128 Size 0 Mode ref, Ref Stage 57, run, start, 9783589621436400
1787664523.783398, NoOp Chain Depth 128 Size 0 Mode ref, Ref Stage 57, run, end, 9783589621457200
1787664523.783413, NoOp Chain Depth 128 Size 0 Mode ref, Ref Stage 58, run, start, 9783589621472576
1787664523.783437, NoOp Chain Depth 128 Size 0 Mode ref, Ref Stage 58, run, end, 9783589621496032
1787664523.783448, NoOp Chain Depth 128 Size 0 Mode ref, Ref Stage 59, run, start, 9783589621507808
1787664523.783481, NoOp Chain Depth 128 Size 0 Mode ref, Ref Stage 59, run, end, 9783589621540240
1787664523.783496, NoOp Chain Depth 128 Size 0 Mode ref, Ref Stage 60, run, start, 9783589621554864
1787664523.783516, NoOp Chain Depth 128 Size 0 Mode ref, Ref Stage 60, run, end, 9783589621575648
1787664523.783531, NoOp Chain Depth 128 Size 0 Mode ref, Ref Stage 61, run, start, 9783589621590240
1787664523.783552, NoOp Chain Depth 128 Size 0 Mode ref, Ref Stage 61, run, end, 9783589621611040
1787664523.783566, NoOp Chain Depth 128 Size 0 Mode ref, Ref Stage 62, run, start, 9783589621625472
1787664523.783587, NoOp Chain Depth 128 Size 0 Mode ref, Ref Stage 62, run, end, 9783589621646160
1787664523.783602, NoOp Chain Depth 128 Size 0 Mode ref, Ref Stage 63, run, start, 9783589621660784
1787664523.783623, NoOp Chain Depth 128 Size 0 Mode ref, Ref Stage 63, run, end, 9783589621681536
1787664523.783637, NoOp Chain Depth 128 Size 0 Mode ref, Ref Stage 64, run, start, 9783589621696144
1787664523.783659, NoOp Chain Depth 128 Size 0 Mode ref, Ref Stage 64, run, end, 9783589621718880
1787664523.783675, NoOp Chain Depth 128 Size 0 Mode ref, Ref Stage 65, run, start, 9783589621734352
1787664523.783697, NoOp Chain Depth 128 Size 0 Mode ref, Ref Stage 65, run, end, 9783589621755760
1787664523.783711, NoOp Chain Depth 128 Size 0 Mode ref, Ref Stage 66, run, start, 9783589621770400
1787664523.786954, NoOp Chain Depth 128 Size 0 Mode ref, Ref Stage 66, run, end, 9783589625014862
1787664523.787825, NoOp Chain Depth 128 Size 0 Mode ref, Ref Stage 67, run, start, 9783589625885357
1787664523.787852, NoOp Chain Depth 128 Size 0 Mode ref, Ref Stage 67, run, end, 9783589625911341
1787664523.787868, NoOp Chain Depth 128 Size 0 Mode ref, Ref Stage 68, run, start, 9783589625927165
1787664523.787890, NoOp Chain Depth 128 Size 0 Mode ref, Ref Stage 68, run, end, 9783589625948861
1787664523.787905, NoOp Chain Depth 128 Size 0 Mode ref, Ref Stage 69, run, start, 9783589625963741
1787664523.787926, NoOp Chain Depth 128 Size 0 Mode ref, Ref Stage 69, run, end, 9783589625984989
1787664523.787941, NoOp Chain Depth 128 Size 0 Mode ref, Ref Stage 70, run, start, 9783589625999773
1787664523.787964, NoOp Chain Depth 128 Size 0 Mode ref, Ref Stage 70, run, end, 9783589626023373
1787664523.787979, NoOp Chain Depth 128 Size 0 Mode ref, Ref Stage 71, run, start, 9783589626038013
1787664523.788000, NoOp Chain Depth 128 Size 0 Mode ref, Ref Stage 71, run, end, 9783589626058957
1787664523.788014, NoOp Chain Depth 128 Size 0 Mode ref, Ref Stage 72, run, start, 9783589626073613
1787664523.788037, NoOp Chain Depth 128 Size 0 Mode ref, Ref Stage 72, run, end, 9783589626095949
1787664523.788048, NoOp Chain Depth 128 Size 0 Mode ref, Ref Stage 73, run, start, 9783589626107757
1787664523.788080, NoOp Chain Depth 128 Size 0 Mode ref, Ref Stage 73, run, end, 9783589626138893
1787664523.788095, NoOp Chain Depth 128 Size 0 Mode ref, Ref Stage 74, run, start, 9783589626153661
1787664523.788115, NoOp Chain Depth 128 Size 0 Mode ref, Ref Stage 74, run, end, 9783589626174317
1787664523.788130, NoOp Chain Depth 128 Size 0 Mode ref, Ref Stage 75, run, start, 9783589626189133
1787664523.788151, NoOp Chain Depth 128 Size 0 Mode ref, Ref Stage 75, run, end, 9783589626209917
1787664523.788165, NoOp Chain Depth 128 Size 0 Mode ref, Ref Stage 76, run, start, 9783589626224333
1787664523.788186, NoOp Chain Depth 128 Size 0 Mode ref, Ref Stage 76, run, end, 9783589626245037
1787664523.788200, NoOp Chain Depth 128 Size 0 Mode ref, Ref Stage 77, run, start, 9783589626259293
1787664523.788220, NoOp Chain Depth 128 Size 0 Mode ref, Ref Stage 77, run, end, 9783589626279773
1787664523.788235, NoOp Chain Depth 128 Size 0 Mode ref, Ref Stage 78, run, start, 9783589626294205
1787664523.788257, NoOp Chain Depth 128 Size 0 Mode ref, Ref Stage 78, run, end, 9783589626316477
1787664523.788269, NoOp Chain Depth 128 Size 0 Mode ref, Ref Stage 79, run, start, 9783589626328317
1787664523.788300, NoOp Chain Depth 128 Size 0 Mode ref, Ref Stage 79, run, end, 9783589626358989
1787664523.788314, NoOp Chain Depth 128 Size 0 Mode ref, Ref Stage 80, run, start, 9783589626373725
1787664523.788335, NoOp Chain Depth 128 Size 0 Mode ref, Ref Stage 80, run, end, 9783589626394301
1787664523.788349, NoOp Chain Depth 128 Size 0 Mode ref, Ref Stage 81, run, start, 9783589626408653
1787664523.788370, NoOp Chain Depth 128 Size 0 Mode ref, Ref Stage 81, run, end, 9783589626429165
1787664523.788384, NoOp Chain Depth 128 Size 0 Mode ref, Ref Stage 82, run, start, 9783589626443565
1787664523.788405, NoOp Chain Depth 128 Size 0 Mode ref, Ref Stage 82, run, end, 9783589626464221
1787664523.788419, NoOp Chain Depth 128 Size 0 Mode ref, Ref Stage 83, run, start, 9783589626478797
1787664523.788440, NoOp Chain Depth 128 Size 0 Mode ref, Ref Stage 83, run, end, 9783589626499437
1787664523.788455, NoOp Chain Depth 128 Size 0 Mode ref, Ref Stage 84, run, start, 9783589626513965
1787664523.788476, NoOp Chain Depth 128 Size 0 Mode ref, Ref Stage 84, run, end, 9783589626534781
1787664523.788492, NoOp Chain Depth 128 Size 0 Mode ref, Ref Stage 85, run, start, 9783589626551773
1787664523.788513, NoOp Chain Depth 128 Size 0 Mode ref, Ref Stage 85, run, end, 9783589626572605
1787664523.788528, NoOp Chain Depth 128 Size 0 Mode ref, Ref Stage 86, run, start, 9783589626587101
1787664523.788548, NoOp Chain Depth 128 Size 0 Mode ref, Ref Stage 86, run, end, 9783589626607581
1787664523.788563, NoOp Chain Depth 128 Size 0 Mode ref, Ref Stage 87, run, start, 9783589626622349
1787664523.788584, NoOp Chain Depth 128 Size 0 Mode ref, Ref Stage 87, run, end, 9783589626642765
1787664523.788599, NoOp Chain Depth 128 Size 0 Mode ref, Ref Stage 88, run, start, 9783589626657901
1787664523.788620, NoOp Chain Depth 128 Size 0 Mode ref, Ref Stage 88, run, end, 9783589626678717
1787664523.788634, NoOp Chain Depth 128 Size 0 Mode ref, Ref Stage 89, run, start, 9783589626693261
1787664523.788655, NoOp Chain Depth 128 Size 0 Mode ref, Ref Stage 89, run, end, 9783589626714141
1787664523.788670, NoOp Chain Depth 128 Size 0 Mode ref, Ref Stage 90, run, start, 9783589626729645
1787664523.788692, NoOp Chain Depth 128 Size 0 Mode ref, Ref Stage 90, run, end, 9783589626750509
1787664523.788706, NoOp Chain Depth 128 Size 0 Mode ref, Ref Stage 91, run, start, 9783589626765069
1787664523.788727, NoOp Chain Depth 128 Size 0 Mode ref, Ref Stage 91, run, end, 9783589626785677
1787664523.788741, NoOp Chain Depth 128 Size 0 Mode ref, Ref Stage 92, run, start, 9783589626799949
1787664523.788761, NoOp Chain Depth 128 Size 0 Mode ref, Ref Stage 92, run, end, 9783589626820557
1787664523.788776, NoOp Chain Depth 128 Size 0 Mode ref, Ref Stage 93, run, start, 9783589626835117
1787664523.788797, NoOp Chain Depth 128 Size 0 Mode ref, Ref Stage 93, run, end, 9783589626856205
1787664523.788811, NoOp Chain Depth 128 Size 0 Mode ref, Ref Stage 94, run, start, 9783589626870877
1787664523.789009, NoOp Chain Depth 128 Size 0 Mode ref, Ref Stage 94, run, end, 9783589627068605
1787664523.789129, NoOp Chain Depth 128 Size 0 Mode ref, Ref Stage 95, run, start, 9783589627188173
1787664523.789152, NoOp Chain Depth 128 Size 0 Mode ref, Ref Stage 95, run, end, 9783589627211613
1787664523.789167, NoOp Chain Depth 128 Size 0 Mode ref, Ref Stage 96, run, start, 9783589627226813
1787664523.789189, NoOp Chain Depth 128 Size 0 Mode ref, Ref Stage 96, run, end, 9783589627248301
1787664523.789204, NoOp Chain Depth 128 Size 0 Mode ref, Ref Stage 97, run, start, 9783589627263325
1787664523.789226, NoOp Chain Depth 128 Size 0 Mode ref, Ref Stage 97, run, end, 9783589627284509
1787664523.789240, NoOp Chain Depth 128 Size 0 Mode ref, Ref Stage 98, run, start, 9783589627299245
1787664523.789261, NoOp Chain Depth 128 Size 0 Mode ref, Ref Stage 98, run, end, 9783589627320221
1787664523.789276, NoOp Chain Depth 128 Size 0 Mode ref, Ref Stage 99, run, start, 9783589627334845
1787664523.789297, NoOp Chain Depth 128 Size 0 Mode ref, Ref Stage 99, run, end, 9783589627356045
1787664523.789311, NoOp Chain Depth 128 Size 0 Mode ref, Ref Stage 100, run, start, 9783589627370733
1787664523.789332, NoOp Chain Depth 128 Size 0 Mode ref, Ref Stage 100, run, end, 9783589627391325
1787664523.789347, NoOp Chain Depth 128 Size 0 Mode ref, Ref Stage 101, run, start, 9783589627406045
1787664523.789367, NoOp Chain Depth 128 Size 0 Mode ref, Ref Stage 101, run, end, 9783589627426765
1787664523.789382, NoOp Chain Depth 128 Size 0 Mode ref, Ref Stage 102, run, start, 9783589627441356
1787664523.789403, NoOp Chain Depth 128 Size 0 Mode ref, Ref Stage 102, run, end, 9783589627461980
1787664523.789417, NoOp Chain Depth 128 Size 0 Mode ref, Ref Stage 103, run, start, 9783589627476268
1787664523.789438, NoOp Chain Depth 128 Size 0 Mode ref, Ref Stage 103, run, end, 9783589627497292
1787664523.789454, NoOp Chain Depth 128 Size 0 Mode ref, Ref Stage 104, run, start, 9783589627512812
1787664523.789474, NoOp Chain Depth 128 Size 0 Mode ref, Ref Stage 104, run, end, 9783589627533612
1787664523.789489, NoOp Chain Depth 128 Size 0 Mode ref, Ref Stage 105, run, start, 9783589627548140
1787664523.789511, NoOp Chain Depth 128 Size 0 Mode ref, Ref Stage 105, run, end, 9783589627570652
1787664523.789523, NoOp Chain Depth 128 Size 0 Mode ref, Ref Stage 106, run, start, 9783589627582332
1787664523.789556, NoOp Chain Depth 128 Size 0 Mode ref, Ref Stage 106, run, end, 9783589627615372
1787664523.789571, NoOp Chain Depth 128 Size 0 Mode ref, Ref Stage 107, run, start, 9783589627630332
1787664523.789592, NoOp Chain Depth 128 Size 0 Mode ref, Ref Stage 107, run, end, 9783589627651228
1787664523.789607, NoOp Chain Depth 128 Size 0 Mode ref, Ref Stage 108, run, start, 9783589627666044
1787664523.789628, NoOp Chain Depth 128 Size 0 Mode ref, Ref Stage 108, run, end, 9783589627686988
1787664523.789642, NoOp Chain Depth 128 Size 0 Mode ref, Ref Stage 109, run, start, 9783589627701548
1787664523.789663, NoOp Chain Depth 128 Size 0 Mode ref, Ref Stage 109, run, end, 9783589627722316
1787664523.789678, NoOp Chain Depth 128 Size 0 Mode ref, Ref Stage 110, run, start, 9783589627737020
1787664523.789701, NoOp Chain Depth 128 Size 0 Mode ref, Ref Stage 110, run, end, 9783589627759932
1787664523.789712, NoOp Chain Depth 128 Size 0 Mode ref, Ref Stage 111, run, start, 9783589627771740
1787664523.789744, NoOp Chain Depth 128 Size 0 Mode ref, Ref Stage 111, run, end, 9783589627803084
1787664523.789759, NoOp Chain Depth 128 Size 0 Mode ref, Ref Stage 112, run, start, 9783589627818044
1787664523.789780, NoOp Chain Depth 128 Size 0 Mode ref, Ref Stage 112, run, end, 9783589627839228
1787664523.789794, NoOp Chain Depth 128 Size 0 Mode ref, Ref Stage 113, run, start, 9783589627853884
1787664523.789816, NoOp Chain Depth 128 Size 0 Mode ref, Ref Stage 113, run, end, 9783589627874924
1787664523.789831, NoOp Chain Depth 128 Size 0 Mode ref, Ref Stage 114, run, start, 9783589627889980
1787664523.789852, NoOp Chain Depth 128 Size 0 Mode ref, Ref Stage 114, run, end, 9783589627910844
1787664523.789866, NoOp Chain Depth 128 Size 0 Mode ref, Ref Stage 115, run, start, 9783589627925212
1787664523.789887, NoOp Chain Depth 128 Size 0 Mode ref, Ref Stage 115, run, end, 9783589627946108
1787664523.789902, NoOp Chain Depth 128 Size 0 Mode ref, Ref Stage 116, run, start, 9783589627961084
1787664523.789923, NoOp Chain Depth 128 Size 0 Mode ref, Ref Stage 116, run, end, 9783589627982140
1787664523.789938, NoOp Chain Depth 128 Size 0 Mode ref, Ref Stage 117, run, start, 9783589627997372
1787664523.789965, NoOp Chain Depth 128 Size 0 Mode ref, Ref Stage 117, run, end, 9783589628024188
1787664523.789981, NoOp Chain Depth 128 Size 0 Mode ref, Ref Stage 118, run, start, 9783589628040108
1787664523.790002, NoOp Chain Depth 128 Size 0 Mode ref, Ref Stage 118, run, end, 9783589628061068
1787664523.790016, NoOp Chain Depth 128 Size 0 Mode ref, Ref Stage 119, run, start, 9783589628075628
1787664523.790039, NoOp Chain Depth 128 Size 0 Mode ref, Ref Stage 119, run, end, 9783589628098268
1787664523.790055, NoOp Chain Depth 128 Size 0 Mode ref, Ref Stage 120, run, start, 9783589628114060
1787664523.790384, NoOp Chain Depth 128 Size 0 Mode ref, Ref Stage 120, run, end, 9783589628444524
1787664523.790501, NoOp Chain Depth 128 Size 0 Mode ref, Ref Stage 121, run, start, 9783589628560940
1787664523.790524, NoOp Chain Depth 128 Size 0 Mode ref, Ref Stage 121, run, end, 9783589628583676
1787664523.790540, NoOp Chain Depth 128 Size 0 Mode ref, Ref Stage 122, run, start, 9783589628598796
1787664523.790561, NoOp Chain Depth 128 Size 0 Mode ref, Ref Stage 122, run, end, 9783589628619884
1787664523.790576, NoOp Chain Depth 128 Size 0 Mode ref, Ref Stage 123, run, start, 9783589628634828
1787664523.790598, NoOp Chain Depth 128 Size 0 Mode ref, Ref Stage 123, run, end, 9783589628657196
1787664523.790609, NoOp Chain Depth 128 Size 0 Mode ref, Ref Stage 124, run, start, 9783589628668780
1787664523.790641, NoOp Chain Depth 128 Size 0 Mode ref, Ref Stage 124, run, end, 9783589628700092
1787664523.790656, NoOp Chain Depth 128 Size 0 Mode ref, Ref Stage 125, run, start, 9783589628715036
1787664523.790677, NoOp Chain Depth 128 Size 0 Mode ref, Ref Stage 125, run, end, 9783589628736044
1787664523.790692, NoOp Chain Depth 128 Size 0 Mode ref, Ref Stage 126, run, start, 9783589628750780
1787664523.790714, NoOp Chain Depth 128 Size 0 Mode ref, Ref Stage 126, run, end, 9783589628773564
1787664523.790730, NoOp Chain Depth 128 Size 0 Mode ref, Ref Stage 127, run, start, 9783589628789052
1787664523.790755, NoOp Chain Depth 128 Size 0 Mode ref, Ref Stage 127, run, end, 9783589628813676
1787664523.791157, NoOp Chain Depth 128 Size 0 Mode ref, pipeline - train, run, end, 161475073934058937150963369220405106017, 1787664523.780313, 29, 1, 9783589629217195
1787664523.791303, NoOp Chain Depth 128 Size 0 Mode ref, pipeline - train, run, start, 104754117512318284049492685266826979260, 1787664523.791289, 30, 1, 9783589629362539
1787664523.791327, NoOp Chain Depth 128 Size 0 Mode ref, Ref Stage 0, run, start, 9783589629386315
1787664523.791349, NoOp Chain Depth 128 Size 0 Mode ref, Ref Stage 0, run, end, 9783589629408171
1787664523.791364, NoOp Chain Depth 128 Size 0 Mode ref, Ref Stage 1, run, start, 9783589629423419
1787664523.791386, NoOp Chain Depth 128 Size 0 Mode ref, Ref Stage 1, run, end, 9783589629445131
1787664523.791401, NoOp Chain Depth 128 Size 0 Mode ref, Ref Stage 2, run, start, 9783589629460091
1787664523.791422, NoOp Chain Depth 128 Size 0 Mode ref, Ref Stage 2, run, end, 9783589629481387
1787664523.791437, NoOp Chain Depth 128 Size 0 Mode ref, Ref Stage 3, run, start, 9783589629496139
1787664523.791460, NoOp Chain Depth 128 Size 0 Mode ref, Ref Stage 3, run, end, 9783589629519211
1787664523.791475, NoOp Chain Depth 128 Size 0 Mode ref, Ref Stage 4, run, start, 9783589629534059
1787664523.791497, NoOp Chain Depth 128 Size 0 Mode ref, Ref Stage 4, run, end, 9783589629555611
1787664523.791511, NoOp Chain Depth 128 Size 0 Mode ref, Ref Stage 5, run, start, 9783589629570411
1787664523.791533, NoOp Chain Depth 128 Size 0 Mode ref, Ref Stage 5, run, end, 9783589629592315
1787664523.791549, NoOp Chain Depth 128 Size 0 Mode ref, Ref Stage 6, run, start, 9783589629608027
1787664523.791569, NoOp Chain Depth 128 Size 0 Mode ref, Ref Stage 6, run, end, 9783589629628667
1787664523.791584, NoOp Chain Depth 128 Size 0 Mode ref, Ref Stage 7, run, start, 9783589629643195
1787664523.791605, NoOp Chain Depth 128 Size 0 Mode ref, Ref Stage 7, run, end, 9783589629663979
1787664523.791619, NoOp Chain Depth 128 Size 0 Mode ref, Ref Stage 8, run, start, 9783589629678507
1787664523.791640, NoOp Chain Depth 128 Size 0 Mode ref, Ref Stage 8, run, end, 9783589629699627
1787664523.791655, NoOp Chain Depth 128 Size 0 Mode ref, Ref Stage 9, run, start, 9783589629714235
1787664523.791678, NoOp Chain Depth 128 Size 0 Mode ref, Ref Stage 9, run, end, 9783589629737467
1787664523.791691, NoOp Chain Depth 128 Size 0 Mode ref, Ref Stage 10, run, start, 9783589629749947
1787664523.791723, NoOp Chain Depth 128 Size 0 Mode ref, Ref Stage 10, run, end, 9783589629782203
1787664523.791738, NoOp Chain Depth 128 Size 0 Mode ref, Ref Stage 11, run, start, 9783589629796971
1787664523.791760, NoOp Chain Depth 128 Size 0 Mode ref, Ref Stage 11, run, end, 9783589629819403
1787664523.791772, NoOp Chain Depth 128 Size 0 Mode ref, Ref Stage 12, run, start, 9783589629831115
1787664523.791803, NoOp Chain Depth 128 Size 0 Mode ref, Ref Stage 12, run, end, 9783589629861883
1787664523.791818, NoOp Chain Depth 128 Size 0 Mode ref, Ref Stage 13, run, start, 9783589629877227
1787664523.791841, NoOp Chain Depth 128 Size 0 Mode ref, Ref Stage 13, run, end, 9783589629900395
1787664523.791852, NoOp Chain Depth 128 Size 0 Mode ref, Ref Stage 14, run, start, 9783589629911915
1787664523.792286, NoOp Chain Depth 128 Size 0 Mode ref, Ref Stage 14, run, end, 9783589630345931
1787664523.792302, NoOp Chain Depth 128 Size 0 Mode ref, Ref Stage 15, run, start, 9783589630361259
1787664523.792323, NoOp Chain Depth 128 Size 0 Mode ref, Ref Stage 15, run, end, 9783589630382395
1787664523.792338, NoOp Chain Depth 128 Size 0 Mode ref, Ref Stage 16, run, start, 9783589630397515
1787664523.792361, NoOp Chain Depth 128 Size 0 Mode ref, Ref Stage 16, run, end, 9783589630419963
1787664523.792374, NoOp Chain Depth 128 Size 0 Mode ref, Ref Stage 17, run, start, 9783589630433403
1787664523.792410, NoOp Chain Depth 128 Size 0 Mode ref, Ref Stage 17, run, end, 9783589630468971
1787664523.792424, NoOp Chain Depth 128 Size 0 Mode ref, Ref Stage 18, run, start, 9783589630483738
1787664523.792446, NoOp Chain Depth 128 Size 0 Mode ref, Ref Stage 18, run, end, 9783589630504938
1787664523.792462, NoOp Chain Depth 128 Size 0 Mode ref, Ref Stage 19, run, start, 9783589630520922
1787664523.792485, NoOp Chain Depth 128 Size 0 Mode ref, Ref Stage 19, run, end, 9783589630544042
1787664523.792496, NoOp Chain Depth 128 Size 0 Mode ref, Ref Stage 20, run, start, 9783589630555626
1787664523.792527, NoOp Chain Depth 128 Size 0 Mode ref, Ref Stage 20, run, end, 9783589630586234
1787664523.792543, NoOp Chain Depth 128 Size 0 Mode ref, Ref Stage 21, run, start, 9783589630602858
1787664523.792566, NoOp Chain Depth 128 Size 0 Mode ref, Ref Stage 21, run, end, 9783589630624746
1787664523.792581, NoOp Chain Depth 128 Size 0 Mode ref, Ref Stage 22, run, start, 9783589630640074
1787664523.792602, NoOp Chain Depth 128 Size 0 Mode ref, Ref Stage 22, run, end, 9783589630661562
1787664523.792617, NoOp Chain Depth 128 Size 0 Mode ref, Ref Stage 23, run, start, 9783589630676202
1787664523.792639, NoOp Chain Depth 128 Size 0 Mode ref, Ref Stage 23, run, end, 9783589630698154
1787664523.792650, NoOp Chain Depth 128 Size 0 Mode ref, Ref Stage 24, run, start, 9783589630709658
1787664523.792681, NoOp Chain Depth 128 Size 0 Mode ref, Ref Stage 24, run, end, 9783589630739978
1787664523.792695, NoOp Chain Depth 128 Size 0 Mode ref, Ref Stage 25, run, start, 9783589630754442
1787664523.792720, NoOp Chain Depth 128 Size 0 Mode ref, Ref Stage 25, run, end, 9783589630779674
1787664523.792735, NoOp Chain Depth 128 Size 0 Mode ref, Ref Stage 26, run, start, 9783589630794410
1787664523.792757, NoOp Chain Depth 128 Size 0 Mode ref, Ref Stage 26, run, end, 9783589630816170
1787664523.792773, NoOp Chain Depth 128 Size 0 Mode ref, Ref Stage 27, run, start, 9783589630831994
1787664523.792794, NoOp Chain Depth 128 Size 0 Mode ref, Ref Stage 27, run, end, 9783589630852906
1787664523.792808, NoOp Chain Depth 128 Size 0 Mode ref, Ref Stage 28, run, start, 9783589630867546
1787664523.792830, NoOp Chain Depth 128 Size 0 Mode ref, Ref Stage 28, run, end, 9783589630888682
1787664523.792845, NoOp Chain Depth 128 Size 0 Mode ref, Ref Stage 29, run, start, 9783589630904458
1787664523.792866, NoOp Chain Depth 128 Size 0 Mode ref, Ref Stage 29, run, end, 9783589630925498
1787664523.792881, NoOp Chain Depth 128 Size 0 Mode ref, Ref Stage 30, run, start, 9783589630940138
1787664523.792902, NoOp Chain Depth 128 Size 0 Mode ref, Ref Stage 30, run, end, 9783589630960858
1787664523.792916, NoOp Chain Depth 128 Size 0 Mode ref, Ref Stage 31, run, start, 9783589630975418
1787664523.792938, NoOp Chain Depth 128 Size 0 Mode ref, Ref Stage 31, run, end, 9783589630996954
1787664523.792955, NoOp Chain Depth 128 Size 0 Mode ref, Ref Stage 32, run, start, 9783589631013850
1787664523.792976, NoOp Chain Depth 128 Size 0 Mode ref, Ref Stage 32, run, end, 9783589631035098
1787664523.792991, NoOp Chain Depth 128 Size 0 Mode ref, Ref Stage 33, run, start, 9783589631050586
1787664523.793014, NoOp Chain Depth 128 Size 0 Mode ref, Ref Stage 33, run, end, 9783589631073018
1787664523.793025, NoOp Chain Depth 128 Size 0 Mode ref, Ref Stage 34, run, start, 9783589631084362
1787664523.793548, NoOp Chain Depth 128 Size 0 Mode ref, Ref Stage 34, run, end, 9783589631608362
1787664523.793565, NoOp Chain Depth 128 Size 0 Mode ref, Ref Stage 35, run, start, 9783589631624474
1787664523.793587, NoOp Chain Depth 128 Size 0 Mode ref, Ref Stage 35, run, end, 9783589631646170
1787664523.793602, NoOp Chain Depth 128 Size 0 Mode ref, Ref Stage 36, run, start, 9783589631661306
1787664523.793623, NoOp Chain Depth 128 Size 0 Mode ref, Ref Stage 36, run, end, 9783589631681898
1787664523.793637, NoOp Chain Depth 128 Size 0 Mode ref, Ref Stage 37, run, start, 9783589631696506
1787664523.793957, NoOp Chain Depth 128 Size 0 Mode ref, Ref Stage 37, run, end, 9783589632016937
1787664523.794078, NoOp Chain Depth 128 Size 0 Mode ref, Ref Stage 38, run, start, 9783589632137929
1787664523.794101, NoOp Chain Depth 128 Size 0 Mode ref, Ref Stage 38, run, end, 9783589632160457
1787664523.794116, NoOp Chain Depth 128 Size 0 Mode ref, Ref Stage 39, run, start, 9783589632175657
1787664523.794138, NoOp Chain Depth 128 Size 0 Mode ref, Ref Stage 39, run, end, 9783589632196921
1787664523.794152, NoOp Chain Depth 128 Size 0 Mode ref, Ref Stage 40, run, start, 9783589632211481
1787664523.794173, NoOp Chain Depth 128 Size 0 Mode ref, Ref Stage 40, run, end, 9783589632232201
1787664523.794188, NoOp Chain Depth 128 Size 0 Mode ref, Ref Stage 41, run, start, 9783589632246745
1787664523.794209, NoOp Chain Depth 128 Size 0 Mode ref, Ref Stage 41, run, end, 9783589632267609
1787664523.794223, NoOp Chain Depth 128 Size 0 Mode ref, Ref Stage 42, run, start, 9783589632282393
1787664523.794244, NoOp Chain Depth 128 Size 0 Mode ref, Ref Stage 42, run, end, 9783589632303465
1787664523.794259, NoOp Chain Depth 128 Size 0 Mode ref, Ref Stage 43, run, start, 9783589632318441
1787664523.794281, NoOp Chain Depth 128 Size 0 Mode ref, Ref Stage 43, run, end, 9783589632339881
1787664523.794296, NoOp Chain Depth 128 Size 0 Mode ref, Ref Stage 44, run, start, 9783589632354745
1787664523.794319, NoOp Chain Depth 128 Size 0 Mode ref, Ref Stage 44, run, end, 9783589632377849
1787664523.794334, NoOp Chain Depth 128 Size 0 Mode ref, Ref Stage 45, run, start, 9783589632392905
1787664523.794355, NoOp Chain Depth 128 Size 0 Mode ref, Ref Stage 45, run, end, 9783589632414057
1787664523.794369, NoOp Chain Depth 128 Size 0 Mode ref, Ref Stage 46, run, start, 9783589632428345
1787664523.794391, NoOp Chain Depth 128 Size 0 Mode ref, Ref Stage 46, run, end, 9783589632450569
1787664523.794407, NoOp Chain Depth 128 Size 0 Mode ref, Ref Stage 47, run, start, 9783589632466457
1787664523.794428, NoOp Chain Depth 128 Size 0 Mode ref, Ref Stage 47, run, end, 9783589632487129
1787664523.794444, NoOp Chain Depth 128 Size 0 Mode ref, Ref Stage 48, run, start, 9783589632502857
1787664523.794468, NoOp Chain Depth 128 Size 0 Mode ref, Ref Stage 48, run, end, 9783589632526681
1787664523.794479, NoOp Chain Depth 128 Size 0 Mode ref, Ref Stage 49, run, start, 9783589632538457
1787664523.794513, NoOp Chain Depth 128 Size 0 Mode ref, Ref Stage 49, run, end, 9783589632572313
1787664523.794916, NoOp Chain Depth 128 Size 0 Mode ref, Ref Stage 50, run, start, 9783589632975641
1787664523.794939, NoOp Chain Depth 128 Size 0 Mode ref, Ref Stage 50, run, end, 9783589632998473
1787664523.794958, NoOp Chain Depth 128 Size 0 Mode ref, Ref Stage 51, run, start, 9783589633017369
1787664523.794980, NoOp Chain Depth 128 Size 0 Mode ref, Ref Stage 51, run, end, 9783589633039305
1787664523.794995, NoOp Chain Depth 128 Size 0 Mode ref, Ref Stage 52, run, start, 9783589633054505
1787664523.795018, NoOp Chain Depth 128 Size 0 Mode ref, Ref Stage 52, run, end, 9783589633076921
1787664523.795032, NoOp Chain Depth 128 Size 0 Mode ref, Ref Stage 53, run, start, 9783589633091753
1787664523.795055, NoOp Chain Depth 128 Size 0 Mode ref, Ref Stage 53, run, end, 9783589633114553
1787664523.795070, NoOp Chain Depth 128 Size 0 Mode ref, Ref Stage 54, run, start, 9783589633129705
1787664523.795092, NoOp Chain Depth 128 Size 0 Mode ref, Ref Stage 54, run, end, 9783589633151145
1787664523.795208, NoOp Chain Depth 128 Size 0 Mode ref, Ref Stage 55, run, start, 9783589633267865
1787664523.795231, NoOp Chain Depth 128 Size 0 Mode ref, Ref Stage 55, run, end, 9783589633290329
1787664523.795246, NoOp Chain Depth 128 Size 0 Mode ref, Ref Stage 56, run, start, 9783589633305657
1787664523.795268, NoOp Chain Depth 128 Size 0 Mode ref, Ref Stage 56, run, end, 9783589633327481
1787664523.795283, NoOp Chain Depth 128 Size 0 Mode ref, Ref Stage 57, run, start, 9783589633342425
1787664523.795305, NoOp Chain Depth 128 Size 0 Mode ref, Ref Stage 57, run, end, 9783589633363737
1787664523.795319, NoOp Chain Depth 128 Size 0 Mode ref, Ref Stage 58, run, start, 9783589633378473
1787664523.795342, NoOp Chain Depth 128 Size 0 Mode ref, Ref Stage 58, run, end, 9783589633401449
1787664523.795357, NoOp Chain Depth 128 Size 0 Mode ref, Ref Stage 59, run, start, 9783589633415993
1787664523.795379, NoOp Chain Depth 128 Size 0 Mode ref, Ref Stage 59, run, end, 9783589633438728
1787664523.795391, NoOp Chain Depth 128 Size 0 Mode ref, Ref Stage 60, run, start, 9783589633450856
1787664523.795423, NoOp Chain Depth 128 Size 0 Mode ref, Ref Stage 60, run, end, 9783589633481960
1787664523.795437, NoOp Chain Depth 128 Size 0 Mode ref, Ref Stage 61, run, start, 9783589633496552
1787664523.795459, NoOp Chain Depth 128 Size 0 Mode ref, Ref Stage 61, run, end, 9783589633518424
1787664523.795474, NoOp Chain Depth 128 Size 0 Mode ref, Ref Stage 62, run, start, 9783589633533192
1787664523.795497, NoOp Chain Depth 128 Size 0 Mode ref, Ref Stage 62, run, end, 9783589633555832
1787664523.795511, NoOp Chain Depth 128 Size 0 Mode ref, Ref Stage 63, run, start, 9783589633570280
1787664523.795532, NoOp Chain Depth 128 Size 0 Mode ref, Ref Stage 63, run, end, 9783589633590936
1787664523.795546, NoOp Chain Depth 128 Size 0 Mode ref, Ref Stage 64, run, start, 9783589633605288
1787664523.795567, NoOp Chain Depth 128 Size 0 Mode ref, Ref Stage 64, run, end, 9783589633626136
1787664523.795583, NoOp Chain Depth 128 Size 0 Mode ref, Ref Stage 65, run, start, 9783589633642088
1787664523.795605, NoOp Chain Depth 128 Size 0 Mode ref, Ref Stage 65, run, end, 9783589633665736
1787664523.795618, NoOp Chain Depth 128 Size 0 Mode ref, Ref Stage 66, run, start, 9783589633677352
1787664523.795649, NoOp Chain Depth 128 Size 0 Mode ref, Ref Stage 66, run, end, 9783589633708552
1787664523.795664, NoOp Chain Depth 128 Size 0 Mode ref, Ref Stage 67, run, start, 9783589633723496
1787664523.795685, NoOp Chain Depth 128 Size 0 Mode ref, Ref Stage 67, run, end, 9783589633744360
1787664523.795701, NoOp Chain Depth 128 Size 0 Mode ref, Ref Stage 68, run, start, 9783589633759880
1787664523.795722, NoOp Chain Depth 128 Size 0 Mode ref, Ref Stage 68, run, end, 9783589633780760
1787664523.795736, NoOp Chain Depth 128 Size 0 Mode ref, Ref Stage 69, run, start, 9783589633795576
1787664523.795757, NoOp Chain Depth 128 Size 0 Mode ref, Ref Stage 69, run, end, 9783589633816392
1787664523.795773, NoOp Chain Depth 128 Size 0 Mode ref, Ref Stage 70, run, start, 9783589633832488
1787664523.795794, NoOp Chain Depth 128 Size 0 Mode ref, Ref Stage 70, run, end, 9783589633853784
1787664523.795810, NoOp Chain Depth 128 Size 0 Mode ref, Ref Stage 71, run, start, 9783589633868808
1787664523.795831, NoOp Chain Depth 128 Size 0 Mode ref, Ref Stage 71, run, end, 9783589633890104
1787664523.795846, NoOp Chain Depth 128 Size 0 Mode ref, Ref Stage 72, run, start, 9783589633904968
1787664523.795868, NoOp Chain Depth 128 Size 0 Mode ref, Ref Stage 72, run, end, 9783589633927192
1787664523.795883, NoOp Chain Depth 128 Size 0 Mode ref, Ref Stage 73, run, start, 9783589633941864
1787664523.795905, NoOp Chain Depth 128 Size 0 Mode ref, Ref Stage 73, run, end, 9783589633963912
1787664523.795919, NoOp Chain Depth 128 Size 0 Mode ref, Ref Stage 74, run, start, 9783589633978680
1787664523.795940, NoOp Chain Depth 128 Size 0 Mode ref, Ref Stage 74, run, end, 9783589633999272
1787664523.795957, NoOp Chain Depth 128 Size 0 Mode ref, Ref Stage 75, run, start, 9783589634016296
1787664523.795978, NoOp Chain Depth 128 Size 0 Mode ref, Ref Stage 75, run, end, 9783589634037000
1787664523.795993, NoOp Chain Depth 128 Size 0 Mode ref, Ref Stage 76, run, start, 9783589634052456
1787664523.796015, NoOp Chain Depth 128 Size 0 Mode ref, Ref Stage 76, run, end, 9783589634074488
1787664523.796030, NoOp Chain Depth 128 Size 0 Mode ref, Ref Stage 77, run, start, 9783589634089224
1787664523.796051, NoOp Chain Depth 128 Size 0 Mode ref, Ref Stage 77, run, end, 9783589634109672
1787664523.796066, NoOp Chain Depth 128 Size 0 Mode ref, Ref Stage 78, run, start, 9783589634124776
1787664523.796088, NoOp Chain Depth 128 Size 0 Mode ref, Ref Stage 78, run, end, 9783589634146888
1787664523.796102, NoOp Chain Depth 128 Size 0 Mode ref, Ref Stage 79, run, start, 9783589634161464
1787664523.796226, NoOp Chain Depth 128 Size 0 Mode ref, Ref Stage 79, run, end, 9783589634285848
1787664523.796244, NoOp Chain Depth 128 Size 0 Mode ref, Ref Stage 80, run, start, 9783589634303784
1787664523.796267, NoOp Chain Depth 128 Size 0 Mode ref, Ref Stage 80, run, end, 9783589634325960
1787664523.796281, NoOp Chain Depth 128 Size 0 Mode ref, Ref Stage 81, run, start, 9783589634340648
1787664523.796302, NoOp Chain Depth 128 Size 0 Mode ref, Ref Stage 81, run, end, 9783589634361544
1787664523.796317, NoOp Chain Depth 128 Size 0 Mode ref, Ref Stage 82, run, start, 9783589634376104
1787664523.796339, NoOp Chain Depth 128 Size 0 Mode ref, Ref Stage 82, run, end, 9783589634397960
1787664523.796354, NoOp Chain Depth 128 Size 0 Mode ref, Ref Stage 83, run, start, 9783589634412632
1787664523.796374, NoOp Chain Depth 128 Size 0 Mode ref, Ref Stage 83, run, end, 9783589634433512
1787664523.796390, NoOp Chain Depth 128 Size 0 Mode ref, Ref Stage 84, run, start, 9783589634449016
1787664523.796411, NoOp Chain Depth 128 Size 0 Mode ref, Ref Stage 84, run, end, 9783589634470040
1787664523.796425, NoOp Chain Depth 128 Size 0 Mode ref, Ref Stage 85, run, start, 9783589634484552
1787664523.796446, NoOp Chain Depth 128 Size 0 Mode ref, Ref Stage 85, run, end, 9783589634505112
1787664523.796460, NoOp Chain Depth 128 Size 0 Mode ref, Ref Stage 86, run, start, 9783589634519752
1787664523.796482, NoOp Chain Depth 128 Size 0 Mode ref, Ref Stage 86, run, end, 9783589634541384
1787664523.796501, NoOp Chain Depth 128 Size 0 Mode ref, Ref Stage 87, run, start, 9783589634560072
1787664523.796521, NoOp Chain Depth 128 Size 0 Mode ref, Ref Stage 87, run, end, 9783589634580728
1787664523.796537, NoOp Chain Depth 128 Size 0 Mode ref, Ref Stage 88, run, start, 9783589634596376
1787664523.796558, NoOp Chain Depth 128 Size 0 Mode ref, Ref Stage 88, run, end, 9783589634617160
1787664523.796572, NoOp Chain Depth 128 Size 0 Mode ref, Ref Stage 89, run, start, 9783589634631448
1787664523.796595, NoOp Chain Depth 128 Size 0 Mode ref, Ref Stage 89, run, end, 9783589634654072
1787664523.796611, NoOp Chain Depth 128 Size 0 Mode ref, Ref Stage 90, run, start, 9783589634670504
1787664523.796632, NoOp Chain Depth 128 Size 0 Mode ref, Ref Stage 90, run, end, 9783589634691272
1787664523.796647, NoOp Chain Depth 128 Size 0 Mode ref, Ref Stage 91, run, start, 9783589634705960
1787664523.796669, NoOp Chain Depth 128 Size 0 Mode ref, Ref Stage 91, run, end, 9783589634728664
1787664523.796681, NoOp Chain Depth 128 Size 0 Mode ref, Ref Stage 92, run, start, 9783589634740728
1787664523.796713, NoOp Chain Depth 128 Size 0 Mode ref, Ref Stage 92, run, end, 9783589634771960
1787664523.796728, NoOp Chain Depth 128 Size 0 Mode ref, Ref Stage 93, run, start, 9783589634787016
1787664523.797060, NoOp Chain Depth 128 Size 0 Mode ref, Ref Stage 93, run, end, 9783589635119703
1787664523.797184, NoOp Chain Depth 128 Size 0 Mode ref, Ref Stage 94, run, start, 9783589635242999
1787664523.797209, NoOp Chain Depth 128 Size 0 Mode ref, Ref Stage 94, run, end, 9783589635267815
1787664523.797220, NoOp Chain Depth 128 Size 0 Mode ref, Ref Stage 95, run, start, 9783589635279831
1787664523.797252, NoOp Chain Depth 128 Size 0 Mode ref, Ref Stage 95, run, end, 9783589635311495
1787664523.797267, NoOp Chain Depth 128 Size 0 Mode ref, Ref Stage 96, run, start, 9783589635326295
1787664523.797290, NoOp Chain Depth 128 Size 0 Mode ref, Ref Stage 96, run, end, 9783589635349431
1787664523.797302, NoOp Chain Depth 128 Size 0 Mode ref, Ref Stage 97, run, start, 9783589635361287
1787664523.797333, NoOp Chain Depth 128 Size 0 Mode ref, Ref Stage 97, run, end, 9783589635392807
1787664523.797348, NoOp Chain Depth 128 Size 0 Mode ref, Ref Stage 98, run, start, 9783589635407655
1787664523.797370, NoOp Chain Depth 128 Size 0 Mode ref, Ref Stage 98, run, end, 9783589635429111
1787664523.797385, NoOp Chain Depth 128 Size 0 Mode ref, Ref Stage 99, run, start, 9783589635443959
1787664523.797407, NoOp Chain Depth 128 Size 0 Mode ref, Ref Stage 99, run, end, 9783589635466663
1787664523.797424, NoOp Chain Depth 128 Size 0 Mode ref, Ref Stage 100, run, start, 9783589635482759
1787664523.797444, NoOp Chain Depth 128 Size 0 Mode ref, Ref Stage 100, run, end, 9783589635503495
1787664523.797459, NoOp Chain Depth 128 Size 0 Mode ref, Ref Stage 101, run, start, 9783589635518119
1787664523.797479, NoOp Chain Depth 128 Size 0 Mode ref, Ref Stage 101, run, end, 9783589635538775
1787664523.797494, NoOp Chain Depth 128 Size 0 Mode ref, Ref Stage 102, run, start, 9783589635553223
1787664523.797515, NoOp Chain Depth 128 Size 0 Mode ref, Ref Stage 102, run, end, 9783589635574135
1787664523.797530, NoOp Chain Depth 128 Size 0 Mode ref, Ref Stage 103, run, start, 9783589635588791
1787664523.797550, NoOp Chain Depth 128 Size 0 Mode ref, Ref Stage 103, run, end, 9783589635609399
1787664523.797565, NoOp Chain Depth 128 Size 0 Mode ref, Ref Stage 104, run, start, 9783589635624791
1787664523.797588, NoOp Chain Depth 128 Size 0 Mode ref, Ref Stage 104, run, end, 9783589635647383
1787664523.797604, NoOp Chain Depth 128 Size 0 Mode ref, Ref Stage 105, run, start, 9783589635662743
1787664523.797626, NoOp Chain Depth 128 Size 0 Mode ref, Ref Stage 105, run, end, 9783589635684823
1787664523.797641, NoOp Chain Depth 128 Size 0 Mode ref, Ref Stage 106, run, start, 9783589635699703
1787664523.797662, NoOp Chain Depth 128 Size 0 Mode ref, Ref Stage 106, run, end, 9783589635720567
1787664523.797676, NoOp Chain Depth 128 Size 0 Mode ref, Ref Stage 107, run, start, 9783589635735447
1787664523.797698, NoOp Chain Depth 128 Size 0 Mode ref, Ref Stage 107, run, end, 9783589635756983
1787664523.797712, NoOp Chain Depth 128 Size 0 Mode ref, Ref Stage 108, run, start, 9783589635771335
1787664523.797733, NoOp Chain Depth 128 Size 0 Mode ref, Ref Stage 108, run, end, 9783589635791879
1787664523.797748, NoOp Chain Depth 128 Size 0 Mode ref, Ref Stage 109, run, start, 9783589635807607
1787664523.797770, NoOp Chain Depth 128 Size 0 Mode ref, Ref Stage 109, run, end, 9783589635829463
1787664523.797785, NoOp Chain Depth 128 Size 0 Mode ref, Ref Stage 110, run, start, 9783589635844231
1787664523.797809, NoOp Chain Depth 128 Size 0 Mode ref, Ref Stage 110, run, end, 9783589635867799
1787664523.797820, NoOp Chain Depth 128 Size 0 Mode ref, Ref Stage 111, run, start, 9783589635879271
1787664523.797851, NoOp Chain Depth 128 Size 0 Mode ref, Ref Stage 111, run, end, 9783589635910055
1787664523.797865, NoOp Chain Depth 128 Size 0 Mode ref, Ref Stage 112, run, start, 9783589635924807
1787664523.797886, NoOp Chain Depth 128 Size 0 Mode ref, Ref Stage 112, run, end, 9783589635945607
1787664523.797901, NoOp Chain Depth 128 Size 0 Mode ref, Ref Stage 113, run, start, 9783589635961095
1787664523.797923, NoOp Chain Depth 128 Size 0 Mode ref, Ref Stage 113, run, end, 9783589635981751
1787664523.797937, NoOp Chain Depth 128 Size 0 Mode ref, Ref Stage 114, run, start, 9783589635996327
1787664523.797960, NoOp Chain Depth 128 Size 0 Mode ref, Ref Stage 114, run, end, 9783589636019271
1787664523.797976, NoOp Chain Depth 128 Size 0 Mode ref, Ref Stage 115, run, start, 9783589636034807
1787664523.797997, NoOp Chain Depth 128 Size 0 Mode ref, Ref Stage 115, run, end, 9783589636056839
1787664523.798013, NoOp Chain Depth 128 Size 0 Mode ref, Ref Stage 116, run, start, 9783589636072455
1787664523.798034, NoOp Chain Depth 128 Size 0 Mode ref, Ref Stage 116, run, end, 9783589636093223
1787664523.798048, NoOp Chain Depth 128 Size 0 Mode ref, Ref Stage 117, run, start, 9783589636107511
1787664523.798069, NoOp Chain Depth 128 Size 0 Mode ref, Ref Stage 117, run, end, 9783589636128295
1787664523.798084, NoOp Chain Depth 128 Size 0 Mode ref, Ref Stage 118, run, start, 9783589636143799
1787664523.798105, NoOp Chain Depth 128 Size 0 Mode ref, Ref Stage 118, run, end, 9783589636164647
1787664523.798120, NoOp Chain Depth 128 Size 0 Mode ref, Ref Stage 119, run, start, 9783589636179031
1787664523.798142, NoOp Chain Depth 128 Size 0 Mode ref, Ref Stage 119, run, end, 9783589636201159
1787664523.798544, NoOp Chain Depth 128 Size 0 Mode ref, Ref Stage 120, run, start, 9783589636604230
1787664523.798571, NoOp Chain Depth 128 Size 0 Mode ref, Ref Stage 120, run, end, 9783589636630742
1787664523.798686, NoOp Chain Depth 128 Size 0 Mode ref, Ref Stage 121, run, start, 9783589636744870
1787664523.798708, NoOp Chain Depth 128 Size 0 Mode ref, Ref Stage 121, run, end, 9783589636767142
1787664523.798723, NoOp Chain Depth 128 Size 0 Mode ref, Ref Stage 122, run, start, 9783589636782294
1787664523.798744, NoOp Chain Depth 128 Size 0 Mode ref, Ref Stage 122, run, end, 9783589636803446
1787664523.798759, NoOp Chain Depth 128 Size 0 Mode ref, Ref Stage 123, run, start, 9783589636818006
1787664523.798781, NoOp Chain Depth 128 Size 0 Mode ref, Ref Stage 123, run, end, 9783589636840726
1787664523.798793, NoOp Chain Depth 128 Size 0 Mode ref, Ref Stage 124, run, start, 9783589636852678
1787664523.798825, NoOp Chain Depth 128 Size 0 Mode ref, Ref Stage 124, run, end, 9783589636884262
1787664523.798841, NoOp Chain Depth 128 Size 0 Mode ref, Ref Stage 125, run, start, 9783589636899990
1787664523.798862, NoOp Chain Depth 128 Size 0 Mode ref, Ref Stage 125, run, end, 9783589636921382
1787664523.798877, NoOp Chain Depth 128 Size 0 Mode ref, Ref Stage 126, run, start, 9783589636936214
1787664523.798900, NoOp Chain Depth 128 Size 0 Mode ref, Ref Stage 126, run, end, 9783589636958838
1787664523.798911, NoOp Chain Depth 128 Size 0 Mode ref, Ref Stage 127, run, start, 9783589636970694
1787664523.798943, NoOp Chain Depth 128 Size 0 Mode ref, Ref Stage 127, run, end, 9783589637003366
1787664523.798960, NoOp Chain Depth 128 Size 0 Mode ref, pipeline - train, run, end, 104754117512318284049492685266826979260, 1787664523.791289, 30, 1, 9783589637019430
1787664523.798996, NoOp Chain Depth 128 Size 0 Mode ref, pipeline - train, run, start, 85445314933402539805398253899653572359, 1787664523.798985, 31, 1, 9783589637055782
1787664523.799019, NoOp Chain Depth 128 Size 0 Mode ref, Ref Stage 0, run, start, 9783589637078310
1787664523.799041, NoOp Chain Depth 128 Size 0 Mode ref, Ref Stage 0, run, end, 9783589637099958
1787664523.799056, NoOp Chain Depth 128 Size 0 Mode ref, Ref Stage 1, run, start, 9783589637114822
1787664523.799078, NoOp Chain Depth 128 Size 0 Mode ref, Ref Stage 1, run, end, 9783589637137398
1787664523.799093, NoOp Chain Depth 128 Size 0 Mode ref, Ref Stage 2, run, start, 9783589637152166
1787664523.799114, NoOp Chain Depth 128 Size 0 Mode ref, Ref Stage 2, run, end, 9783589637173254
1787664523.799130, NoOp Chain Depth 128 Size 0 Mode ref, Ref Stage 3, run, start, 9783589637189494
1787664523.799151, NoOp Chain Depth 128 Size 0 Mode ref, Ref Stage 3, run, end, 9783589637210182
1787664523.799165, NoOp Chain Depth 128 Size 0 Mode ref, Ref Stage 4, run, start, 9783589637224822
1787664523.799187, NoOp Chain Depth 128 Size 0 Mode ref, Ref Stage 4, run, end, 9783589637246710
1787664523.799202, NoOp Chain Depth 128 Size 0 Mode ref, Ref Stage 5, run, start, 9783589637261510
1787664523.799224, NoOp Chain Depth 128 Size 0 Mode ref, Ref Stage 5, run, end, 9783589637283606
1787664523.799239, NoOp Chain Depth 128 Size 0 Mode ref, Ref Stage 6, run, start, 9783589637297894
1787664523.799259, NoOp Chain Depth 128 Size 0 Mode ref, Ref Stage 6, run, end, 9783589637318646
1787664523.799275, NoOp Chain Depth 128 Size 0 Mode ref, Ref Stage 7, run, start, 9783589637333910
1787664523.799295, NoOp Chain Depth 128 Size 0 Mode ref, Ref Stage 7, run, end, 9783589637354278
1787664523.799309, NoOp Chain Depth 128 Size 0 Mode ref, Ref Stage 8, run, start, 9783589637368598
1787664523.799331, NoOp Chain Depth 128 Size 0 Mode ref, Ref Stage 8, run, end, 9783589637390262
1787664523.799346, NoOp Chain Depth 128 Size 0 Mode ref, Ref Stage 9, run, start, 9783589637405654
1787664523.802956, NoOp Chain Depth 128 Size 0 Mode ref, Ref Stage 9, run, end, 9783589641016227
1787664523.803917, NoOp Chain Depth 128 Size 0 Mode ref, Ref Stage 10, run, start, 9783589641976979
1787664523.803946, NoOp Chain Depth 128 Size 0 Mode ref, Ref Stage 10, run, end, 9783589642006051
1787664523.803964, NoOp Chain Depth 128 Size 0 Mode ref, Ref Stage 11, run, start, 9783589642022899
1787664523.803988, NoOp Chain Depth 128 Size 0 Mode ref, Ref Stage 11, run, end, 9783589642047427
1787664523.804003, NoOp Chain Depth 128 Size 0 Mode ref, Ref Stage 12, run, start, 9783589642062531
1787664523.804025, NoOp Chain Depth 128 Size 0 Mode ref, Ref Stage 12, run, end, 9783589642084003
1787664523.804039, NoOp Chain Depth 128 Size 0 Mode ref, Ref Stage 13, run, start, 9783589642098627
1787664523.804061, NoOp Chain Depth 128 Size 0 Mode ref, Ref Stage 13, run, end, 9783589642120147
1787664523.804075, NoOp Chain Depth 128 Size 0 Mode ref, Ref Stage 14, run, start, 9783589642134659
1787664523.804096, NoOp Chain Depth 128 Size 0 Mode ref, Ref Stage 14, run, end, 9783589642155475
1787664523.804111, NoOp Chain Depth 128 Size 0 Mode ref, Ref Stage 15, run, start, 9783589642170451
1787664523.804132, NoOp Chain Depth 128 Size 0 Mode ref, Ref Stage 15, run, end, 9783589642191379
1787664523.804147, NoOp Chain Depth 128 Size 0 Mode ref, Ref Stage 16, run, start, 9783589642206323
1787664523.804168, NoOp Chain Depth 128 Size 0 Mode ref, Ref Stage 16, run, end, 9783589642227171
1787664523.804183, NoOp Chain Depth 128 Size 0 Mode ref, Ref Stage 17, run, start, 9783589642241747
1787664523.804205, NoOp Chain Depth 128 Size 0 Mode ref, Ref Stage 17, run, end, 9783589642264403
1787664523.804217, NoOp Chain Depth 128 Size 0 Mode ref, Ref Stage 18, run, start, 9783589642276355
1787664523.804249, NoOp Chain Depth 128 Size 0 Mode ref, Ref Stage 18, run, end, 9783589642307795
1787664523.804264, NoOp Chain Depth 128 Size 0 Mode ref, Ref Stage 19, run, start, 9783589642323027
1787664523.804286, NoOp Chain Depth 128 Size 0 Mode ref, Ref Stage 19, run, end, 9783589642345347
1787664523.804298, NoOp Chain Depth 128 Size 0 Mode ref, Ref Stage 20, run, start, 9783589642357203
1787664523.804329, NoOp Chain Depth 128 Size 0 Mode ref, Ref Stage 20, run, end, 9783589642388323
1787664523.804344, NoOp Chain Depth 128 Size 0 Mode ref, Ref Stage 21, run, start, 9783589642403683
1787664523.804365, NoOp Chain Depth 128 Size 0 Mode ref, Ref Stage 21, run, end, 9783589642424531
1787664523.804380, NoOp Chain Depth 128 Size 0 Mode ref, Ref Stage 22, run, start, 9783589642438995
1787664523.804400, NoOp Chain Depth 128 Size 0 Mode ref, Ref Stage 22, run, end, 9783589642459459
1787664523.804415, NoOp Chain Depth 128 Size 0 Mode ref, Ref Stage 23, run, start, 9783589642473747
1787664523.804540, NoOp Chain Depth 128 Size 0 Mode ref, Ref Stage 23, run, end, 9783589642599906
1787664523.804661, NoOp Chain Depth 128 Size 0 Mode ref, Ref Stage 24, run, start, 9783589642719938
1787664523.804683, NoOp Chain Depth 128 Size 0 Mode ref, Ref Stage 24, run, end, 9783589642742738
1787664523.804698, NoOp Chain Depth 128 Size 0 Mode ref, Ref Stage 25, run, start, 9783589642757666
1787664523.804720, NoOp Chain Depth 128 Size 0 Mode ref, Ref Stage 25, run, end, 9783589642778898
1787664523.804734, NoOp Chain Depth 128 Size 0 Mode ref, Ref Stage 26, run, start, 9783589642793394
1787664523.804755, NoOp Chain Depth 128 Size 0 Mode ref, Ref Stage 26, run, end, 9783589642814178
1787664523.804770, NoOp Chain Depth 128 Size 0 Mode ref, Ref Stage 27, run, start, 9783589642828866
1787664523.804791, NoOp Chain Depth 128 Size 0 Mode ref, Ref Stage 27, run, end, 9783589642849906
1787664523.804805, NoOp Chain Depth 128 Size 0 Mode ref, Ref Stage 28, run, start, 9783589642864562
1787664523.804826, NoOp Chain Depth 128 Size 0 Mode ref, Ref Stage 28, run, end, 9783589642885186
1787664523.804840, NoOp Chain Depth 128 Size 0 Mode ref, Ref Stage 29, run, start, 9783589642899506
1787664523.804861, NoOp Chain Depth 128 Size 0 Mode ref, Ref Stage 29, run, end, 9783589642920162
1787664523.804876, NoOp Chain Depth 128 Size 0 Mode ref, Ref Stage 30, run, start, 9783589642934946
1787664523.804897, NoOp Chain Depth 128 Size 0 Mode ref, Ref Stage 30, run, end, 9783589642955826
1787664523.804911, NoOp Chain Depth 128 Size 0 Mode ref, Ref Stage 31, run, start, 9783589642970834
1787664523.804933, NoOp Chain Depth 128 Size 0 Mode ref, Ref Stage 31, run, end, 9783589642991842
1787664523.804952, NoOp Chain Depth 128 Size 0 Mode ref, Ref Stage 32, run, start, 9783589643011090
1787664523.804975, NoOp Chain Depth 128 Size 0 Mode ref, Ref Stage 32, run, end, 9783589643034642
1787664523.804987, NoOp Chain Depth 128 Size 0 Mode ref, Ref Stage 33, run, start, 9783589643046370
1787664523.805019, NoOp Chain Depth 128 Size 0 Mode ref, Ref Stage 33, run, end, 9783589643077730
1787664523.805033, NoOp Chain Depth 128 Size 0 Mode ref, Ref Stage 34, run, start, 9783589643092434
1787664523.805054, NoOp Chain Depth 128 Size 0 Mode ref, Ref Stage 34, run, end, 9783589643113458
1787664523.805069, NoOp Chain Depth 128 Size 0 Mode ref, Ref Stage 35, run, start, 9783589643128114
1787664523.805090, NoOp Chain Depth 128 Size 0 Mode ref, Ref Stage 35, run, end, 9783589643148978
1787664523.805105, NoOp Chain Depth 128 Size 0 Mode ref, Ref Stage 36, run, start, 9783589643164770
1787664523.805128, NoOp Chain Depth 128 Size 0 Mode ref, Ref Stage 36, run, end, 9783589643187458
1787664523.805140, NoOp Chain Depth 128 Size 0 Mode ref, Ref Stage 37, run, start, 9783589643198946
1787664523.805171, NoOp Chain Depth 128 Size 0 Mode ref, Ref Stage 37, run, end, 9783589643230226
1787664523.805186, NoOp Chain Depth 128 Size 0 Mode ref, Ref Stage 38, run, start, 9783589643245250
1787664523.805207, NoOp Chain Depth 128 Size 0 Mode ref, Ref Stage 38, run, end, 9783589643266130
1787664523.805221, NoOp Chain Depth 128 Size 0 Mode ref, Ref Stage 39, run, start, 9783589643280754
1787664523.805244, NoOp Chain Depth 128 Size 0 Mode ref, Ref Stage 39, run, end, 9783589643303266
1787664523.805256, NoOp Chain Depth 128 Size 0 Mode ref, Ref Stage 40, run, start, 9783589643314834
1787664523.805287, NoOp Chain Depth 128 Size 0 Mode ref, Ref Stage 40, run, end, 9783589643346146
1787664523.805302, NoOp Chain Depth 128 Size 0 Mode ref, Ref Stage 41, run, start, 9783589643361202
1787664523.805325, NoOp Chain Depth 128 Size 0 Mode ref, Ref Stage 41, run, end, 9783589643384306
1787664523.805336, NoOp Chain Depth 128 Size 0 Mode ref, Ref Stage 42, run, start, 9783589643395730
1787664523.805367, NoOp Chain Depth 128 Size 0 Mode ref, Ref Stage 42, run, end, 9783589643426546
1787664523.805382, NoOp Chain Depth 128 Size 0 Mode ref, Ref Stage 43, run, start, 9783589643441330
1787664523.805404, NoOp Chain Depth 128 Size 0 Mode ref, Ref Stage 43, run, end, 9783589643462962
1787664523.805419, NoOp Chain Depth 128 Size 0 Mode ref, Ref Stage 44, run, start, 9783589643478354
1787664523.805442, NoOp Chain Depth 128 Size 0 Mode ref, Ref Stage 44, run, end, 9783589643501186
1787664523.805454, NoOp Chain Depth 128 Size 0 Mode ref, Ref Stage 45, run, start, 9783589643512930
1787664523.805487, NoOp Chain Depth 128 Size 0 Mode ref, Ref Stage 45, run, end, 9783589643546258
1787664523.805499, NoOp Chain Depth 128 Size 0 Mode ref, Ref Stage 46, run, start, 9783589643558706
1787664523.805531, NoOp Chain Depth 128 Size 0 Mode ref, Ref Stage 46, run, end, 9783589643590018
1787664523.805546, NoOp Chain Depth 128 Size 0 Mode ref, Ref Stage 47, run, start, 9783589643605090
1787664523.805567, NoOp Chain Depth 128 Size 0 Mode ref, Ref Stage 47, run, end, 9783589643626242
1787664523.805582, NoOp Chain Depth 128 Size 0 Mode ref, Ref Stage 48, run, start, 9783589643640946
1787664523.805603, NoOp Chain Depth 128 Size 0 Mode ref, Ref Stage 48, run, end, 9783589643662546
1787664523.806111, NoOp Chain Depth 128 Size 0 Mode ref, Ref Stage 49, run, start, 9783589644171265
1787664523.806138, NoOp Chain Depth 128 Size 0 Mode ref, Ref Stage 49, run, end, 9783589644197841
1787664523.806154, NoOp Chain Depth 128 Size 0 Mode ref, Ref Stage 50, run, start, 9783589644213553
1787664523.806178, NoOp Chain Depth 128 Size 0 Mode ref, Ref Stage 50, run, end, 9783589644236961
1787664523.806190, NoOp Chain Depth 128 Size 0 Mode ref, Ref Stage 51, run, start, 9783589644249009
1787664523.806221, NoOp Chain Depth 128 Size 0 Mode ref, Ref Stage 51, run, end, 9783589644280561
1787664523.806236, NoOp Chain Depth 128 Size 0 Mode ref, Ref Stage 52, run, start, 9783589644295313
1787664523.806257, NoOp Chain Depth 128 Size 0 Mode ref, Ref Stage 52, run, end, 9783589644316593
1787664523.806275, NoOp Chain Depth 128 Size 0 Mode ref, Ref Stage 53, run, start, 9783589644333937
1787664523.806296, NoOp Chain Depth 128 Size 0 Mode ref, Ref Stage 53, run, end, 9783589644355409
1787664523.806311, NoOp Chain Depth 128 Size 0 Mode ref, Ref Stage 54, run, start, 9783589644370257
1787664523.806332, NoOp Chain Depth 128 Size 0 Mode ref, Ref Stage 54, run, end, 9783589644391297
1787664523.806347, NoOp Chain Depth 128 Size 0 Mode ref, Ref Stage 55, run, start, 9783589644406417
1787664523.806369, NoOp Chain Depth 128 Size 0 Mode ref, Ref Stage 55, run, end, 9783589644428209
1787664523.806384, NoOp Chain Depth 128 Size 0 Mode ref, Ref Stage 56, run, start, 9783589644443009
1787664523.806405, NoOp Chain Depth 128 Size 0 Mode ref, Ref Stage 56, run, end, 9783589644464033
1787664523.806420, NoOp Chain Depth 128 Size 0 Mode ref, Ref Stage 57, run, start, 9783589644478785
1787664523.806440, NoOp Chain Depth 128 Size 0 Mode ref, Ref Stage 57, run, end, 9783589644499409
1787664523.806455, NoOp Chain Depth 128 Size 0 Mode ref, Ref Stage 58, run, start, 9783589644514673
1787664523.806476, NoOp Chain Depth 128 Size 0 Mode ref, Ref Stage 58, run, end, 9783589644535441
1787664523.806491, NoOp Chain Depth 128 Size 0 Mode ref, Ref Stage 59, run, start, 9783589644549809
1787664523.806513, NoOp Chain Depth 128 Size 0 Mode ref, Ref Stage 59, run, end, 9783589644572001
1787664523.806524, NoOp Chain Depth 128 Size 0 Mode ref, Ref Stage 60, run, start, 9783589644583505
1787664523.806556, NoOp Chain Depth 128 Size 0 Mode ref, Ref Stage 60, run, end, 9783589644615489
1787664523.806568, NoOp Chain Depth 128 Size 0 Mode ref, Ref Stage 61, run, start, 9783589644627121
1787664523.806599, NoOp Chain Depth 128 Size 0 Mode ref, Ref Stage 61, run, end, 9783589644657857
1787664523.806613, NoOp Chain Depth 128 Size 0 Mode ref, Ref Stage 62, run, start, 9783589644672273
1787664523.806634, NoOp Chain Depth 128 Size 0 Mode ref, Ref Stage 62, run, end, 9783589644693041
1787664523.806648, NoOp Chain Depth 128 Size 0 Mode ref, Ref Stage 63, run, start, 9783589644707473
1787664523.806669, NoOp Chain Depth 128 Size 0 Mode ref, Ref Stage 63, run, end, 9783589644727953
1787664523.806683, NoOp Chain Depth 128 Size 0 Mode ref, Ref Stage 64, run, start, 9783589644742193
1787664523.806704, NoOp Chain Depth 128 Size 0 Mode ref, Ref Stage 64, run, end, 9783589644763009
1787664523.806719, NoOp Chain Depth 128 Size 0 Mode ref, Ref Stage 65, run, start, 9783589644778465
1787664523.806742, NoOp Chain Depth 128 Size 0 Mode ref, Ref Stage 65, run, end, 9783589644800881
1787664523.806753, NoOp Chain Depth 128 Size 0 Mode ref, Ref Stage 66, run, start, 9783589644812481
1787664523.806784, NoOp Chain Depth 128 Size 0 Mode ref, Ref Stage 66, run, end, 9783589644843473
1787664523.806799, NoOp Chain Depth 128 Size 0 Mode ref, Ref Stage 67, run, start, 9783589644857825
1787664523.806819, NoOp Chain Depth 128 Size 0 Mode ref, Ref Stage 67, run, end, 9783589644878481
1787664523.806834, NoOp Chain Depth 128 Size 0 Mode ref, Ref Stage 68, run, start, 9783589644893185
1787664523.806855, NoOp Chain Depth 128 Size 0 Mode ref, Ref Stage 68, run, end, 9783589644913745
1787664523.806869, NoOp Chain Depth 128 Size 0 Mode ref, Ref Stage 69, run, start, 9783589644927969
1787664523.806890, NoOp Chain Depth 128 Size 0 Mode ref, Ref Stage 69, run, end, 9783589644948769
1787664523.806904, NoOp Chain Depth 128 Size 0 Mode ref, Ref Stage 70, run, start, 9783589644963409
1787664523.806925, NoOp Chain Depth 128 Size 0 Mode ref, Ref Stage 70, run, end, 9783589644984465
1787664523.806940, NoOp Chain Depth 128 Size 0 Mode ref, Ref Stage 71, run, start, 9783589644999217
1787664523.806965, NoOp Chain Depth 128 Size 0 Mode ref, Ref Stage 71, run, end, 9783589645024113
1787664523.806979, NoOp Chain Depth 128 Size 0 Mode ref, Ref Stage 72, run, start, 9783589645038657
1787664523.807003, NoOp Chain Depth 128 Size 0 Mode ref, Ref Stage 72, run, end, 9783589645061825
1787664523.807019, NoOp Chain Depth 128 Size 0 Mode ref, Ref Stage 73, run, start, 9783589645077857
1787664523.807043, NoOp Chain Depth 128 Size 0 Mode ref, Ref Stage 73, run, end, 9783589645102369
1787664523.807055, NoOp Chain Depth 128 Size 0 Mode ref, Ref Stage 74, run, start, 9783589645113985
1787664523.807086, NoOp Chain Depth 128 Size 0 Mode ref, Ref Stage 74, run, end, 9783589645144721
1787664523.807100, NoOp Chain Depth 128 Size 0 Mode ref, Ref Stage 75, run, start, 9783589645159329
1787664523.807122, NoOp Chain Depth 128 Size 0 Mode ref, Ref Stage 75, run, end, 9783589645181025
1787664523.807136, NoOp Chain Depth 128 Size 0 Mode ref, Ref Stage 76, run, start, 9783589645195441
1787664523.807157, NoOp Chain Depth 128 Size 0 Mode ref, Ref Stage 76, run, end, 9783589645216097
1787664523.807171, NoOp Chain Depth 128 Size 0 Mode ref, Ref Stage 77, run, start, 9783589645230673
1787664523.807194, NoOp Chain Depth 128 Size 0 Mode ref, Ref Stage 77, run, end, 9783589645253601
1787664523.807209, NoOp Chain Depth 128 Size 0 Mode ref, Ref Stage 78, run, start, 9783589645268225
1787664523.807230, NoOp Chain Depth 128 Size 0 Mode ref, Ref Stage 78, run, end, 9783589645288897
1787664523.807245, NoOp Chain Depth 128 Size 0 Mode ref, Ref Stage 79, run, start, 9783589645304193
1787664523.807267, NoOp Chain Depth 128 Size 0 Mode ref, Ref Stage 79, run, end, 9783589645326273
1787664523.807279, NoOp Chain Depth 128 Size 0 Mode ref, Ref Stage 80, run, start, 9783589645337777
1787664523.807309, NoOp Chain Depth 128 Size 0 Mode ref, Ref Stage 80, run, end, 9783589645368385
1787664523.807324, NoOp Chain Depth 128 Size 0 Mode ref, Ref Stage 81, run, start, 9783589645382817
1787664523.807346, NoOp Chain Depth 128 Size 0 Mode ref, Ref Stage 81, run, end, 9783589645404897
1787664523.807360, NoOp Chain Depth 128 Size 0 Mode ref, Ref Stage 82, run, start, 9783589645419233
1787664523.807381, NoOp Chain Depth 128 Size 0 Mode ref, Ref Stage 82, run, end, 9783589645440529
1787664523.807396, NoOp Chain Depth 128 Size 0 Mode ref, Ref Stage 83, run, start, 9783589645455089
1787664523.807419, NoOp Chain Depth 128 Size 0 Mode ref, Ref Stage 83, run, end, 9783589645478481
1787664523.807434, NoOp Chain Depth 128 Size 0 Mode ref, Ref Stage 84, run, start, 9783589645493009
1787664523.807454, NoOp Chain Depth 128 Size 0 Mode ref, Ref Stage 84, run, end, 9783589645513441
1787664523.807469, NoOp Chain Depth 128 Size 0 Mode ref, Ref Stage 85, run, start, 9783589645527665
1787664523.807489, NoOp Chain Depth 128 Size 0 Mode ref, Ref Stage 85, run, end, 9783589645548225
1787664523.807503, NoOp Chain Depth 128 Size 0 Mode ref, Ref Stage 86, run, start, 9783589645562737
1787664523.807524, NoOp Chain Depth 128 Size 0 Mode ref, Ref Stage 86, run, end, 9783589645583265
1787664523.807539, NoOp Chain Depth 128 Size 0 Mode ref, Ref Stage 87, run, start, 9783589645598625
1787664523.807560, NoOp Chain Depth 128 Size 0 Mode ref, Ref Stage 87, run, end, 9783589645619361
1787664523.807575, NoOp Chain Depth 128 Size 0 Mode ref, Ref Stage 88, run, start, 9783589645634049
1787664523.807596, NoOp Chain Depth 128 Size 0 Mode ref, Ref Stage 88, run, end, 9783589645655696
1787664523.807611, NoOp Chain Depth 128 Size 0 Mode ref, Ref Stage 89, run, start, 9783589645670144
1787664523.807632, NoOp Chain Depth 128 Size 0 Mode ref, Ref Stage 89, run, end, 9783589645690784
1787664523.807647, NoOp Chain Depth 128 Size 0 Mode ref, Ref Stage 90, run, start, 9783589645706272
1787664523.807668, NoOp Chain Depth 128 Size 0 Mode ref, Ref Stage 90, run, end, 9783589645726768
1787664523.807682, NoOp Chain Depth 128 Size 0 Mode ref, Ref Stage 91, run, start, 9783589645741568
1787664523.807704, NoOp Chain Depth 128 Size 0 Mode ref, Ref Stage 91, run, end, 9783589645763136
1787664523.807719, NoOp Chain Depth 128 Size 0 Mode ref, Ref Stage 92, run, start, 9783589645777616
1787664523.808048, NoOp Chain Depth 128 Size 0 Mode ref, Ref Stage 92, run, end, 9783589646107472
1787664523.808170, NoOp Chain Depth 128 Size 0 Mode ref, Ref Stage 93, run, start, 9783589646229904
1787664523.808193, NoOp Chain Depth 128 Size 0 Mode ref, Ref Stage 93, run, end, 9783589646252752
1787664523.808208, NoOp Chain Depth 128 Size 0 Mode ref, Ref Stage 94, run, start, 9783589646267664
1787664523.808233, NoOp Chain Depth 128 Size 0 Mode ref, Ref Stage 94, run, end, 9783589646292416
1787664523.808245, NoOp Chain Depth 128 Size 0 Mode ref, Ref Stage 95, run, start, 9783589646304400
1787664523.808276, NoOp Chain Depth 128 Size 0 Mode ref, Ref Stage 95, run, end, 9783589646335728
1787664523.808291, NoOp Chain Depth 128 Size 0 Mode ref, Ref Stage 96, run, start, 9783589646350704
1787664523.808312, NoOp Chain Depth 128 Size 0 Mode ref, Ref Stage 96, run, end, 9783589646371504
1787664523.808327, NoOp Chain Depth 128 Size 0 Mode ref, Ref Stage 97, run, start, 9783589646386176
1787664523.808348, NoOp Chain Depth 128 Size 0 Mode ref, Ref Stage 97, run, end, 9783589646407312
1787664523.808363, NoOp Chain Depth 128 Size 0 Mode ref, Ref Stage 98, run, start, 9783589646422368
1787664523.808386, NoOp Chain Depth 128 Size 0 Mode ref, Ref Stage 98, run, end, 9783589646444720
1787664523.808400, NoOp Chain Depth 128 Size 0 Mode ref, Ref Stage 99, run, start, 9783589646459424
1787664523.808422, NoOp Chain Depth 128 Size 0 Mode ref, Ref Stage 99, run, end, 9783589646481248
1787664523.808436, NoOp Chain Depth 128 Size 0 Mode ref, Ref Stage 100, run, start, 9783589646495840
1787664523.808457, NoOp Chain Depth 128 Size 0 Mode ref, Ref Stage 100, run, end, 9783589646516544
1787664523.808471, NoOp Chain Depth 128 Size 0 Mode ref, Ref Stage 101, run, start, 9783589646530864
1787664523.808493, NoOp Chain Depth 128 Size 0 Mode ref, Ref Stage 101, run, end, 9783589646551664
1787664523.808612, NoOp Chain Depth 128 Size 0 Mode ref, Ref Stage 102, run, start, 9783589646672080
1787664523.808637, NoOp Chain Depth 128 Size 0 Mode ref, Ref Stage 102, run, end, 9783589646696768
1787664523.808654, NoOp Chain Depth 128 Size 0 Mode ref, Ref Stage 103, run, start, 9783589646713248
1787664523.808677, NoOp Chain Depth 128 Size 0 Mode ref, Ref Stage 103, run, end, 9783589646736800
1787664523.808692, NoOp Chain Depth 128 Size 0 Mode ref, Ref Stage 104, run, start, 9783589646751392
1787664523.808713, NoOp Chain Depth 128 Size 0 Mode ref, Ref Stage 104, run, end, 9783589646772192
1787664523.808729, NoOp Chain Depth 128 Size 0 Mode ref, Ref Stage 105, run, start, 9783589646787808
1787664523.808750, NoOp Chain Depth 128 Size 0 Mode ref, Ref Stage 105, run, end, 9783589646809568
1787664523.808765, NoOp Chain Depth 128 Size 0 Mode ref, Ref Stage 106, run, start, 9783589646823968
1787664523.808786, NoOp Chain Depth 128 Size 0 Mode ref, Ref Stage 106, run, end, 9783589646844752
1787664523.808800, NoOp Chain Depth 128 Size 0 Mode ref, Ref Stage 107, run, start, 9783589646859088
1787664523.808822, NoOp Chain Depth 128 Size 0 Mode ref, Ref Stage 107, run, end, 9783589646881328
1787664523.808834, NoOp Chain Depth 128 Size 0 Mode ref, Ref Stage 108, run, start, 9783589646892944
1787664523.808864, NoOp Chain Depth 128 Size 0 Mode ref, Ref Stage 108, run, end, 9783589646923520
1787664523.808880, NoOp Chain Depth 128 Size 0 Mode ref, Ref Stage 109, run, start, 9783589646938816
1787664523.808901, NoOp Chain Depth 128 Size 0 Mode ref, Ref Stage 109, run, end, 9783589646960336
1787664523.808915, NoOp Chain Depth 128 Size 0 Mode ref, Ref Stage 110, run, start, 9783589646974752
1787664523.808937, NoOp Chain Depth 128 Size 0 Mode ref, Ref Stage 110, run, end, 9783589646996224
1787664523.808954, NoOp Chain Depth 128 Size 0 Mode ref, Ref Stage 111, run, start, 9783589647012688
1787664523.808977, NoOp Chain Depth 128 Size 0 Mode ref, Ref Stage 111, run, end, 9783589647036288
1787664523.808989, NoOp Chain Depth 128 Size 0 Mode ref, Ref Stage 112, run, start, 9783589647048192
1787664523.809022, NoOp Chain Depth 128 Size 0 Mode ref, Ref Stage 112, run, end, 9783589647081296
1787664523.809033, NoOp Chain Depth 128 Size 0 Mode ref, Ref Stage 113, run, start, 9783589647092688
1787664523.809064, NoOp Chain Depth 128 Size 0 Mode ref, Ref Stage 113, run, end, 9783589647123376
1787664523.809078, NoOp Chain Depth 128 Size 0 Mode ref, Ref Stage 114, run, start, 9783589647137583
1787664523.809104, NoOp Chain Depth 128 Size 0 Mode ref, Ref Stage 114, run, end, 9783589647163039
1787664523.809119, NoOp Chain Depth 128 Size 0 Mode ref, Ref Stage 115, run, start, 9783589647178751
1787664523.809140, NoOp Chain Depth 128 Size 0 Mode ref, Ref Stage 115, run, end, 9783589647199327
1787664523.809154, NoOp Chain Depth 128 Size 0 Mode ref, Ref Stage 116, run, start, 9783589647213551
1787664523.809175, NoOp Chain Depth 128 Size 0 Mode ref, Ref Stage 116, run, end, 9783589647233951
1787664523.809189, NoOp Chain Depth 128 Size 0 Mode ref, Ref Stage 117, run, start, 9783589647248367
1787664523.809211, NoOp Chain Depth 128 Size 0 Mode ref, Ref Stage 117, run, end, 9783589647269887
1787664523.809226, NoOp Chain Depth 128 Size 0 Mode ref, Ref Stage 118, run, start, 9783589647285007
1787664523.809247, NoOp Chain Depth 128 Size 0 Mode ref, Ref Stage 118, run, end, 9783589647305631
1787664523.809261, NoOp Chain Depth 128 Size 0 Mode ref, Ref Stage 119, run, start, 9783589647320319
1787664523.809283, NoOp Chain Depth 128 Size 0 Mode ref, Ref Stage 119, run, end, 9783589647341647
1787664523.809297, NoOp Chain Depth 128 Size 0 Mode ref, Ref Stage 120, run, start, 9783589647355999
1787664523.809317, NoOp Chain Depth 128 Size 0 Mode ref, Ref Stage 120, run, end, 9783589647376639
1787664523.809332, NoOp Chain Depth 128 Size 0 Mode ref, Ref Stage 121, run, start, 9783589647391311
1787664523.809353, NoOp Chain Depth 128 Size 0 Mode ref, Ref Stage 121, run, end, 9783589647411759
1787664523.809367, NoOp Chain Depth 128 Size 0 Mode ref, Ref Stage 122, run, start, 9783589647426207
1787664523.809389, NoOp Chain Depth 128 Size 0 Mode ref, Ref Stage 122, run, end, 9783589647447743
1787664523.809403, NoOp Chain Depth 128 Size 0 Mode ref, Ref Stage 123, run, start, 9783589647462143
1787664523.809424, NoOp Chain Depth 128 Size 0 Mode ref, Ref Stage 123, run, end, 9783589647482959
1787664523.809438, NoOp Chain Depth 128 Size 0 Mode ref, Ref Stage 124, run, start, 9783589647497631
1787664523.809460, NoOp Chain Depth 128 Size 0 Mode ref, Ref Stage 124, run, end, 9783589647519567
1787664523.809476, NoOp Chain Depth 128 Size 0 Mode ref, Ref Stage 125, run, start, 9783589647534799
1787664523.809497, NoOp Chain Depth 128 Size 0 Mode ref, Ref Stage 125, run, end, 9783589647555855
1787664523.809512, NoOp Chain Depth 128 Size 0 Mode ref, Ref Stage 126, run, start, 9783589647571055
1787664523.809926, NoOp Chain Depth 128 Size 0 Mode ref, Ref Stage 126, run, end, 9783589647986303
1787664523.810053, NoOp Chain Depth 128 Size 0 Mode ref, Ref Stage 127, run, start, 9783589648112575
1787664523.810078, NoOp Chain Depth 128 Size 0 Mode ref, Ref Stage 127, run, end, 9783589648137039
1787664523.810094, NoOp Chain Depth 128 Size 0 Mode ref, pipeline - train, run, end, 85445314933402539805398253899653572359, 1787664523.798985, 31, 1, 9783589648153087
1787664523.810131, NoOp Chain Depth 128 Size 0 Mode ref, pipeline - train, run, start, 73591307364436003695432990168307133065, 1787664523.810120, 32, 1, 9783589648190543
1787664523.810157, NoOp Chain Depth 128 Size 0 Mode ref, Ref Stage 0, run, start, 9783589648216639
1787664523.810179, NoOp Chain Depth 128 Size 0 Mode ref, Ref Stage 0, run, end, 9783589648238175
1787664523.810194, NoOp Chain Depth 128 Size 0 Mode ref, Ref Stage 1, run, start, 9783589648253183
1787664523.810215, NoOp Chain Depth 128 Size 0 Mode ref, Ref Stage 1, run, end, 9783589648274319
1787664523.810230, NoOp Chain Depth 128 Size 0 Mode ref, Ref Stage 2, run, start, 9783589648288831
1787664523.810251, NoOp Chain Depth 128 Size 0 Mode ref, Ref Stage 2, run, end, 9783589648310287
1787664523.810266, NoOp Chain Depth 128 Size 0 Mode ref, Ref Stage 3, run, start, 9783589648324831
1787664523.810287, NoOp Chain Depth 128 Size 0 Mode ref, Ref Stage 3, run, end, 9783589648345823
1787664523.810302, NoOp Chain Depth 128 Size 0 Mode ref, Ref Stage 4, run, start, 9783589648360703
1787664523.810323, NoOp Chain Depth 128 Size 0 Mode ref, Ref Stage 4, run, end, 9783589648381775
1787664523.810337, NoOp Chain Depth 128 Size 0 Mode ref, Ref Stage 5, run, start, 9783589648396511
1787664523.810363, NoOp Chain Depth 128 Size 0 Mode ref, Ref Stage 5, run, end, 9783589648422303
1787664523.810378, NoOp Chain Depth 128 Size 0 Mode ref, Ref Stage 6, run, start, 9783589648437519
1787664523.810400, NoOp Chain Depth 128 Size 0 Mode ref, Ref Stage 6, run, end, 9783589648459311
1787664523.810415, NoOp Chain Depth 128 Size 0 Mode ref, Ref Stage 7, run, start, 9783589648474271
1787664523.810436, NoOp Chain Depth 128 Size 0 Mode ref, Ref Stage 7, run, end, 9783589648494975
1787664523.810451, NoOp Chain Depth 128 Size 0 Mode ref, Ref Stage 8, run, start, 9783589648510431
1787664523.810473, NoOp Chain Depth 128 Size 0 Mode ref, Ref Stage 8, run, end, 9783589648532575
1787664523.810485, NoOp Chain Depth 128 Size 0 Mode ref, Ref Stage 9, run, start, 9783589648544095
1787664523.810516, NoOp Chain Depth 128 Size 0 Mode ref, Ref Stage 9, run, end, 9783589648575023
1787664523.810531, NoOp Chain Depth 128 Size 0 Mode ref, Ref Stage 10, run, start, 9783589648589759
1787664523.810552, NoOp Chain Depth 128 Size 0 Mode ref, Ref Stage 10, run, end, 9783589648610911
1787664523.810567, NoOp Chain Depth 128 Size 0 Mode ref, Ref Stage 11, run, start, 9783589648625871
1787664523.810588, NoOp Chain Depth 128 Size 0 Mode ref, Ref Stage 11, run, end, 9783589648647759
1787664523.810603, NoOp Chain Depth 128 Size 0 Mode ref, Ref Stage 12, run, start, 9783589648662335
1787664523.810624, NoOp Chain Depth 128 Size 0 Mode ref, Ref Stage 12, run, end, 9783589648683470
1787664523.810639, NoOp Chain Depth 128 Size 0 Mode ref, Ref Stage 13, run, start, 9783589648697934
1787664523.810661, NoOp Chain Depth 128 Size 0 Mode ref, Ref Stage 13, run, end, 9783589648720286
1787664523.810676, NoOp Chain Depth 128 Size 0 Mode ref, Ref Stage 14, run, start, 9783589648734990
1787664523.810699, NoOp Chain Depth 128 Size 0 Mode ref, Ref Stage 14, run, end, 9783589648757694
1787664523.810713, NoOp Chain Depth 128 Size 0 Mode ref, Ref Stage 15, run, start, 9783589648772334
1787664523.810734, NoOp Chain Depth 128 Size 0 Mode ref, Ref Stage 15, run, end, 9783589648793198
1787664523.810748, NoOp Chain Depth 128 Size 0 Mode ref, Ref Stage 16, run, start, 9783589648807742
1787664523.810771, NoOp Chain Depth 128 Size 0 Mode ref, Ref Stage 16, run, end, 9783589648829838
1787664523.810786, NoOp Chain Depth 128 Size 0 Mode ref, Ref Stage 17, run, start, 9783589648845374
1787664523.810808, NoOp Chain Depth 128 Size 0 Mode ref, Ref Stage 17, run, end, 9783589648867678
1787664523.810820, NoOp Chain Depth 128 Size 0 Mode ref, Ref Stage 18, run, start, 9783589648879182
1787664523.810851, NoOp Chain Depth 128 Size 0 Mode ref, Ref Stage 18, run, end, 9783589648909998
1787664523.810866, NoOp Chain Depth 128 Size 0 Mode ref, Ref Stage 19, run, start, 9783589648925198
1787664523.810887, NoOp Chain Depth 128 Size 0 Mode ref, Ref Stage 19, run, end, 9783589648945806
1787664523.810902, NoOp Chain Depth 128 Size 0 Mode ref, Ref Stage 20, run, start, 9783589648961678
1787664523.810924, NoOp Chain Depth 128 Size 0 Mode ref, Ref Stage 20, run, end, 9783589648982798
1787664523.810939, NoOp Chain Depth 128 Size 0 Mode ref, Ref Stage 21, run, start, 9783589648998510
1787664523.810963, NoOp Chain Depth 128 Size 0 Mode ref, Ref Stage 21, run, end, 9783589649022974
1787664523.810979, NoOp Chain Depth 128 Size 0 Mode ref, Ref Stage 22, run, start, 9783589649037758
1787664523.811001, NoOp Chain Depth 128 Size 0 Mode ref, Ref Stage 22, run, end, 9783589649060062
1787664523.811327, NoOp Chain Depth 128 Size 0 Mode ref, Ref Stage 23, run, start, 9783589649386334
1787664523.811457, NoOp Chain Depth 128 Size 0 Mode ref, Ref Stage 23, run, end, 9783589649516734
1787664523.811470, NoOp Chain Depth 128 Size 0 Mode ref, Ref Stage 24, run, start, 9783589649528894
1787664523.811502, NoOp Chain Depth 128 Size 0 Mode ref, Ref Stage 24, run, end, 9783589649560766
1787664523.811517, NoOp Chain Depth 128 Size 0 Mode ref, Ref Stage 25, run, start, 9783589649575838
1787664523.811538, NoOp Chain Depth 128 Size 0 Mode ref, Ref Stage 25, run, end, 9783589649597374
1787664523.811553, NoOp Chain Depth 128 Size 0 Mode ref, Ref Stage 26, run, start, 9783589649612254
1787664523.811576, NoOp Chain Depth 128 Size 0 Mode ref, Ref Stage 26, run, end, 9783589649635278
1787664523.811591, NoOp Chain Depth 128 Size 0 Mode ref, Ref Stage 27, run, start, 9783589649650254
1787664523.811612, NoOp Chain Depth 128 Size 0 Mode ref, Ref Stage 27, run, end, 9783589649671438
1787664523.811627, NoOp Chain Depth 128 Size 0 Mode ref, Ref Stage 28, run, start, 9783589649686414
1787664523.811648, NoOp Chain Depth 128 Size 0 Mode ref, Ref Stage 28, run, end, 9783589649707518
1787664523.811663, NoOp Chain Depth 128 Size 0 Mode ref, Ref Stage 29, run, start, 9783589649722110
1787664523.811685, NoOp Chain Depth 128 Size 0 Mode ref, Ref Stage 29, run, end, 9783589649744382
1787664523.811700, NoOp Chain Depth 128 Size 0 Mode ref, Ref Stage 30, run, start, 9783589649759198
1787664523.811721, NoOp Chain Depth 128 Size 0 Mode ref, Ref Stage 30, run, end, 9783589649780014
1787664523.811736, NoOp Chain Depth 128 Size 0 Mode ref, Ref Stage 31, run, start, 9783589649795342
1787664523.811758, NoOp Chain Depth 128 Size 0 Mode ref, Ref Stage 31, run, end, 9783589649816878
1787664523.811773, NoOp Chain Depth 128 Size 0 Mode ref, Ref Stage 32, run, start, 9783589649832222
1787664523.811794, NoOp Chain Depth 128 Size 0 Mode ref, Ref Stage 32, run, end, 9783589649853214
1787664523.811809, NoOp Chain Depth 128 Size 0 Mode ref, Ref Stage 33, run, start, 9783589649867742
1787664523.811830, NoOp Chain Depth 128 Size 0 Mode ref, Ref Stage 33, run, end, 9783589649889566
1787664523.811845, NoOp Chain Depth 128 Size 0 Mode ref, Ref Stage 34, run, start, 9783589649904238
1787664523.811866, NoOp Chain Depth 128 Size 0 Mode ref, Ref Stage 34, run, end, 9783589649924654
1787664523.811880, NoOp Chain Depth 128 Size 0 Mode ref, Ref Stage 35, run, start, 9783589649939358
1787664523.811901, NoOp Chain Depth 128 Size 0 Mode ref, Ref Stage 35, run, end, 9783589649960206
1787664523.811917, NoOp Chain Depth 128 Size 0 Mode ref, Ref Stage 36, run, start, 9783589649975790
1787664523.811937, NoOp Chain Depth 128 Size 0 Mode ref, Ref Stage 36, run, end, 9783589649996558
1787664523.811954, NoOp Chain Depth 128 Size 0 Mode ref, Ref Stage 37, run, start, 9783589650012990
1787664523.811976, NoOp Chain Depth 128 Size 0 Mode ref, Ref Stage 37, run, end, 9783589650035630
1787664523.811991, NoOp Chain Depth 128 Size 0 Mode ref, Ref Stage 38, run, start, 9783589650050430
1787664523.812012, NoOp Chain Depth 128 Size 0 Mode ref, Ref Stage 38, run, end, 9783589650071278
1787664523.812027, NoOp Chain Depth 128 Size 0 Mode ref, Ref Stage 39, run, start, 9783589650085918
1787664523.812049, NoOp Chain Depth 128 Size 0 Mode ref, Ref Stage 39, run, end, 9783589650108142
1787664523.812062, NoOp Chain Depth 128 Size 0 Mode ref, Ref Stage 40, run, start, 9783589650120942
1787664523.812093, NoOp Chain Depth 128 Size 0 Mode ref, Ref Stage 40, run, end, 9783589650152078
1787664523.812107, NoOp Chain Depth 128 Size 0 Mode ref, Ref Stage 41, run, start, 9783589650166574
1787664523.812131, NoOp Chain Depth 128 Size 0 Mode ref, Ref Stage 41, run, end, 9783589650190686
1787664523.812147, NoOp Chain Depth 128 Size 0 Mode ref, Ref Stage 42, run, start, 9783589650206382
1787664523.812179, NoOp Chain Depth 128 Size 0 Mode ref, Ref Stage 42, run, end, 9783589650237773
1787664523.812193, NoOp Chain Depth 128 Size 0 Mode ref, Ref Stage 43, run, start, 9783589650252653
1787664523.812214, NoOp Chain Depth 128 Size 0 Mode ref, Ref Stage 43, run, end, 9783589650273501
1787664523.812229, NoOp Chain Depth 128 Size 0 Mode ref, Ref Stage 44, run, start, 9783589650288205
1787664523.812253, NoOp Chain Depth 128 Size 0 Mode ref, Ref Stage 44, run, end, 9783589650311965
1787664523.812657, NoOp Chain Depth 128 Size 0 Mode ref, Ref Stage 45, run, start, 9783589650717309
1787664523.812783, NoOp Chain Depth 128 Size 0 Mode ref, Ref Stage 45, run, end, 9783589650842237
1787664523.812798, NoOp Chain Depth 128 Size 0 Mode ref, Ref Stage 46, run, start, 9783589650857325
1787664523.812819, NoOp Chain Depth 128 Size 0 Mode ref, Ref Stage 46, run, end, 9783589650878333
1787664523.812835, NoOp Chain Depth 128 Size 0 Mode ref, Ref Stage 47, run, start, 9783589650894733
1787664523.812857, NoOp Chain Depth 128 Size 0 Mode ref, Ref Stage 47, run, end, 9783589650915773
1787664523.812871, NoOp Chain Depth 128 Size 0 Mode ref, Ref Stage 48, run, start, 9783589650930253
1787664523.812894, NoOp Chain Depth 128 Size 0 Mode ref, Ref Stage 48, run, end, 9783589650952765
1787664523.812905, NoOp Chain Depth 128 Size 0 Mode ref, Ref Stage 49, run, start, 9783589650964221
1787664523.812936, NoOp Chain Depth 128 Size 0 Mode ref, Ref Stage 49, run, end, 9783589650995037
1787664523.812952, NoOp Chain Depth 128 Size 0 Mode ref, Ref Stage 50, run, start, 9783589651011421
1787664523.812976, NoOp Chain Depth 128 Size 0 Mode ref, Ref Stage 50, run, end, 9783589651034861
1787664523.812987, NoOp Chain Depth 128 Size 0 Mode ref, Ref Stage 51, run, start, 9783589651046461
1787664523.813018, NoOp Chain Depth 128 Size 0 Mode ref, Ref Stage 51, run, end, 9783589651077389
1787664523.813033, NoOp Chain Depth 128 Size 0 Mode ref, Ref Stage 52, run, start, 9783589651091965
1787664523.813054, NoOp Chain Depth 128 Size 0 Mode ref, Ref Stage 52, run, end, 9783589651113981
1787664523.813070, NoOp Chain Depth 128 Size 0 Mode ref, Ref Stage 53, run, start, 9783589651129309
1787664523.813091, NoOp Chain Depth 128 Size 0 Mode ref, Ref Stage 53, run, end, 9783589651150077
1787664523.813106, NoOp Chain Depth 128 Size 0 Mode ref, Ref Stage 54, run, start, 9783589651164893
1787664523.813126, NoOp Chain Depth 128 Size 0 Mode ref, Ref Stage 54, run, end, 9783589651185773
1787664523.813142, NoOp Chain Depth 128 Size 0 Mode ref, Ref Stage 55, run, start, 9783589651200701
1787664523.813164, NoOp Chain Depth 128 Size 0 Mode ref, Ref Stage 55, run, end, 9783589651222621
1787664523.813178, NoOp Chain Depth 128 Size 0 Mode ref, Ref Stage 56, run, start, 9783589651237629
1787664523.813199, NoOp Chain Depth 128 Size 0 Mode ref, Ref Stage 56, run, end, 9783589651258317
1787664523.813214, NoOp Chain Depth 128 Size 0 Mode ref, Ref Stage 57, run, start, 9783589651273213
1787664523.813235, NoOp Chain Depth 128 Size 0 Mode ref, Ref Stage 57, run, end, 9783589651294077
1787664523.813250, NoOp Chain Depth 128 Size 0 Mode ref, Ref Stage 58, run, start, 9783589651308717
1787664523.813271, NoOp Chain Depth 128 Size 0 Mode ref, Ref Stage 58, run, end, 9783589651330285
1787664523.813287, NoOp Chain Depth 128 Size 0 Mode ref, Ref Stage 59, run, start, 9783589651346637
1787664523.813309, NoOp Chain Depth 128 Size 0 Mode ref, Ref Stage 59, run, end, 9783589651368477
1787664523.813324, NoOp Chain Depth 128 Size 0 Mode ref, Ref Stage 60, run, start, 9783589651383133
1787664523.813346, NoOp Chain Depth 128 Size 0 Mode ref, Ref Stage 60, run, end, 9783589651405197
1787664523.813358, NoOp Chain Depth 128 Size 0 Mode ref, Ref Stage 61, run, start, 9783589651416797
1787664523.813389, NoOp Chain Depth 128 Size 0 Mode ref, Ref Stage 61, run, end, 9783589651447645
1787664523.813403, NoOp Chain Depth 128 Size 0 Mode ref, Ref Stage 62, run, start, 9783589651462605
1787664523.813424, NoOp Chain Depth 128 Size 0 Mode ref, Ref Stage 62, run, end, 9783589651483165
1787664523.813438, NoOp Chain Depth 128 Size 0 Mode ref, Ref Stage 63, run, start, 9783589651497773
1787664523.813462, NoOp Chain Depth 128 Size 0 Mode ref, Ref Stage 63, run, end, 9783589651521421
1787664523.813477, NoOp Chain Depth 128 Size 0 Mode ref, Ref Stage 64, run, start, 9783589651536205
1787664523.813566, NoOp Chain Depth 128 Size 0 Mode ref, Ref Stage 64, run, end, 9783589651626285
1787664523.813583, NoOp Chain Depth 128 Size 0 Mode ref, Ref Stage 65, run, start, 9783589651642509
1787664523.813607, NoOp Chain Depth 128 Size 0 Mode ref, Ref Stage 65, run, end, 9783589651666093
1787664523.813619, NoOp Chain Depth 128 Size 0 Mode ref, Ref Stage 66, run, start, 9783589651678077
1787664523.813650, NoOp Chain Depth 128 Size 0 Mode ref, Ref Stage 66, run, end, 9783589651709373
1787664523.813665, NoOp Chain Depth 128 Size 0 Mode ref, Ref Stage 67, run, start, 9783589651724701
1787664523.813686, NoOp Chain Depth 128 Size 0 Mode ref, Ref Stage 67, run, end, 9783589651745517
1787664523.813702, NoOp Chain Depth 128 Size 0 Mode ref, Ref Stage 68, run, start, 9783589651761756
1787664523.813723, NoOp Chain Depth 128 Size 0 Mode ref, Ref Stage 68, run, end, 9783589651782412
1787664523.813739, NoOp Chain Depth 128 Size 0 Mode ref, Ref Stage 69, run, start, 9783589651797948
1787664523.813760, NoOp Chain Depth 128 Size 0 Mode ref, Ref Stage 69, run, end, 9783589651819228
1787664523.813775, NoOp Chain Depth 128 Size 0 Mode ref, Ref Stage 70, run, start, 9783589651834028
1787664523.813797, NoOp Chain Depth 128 Size 0 Mode ref, Ref Stage 70, run, end, 9783589651855740
1787664523.813811, NoOp Chain Depth 128 Size 0 Mode ref, Ref Stage 71, run, start, 9783589651870428
1787664523.813832, NoOp Chain Depth 128 Size 0 Mode ref, Ref Stage 71, run, end, 9783589651891036
1787664523.813847, NoOp Chain Depth 128 Size 0 Mode ref, Ref Stage 72, run, start, 9783589651905804
1787664523.813867, NoOp Chain Depth 128 Size 0 Mode ref, Ref Stage 72, run, end, 9783589651926444
1787664523.813883, NoOp Chain Depth 128 Size 0 Mode ref, Ref Stage 73, run, start, 9783589651942572
1787664523.813906, NoOp Chain Depth 128 Size 0 Mode ref, Ref Stage 73, run, end, 9783589651965692
1787664523.813918, NoOp Chain Depth 128 Size 0 Mode ref, Ref Stage 74, run, start, 9783589651977308
1787664523.813951, NoOp Chain Depth 128 Size 0 Mode ref, Ref Stage 74, run, end, 9783589652010636
1787664523.813967, NoOp Chain Depth 128 Size 0 Mode ref, Ref Stage 75, run, start, 9783589652025756
1787664523.813987, NoOp Chain Depth 128 Size 0 Mode ref, Ref Stage 75, run, end, 9783589652046796
1787664523.814003, NoOp Chain Depth 128 Size 0 Mode ref, Ref Stage 76, run, start, 9783589652061580
1787664523.814025, NoOp Chain Depth 128 Size 0 Mode ref, Ref Stage 76, run, end, 9783589652084556
1787664523.814040, NoOp Chain Depth 128 Size 0 Mode ref, Ref Stage 77, run, start, 9783589652098988
1787664523.814060, NoOp Chain Depth 128 Size 0 Mode ref, Ref Stage 77, run, end, 9783589652119644
1787664523.814075, NoOp Chain Depth 128 Size 0 Mode ref, Ref Stage 78, run, start, 9783589652134572
1787664523.814096, NoOp Chain Depth 128 Size 0 Mode ref, Ref Stage 78, run, end, 9783589652155228
1787664523.814111, NoOp Chain Depth 128 Size 0 Mode ref, Ref Stage 79, run, start, 9783589652169628
1787664523.814133, NoOp Chain Depth 128 Size 0 Mode ref, Ref Stage 79, run, end, 9783589652192828
1787664523.814145, NoOp Chain Depth 128 Size 0 Mode ref, Ref Stage 80, run, start, 9783589652204604
1787664523.814177, NoOp Chain Depth 128 Size 0 Mode ref, Ref Stage 80, run, end, 9783589652236620
1787664523.814192, NoOp Chain Depth 128 Size 0 Mode ref, Ref Stage 81, run, start, 9783589652251324
1787664523.814219, NoOp Chain Depth 128 Size 0 Mode ref, Ref Stage 81, run, end, 9783589652278620
1787664523.814235, NoOp Chain Depth 128 Size 0 Mode ref, Ref Stage 82, run, start, 9783589652294172
1787664523.814255, NoOp Chain Depth 128 Size 0 Mode ref, Ref Stage 82, run, end, 9783589652314652
1787664523.814270, NoOp Chain Depth 128 Size 0 Mode ref, Ref Stage 83, run, start, 9783589652329036
1787664523.814291, NoOp Chain Depth 128 Size 0 Mode ref, Ref Stage 83, run, end, 9783589652349644
1787664523.814305, NoOp Chain Depth 128 Size 0 Mode ref, Ref Stage 84, run, start, 9783589652364380
1787664523.814326, NoOp Chain Depth 128 Size 0 Mode ref, Ref Stage 84, run, end, 9783589652385340
1787664523.814342, NoOp Chain Depth 128 Size 0 Mode ref, Ref Stage 85, run, start, 9783589652401292
1787664523.814363, NoOp Chain Depth 128 Size 0 Mode ref, Ref Stage 85, run, end, 9783589652422524
1787664523.814378, NoOp Chain Depth 128 Size 0 Mode ref, Ref Stage 86, run, start, 9783589652437244
1787664523.814399, NoOp Chain Depth 128 Size 0 Mode ref, Ref Stage 86, run, end, 9783589652458220
1787664523.814414, NoOp Chain Depth 128 Size 0 Mode ref, Ref Stage 87, run, start, 9783589652472908
1787664523.814435, NoOp Chain Depth 128 Size 0 Mode ref, Ref Stage 87, run, end, 9783589652494668
1787664523.814450, NoOp Chain Depth 128 Size 0 Mode ref, Ref Stage 88, run, start, 9783589652509164
1787664523.814472, NoOp Chain Depth 128 Size 0 Mode ref, Ref Stage 88, run, end, 9783589652531132
1787664523.814486, NoOp Chain Depth 128 Size 0 Mode ref, Ref Stage 89, run, start, 9783589652545596
1787664523.814508, NoOp Chain Depth 128 Size 0 Mode ref, Ref Stage 89, run, end, 9783589652567148
1787664523.814523, NoOp Chain Depth 128 Size 0 Mode ref, Ref Stage 90, run, start, 9783589652581980
1787664523.814544, NoOp Chain Depth 128 Size 0 Mode ref, Ref Stage 90, run, end, 9783589652603260
1787664523.814560, NoOp Chain Depth 128 Size 0 Mode ref, Ref Stage 91, run, start, 9783589652619468
1787664523.814896, NoOp Chain Depth 128 Size 0 Mode ref, Ref Stage 91, run, end, 9783589652956476
1787664523.815027, NoOp Chain Depth 128 Size 0 Mode ref, Ref Stage 92, run, start, 9783589653086652
1787664523.815052, NoOp Chain Depth 128 Size 0 Mode ref, Ref Stage 92, run, end, 9783589653111004
1787664523.815067, NoOp Chain Depth 128 Size 0 Mode ref, Ref Stage 93, run, start, 9783589653126396
1787664523.815089, NoOp Chain Depth 128 Size 0 Mode ref, Ref Stage 93, run, end, 9783589653147980
1787664523.815104, NoOp Chain Depth 128 Size 0 Mode ref, Ref Stage 94, run, start, 9783589653163228
1787664523.815125, NoOp Chain Depth 128 Size 0 Mode ref, Ref Stage 94, run, end, 9783589653184524
1787664523.815140, NoOp Chain Depth 128 Size 0 Mode ref, Ref Stage 95, run, start, 9783589653199468
1787664523.815162, NoOp Chain Depth 128 Size 0 Mode ref, Ref Stage 95, run, end, 9783589653221276
1787664523.815177, NoOp Chain Depth 128 Size 0 Mode ref, Ref Stage 96, run, start, 9783589653236300
1787664523.815198, NoOp Chain Depth 128 Size 0 Mode ref, Ref Stage 96, run, end, 9783589653257259
1787664523.815213, NoOp Chain Depth 128 Size 0 Mode ref, Ref Stage 97, run, start, 9783589653272123
1787664523.815235, NoOp Chain Depth 128 Size 0 Mode ref, Ref Stage 97, run, end, 9783589653294699
1787664523.815247, NoOp Chain Depth 128 Size 0 Mode ref, Ref Stage 98, run, start, 9783589653306411
1787664523.815279, NoOp Chain Depth 128 Size 0 Mode ref, Ref Stage 98, run, end, 9783589653338011
1787664523.815294, NoOp Chain Depth 128 Size 0 Mode ref, Ref Stage 99, run, start, 9783589653352891
1787664523.815315, NoOp Chain Depth 128 Size 0 Mode ref, Ref Stage 99, run, end, 9783589653374363
1787664523.815330, NoOp Chain Depth 128 Size 0 Mode ref, Ref Stage 100, run, start, 9783589653389003
1787664523.815356, NoOp Chain Depth 128 Size 0 Mode ref, Ref Stage 100, run, end, 9783589653415067
1787664523.815371, NoOp Chain Depth 128 Size 0 Mode ref, Ref Stage 101, run, start, 9783589653429835
1787664523.815392, NoOp Chain Depth 128 Size 0 Mode ref, Ref Stage 101, run, end, 9783589653450635
1787664523.815406, NoOp Chain Depth 128 Size 0 Mode ref, Ref Stage 102, run, start, 9783589653465371
1787664523.815427, NoOp Chain Depth 128 Size 0 Mode ref, Ref Stage 102, run, end, 9783589653486315
1787664523.815442, NoOp Chain Depth 128 Size 0 Mode ref, Ref Stage 103, run, start, 9783589653501595
1787664523.815464, NoOp Chain Depth 128 Size 0 Mode ref, Ref Stage 103, run, end, 9783589653523723
1787664523.815479, NoOp Chain Depth 128 Size 0 Mode ref, Ref Stage 104, run, start, 9783589653538171
1787664523.815500, NoOp Chain Depth 128 Size 0 Mode ref, Ref Stage 104, run, end, 9783589653558923
1787664523.815514, NoOp Chain Depth 128 Size 0 Mode ref, Ref Stage 105, run, start, 9783589653573371
1787664523.815536, NoOp Chain Depth 128 Size 0 Mode ref, Ref Stage 105, run, end, 9783589653595051
1787664523.815551, NoOp Chain Depth 128 Size 0 Mode ref, Ref Stage 106, run, start, 9783589653610619
1787664523.815573, NoOp Chain Depth 128 Size 0 Mode ref, Ref Stage 106, run, end, 9783589653632699
1787664523.815588, NoOp Chain Depth 128 Size 0 Mode ref, Ref Stage 107, run, start, 9783589653647467
1787664523.815612, NoOp Chain Depth 128 Size 0 Mode ref, Ref Stage 107, run, end, 9783589653670987
1787664523.815624, NoOp Chain Depth 128 Size 0 Mode ref, Ref Stage 108, run, start, 9783589653683275
1787664523.815656, NoOp Chain Depth 128 Size 0 Mode ref, Ref Stage 108, run, end, 9783589653715323
1787664523.815673, NoOp Chain Depth 128 Size 0 Mode ref, Ref Stage 109, run, start, 9783589653732235
1787664523.815694, NoOp Chain Depth 128 Size 0 Mode ref, Ref Stage 109, run, end, 9783589653753147
1787664523.815709, NoOp Chain Depth 128 Size 0 Mode ref, Ref Stage 110, run, start, 9783589653768443
1787664523.815730, NoOp Chain Depth 128 Size 0 Mode ref, Ref Stage 110, run, end, 9783589653788843
1787664523.816242, NoOp Chain Depth 128 Size 0 Mode ref, Ref Stage 111, run, start, 9783589654301771
1787664523.816268, NoOp Chain Depth 128 Size 0 Mode ref, Ref Stage 111, run, end, 9783589654327979
1787664523.816284, NoOp Chain Depth 128 Size 0 Mode ref, Ref Stage 112, run, start, 9783589654343819
1787664523.816308, NoOp Chain Depth 128 Size 0 Mode ref, Ref Stage 112, run, end, 9783589654367707
1787664523.816323, NoOp Chain Depth 128 Size 0 Mode ref, Ref Stage 113, run, start, 9783589654382475
1787664523.816344, NoOp Chain Depth 128 Size 0 Mode ref, Ref Stage 113, run, end, 9783589654403339
1787664523.816359, NoOp Chain Depth 128 Size 0 Mode ref, Ref Stage 114, run, start, 9783589654418331
1787664523.816380, NoOp Chain Depth 128 Size 0 Mode ref, Ref Stage 114, run, end, 9783589654439467
1787664523.816395, NoOp Chain Depth 128 Size 0 Mode ref, Ref Stage 115, run, start, 9783589654453771
1787664523.816415, NoOp Chain Depth 128 Size 0 Mode ref, Ref Stage 115, run, end, 9783589654474267
1787664523.816430, NoOp Chain Depth 128 Size 0 Mode ref, Ref Stage 116, run, start, 9783589654488763
1787664523.816451, NoOp Chain Depth 128 Size 0 Mode ref, Ref Stage 116, run, end, 9783589654510379
1787664523.816465, NoOp Chain Depth 128 Size 0 Mode ref, Ref Stage 117, run, start, 9783589654524747
1787664523.816486, NoOp Chain Depth 128 Size 0 Mode ref, Ref Stage 117, run, end, 9783589654545051
1787664523.816500, NoOp Chain Depth 128 Size 0 Mode ref, Ref Stage 118, run, start, 9783589654559643
1787664523.816521, NoOp Chain Depth 128 Size 0 Mode ref, Ref Stage 118, run, end, 9783589654580219
1787664523.816536, NoOp Chain Depth 128 Size 0 Mode ref, Ref Stage 119, run, start, 9783589654595643
1787664523.816557, NoOp Chain Depth 128 Size 0 Mode ref, Ref Stage 119, run, end, 9783589654616027
1787664523.816571, NoOp Chain Depth 128 Size 0 Mode ref, Ref Stage 120, run, start, 9783589654630427
1787664523.816593, NoOp Chain Depth 128 Size 0 Mode ref, Ref Stage 120, run, end, 9783589654652699
1787664523.816605, NoOp Chain Depth 128 Size 0 Mode ref, Ref Stage 121, run, start, 9783589654664491
1787664523.816637, NoOp Chain Depth 128 Size 0 Mode ref, Ref Stage 121, run, end, 9783589654696299
1787664523.816652, NoOp Chain Depth 128 Size 0 Mode ref, Ref Stage 122, run, start, 9783589654710795
1787664523.816672, NoOp Chain Depth 128 Size 0 Mode ref, Ref Stage 122, run, end, 9783589654731387
1787664523.816689, NoOp Chain Depth 128 Size 0 Mode ref, Ref Stage 123, run, start, 9783589654747947
1787664523.816710, NoOp Chain Depth 128 Size 0 Mode ref, Ref Stage 123, run, end, 9783589654768778
1787664523.816724, NoOp Chain Depth 128 Size 0 Mode ref, Ref Stage 124, run, start, 9783589654783338
1787664523.816745, NoOp Chain Depth 128 Size 0 Mode ref, Ref Stage 124, run, end, 9783589654804346
1787664523.816760, NoOp Chain Depth 128 Size 0 Mode ref, Ref Stage 125, run, start, 9783589654818954
1787664523.816782, NoOp Chain Depth 128 Size 0 Mode ref, Ref Stage 125, run, end, 9783589654841914
1787664523.816794, NoOp Chain Depth 128 Size 0 Mode ref, Ref Stage 126, run, start, 9783589654853562
1787664523.816826, NoOp Chain Depth 128 Size 0 Mode ref, Ref Stage 126, run, end, 9783589654885722
1787664523.816843, NoOp Chain Depth 128 Size 0 Mode ref, Ref Stage 127, run, start, 9783589654901738
1787664523.816864, NoOp Chain Depth 128 Size 0 Mode ref, Ref Stage 127, run, end, 9783589654923002
1787664523.816879, NoOp Chain Depth 128 Size 0 Mode ref, pipeline - train, run, end, 73591307364436003695432990168307133065, 1787664523.810120, 32, 1, 9783589654938442
1787664523.816917, NoOp Chain Depth 128 Size 0 Mode ref, pipeline - train, run, start, 198822830393744448776764567683300339652, 1787664523.816905, 33, 1, 9783589654976746
1787664523.816942, NoOp Chain Depth 128 Size 0 Mode ref, Ref Stage 0, run, start, 9783589655009530
1787664523.817277, NoOp Chain Depth 128 Size 0 Mode ref, Ref Stage 0, run, end, 9783589655336890
1787664523.817400, NoOp Chain Depth 128 Size 0 Mode ref, Ref Stage 1, run, start, 9783589655459754
1787664523.817424, NoOp Chain Depth 128 Size 0 Mode ref, Ref Stage 1, run, end, 9783589655482794
1787664523.817439, NoOp Chain Depth 128 Size 0 Mode ref, Ref Stage 2, run, start, 9783589655497914
1787664523.817460, NoOp Chain Depth 128 Size 0 Mode ref, Ref Stage 2, run, end, 9783589655519402
1787664523.817475, NoOp Chain Depth 128 Size 0 Mode ref, Ref Stage 3, run, start, 9783589655534298
1787664523.817496, NoOp Chain Depth 128 Size 0 Mode ref, Ref Stage 3, run, end, 9783589655555530
1787664523.817511, NoOp Chain Depth 128 Size 0 Mode ref, Ref Stage 4, run, start, 9783589655570266
1787664523.817532, NoOp Chain Depth 128 Size 0 Mode ref, Ref Stage 4, run, end, 9783589655591562
1787664523.817547, NoOp Chain Depth 128 Size 0 Mode ref, Ref Stage 5, run, start, 9783589655606362
1787664523.817568, NoOp Chain Depth 128 Size 0 Mode ref, Ref Stage 5, run, end, 9783589655627274
1787664523.817583, NoOp Chain Depth 128 Size 0 Mode ref, Ref Stage 6, run, start, 9783589655642314
1787664523.817604, NoOp Chain Depth 128 Size 0 Mode ref, Ref Stage 6, run, end, 9783589655663482
1787664523.817619, NoOp Chain Depth 128 Size 0 Mode ref, Ref Stage 7, run, start, 9783589655678186
1787664523.817641, NoOp Chain Depth 128 Size 0 Mode ref, Ref Stage 7, run, end, 9783589655700426
1787664523.817656, NoOp Chain Depth 128 Size 0 Mode ref, Ref Stage 8, run, start, 9783589655715194
1787664523.817678, NoOp Chain Depth 128 Size 0 Mode ref, Ref Stage 8, run, end, 9783589655737530
1787664523.817691, NoOp Chain Depth 128 Size 0 Mode ref, Ref Stage 9, run, start, 9783589655750266
1787664523.817722, NoOp Chain Depth 128 Size 0 Mode ref, Ref Stage 9, run, end, 9783589655781674
1787664523.817738, NoOp Chain Depth 128 Size 0 Mode ref, Ref Stage 10, run, start, 9783589655796650
1787664523.817759, NoOp Chain Depth 128 Size 0 Mode ref, Ref Stage 10, run, end, 9783589655817738
1787664523.817773, NoOp Chain Depth 128 Size 0 Mode ref, Ref Stage 11, run, start, 9783589655832506
1787664523.817794, NoOp Chain Depth 128 Size 0 Mode ref, Ref Stage 11, run, end, 9783589655853450
1787664523.817809, NoOp Chain Depth 128 Size 0 Mode ref, Ref Stage 12, run, start, 9783589655867834
1787664523.817829, NoOp Chain Depth 128 Size 0 Mode ref, Ref Stage 12, run, end, 9783589655888570
1787664523.817844, NoOp Chain Depth 128 Size 0 Mode ref, Ref Stage 13, run, start, 9783589655903354
1787664523.817867, NoOp Chain Depth 128 Size 0 Mode ref, Ref Stage 13, run, end, 9783589655926474
1787664523.817882, NoOp Chain Depth 128 Size 0 Mode ref, Ref Stage 14, run, start, 9783589655941162
1787664523.817902, NoOp Chain Depth 128 Size 0 Mode ref, Ref Stage 14, run, end, 9783589655961546
1787664523.817917, NoOp Chain Depth 128 Size 0 Mode ref, Ref Stage 15, run, start, 9783589655976730
1787664523.817940, NoOp Chain Depth 128 Size 0 Mode ref, Ref Stage 15, run, end, 9783589655999482
1787664523.817957, NoOp Chain Depth 128 Size 0 Mode ref, Ref Stage 16, run, start, 9783589656016698
1787664523.817978, NoOp Chain Depth 128 Size 0 Mode ref, Ref Stage 16, run, end, 9783589656037146
1787664523.817993, NoOp Chain Depth 128 Size 0 Mode ref, Ref Stage 17, run, start, 9783589656052346
1787664523.818014, NoOp Chain Depth 128 Size 0 Mode ref, Ref Stage 17, run, end, 9783589656073402
1787664523.818029, NoOp Chain Depth 128 Size 0 Mode ref, Ref Stage 18, run, start, 9783589656088282
1787664523.818052, NoOp Chain Depth 128 Size 0 Mode ref, Ref Stage 18, run, end, 9783589656110858
1787664523.818066, NoOp Chain Depth 128 Size 0 Mode ref, Ref Stage 19, run, start, 9783589656125610
1787664523.818087, NoOp Chain Depth 128 Size 0 Mode ref, Ref Stage 19, run, end, 9783589656146266
1787664523.818102, NoOp Chain Depth 128 Size 0 Mode ref, Ref Stage 20, run, start, 9783589656160986
1787664523.818125, NoOp Chain Depth 128 Size 0 Mode ref, Ref Stage 20, run, end, 9783589656184826
1787664523.818141, NoOp Chain Depth 128 Size 0 Mode ref, Ref Stage 21, run, start, 9783589656199594
1787664523.821954, NoOp Chain Depth 128 Size 0 Mode ref, Ref Stage 21, run, end, 9783589660013623
1787664523.823007, NoOp Chain Depth 128 Size 0 Mode ref, Ref Stage 22, run, start, 9783589661066406
1787664523.823033, NoOp Chain Depth 128 Size 0 Mode ref, Ref Stage 22, run, end, 9783589661092374
1787664523.823049, NoOp Chain Depth 128 Size 0 Mode ref, Ref Stage 23, run, start, 9783589661107974
1787664523.823070, NoOp Chain Depth 128 Size 0 Mode ref, Ref Stage 23, run, end, 9783589661129222
1787664523.823085, NoOp Chain Depth 128 Size 0 Mode ref, Ref Stage 24, run, start, 9783589661143750
1787664523.823106, NoOp Chain Depth 128 Size 0 Mode ref, Ref Stage 24, run, end, 9783589661165286
1787664523.823121, NoOp Chain Depth 128 Size 0 Mode ref, Ref Stage 25, run, start, 9783589661180022
1787664523.823142, NoOp Chain Depth 128 Size 0 Mode ref, Ref Stage 25, run, end, 9783589661201062
1787664523.823157, NoOp Chain Depth 128 Size 0 Mode ref, Ref Stage 26, run, start, 9783589661215942
1787664523.823178, NoOp Chain Depth 128 Size 0 Mode ref, Ref Stage 26, run, end, 9783589661236918
1787664523.823193, NoOp Chain Depth 128 Size 0 Mode ref, Ref Stage 27, run, start, 9783589661251862
1787664523.823213, NoOp Chain Depth 128 Size 0 Mode ref, Ref Stage 27, run, end, 9783589661272614
1787664523.823228, NoOp Chain Depth 128 Size 0 Mode ref, Ref Stage 28, run, start, 9783589661287254
1787664523.823249, NoOp Chain Depth 128 Size 0 Mode ref, Ref Stage 28, run, end, 9783589661308134
1787664523.823264, NoOp Chain Depth 128 Size 0 Mode ref, Ref Stage 29, run, start, 9783589661322918
1787664523.823284, NoOp Chain Depth 128 Size 0 Mode ref, Ref Stage 29, run, end, 9783589661343702
1787664523.823299, NoOp Chain Depth 128 Size 0 Mode ref, Ref Stage 30, run, start, 9783589661358358
1787664523.823319, NoOp Chain Depth 128 Size 0 Mode ref, Ref Stage 30, run, end, 9783589661378774
1787664523.823334, NoOp Chain Depth 128 Size 0 Mode ref, Ref Stage 31, run, start, 9783589661393558
1787664523.823355, NoOp Chain Depth 128 Size 0 Mode ref, Ref Stage 31, run, end, 9783589661414310
1787664523.823370, NoOp Chain Depth 128 Size 0 Mode ref, Ref Stage 32, run, start, 9783589661429062
1787664523.823390, NoOp Chain Depth 128 Size 0 Mode ref, Ref Stage 32, run, end, 9783589661449766
1787664523.823405, NoOp Chain Depth 128 Size 0 Mode ref, Ref Stage 33, run, start, 9783589661464150
1787664523.823426, NoOp Chain Depth 128 Size 0 Mode ref, Ref Stage 33, run, end, 9783589661484598
1787664523.823440, NoOp Chain Depth 128 Size 0 Mode ref, Ref Stage 34, run, start, 9783589661499062
1787664523.823461, NoOp Chain Depth 128 Size 0 Mode ref, Ref Stage 34, run, end, 9783589661519830
1787664523.823475, NoOp Chain Depth 128 Size 0 Mode ref, Ref Stage 35, run, start, 9783589661534150
1787664523.823496, NoOp Chain Depth 128 Size 0 Mode ref, Ref Stage 35, run, end, 9783589661554934
1787664523.823510, NoOp Chain Depth 128 Size 0 Mode ref, Ref Stage 36, run, start, 9783589661569414
1787664523.823531, NoOp Chain Depth 128 Size 0 Mode ref, Ref Stage 36, run, end, 9783589661589990
1787664523.823545, NoOp Chain Depth 128 Size 0 Mode ref, Ref Stage 37, run, start, 9783589661604646
1787664523.823568, NoOp Chain Depth 128 Size 0 Mode ref, Ref Stage 37, run, end, 9783589661626950
1787664523.823580, NoOp Chain Depth 128 Size 0 Mode ref, Ref Stage 38, run, start, 9783589661639446
1787664523.823611, NoOp Chain Depth 128 Size 0 Mode ref, Ref Stage 38, run, end, 9783589661670214
1787664523.823626, NoOp Chain Depth 128 Size 0 Mode ref, Ref Stage 39, run, start, 9783589661684870
1787664523.823762, NoOp Chain Depth 128 Size 0 Mode ref, Ref Stage 39, run, end, 9783589661821702
1787664523.823880, NoOp Chain Depth 128 Size 0 Mode ref, Ref Stage 40, run, start, 9783589661939910
1787664523.823903, NoOp Chain Depth 128 Size 0 Mode ref, Ref Stage 40, run, end, 9783589661962198
1787664523.823918, NoOp Chain Depth 128 Size 0 Mode ref, Ref Stage 41, run, start, 9783589661977254
1787664523.823942, NoOp Chain Depth 128 Size 0 Mode ref, Ref Stage 41, run, end, 9783589662003398
1787664523.823960, NoOp Chain Depth 128 Size 0 Mode ref, Ref Stage 42, run, start, 9783589662019734
1787664523.823982, NoOp Chain Depth 128 Size 0 Mode ref, Ref Stage 42, run, end, 9783589662040646
1787664523.823996, NoOp Chain Depth 128 Size 0 Mode ref, Ref Stage 43, run, start, 9783589662055350
1787664523.824018, NoOp Chain Depth 128 Size 0 Mode ref, Ref Stage 43, run, end, 9783589662077542
1787664523.824030, NoOp Chain Depth 128 Size 0 Mode ref, Ref Stage 44, run, start, 9783589662089190
1787664523.824061, NoOp Chain Depth 128 Size 0 Mode ref, Ref Stage 44, run, end, 9783589662120182
1787664523.824076, NoOp Chain Depth 128 Size 0 Mode ref, Ref Stage 45, run, start, 9783589662134918
1787664523.824097, NoOp Chain Depth 128 Size 0 Mode ref, Ref Stage 45, run, end, 9783589662156022
1787664523.824111, NoOp Chain Depth 128 Size 0 Mode ref, Ref Stage 46, run, start, 9783589662170662
1787664523.824132, NoOp Chain Depth 128 Size 0 Mode ref, Ref Stage 46, run, end, 9783589662191542
1787664523.824147, NoOp Chain Depth 128 Size 0 Mode ref, Ref Stage 47, run, start, 9783589662206198
1787664523.824168, NoOp Chain Depth 128 Size 0 Mode ref, Ref Stage 47, run, end, 9783589662227382
1787664523.824183, NoOp Chain Depth 128 Size 0 Mode ref, Ref Stage 48, run, start, 9783589662241990
1787664523.824203, NoOp Chain Depth 128 Size 0 Mode ref, Ref Stage 48, run, end, 9783589662262806
1787664523.824218, NoOp Chain Depth 128 Size 0 Mode ref, Ref Stage 49, run, start, 9783589662277622
1787664523.824239, NoOp Chain Depth 128 Size 0 Mode ref, Ref Stage 49, run, end, 9783589662298390
1787664523.824254, NoOp Chain Depth 128 Size 0 Mode ref, Ref Stage 50, run, start, 9783589662313093
1787664523.824275, NoOp Chain Depth 128 Size 0 Mode ref, Ref Stage 50, run, end, 9783589662333877
1787664523.824289, NoOp Chain Depth 128 Size 0 Mode ref, Ref Stage 51, run, start, 9783589662348469
1787664523.824310, NoOp Chain Depth 128 Size 0 Mode ref, Ref Stage 51, run, end, 9783589662368997
1787664523.824325, NoOp Chain Depth 128 Size 0 Mode ref, Ref Stage 52, run, start, 9783589662383845
1787664523.824346, NoOp Chain Depth 128 Size 0 Mode ref, Ref Stage 52, run, end, 9783589662404709
1787664523.824360, NoOp Chain Depth 128 Size 0 Mode ref, Ref Stage 53, run, start, 9783589662419317
1787664523.824381, NoOp Chain Depth 128 Size 0 Mode ref, Ref Stage 53, run, end, 9783589662440053
1787664523.824395, NoOp Chain Depth 128 Size 0 Mode ref, Ref Stage 54, run, start, 9783589662454645
1787664523.824416, NoOp Chain Depth 128 Size 0 Mode ref, Ref Stage 54, run, end, 9783589662475509
1787664523.824431, NoOp Chain Depth 128 Size 0 Mode ref, Ref Stage 55, run, start, 9783589662489909
1787664523.824451, NoOp Chain Depth 128 Size 0 Mode ref, Ref Stage 55, run, end, 9783589662510453
1787664523.824466, NoOp Chain Depth 128 Size 0 Mode ref, Ref Stage 56, run, start, 9783589662524885
1787664523.824486, NoOp Chain Depth 128 Size 0 Mode ref, Ref Stage 56, run, end, 9783589662545317
1787664523.824500, NoOp Chain Depth 128 Size 0 Mode ref, Ref Stage 57, run, start, 9783589662559573
1787664523.824521, NoOp Chain Depth 128 Size 0 Mode ref, Ref Stage 57, run, end, 9783589662580101
1787664523.824535, NoOp Chain Depth 128 Size 0 Mode ref, Ref Stage 58, run, start, 9783589662594565
1787664523.824556, NoOp Chain Depth 128 Size 0 Mode ref, Ref Stage 58, run, end, 9783589662615173
1787664523.824571, NoOp Chain Depth 128 Size 0 Mode ref, Ref Stage 59, run, start, 9783589662629797
1787664523.824591, NoOp Chain Depth 128 Size 0 Mode ref, Ref Stage 59, run, end, 9783589662650405
1787664523.824606, NoOp Chain Depth 128 Size 0 Mode ref, Ref Stage 60, run, start, 9783589662665077
1787664523.824627, NoOp Chain Depth 128 Size 0 Mode ref, Ref Stage 60, run, end, 9783589662686117
1787664523.824641, NoOp Chain Depth 128 Size 0 Mode ref, Ref Stage 61, run, start, 9783589662700837
1787664523.824662, NoOp Chain Depth 128 Size 0 Mode ref, Ref Stage 61, run, end, 9783589662721669
1787664523.824679, NoOp Chain Depth 128 Size 0 Mode ref, Ref Stage 62, run, start, 9783589662737781
1787664523.824699, NoOp Chain Depth 128 Size 0 Mode ref, Ref Stage 62, run, end, 9783589662758453
1787664523.824714, NoOp Chain Depth 128 Size 0 Mode ref, Ref Stage 63, run, start, 9783589662773157
1787664523.824735, NoOp Chain Depth 128 Size 0 Mode ref, Ref Stage 63, run, end, 9783589662793973
1787664523.824749, NoOp Chain Depth 128 Size 0 Mode ref, Ref Stage 64, run, start, 9783589662808677
1787664523.824770, NoOp Chain Depth 128 Size 0 Mode ref, Ref Stage 64, run, end, 9783589662829429
1787664523.824785, NoOp Chain Depth 128 Size 0 Mode ref, Ref Stage 65, run, start, 9783589662844037
1787664523.824807, NoOp Chain Depth 128 Size 0 Mode ref, Ref Stage 65, run, end, 9783589662866421
1787664523.824819, NoOp Chain Depth 128 Size 0 Mode ref, Ref Stage 66, run, start, 9783589662877973
1787664523.824850, NoOp Chain Depth 128 Size 0 Mode ref, Ref Stage 66, run, end, 9783589662909205
1787664523.824865, NoOp Chain Depth 128 Size 0 Mode ref, Ref Stage 67, run, start, 9783589662923717
1787664523.824885, NoOp Chain Depth 128 Size 0 Mode ref, Ref Stage 67, run, end, 9783589662944517
1787664523.824900, NoOp Chain Depth 128 Size 0 Mode ref, Ref Stage 68, run, start, 9783589662958885
1787664523.824921, NoOp Chain Depth 128 Size 0 Mode ref, Ref Stage 68, run, end, 9783589662979701
1787664523.824935, NoOp Chain Depth 128 Size 0 Mode ref, Ref Stage 69, run, start, 9783589662994517
1787664523.824966, NoOp Chain Depth 128 Size 0 Mode ref, Ref Stage 69, run, end, 9783589663025349
1787664523.824981, NoOp Chain Depth 128 Size 0 Mode ref, Ref Stage 70, run, start, 9783589663040725
1787664523.825002, NoOp Chain Depth 128 Size 0 Mode ref, Ref Stage 70, run, end, 9783589663061573
1787664523.825017, NoOp Chain Depth 128 Size 0 Mode ref, Ref Stage 71, run, start, 9783589663076405
1787664523.825038, NoOp Chain Depth 128 Size 0 Mode ref, Ref Stage 71, run, end, 9783589663097285
1787664523.825052, NoOp Chain Depth 128 Size 0 Mode ref, Ref Stage 72, run, start, 9783589663111781
1787664523.825073, NoOp Chain Depth 128 Size 0 Mode ref, Ref Stage 72, run, end, 9783589663132645
1787664523.825090, NoOp Chain Depth 128 Size 0 Mode ref, Ref Stage 73, run, start, 9783589663149189
1787664523.825111, NoOp Chain Depth 128 Size 0 Mode ref, Ref Stage 73, run, end, 9783589663170389
1787664523.825126, NoOp Chain Depth 128 Size 0 Mode ref, Ref Stage 74, run, start, 9783589663184837
1787664523.825148, NoOp Chain Depth 128 Size 0 Mode ref, Ref Stage 74, run, end, 9783589663207269
1787664523.825159, NoOp Chain Depth 128 Size 0 Mode ref, Ref Stage 75, run, start, 9783589663218885
1787664523.825191, NoOp Chain Depth 128 Size 0 Mode ref, Ref Stage 75, run, end, 9783589663250117
1787664523.825205, NoOp Chain Depth 128 Size 0 Mode ref, Ref Stage 76, run, start, 9783589663264693
1787664523.825226, NoOp Chain Depth 128 Size 0 Mode ref, Ref Stage 76, run, end, 9783589663285445
1787664523.825241, NoOp Chain Depth 128 Size 0 Mode ref, Ref Stage 77, run, start, 9783589663299941
1787664523.825261, NoOp Chain Depth 128 Size 0 Mode ref, Ref Stage 77, run, end, 9783589663320421
1787664523.825275, NoOp Chain Depth 128 Size 0 Mode ref, Ref Stage 78, run, start, 9783589663334805
1787664523.825296, NoOp Chain Depth 128 Size 0 Mode ref, Ref Stage 78, run, end, 9783589663355429
1787664523.825311, NoOp Chain Depth 128 Size 0 Mode ref, Ref Stage 79, run, start, 9783589663369925
1787664523.825331, NoOp Chain Depth 128 Size 0 Mode ref, Ref Stage 79, run, end, 9783589663390453
1787664523.825346, NoOp Chain Depth 128 Size 0 Mode ref, Ref Stage 80, run, start, 9783589663404981
1787664523.825366, NoOp Chain Depth 128 Size 0 Mode ref, Ref Stage 80, run, end, 9783589663425685
1787664523.825381, NoOp Chain Depth 128 Size 0 Mode ref, Ref Stage 81, run, start, 9783589663440165
1787664523.825402, NoOp Chain Depth 128 Size 0 Mode ref, Ref Stage 81, run, end, 9783589663460853
1787664523.825416, NoOp Chain Depth 128 Size 0 Mode ref, Ref Stage 82, run, start, 9783589663475493
1787664523.825442, NoOp Chain Depth 128 Size 0 Mode ref, Ref Stage 82, run, end, 9783589663500997
1787664523.825456, NoOp Chain Depth 128 Size 0 Mode ref, Ref Stage 83, run, start, 9783589663517669
1787664523.825480, NoOp Chain Depth 128 Size 0 Mode ref, Ref Stage 83, run, end, 9783589663539637
1787664523.825495, NoOp Chain Depth 128 Size 0 Mode ref, Ref Stage 84, run, start, 9783589663553957
1787664523.825516, NoOp Chain Depth 128 Size 0 Mode ref, Ref Stage 84, run, end, 9783589663575413
1787664523.825531, NoOp Chain Depth 128 Size 0 Mode ref, Ref Stage 85, run, start, 9783589663589957
1787664523.825552, NoOp Chain Depth 128 Size 0 Mode ref, Ref Stage 85, run, end, 9783589663610789
1787664523.825566, NoOp Chain Depth 128 Size 0 Mode ref, Ref Stage 86, run, start, 9783589663625301
1787664523.825588, NoOp Chain Depth 128 Size 0 Mode ref, Ref Stage 86, run, end, 9783589663647141
1787664523.825603, NoOp Chain Depth 128 Size 0 Mode ref, Ref Stage 87, run, start, 9783589663661781
1787664523.825728, NoOp Chain Depth 128 Size 0 Mode ref, Ref Stage 87, run, end, 9783589663788021
1787664523.825745, NoOp Chain Depth 128 Size 0 Mode ref, Ref Stage 88, run, start, 9783589663804949
1787664523.825769, NoOp Chain Depth 128 Size 0 Mode ref, Ref Stage 88, run, end, 9783589663828452
1787664523.825785, NoOp Chain Depth 128 Size 0 Mode ref, Ref Stage 89, run, start, 9783589663844292
1787664523.825806, NoOp Chain Depth 128 Size 0 Mode ref, Ref Stage 89, run, end, 9783589663865492
1787664523.825822, NoOp Chain Depth 128 Size 0 Mode ref, Ref Stage 90, run, start, 9783589663881108
1787664523.825844, NoOp Chain Depth 128 Size 0 Mode ref, Ref Stage 90, run, end, 9783589663903396
1787664523.825856, NoOp Chain Depth 128 Size 0 Mode ref, Ref Stage 91, run, start, 9783589663914964
1787664523.825887, NoOp Chain Depth 128 Size 0 Mode ref, Ref Stage 91, run, end, 9783589663946052
1787664523.825902, NoOp Chain Depth 128 Size 0 Mode ref, Ref Stage 92, run, start, 9783589663960804
1787664523.825922, NoOp Chain Depth 128 Size 0 Mode ref, Ref Stage 92, run, end, 9783589663981556
1787664523.825937, NoOp Chain Depth 128 Size 0 Mode ref, Ref Stage 93, run, start, 9783589663995956
1787664523.825959, NoOp Chain Depth 128 Size 0 Mode ref, Ref Stage 93, run, end, 9783589664018628
1787664523.825976, NoOp Chain Depth 128 Size 0 Mode ref, Ref Stage 94, run, start, 9783589664034820
1787664523.826001, NoOp Chain Depth 128 Size 0 Mode ref, Ref Stage 94, run, end, 9783589664060468
1787664523.826427, NoOp Chain Depth 128 Size 0 Mode ref, Ref Stage 95, run, start, 9783589664487140
1787664523.826558, NoOp Chain Depth 128 Size 0 Mode ref, Ref Stage 95, run, end, 9783589664617620
1787664523.826574, NoOp Chain Depth 128 Size 0 Mode ref, Ref Stage 96, run, start, 9783589664633476
1787664523.826596, NoOp Chain Depth 128 Size 0 Mode ref, Ref Stage 96, run, end, 9783589664654964
1787664523.826611, NoOp Chain Depth 128 Size 0 Mode ref, Ref Stage 97, run, start, 9783589664669892
1787664523.826631, NoOp Chain Depth 128 Size 0 Mode ref, Ref Stage 97, run, end, 9783589664690740
1787664523.826646, NoOp Chain Depth 128 Size 0 Mode ref, Ref Stage 98, run, start, 9783589664705316
1787664523.826668, NoOp Chain Depth 128 Size 0 Mode ref, Ref Stage 98, run, end, 9783589664727572
1787664523.826680, NoOp Chain Depth 128 Size 0 Mode ref, Ref Stage 99, run, start, 9783589664739780
1787664523.826712, NoOp Chain Depth 128 Size 0 Mode ref, Ref Stage 99, run, end, 9783589664771332
1787664523.826727, NoOp Chain Depth 128 Size 0 Mode ref, Ref Stage 100, run, start, 9783589664786068
1787664523.826748, NoOp Chain Depth 128 Size 0 Mode ref, Ref Stage 100, run, end, 9783589664807380
1787664523.826763, NoOp Chain Depth 128 Size 0 Mode ref, Ref Stage 101, run, start, 9783589664822036
1787664523.826785, NoOp Chain Depth 128 Size 0 Mode ref, Ref Stage 101, run, end, 9783589664844308
1787664523.826800, NoOp Chain Depth 128 Size 0 Mode ref, Ref Stage 102, run, start, 9783589664860212
1787664523.826822, NoOp Chain Depth 128 Size 0 Mode ref, Ref Stage 102, run, end, 9783589664881156
1787664523.826837, NoOp Chain Depth 128 Size 0 Mode ref, Ref Stage 103, run, start, 9783589664895876
1787664523.826859, NoOp Chain Depth 128 Size 0 Mode ref, Ref Stage 103, run, end, 9783589664918676
1787664523.826874, NoOp Chain Depth 128 Size 0 Mode ref, Ref Stage 104, run, start, 9783589664933204
1787664523.826895, NoOp Chain Depth 128 Size 0 Mode ref, Ref Stage 104, run, end, 9783589664954692
1787664523.826910, NoOp Chain Depth 128 Size 0 Mode ref, Ref Stage 105, run, start, 9783589664969396
1787664523.826931, NoOp Chain Depth 128 Size 0 Mode ref, Ref Stage 105, run, end, 9783589664989844
1787664523.826949, NoOp Chain Depth 128 Size 0 Mode ref, Ref Stage 106, run, start, 9783589665007844
1787664523.826971, NoOp Chain Depth 128 Size 0 Mode ref, Ref Stage 106, run, end, 9783589665030436
1787664523.826986, NoOp Chain Depth 128 Size 0 Mode ref, Ref Stage 107, run, start, 9783589665045028
1787664523.827007, NoOp Chain Depth 128 Size 0 Mode ref, Ref Stage 107, run, end, 9783589665065700
1787664523.827021, NoOp Chain Depth 128 Size 0 Mode ref, Ref Stage 108, run, start, 9783589665080308
1787664523.827042, NoOp Chain Depth 128 Size 0 Mode ref, Ref Stage 108, run, end, 9783589665101124
1787664523.827057, NoOp Chain Depth 128 Size 0 Mode ref, Ref Stage 109, run, start, 9783589665116724
1787664523.827078, NoOp Chain Depth 128 Size 0 Mode ref, Ref Stage 109, run, end, 9783589665137172
1787664523.827094, NoOp Chain Depth 128 Size 0 Mode ref, Ref Stage 110, run, start, 9783589665152964
1787664523.827420, NoOp Chain Depth 128 Size 0 Mode ref, Ref Stage 110, run, end, 9783589665479523
1787664523.827541, NoOp Chain Depth 128 Size 0 Mode ref, Ref Stage 111, run, start, 9783589665600387
1787664523.827564, NoOp Chain Depth 128 Size 0 Mode ref, Ref Stage 111, run, end, 9783589665623155
1787664523.827579, NoOp Chain Depth 128 Size 0 Mode ref, Ref Stage 112, run, start, 9783589665638259
1787664523.827600, NoOp Chain Depth 128 Size 0 Mode ref, Ref Stage 112, run, end, 9783589665659315
1787664523.827615, NoOp Chain Depth 128 Size 0 Mode ref, Ref Stage 113, run, start, 9783589665674547
1787664523.827638, NoOp Chain Depth 128 Size 0 Mode ref, Ref Stage 113, run, end, 9783589665696899
1787664523.827649, NoOp Chain Depth 128 Size 0 Mode ref, Ref Stage 114, run, start, 9783589665708563
1787664523.827680, NoOp Chain Depth 128 Size 0 Mode ref, Ref Stage 114, run, end, 9783589665739363
1787664523.827695, NoOp Chain Depth 128 Size 0 Mode ref, Ref Stage 115, run, start, 9783589665753875
1787664523.827716, NoOp Chain Depth 128 Size 0 Mode ref, Ref Stage 115, run, end, 9783589665775507
1787664523.827731, NoOp Chain Depth 128 Size 0 Mode ref, Ref Stage 116, run, start, 9783589665790611
1787664523.827753, NoOp Chain Depth 128 Size 0 Mode ref, Ref Stage 116, run, end, 9783589665811907
1787664523.827768, NoOp Chain Depth 128 Size 0 Mode ref, Ref Stage 117, run, start, 9783589665826787
1787664523.827789, NoOp Chain Depth 128 Size 0 Mode ref, Ref Stage 117, run, end, 9783589665848515
1787664523.827805, NoOp Chain Depth 128 Size 0 Mode ref, Ref Stage 118, run, start, 9783589665864083
1787664523.827826, NoOp Chain Depth 128 Size 0 Mode ref, Ref Stage 118, run, end, 9783589665884931
1787664523.827841, NoOp Chain Depth 128 Size 0 Mode ref, Ref Stage 119, run, start, 9783589665900515
1787664523.827862, NoOp Chain Depth 128 Size 0 Mode ref, Ref Stage 119, run, end, 9783589665921267
1787664523.827877, NoOp Chain Depth 128 Size 0 Mode ref, Ref Stage 120, run, start, 9783589665935875
1787664523.827898, NoOp Chain Depth 128 Size 0 Mode ref, Ref Stage 120, run, end, 9783589665957363
1787664523.827913, NoOp Chain Depth 128 Size 0 Mode ref, Ref Stage 121, run, start, 9783589665971843
1787664523.827935, NoOp Chain Depth 128 Size 0 Mode ref, Ref Stage 121, run, end, 9783589665994691
1787664523.827952, NoOp Chain Depth 128 Size 0 Mode ref, Ref Stage 122, run, start, 9783589666011251
1787664523.827974, NoOp Chain Depth 128 Size 0 Mode ref, Ref Stage 122, run, end, 9783589666032963
1787664523.827988, NoOp Chain Depth 128 Size 0 Mode ref, Ref Stage 123, run, start, 9783589666047843
1787664523.828010, NoOp Chain Depth 128 Size 0 Mode ref, Ref Stage 123, run, end, 9783589666068883
1787664523.828026, NoOp Chain Depth 128 Size 0 Mode ref, Ref Stage 124, run, start, 9783589666085603
1787664523.828049, NoOp Chain Depth 128 Size 0 Mode ref, Ref Stage 124, run, end, 9783589666108387
1787664523.828061, NoOp Chain Depth 128 Size 0 Mode ref, Ref Stage 125, run, start, 9783589666120003
1787664523.828094, NoOp Chain Depth 128 Size 0 Mode ref, Ref Stage 125, run, end, 9783589666152755
1787664523.828108, NoOp Chain Depth 128 Size 0 Mode ref, Ref Stage 126, run, start, 9783589666167491
1787664523.828129, NoOp Chain Depth 128 Size 0 Mode ref, Ref Stage 126, run, end, 9783589666187955
1787664523.828144, NoOp Chain Depth 128 Size 0 Mode ref, Ref Stage 127, run, start, 9783589666202979
1787664523.828165, NoOp Chain Depth 128 Size 0 Mode ref, Ref Stage 127, run, end, 9783589666223811
1787664523.828180, NoOp Chain Depth 128 Size 0 Mode ref, pipeline - train, run, end, 198822830393744448776764567683300339652, 1787664523.816905, 33, 1, 9783589666239043
1787664523.828217, NoOp Chain Depth 128 Size 0 Mode ref, pipeline - train, run, start, 145610663116367332706321202833747022842, 1787664523.828206, 34, 1, 9783589666276179
1787664523.828240, NoOp Chain Depth 128 Size 0 Mode ref, Ref Stage 0, run, start, 9783589666299795
1787664523.828264, NoOp Chain Depth 128 Size 0 Mode ref, Ref Stage 0, run, end, 9783589666322803
1787664523.828275, NoOp Chain Depth 128 Size 0 Mode ref, Ref Stage 1, run, start, 9783589666334739
1787664523.828307, NoOp Chain Depth 128 Size 0 Mode ref, Ref Stage 1, run, end, 9783589666366739
1787664523.828323, NoOp Chain Depth 128 Size 0 Mode ref, Ref Stage 2, run, start, 9783589666381747
1787664523.828344, NoOp Chain Depth 128 Size 0 Mode ref, Ref Stage 2, run, end, 9783589666402995
1787664523.828358, NoOp Chain Depth 128 Size 0 Mode ref, Ref Stage 3, run, start, 9783589666417667
1787664523.828380, NoOp Chain Depth 128 Size 0 Mode ref, Ref Stage 3, run, end, 9783589666438835
1787664523.828394, NoOp Chain Depth 128 Size 0 Mode ref, Ref Stage 4, run, start, 9783589666453459
1787664523.828415, NoOp Chain Depth 128 Size 0 Mode ref, Ref Stage 4, run, end, 9783589666474419
1787664523.828430, NoOp Chain Depth 128 Size 0 Mode ref, Ref Stage 5, run, start, 9783589666489155
1787664523.828451, NoOp Chain Depth 128 Size 0 Mode ref, Ref Stage 5, run, end, 9783589666510051
1787664523.828466, NoOp Chain Depth 128 Size 0 Mode ref, Ref Stage 6, run, start, 9783589666524883
1787664523.828488, NoOp Chain Depth 128 Size 0 Mode ref, Ref Stage 6, run, end, 9783589666547315
1787664523.828503, NoOp Chain Depth 128 Size 0 Mode ref, Ref Stage 7, run, start, 9783589666562003
1787664523.828528, NoOp Chain Depth 128 Size 0 Mode ref, Ref Stage 7, run, end, 9783589666587107
1787664523.828542, NoOp Chain Depth 128 Size 0 Mode ref, Ref Stage 8, run, start, 9783589666601667
1787664523.828563, NoOp Chain Depth 128 Size 0 Mode ref, Ref Stage 8, run, end, 9783589666622563
1787664523.828578, NoOp Chain Depth 128 Size 0 Mode ref, Ref Stage 9, run, start, 9783589666637171
1787664523.828599, NoOp Chain Depth 128 Size 0 Mode ref, Ref Stage 9, run, end, 9783589666657987
1787664523.828613, NoOp Chain Depth 128 Size 0 Mode ref, Ref Stage 10, run, start, 9783589666672531
1787664523.828634, NoOp Chain Depth 128 Size 0 Mode ref, Ref Stage 10, run, end, 9783589666693331
1787664523.828649, NoOp Chain Depth 128 Size 0 Mode ref, Ref Stage 11, run, start, 9783589666707939
1787664523.828670, NoOp Chain Depth 128 Size 0 Mode ref, Ref Stage 11, run, end, 9783589666728755
1787664523.828686, NoOp Chain Depth 128 Size 0 Mode ref, Ref Stage 12, run, start, 9783589666744883
1787664523.828706, NoOp Chain Depth 128 Size 0 Mode ref, Ref Stage 12, run, end, 9783589666765523
1787664523.828722, NoOp Chain Depth 128 Size 0 Mode ref, Ref Stage 13, run, start, 9783589666781299
1787664523.828744, NoOp Chain Depth 128 Size 0 Mode ref, Ref Stage 13, run, end, 9783589666803107
1787664523.828758, NoOp Chain Depth 128 Size 0 Mode ref, Ref Stage 14, run, start, 9783589666817571
1787664523.828779, NoOp Chain Depth 128 Size 0 Mode ref, Ref Stage 14, run, end, 9783589666838051
1787664523.828795, NoOp Chain Depth 128 Size 0 Mode ref, Ref Stage 15, run, start, 9783589666854259
1787664523.828816, NoOp Chain Depth 128 Size 0 Mode ref, Ref Stage 15, run, end, 9783589666874755
1787664523.828830, NoOp Chain Depth 128 Size 0 Mode ref, Ref Stage 16, run, start, 9783589666889443
1787664523.828851, NoOp Chain Depth 128 Size 0 Mode ref, Ref Stage 16, run, end, 9783589666909907
1787664523.828866, NoOp Chain Depth 128 Size 0 Mode ref, Ref Stage 17, run, start, 9783589666924691
1787664523.828887, NoOp Chain Depth 128 Size 0 Mode ref, Ref Stage 17, run, end, 9783589666946578
1787664523.828902, NoOp Chain Depth 128 Size 0 Mode ref, Ref Stage 18, run, start, 9783589666961250
1787664523.828923, NoOp Chain Depth 128 Size 0 Mode ref, Ref Stage 18, run, end, 9783589666982194
1787664523.828939, NoOp Chain Depth 128 Size 0 Mode ref, Ref Stage 19, run, start, 9783589666998610
1787664523.828962, NoOp Chain Depth 128 Size 0 Mode ref, Ref Stage 19, run, end, 9783589667021394
1787664523.829476, NoOp Chain Depth 128 Size 0 Mode ref, Ref Stage 20, run, start, 9783589667535618
1787664523.829503, NoOp Chain Depth 128 Size 0 Mode ref, Ref Stage 20, run, end, 9783589667562626
1787664523.829515, NoOp Chain Depth 128 Size 0 Mode ref, Ref Stage 21, run, start, 9783589667574834
1787664523.829547, NoOp Chain Depth 128 Size 0 Mode ref, Ref Stage 21, run, end, 9783589667606786
1787664523.829562, NoOp Chain Depth 128 Size 0 Mode ref, Ref Stage 22, run, start, 9783589667621730
1787664523.829584, NoOp Chain Depth 128 Size 0 Mode ref, Ref Stage 22, run, end, 9783589667642930
1787664523.829598, NoOp Chain Depth 128 Size 0 Mode ref, Ref Stage 23, run, start, 9783589667657842
1787664523.829620, NoOp Chain Depth 128 Size 0 Mode ref, Ref Stage 23, run, end, 9783589667679106
1787664523.829635, NoOp Chain Depth 128 Size 0 Mode ref, Ref Stage 24, run, start, 9783589667694050
1787664523.829657, NoOp Chain Depth 128 Size 0 Mode ref, Ref Stage 24, run, end, 9783589667715874
1787664523.829672, NoOp Chain Depth 128 Size 0 Mode ref, Ref Stage 25, run, start, 9783589667730962
1787664523.829700, NoOp Chain Depth 128 Size 0 Mode ref, Ref Stage 25, run, end, 9783589667759650
1787664523.829715, NoOp Chain Depth 128 Size 0 Mode ref, Ref Stage 26, run, start, 9783589667774546
1787664523.829736, NoOp Chain Depth 128 Size 0 Mode ref, Ref Stage 26, run, end, 9783589667795682
1787664523.829751, NoOp Chain Depth 128 Size 0 Mode ref, Ref Stage 27, run, start, 9783589667810546
1787664523.829773, NoOp Chain Depth 128 Size 0 Mode ref, Ref Stage 27, run, end, 9783589667832386
1787664523.829788, NoOp Chain Depth 128 Size 0 Mode ref, Ref Stage 28, run, start, 9783589667847234
1787664523.829809, NoOp Chain Depth 128 Size 0 Mode ref, Ref Stage 28, run, end, 9783589667868146
1787664523.829824, NoOp Chain Depth 128 Size 0 Mode ref, Ref Stage 29, run, start, 9783589667883746
1787664523.829845, NoOp Chain Depth 128 Size 0 Mode ref, Ref Stage 29, run, end, 9783589667904722
1787664523.829860, NoOp Chain Depth 128 Size 0 Mode ref, Ref Stage 30, run, start, 9783589667919426
1787664523.829881, NoOp Chain Depth 128 Size 0 Mode ref, Ref Stage 30, run, end, 9783589667940434
1787664523.829896, NoOp Chain Depth 128 Size 0 Mode ref, Ref Stage 31, run, start, 9783589667954946
1787664523.829917, NoOp Chain Depth 128 Size 0 Mode ref, Ref Stage 31, run, end, 9783589667976146
1787664523.829932, NoOp Chain Depth 128 Size 0 Mode ref, Ref Stage 32, run, start, 9783589667991826
1787664523.829956, NoOp Chain Depth 128 Size 0 Mode ref, Ref Stage 32, run, end, 9783589668015522
1787664523.829973, NoOp Chain Depth 128 Size 0 Mode ref, Ref Stage 33, run, start, 9783589668032882
1787664523.829995, NoOp Chain Depth 128 Size 0 Mode ref, Ref Stage 33, run, end, 9783589668053890
1787664523.830009, NoOp Chain Depth 128 Size 0 Mode ref, Ref Stage 34, run, start, 9783589668068322
1787664523.830030, NoOp Chain Depth 128 Size 0 Mode ref, Ref Stage 34, run, end, 9783589668089426
1787664523.830045, NoOp Chain Depth 128 Size 0 Mode ref, Ref Stage 35, run, start, 9783589668104274
1787664523.830069, NoOp Chain Depth 128 Size 0 Mode ref, Ref Stage 35, run, end, 9783589668128418
1787664523.830084, NoOp Chain Depth 128 Size 0 Mode ref, Ref Stage 36, run, start, 9783589668143202
1787664523.830105, NoOp Chain Depth 128 Size 0 Mode ref, Ref Stage 36, run, end, 9783589668164098
1787664523.830119, NoOp Chain Depth 128 Size 0 Mode ref, Ref Stage 37, run, start, 9783589668178578
1787664523.830140, NoOp Chain Depth 128 Size 0 Mode ref, Ref Stage 37, run, end, 9783589668199378
1787664523.830155, NoOp Chain Depth 128 Size 0 Mode ref, Ref Stage 38, run, start, 9783589668214034
1787664523.830179, NoOp Chain Depth 128 Size 0 Mode ref, Ref Stage 38, run, end, 9783589668238338
1787664523.830502, NoOp Chain Depth 128 Size 0 Mode ref, Ref Stage 39, run, start, 9783589668562017
1787664523.830631, NoOp Chain Depth 128 Size 0 Mode ref, Ref Stage 39, run, end, 9783589668690961
1787664523.830644, NoOp Chain Depth 128 Size 0 Mode ref, Ref Stage 40, run, start, 9783589668703169
1787664523.830676, NoOp Chain Depth 128 Size 0 Mode ref, Ref Stage 40, run, end, 9783589668734945
1787664523.830691, NoOp Chain Depth 128 Size 0 Mode ref, Ref Stage 41, run, start, 9783589668749777
1787664523.830712, NoOp Chain Depth 128 Size 0 Mode ref, Ref Stage 41, run, end, 9783589668771025
1787664523.830727, NoOp Chain Depth 128 Size 0 Mode ref, Ref Stage 42, run, start, 9783589668786641
1787664523.830748, NoOp Chain Depth 128 Size 0 Mode ref, Ref Stage 42, run, end, 9783589668807457
1787664523.830763, NoOp Chain Depth 128 Size 0 Mode ref, Ref Stage 43, run, start, 9783589668822225
1787664523.830786, NoOp Chain Depth 128 Size 0 Mode ref, Ref Stage 43, run, end, 9783589668844897
1787664523.830797, NoOp Chain Depth 128 Size 0 Mode ref, Ref Stage 44, run, start, 9783589668856561
1787664523.830830, NoOp Chain Depth 128 Size 0 Mode ref, Ref Stage 44, run, end, 9783589668888833
1787664523.830844, NoOp Chain Depth 128 Size 0 Mode ref, Ref Stage 45, run, start, 9783589668903697
1787664523.830867, NoOp Chain Depth 128 Size 0 Mode ref, Ref Stage 45, run, end, 9783589668925985
1787664523.830881, NoOp Chain Depth 128 Size 0 Mode ref, Ref Stage 46, run, start, 9783589668940737
1787664523.830902, NoOp Chain Depth 128 Size 0 Mode ref, Ref Stage 46, run, end, 9783589668961521
1787664523.830918, NoOp Chain Depth 128 Size 0 Mode ref, Ref Stage 47, run, start, 9783589668977217
1787664523.830939, NoOp Chain Depth 128 Size 0 Mode ref, Ref Stage 47, run, end, 9783589668997905
1787664523.830955, NoOp Chain Depth 128 Size 0 Mode ref, Ref Stage 48, run, start, 9783589669014625
1787664523.830977, NoOp Chain Depth 128 Size 0 Mode ref, Ref Stage 48, run, end, 9783589669036321
1787664523.830992, NoOp Chain Depth 128 Size 0 Mode ref, Ref Stage 49, run, start, 9783589669051089
1787664523.831013, NoOp Chain Depth 128 Size 0 Mode ref, Ref Stage 49, run, end, 9783589669072081
1787664523.831028, NoOp Chain Depth 128 Size 0 Mode ref, Ref Stage 50, run, start, 9783589669086865
1787664523.831049, NoOp Chain Depth 128 Size 0 Mode ref, Ref Stage 50, run, end, 9783589669107873
1787664523.831064, NoOp Chain Depth 128 Size 0 Mode ref, Ref Stage 51, run, start, 9783589669122753
1787664523.831477, NoOp Chain Depth 128 Size 0 Mode ref, Ref Stage 51, run, end, 9783589669536913
1787664523.831598, NoOp Chain Depth 128 Size 0 Mode ref, Ref Stage 52, run, start, 9783589669657985
1787664523.831622, NoOp Chain Depth 128 Size 0 Mode ref, Ref Stage 52, run, end, 9783589669681073
1787664523.831637, NoOp Chain Depth 128 Size 0 Mode ref, Ref Stage 53, run, start, 9783589669696033
1787664523.831659, NoOp Chain Depth 128 Size 0 Mode ref, Ref Stage 53, run, end, 9783589669717713
1787664523.831674, NoOp Chain Depth 128 Size 0 Mode ref, Ref Stage 54, run, start, 9783589669732769
1787664523.831695, NoOp Chain Depth 128 Size 0 Mode ref, Ref Stage 54, run, end, 9783589669754081
1787664523.831710, NoOp Chain Depth 128 Size 0 Mode ref, Ref Stage 55, run, start, 9783589669769009
1787664523.831731, NoOp Chain Depth 128 Size 0 Mode ref, Ref Stage 55, run, end, 9783589669790257
1787664523.831746, NoOp Chain Depth 128 Size 0 Mode ref, Ref Stage 56, run, start, 9783589669805009
1787664523.831769, NoOp Chain Depth 128 Size 0 Mode ref, Ref Stage 56, run, end, 9783589669828673
1787664523.831784, NoOp Chain Depth 128 Size 0 Mode ref, Ref Stage 57, run, start, 9783589669843713
1787664523.831806, NoOp Chain Depth 128 Size 0 Mode ref, Ref Stage 57, run, end, 9783589669864945
1787664523.831820, NoOp Chain Depth 128 Size 0 Mode ref, Ref Stage 58, run, start, 9783589669879649
1787664523.831841, NoOp Chain Depth 128 Size 0 Mode ref, Ref Stage 58, run, end, 9783589669900817
1787664523.831858, NoOp Chain Depth 128 Size 0 Mode ref, Ref Stage 59, run, start, 9783589669917600
1787664523.831879, NoOp Chain Depth 128 Size 0 Mode ref, Ref Stage 59, run, end, 9783589669938736
1787664523.832725, NoOp Chain Depth 128 Size 0 Mode ref, Ref Stage 60, run, start, 9783589670786160
1787664523.832757, NoOp Chain Depth 128 Size 0 Mode ref, Ref Stage 60, run, end, 9783589670816640
1787664523.832774, NoOp Chain Depth 128 Size 0 Mode ref, Ref Stage 61, run, start, 9783589670833424
1787664523.832796, NoOp Chain Depth 128 Size 0 Mode ref, Ref Stage 61, run, end, 9783589670855344
1787664523.832811, NoOp Chain Depth 128 Size 0 Mode ref, Ref Stage 62, run, start, 9783589670870224
1787664523.832833, NoOp Chain Depth 128 Size 0 Mode ref, Ref Stage 62, run, end, 9783589670891808
1787664523.832847, NoOp Chain Depth 128 Size 0 Mode ref, Ref Stage 63, run, start, 9783589670906464
1787664523.832868, NoOp Chain Depth 128 Size 0 Mode ref, Ref Stage 63, run, end, 9783589670927728
1787664523.832883, NoOp Chain Depth 128 Size 0 Mode ref, Ref Stage 64, run, start, 9783589670942352
1787664523.832904, NoOp Chain Depth 128 Size 0 Mode ref, Ref Stage 64, run, end, 9783589670963744
1787664523.832919, NoOp Chain Depth 128 Size 0 Mode ref, Ref Stage 65, run, start, 9783589670978544
1787664523.832941, NoOp Chain Depth 128 Size 0 Mode ref, Ref Stage 65, run, end, 9783589670999824
1787664523.832958, NoOp Chain Depth 128 Size 0 Mode ref, Ref Stage 66, run, start, 9783589671016976
1787664523.832983, NoOp Chain Depth 128 Size 0 Mode ref, Ref Stage 66, run, end, 9783589671041840
1787664523.832995, NoOp Chain Depth 128 Size 0 Mode ref, Ref Stage 67, run, start, 9783589671054224
1787664523.833029, NoOp Chain Depth 128 Size 0 Mode ref, Ref Stage 67, run, end, 9783589671087936
1787664523.833043, NoOp Chain Depth 128 Size 0 Mode ref, Ref Stage 68, run, start, 9783589671102544
1787664523.833066, NoOp Chain Depth 128 Size 0 Mode ref, Ref Stage 68, run, end, 9783589671125680
1787664523.833081, NoOp Chain Depth 128 Size 0 Mode ref, Ref Stage 69, run, start, 9783589671140768
1787664523.833103, NoOp Chain Depth 128 Size 0 Mode ref, Ref Stage 69, run, end, 9783589671162560
1787664523.833118, NoOp Chain Depth 128 Size 0 Mode ref, Ref Stage 70, run, start, 9783589671177408
1787664523.833139, NoOp Chain Depth 128 Size 0 Mode ref, Ref Stage 70, run, end, 9783589671198160
1787664523.833153, NoOp Chain Depth 128 Size 0 Mode ref, Ref Stage 71, run, start, 9783589671212784
1787664523.833175, NoOp Chain Depth 128 Size 0 Mode ref, Ref Stage 71, run, end, 9783589671233920
1787664523.833189, NoOp Chain Depth 128 Size 0 Mode ref, Ref Stage 72, run, start, 9783589671248432
1787664523.833210, NoOp Chain Depth 128 Size 0 Mode ref, Ref Stage 72, run, end, 9783589671269296
1787664523.833225, NoOp Chain Depth 128 Size 0 Mode ref, Ref Stage 73, run, start, 9783589671284256
1787664523.833246, NoOp Chain Depth 128 Size 0 Mode ref, Ref Stage 73, run, end, 9783589671305072
1787664523.833261, NoOp Chain Depth 128 Size 0 Mode ref, Ref Stage 74, run, start, 9783589671320288
1787664523.833283, NoOp Chain Depth 128 Size 0 Mode ref, Ref Stage 74, run, end, 9783589671342192
1787664523.833298, NoOp Chain Depth 128 Size 0 Mode ref, Ref Stage 75, run, start, 9783589671356816
1787664523.833325, NoOp Chain Depth 128 Size 0 Mode ref, Ref Stage 75, run, end, 9783589671384112
1787664523.833336, NoOp Chain Depth 128 Size 0 Mode ref, Ref Stage 76, run, start, 9783589671395568
1787664523.833778, NoOp Chain Depth 128 Size 0 Mode ref, Ref Stage 76, run, end, 9783589671838031
1787664523.833791, NoOp Chain Depth 128 Size 0 Mode ref, Ref Stage 77, run, start, 9783589671850815
1787664523.833826, NoOp Chain Depth 128 Size 0 Mode ref, Ref Stage 77, run, end, 9783589671885119
1787664523.833841, NoOp Chain Depth 128 Size 0 Mode ref, Ref Stage 78, run, start, 9783589671900159
1787664523.833862, NoOp Chain Depth 128 Size 0 Mode ref, Ref Stage 78, run, end, 9783589671921439
1787664523.833878, NoOp Chain Depth 128 Size 0 Mode ref, Ref Stage 79, run, start, 9783589671936815
1787664523.833899, NoOp Chain Depth 128 Size 0 Mode ref, Ref Stage 79, run, end, 9783589671957695
1787664523.833913, NoOp Chain Depth 128 Size 0 Mode ref, Ref Stage 80, run, start, 9783589671972287
1787664523.833935, NoOp Chain Depth 128 Size 0 Mode ref, Ref Stage 80, run, end, 9783589671994927
1787664523.833949, NoOp Chain Depth 128 Size 0 Mode ref, Ref Stage 81, run, start, 9783589672008127
1787664523.833981, NoOp Chain Depth 128 Size 0 Mode ref, Ref Stage 81, run, end, 9783589672040319
1787664523.833996, NoOp Chain Depth 128 Size 0 Mode ref, Ref Stage 82, run, start, 9783589672055247
1787664523.834017, NoOp Chain Depth 128 Size 0 Mode ref, Ref Stage 82, run, end, 9783589672076255
1787664523.834033, NoOp Chain Depth 128 Size 0 Mode ref, Ref Stage 83, run, start, 9783589672092015
1787664523.834054, NoOp Chain Depth 128 Size 0 Mode ref, Ref Stage 83, run, end, 9783589672112831
1787664523.834068, NoOp Chain Depth 128 Size 0 Mode ref, Ref Stage 84, run, start, 9783589672127375
1787664523.834089, NoOp Chain Depth 128 Size 0 Mode ref, Ref Stage 84, run, end, 9783589672148159
1787664523.834104, NoOp Chain Depth 128 Size 0 Mode ref, Ref Stage 85, run, start, 9783589672163471
1787664523.834126, NoOp Chain Depth 128 Size 0 Mode ref, Ref Stage 85, run, end, 9783589672185327
1787664523.834141, NoOp Chain Depth 128 Size 0 Mode ref, Ref Stage 86, run, start, 9783589672200159
1787664523.834162, NoOp Chain Depth 128 Size 0 Mode ref, Ref Stage 86, run, end, 9783589672221183
1787664523.834177, NoOp Chain Depth 128 Size 0 Mode ref, Ref Stage 87, run, start, 9783589672235711
1787664523.834198, NoOp Chain Depth 128 Size 0 Mode ref, Ref Stage 87, run, end, 9783589672256911
1787664523.834213, NoOp Chain Depth 128 Size 0 Mode ref, Ref Stage 88, run, start, 9783589672272511
1787664523.834234, NoOp Chain Depth 128 Size 0 Mode ref, Ref Stage 88, run, end, 9783589672293551
1787664523.834249, NoOp Chain Depth 128 Size 0 Mode ref, Ref Stage 89, run, start, 9783589672307791
1787664523.834270, NoOp Chain Depth 128 Size 0 Mode ref, Ref Stage 89, run, end, 9783589672328623
1787664523.834286, NoOp Chain Depth 128 Size 0 Mode ref, Ref Stage 90, run, start, 9783589672345055
1787664523.834308, NoOp Chain Depth 128 Size 0 Mode ref, Ref Stage 90, run, end, 9783589672366847
1787664523.834322, NoOp Chain Depth 128 Size 0 Mode ref, Ref Stage 91, run, start, 9783589672381455
1787664523.834344, NoOp Chain Depth 128 Size 0 Mode ref, Ref Stage 91, run, end, 9783589672403615
1787664523.834356, NoOp Chain Depth 128 Size 0 Mode ref, Ref Stage 92, run, start, 9783589672415071
1787664523.834387, NoOp Chain Depth 128 Size 0 Mode ref, Ref Stage 92, run, end, 9783589672446111
1787664523.834401, NoOp Chain Depth 128 Size 0 Mode ref, Ref Stage 93, run, start, 9783589672460559
1787664523.834424, NoOp Chain Depth 128 Size 0 Mode ref, Ref Stage 93, run, end, 9783589672482799
1787664523.834435, NoOp Chain Depth 128 Size 0 Mode ref, Ref Stage 94, run, start, 9783589672494319
1787664523.834468, NoOp Chain Depth 128 Size 0 Mode ref, Ref Stage 94, run, end, 9783589672526783
1787664523.834483, NoOp Chain Depth 128 Size 0 Mode ref, Ref Stage 95, run, start, 9783589672542239
1787664523.834505, NoOp Chain Depth 128 Size 0 Mode ref, Ref Stage 95, run, end, 9783589672563823
1787664523.834519, NoOp Chain Depth 128 Size 0 Mode ref, Ref Stage 96, run, start, 9783589672578463
1787664523.834540, NoOp Chain Depth 128 Size 0 Mode ref, Ref Stage 96, run, end, 9783589672599167
1787664523.834555, NoOp Chain Depth 128 Size 0 Mode ref, Ref Stage 97, run, start, 9783589672614463
1787664523.834578, NoOp Chain Depth 128 Size 0 Mode ref, Ref Stage 97, run, end, 9783589672637215
1787664523.834593, NoOp Chain Depth 128 Size 0 Mode ref, Ref Stage 98, run, start, 9783589672652303
1787664523.834615, NoOp Chain Depth 128 Size 0 Mode ref, Ref Stage 98, run, end, 9783589672674207
1787664523.834630, NoOp Chain Depth 128 Size 0 Mode ref, Ref Stage 99, run, start, 9783589672689055
1787664523.834652, NoOp Chain Depth 128 Size 0 Mode ref, Ref Stage 99, run, end, 9783589672711535
1787664523.834664, NoOp Chain Depth 128 Size 0 Mode ref, Ref Stage 100, run, start, 9783589672723119
1787664523.834696, NoOp Chain Depth 128 Size 0 Mode ref, Ref Stage 100, run, end, 9783589672754863
1787664523.834711, NoOp Chain Depth 128 Size 0 Mode ref, Ref Stage 101, run, start, 9783589672769823
1787664523.834732, NoOp Chain Depth 128 Size 0 Mode ref, Ref Stage 101, run, end, 9783589672790591
1787664523.834746, NoOp Chain Depth 128 Size 0 Mode ref, Ref Stage 102, run, start, 9783589672806383
1787664523.834768, NoOp Chain Depth 128 Size 0 Mode ref, Ref Stage 102, run, end, 9783589672827471
1787664523.834783, NoOp Chain Depth 128 Size 0 Mode ref, Ref Stage 103, run, start, 9783589672842047
1787664523.834803, NoOp Chain Depth 128 Size 0 Mode ref, Ref Stage 103, run, end, 9783589672862639
1787664523.834818, NoOp Chain Depth 128 Size 0 Mode ref, Ref Stage 104, run, start, 9783589672877263
1787664523.834839, NoOp Chain Depth 128 Size 0 Mode ref, Ref Stage 104, run, end, 9783589672897903
1787664523.834853, NoOp Chain Depth 128 Size 0 Mode ref, Ref Stage 105, run, start, 9783589672912543
1787664523.834874, NoOp Chain Depth 128 Size 0 Mode ref, Ref Stage 105, run, end, 9783589672933119
1787664523.834888, NoOp Chain Depth 128 Size 0 Mode ref, Ref Stage 106, run, start, 9783589672947583
1787664523.834912, NoOp Chain Depth 128 Size 0 Mode ref, Ref Stage 106, run, end, 9783589672971247
1787664523.834928, NoOp Chain Depth 128 Size 0 Mode ref, Ref Stage 107, run, start, 9783589672987407
1787664523.834951, NoOp Chain Depth 128 Size 0 Mode ref, Ref Stage 107, run, end, 9783589673010639
1787664523.834966, NoOp Chain Depth 128 Size 0 Mode ref, Ref Stage 108, run, start, 9783589673025759
1787664523.834988, NoOp Chain Depth 128 Size 0 Mode ref, Ref Stage 108, run, end, 9783589673047374
1787664523.835503, NoOp Chain Depth 128 Size 0 Mode ref, Ref Stage 109, run, start, 9783589673563070
1787664523.835529, NoOp Chain Depth 128 Size 0 Mode ref, Ref Stage 109, run, end, 9783589673588206
1787664523.835544, NoOp Chain Depth 128 Size 0 Mode ref, Ref Stage 110, run, start, 9783589673603902
1787664523.835568, NoOp Chain Depth 128 Size 0 Mode ref, Ref Stage 110, run, end, 9783589673627102
1787664523.835580, NoOp Chain Depth 128 Size 0 Mode ref, Ref Stage 111, run, start, 9783589673639022
1787664523.835612, NoOp Chain Depth 128 Size 0 Mode ref, Ref Stage 111, run, end, 9783589673670894
1787664523.835627, NoOp Chain Depth 128 Size 0 Mode ref, Ref Stage 112, run, start, 9783589673686094
1787664523.835648, NoOp Chain Depth 128 Size 0 Mode ref, Ref Stage 112, run, end, 9783589673707230
1787664523.835663, NoOp Chain Depth 128 Size 0 Mode ref, Ref Stage 113, run, start, 9783589673722734
1787664523.835685, NoOp Chain Depth 128 Size 0 Mode ref, Ref Stage 113, run, end, 9783589673743934
1787664523.835700, NoOp Chain Depth 128 Size 0 Mode ref, Ref Stage 114, run, start, 9783589673758766
1787664523.835721, NoOp Chain Depth 128 Size 0 Mode ref, Ref Stage 114, run, end, 9783589673779966
1787664523.835736, NoOp Chain Depth 128 Size 0 Mode ref, Ref Stage 115, run, start, 9783589673795054
1787664523.835757, NoOp Chain Depth 128 Size 0 Mode ref, Ref Stage 115, run, end, 9783589673816142
1787664523.835772, NoOp Chain Depth 128 Size 0 Mode ref, Ref Stage 116, run, start, 9783589673831006
1787664523.835795, NoOp Chain Depth 128 Size 0 Mode ref, Ref Stage 116, run, end, 9783589673854078
1787664523.835809, NoOp Chain Depth 128 Size 0 Mode ref, Ref Stage 117, run, start, 9783589673868766
1787664523.835830, NoOp Chain Depth 128 Size 0 Mode ref, Ref Stage 117, run, end, 9783589673889454
1787664523.835847, NoOp Chain Depth 128 Size 0 Mode ref, Ref Stage 118, run, start, 9783589673906558
1787664523.835868, NoOp Chain Depth 128 Size 0 Mode ref, Ref Stage 118, run, end, 9783589673927278
1787664523.835883, NoOp Chain Depth 128 Size 0 Mode ref, Ref Stage 119, run, start, 9783589673942174
1787664523.835904, NoOp Chain Depth 128 Size 0 Mode ref, Ref Stage 119, run, end, 9783589673962910
1787664523.835918, NoOp Chain Depth 128 Size 0 Mode ref, Ref Stage 120, run, start, 9783589673977614
1787664523.835940, NoOp Chain Depth 128 Size 0 Mode ref, Ref Stage 120, run, end, 9783589673999358
1787664523.835958, NoOp Chain Depth 128 Size 0 Mode ref, Ref Stage 121, run, start, 9783589674017678
1787664523.835981, NoOp Chain Depth 128 Size 0 Mode ref, Ref Stage 121, run, end, 9783589674040558
1787664523.835993, NoOp Chain Depth 128 Size 0 Mode ref, Ref Stage 122, run, start, 9783589674052174
1787664523.836024, NoOp Chain Depth 128 Size 0 Mode ref, Ref Stage 122, run, end, 9783589674083214
1787664523.836040, NoOp Chain Depth 128 Size 0 Mode ref, Ref Stage 123, run, start, 9783589674099518
1787664523.836061, NoOp Chain Depth 128 Size 0 Mode ref, Ref Stage 123, run, end, 9783589674120606
1787664523.836076, NoOp Chain Depth 128 Size 0 Mode ref, Ref Stage 124, run, start, 9783589674135358
1787664523.838954, NoOp Chain Depth 128 Size 0 Mode ref, Ref Stage 124, run, end, 9783589677014412
1787664523.839737, NoOp Chain Depth 128 Size 0 Mode ref, Ref Stage 125, run, start, 9783589677797115
1787664523.839763, NoOp Chain Depth 128 Size 0 Mode ref, Ref Stage 125, run, end, 9783589677822971
1787664523.839780, NoOp Chain Depth 128 Size 0 Mode ref, Ref Stage 126, run, start, 9783589677838987
1787664523.839802, NoOp Chain Depth 128 Size 0 Mode ref, Ref Stage 126, run, end, 9783589677860875
1787664523.839817, NoOp Chain Depth 128 Size 0 Mode ref, Ref Stage 127, run, start, 9783589677876011
1787664523.839838, NoOp Chain Depth 128 Size 0 Mode ref, Ref Stage 127, run, end, 9783589677897211
1787664523.839853, NoOp Chain Depth 128 Size 0 Mode ref, pipeline - train, run, end, 145610663116367332706321202833747022842, 1787664523.828206, 34, 1, 9783589677912651
1787664523.839890, NoOp Chain Depth 128 Size 0 Mode ref, pipeline - train, run, start, 339004178746539067792221487882668382727, 1787664523.839879, 35, 1, 9783589677949547
1787664523.839913, NoOp Chain Depth 128 Size 0 Mode ref, Ref Stage 0, run, start, 9783589677972155
1787664523.839934, NoOp Chain Depth 128 Size 0 Mode ref, Ref Stage 0, run, end, 9783589677993595
1787664523.839951, NoOp Chain Depth 128 Size 0 Mode ref, Ref Stage 1, run, start, 9783589678010187
1787664523.839975, NoOp Chain Depth 128 Size 0 Mode ref, Ref Stage 1, run, end, 9783589678033883
1787664523.839986, NoOp Chain Depth 128 Size 0 Mode ref, Ref Stage 2, run, start, 9783589678045691
1787664523.840020, NoOp Chain Depth 128 Size 0 Mode ref, Ref Stage 2, run, end, 9783589678079051
1787664523.840031, NoOp Chain Depth 128 Size 0 Mode ref, Ref Stage 3, run, start, 9783589678090571
1787664523.840062, NoOp Chain Depth 128 Size 0 Mode ref, Ref Stage 3, run, end, 9783589678121691
1787664523.840077, NoOp Chain Depth 128 Size 0 Mode ref, Ref Stage 4, run, start, 9783589678136411
1787664523.840098, NoOp Chain Depth 128 Size 0 Mode ref, Ref Stage 4, run, end, 9783589678157355
1787664523.840113, NoOp Chain Depth 128 Size 0 Mode ref, Ref Stage 5, run, start, 9783589678172043
1787664523.840134, NoOp Chain Depth 128 Size 0 Mode ref, Ref Stage 5, run, end, 9783589678193211
1787664523.840148, NoOp Chain Depth 128 Size 0 Mode ref, Ref Stage 6, run, start, 9783589678207739
1787664523.840170, NoOp Chain Depth 128 Size 0 Mode ref, Ref Stage 6, run, end, 9783589678228907
1787664523.840184, NoOp Chain Depth 128 Size 0 Mode ref, Ref Stage 7, run, start, 9783589678243531
1787664523.840205, NoOp Chain Depth 128 Size 0 Mode ref, Ref Stage 7, run, end, 9783589678264427
1787664523.840220, NoOp Chain Depth 128 Size 0 Mode ref, Ref Stage 8, run, start, 9783589678279099
1787664523.840241, NoOp Chain Depth 128 Size 0 Mode ref, Ref Stage 8, run, end, 9783589678300027
1787664523.840259, NoOp Chain Depth 128 Size 0 Mode ref, Ref Stage 9, run, start, 9783589678318011
1787664523.840282, NoOp Chain Depth 128 Size 0 Mode ref, Ref Stage 9, run, end, 9783589678341595
1787664523.840294, NoOp Chain Depth 128 Size 0 Mode ref, Ref Stage 10, run, start, 9783589678353515
1787664523.840536, NoOp Chain Depth 128 Size 0 Mode ref, Ref Stage 10, run, end, 9783589678595387
1787664523.840551, NoOp Chain Depth 128 Size 0 Mode ref, Ref Stage 11, run, start, 9783589678610683
1787664523.840573, NoOp Chain Depth 128 Size 0 Mode ref, Ref Stage 11, run, end, 9783589678632123
1787664523.840588, NoOp Chain Depth 128 Size 0 Mode ref, Ref Stage 12, run, start, 9783589678646795
1787664523.840609, NoOp Chain Depth 128 Size 0 Mode ref, Ref Stage 12, run, end, 9783589678667947
1787664523.840623, NoOp Chain Depth 128 Size 0 Mode ref, Ref Stage 13, run, start, 9783589678682555
1787664523.840645, NoOp Chain Depth 128 Size 0 Mode ref, Ref Stage 13, run, end, 9783589678703931
1787664523.840762, NoOp Chain Depth 128 Size 0 Mode ref, Ref Stage 14, run, start, 9783589678821147
1787664523.840784, NoOp Chain Depth 128 Size 0 Mode ref, Ref Stage 14, run, end, 9783589678842747
1787664523.840798, NoOp Chain Depth 128 Size 0 Mode ref, Ref Stage 15, run, start, 9783589678857531
1787664523.840819, NoOp Chain Depth 128 Size 0 Mode ref, Ref Stage 15, run, end, 9783589678878747
1787664523.840834, NoOp Chain Depth 128 Size 0 Mode ref, Ref Stage 16, run, start, 9783589678893627
1787664523.840856, NoOp Chain Depth 128 Size 0 Mode ref, Ref Stage 16, run, end, 9783589678914779
1787664523.840871, NoOp Chain Depth 128 Size 0 Mode ref, Ref Stage 17, run, start, 9783589678930555
1787664523.840893, NoOp Chain Depth 128 Size 0 Mode ref, Ref Stage 17, run, end, 9783589678951979
1787664523.840908, NoOp Chain Depth 128 Size 0 Mode ref, Ref Stage 18, run, start, 9783589678966827
1787664523.840929, NoOp Chain Depth 128 Size 0 Mode ref, Ref Stage 18, run, end, 9783589678987707
1787664523.840943, NoOp Chain Depth 128 Size 0 Mode ref, Ref Stage 19, run, start, 9783589679004059
1787664523.840968, NoOp Chain Depth 128 Size 0 Mode ref, Ref Stage 19, run, end, 9783589679027531
1787664523.840980, NoOp Chain Depth 128 Size 0 Mode ref, Ref Stage 20, run, start, 9783589679039291
1787664523.841013, NoOp Chain Depth 128 Size 0 Mode ref, Ref Stage 20, run, end, 9783589679072555
1787664523.841025, NoOp Chain Depth 128 Size 0 Mode ref, Ref Stage 21, run, start, 9783589679084203
1787664523.841057, NoOp Chain Depth 128 Size 0 Mode ref, Ref Stage 21, run, end, 9783589679115787
1787664523.841071, NoOp Chain Depth 128 Size 0 Mode ref, Ref Stage 22, run, start, 9783589679130667
1787664523.841093, NoOp Chain Depth 128 Size 0 Mode ref, Ref Stage 22, run, end, 9783589679151786
1787664523.841107, NoOp Chain Depth 128 Size 0 Mode ref, Ref Stage 23, run, start, 9783589679166394
1787664523.841128, NoOp Chain Depth 128 Size 0 Mode ref, Ref Stage 23, run, end, 9783589679187418
1787664523.841143, NoOp Chain Depth 128 Size 0 Mode ref, Ref Stage 24, run, start, 9783589679202154
1787664523.841164, NoOp Chain Depth 128 Size 0 Mode ref, Ref Stage 24, run, end, 9783589679222794
1787664523.841178, NoOp Chain Depth 128 Size 0 Mode ref, Ref Stage 25, run, start, 9783589679237258
1787664523.841199, NoOp Chain Depth 128 Size 0 Mode ref, Ref Stage 25, run, end, 9783589679258266
1787664523.841213, NoOp Chain Depth 128 Size 0 Mode ref, Ref Stage 26, run, start, 9783589679272842
1787664523.841234, NoOp Chain Depth 128 Size 0 Mode ref, Ref Stage 26, run, end, 9783589679293642
1787664523.841249, NoOp Chain Depth 128 Size 0 Mode ref, Ref Stage 27, run, start, 9783589679308506
1787664523.841270, NoOp Chain Depth 128 Size 0 Mode ref, Ref Stage 27, run, end, 9783589679329130
1787664523.841284, NoOp Chain Depth 128 Size 0 Mode ref, Ref Stage 28, run, start, 9783589679343882
1787664523.841305, NoOp Chain Depth 128 Size 0 Mode ref, Ref Stage 28, run, end, 9783589679364762
1787664523.841320, NoOp Chain Depth 128 Size 0 Mode ref, Ref Stage 29, run, start, 9783589679379514
1787664523.841341, NoOp Chain Depth 128 Size 0 Mode ref, Ref Stage 29, run, end, 9783589679400346
1787664523.841357, NoOp Chain Depth 128 Size 0 Mode ref, Ref Stage 30, run, start, 9783589679416906
1787664523.841378, NoOp Chain Depth 128 Size 0 Mode ref, Ref Stage 30, run, end, 9783589679437866
1787664523.841393, NoOp Chain Depth 128 Size 0 Mode ref, Ref Stage 31, run, start, 9783589679452650
1787664523.841414, NoOp Chain Depth 128 Size 0 Mode ref, Ref Stage 31, run, end, 9783589679473370
1787664523.841429, NoOp Chain Depth 128 Size 0 Mode ref, Ref Stage 32, run, start, 9783589679487930
1787664523.841449, NoOp Chain Depth 128 Size 0 Mode ref, Ref Stage 32, run, end, 9783589679508682
1787664523.841464, NoOp Chain Depth 128 Size 0 Mode ref, Ref Stage 33, run, start, 9783589679523098
1787664523.841485, NoOp Chain Depth 128 Size 0 Mode ref, Ref Stage 33, run, end, 9783589679544026
1787664523.841499, NoOp Chain Depth 128 Size 0 Mode ref, Ref Stage 34, run, start, 9783589679558442
1787664523.841520, NoOp Chain Depth 128 Size 0 Mode ref, Ref Stage 34, run, end, 9783589679579018
1787664523.841534, NoOp Chain Depth 128 Size 0 Mode ref, Ref Stage 35, run, start, 9783589679593706
1787664523.841555, NoOp Chain Depth 128 Size 0 Mode ref, Ref Stage 35, run, end, 9783589679614282
1787664523.841571, NoOp Chain Depth 128 Size 0 Mode ref, Ref Stage 36, run, start, 9783589679629882
1787664523.841592, NoOp Chain Depth 128 Size 0 Mode ref, Ref Stage 36, run, end, 9783589679650714
1787664523.841606, NoOp Chain Depth 128 Size 0 Mode ref, Ref Stage 37, run, start, 9783589679665450
1787664523.841629, NoOp Chain Depth 128 Size 0 Mode ref, Ref Stage 37, run, end, 9783589679687994
1787664523.841641, NoOp Chain Depth 128 Size 0 Mode ref, Ref Stage 38, run, start, 9783589679700618
1787664523.841673, NoOp Chain Depth 128 Size 0 Mode ref, Ref Stage 38, run, end, 9783589679731866
1787664523.841687, NoOp Chain Depth 128 Size 0 Mode ref, Ref Stage 39, run, start, 9783589679746778
1787664523.841710, NoOp Chain Depth 128 Size 0 Mode ref, Ref Stage 39, run, end, 9783589679769354
1787664523.841722, NoOp Chain Depth 128 Size 0 Mode ref, Ref Stage 40, run, start, 9783589679781418
1787664523.841754, NoOp Chain Depth 128 Size 0 Mode ref, Ref Stage 40, run, end, 9783589679813466
1787664523.841769, NoOp Chain Depth 128 Size 0 Mode ref, Ref Stage 41, run, start, 9783589679828570
1787664523.841790, NoOp Chain Depth 128 Size 0 Mode ref, Ref Stage 41, run, end, 9783589679849818
1787664523.841805, NoOp Chain Depth 128 Size 0 Mode ref, Ref Stage 42, run, start, 9783589679864410
1787664523.841826, NoOp Chain Depth 128 Size 0 Mode ref, Ref Stage 42, run, end, 9783589679885386
1787664523.841843, NoOp Chain Depth 128 Size 0 Mode ref, Ref Stage 43, run, start, 9783589679902858
1787664523.841864, NoOp Chain Depth 128 Size 0 Mode ref, Ref Stage 43, run, end, 9783589679923594
1787664523.841881, NoOp Chain Depth 128 Size 0 Mode ref, Ref Stage 44, run, start, 9783589679939962
1787664523.842306, NoOp Chain Depth 128 Size 0 Mode ref, Ref Stage 44, run, end, 9783589680365898
1787664523.842431, NoOp Chain Depth 128 Size 0 Mode ref, Ref Stage 45, run, start, 9783589680491050
1787664523.842455, NoOp Chain Depth 128 Size 0 Mode ref, Ref Stage 45, run, end, 9783589680514506
1787664523.842470, NoOp Chain Depth 128 Size 0 Mode ref, Ref Stage 46, run, start, 9783589680529578
1787664523.842491, NoOp Chain Depth 128 Size 0 Mode ref, Ref Stage 46, run, end, 9783589680550634
1787664523.842506, NoOp Chain Depth 128 Size 0 Mode ref, Ref Stage 47, run, start, 9783589680565466
1787664523.842527, NoOp Chain Depth 128 Size 0 Mode ref, Ref Stage 47, run, end, 9783589680586410
1787664523.842541, NoOp Chain Depth 128 Size 0 Mode ref, Ref Stage 48, run, start, 9783589680600826
1787664523.842562, NoOp Chain Depth 128 Size 0 Mode ref, Ref Stage 48, run, end, 9783589680621546
1787664523.842577, NoOp Chain Depth 128 Size 0 Mode ref, Ref Stage 49, run, start, 9783589680636266
1787664523.842598, NoOp Chain Depth 128 Size 0 Mode ref, Ref Stage 49, run, end, 9783589680657481
1787664523.842613, NoOp Chain Depth 128 Size 0 Mode ref, Ref Stage 50, run, start, 9783589680672649
1787664523.842937, NoOp Chain Depth 128 Size 0 Mode ref, Ref Stage 50, run, end, 9783589680997225
1787664523.843061, NoOp Chain Depth 128 Size 0 Mode ref, Ref Stage 51, run, start, 9783589681120553
1787664523.843084, NoOp Chain Depth 128 Size 0 Mode ref, Ref Stage 51, run, end, 9783589681143401
1787664523.843100, NoOp Chain Depth 128 Size 0 Mode ref, Ref Stage 52, run, start, 9783589681158857
1787664523.843121, NoOp Chain Depth 128 Size 0 Mode ref, Ref Stage 52, run, end, 9783589681180393
1787664523.843136, NoOp Chain Depth 128 Size 0 Mode ref, Ref Stage 53, run, start, 9783589681195081
1787664523.843157, NoOp Chain Depth 128 Size 0 Mode ref, Ref Stage 53, run, end, 9783589681215945
1787664523.843171, NoOp Chain Depth 128 Size 0 Mode ref, Ref Stage 54, run, start, 9783589681230729
1787664523.843193, NoOp Chain Depth 128 Size 0 Mode ref, Ref Stage 54, run, end, 9783589681251945
1787664523.843208, NoOp Chain Depth 128 Size 0 Mode ref, Ref Stage 55, run, start, 9783589681267001
1787664523.843229, NoOp Chain Depth 128 Size 0 Mode ref, Ref Stage 55, run, end, 9783589681288233
1787664523.843244, NoOp Chain Depth 128 Size 0 Mode ref, Ref Stage 56, run, start, 9783589681303113
1787664523.843267, NoOp Chain Depth 128 Size 0 Mode ref, Ref Stage 56, run, end, 9783589681325993
1787664523.843282, NoOp Chain Depth 128 Size 0 Mode ref, Ref Stage 57, run, start, 9783589681340585
1787664523.843302, NoOp Chain Depth 128 Size 0 Mode ref, Ref Stage 57, run, end, 9783589681361513
1787664523.843317, NoOp Chain Depth 128 Size 0 Mode ref, Ref Stage 58, run, start, 9783589681376009
1787664523.843344, NoOp Chain Depth 128 Size 0 Mode ref, Ref Stage 58, run, end, 9783589681403017
1787664523.843359, NoOp Chain Depth 128 Size 0 Mode ref, Ref Stage 59, run, start, 9783589681418297
1787664523.843383, NoOp Chain Depth 128 Size 0 Mode ref, Ref Stage 59, run, end, 9783589681441673
1787664523.843395, NoOp Chain Depth 128 Size 0 Mode ref, Ref Stage 60, run, start, 9783589681453881
1787664523.843426, NoOp Chain Depth 128 Size 0 Mode ref, Ref Stage 60, run, end, 9783589681484953
1787664523.843441, NoOp Chain Depth 128 Size 0 Mode ref, Ref Stage 61, run, start, 9783589681500185
1787664523.843463, NoOp Chain Depth 128 Size 0 Mode ref, Ref Stage 61, run, end, 9783589681522217
1787664523.843477, NoOp Chain Depth 128 Size 0 Mode ref, Ref Stage 62, run, start, 9783589681536809
1787664523.843500, NoOp Chain Depth 128 Size 0 Mode ref, Ref Stage 62, run, end, 9783589681559129
1787664523.843512, NoOp Chain Depth 128 Size 0 Mode ref, Ref Stage 63, run, start, 9783589681571033
1787664523.843544, NoOp Chain Depth 128 Size 0 Mode ref, Ref Stage 63, run, end, 9783589681602937
1787664523.843558, NoOp Chain Depth 128 Size 0 Mode ref, Ref Stage 64, run, start, 9783589681617321
1787664523.843579, NoOp Chain Depth 128 Size 0 Mode ref, Ref Stage 64, run, end, 9783589681638265
1787664523.843593, NoOp Chain Depth 128 Size 0 Mode ref, Ref Stage 65, run, start, 9783589681652825
1787664523.843615, NoOp Chain Depth 128 Size 0 Mode ref, Ref Stage 65, run, end, 9783589681673785
1787664523.843629, NoOp Chain Depth 128 Size 0 Mode ref, Ref Stage 66, run, start, 9783589681688425
1787664523.843652, NoOp Chain Depth 128 Size 0 Mode ref, Ref Stage 66, run, end, 9783589681711097
1787664523.843663, NoOp Chain Depth 128 Size 0 Mode ref, Ref Stage 67, run, start, 9783589681722601
1787664523.843694, NoOp Chain Depth 128 Size 0 Mode ref, Ref Stage 67, run, end, 9783589681753609
1787664523.843709, NoOp Chain Depth 128 Size 0 Mode ref, Ref Stage 68, run, start, 9783589681768393
1787664523.843733, NoOp Chain Depth 128 Size 0 Mode ref, Ref Stage 68, run, end, 9783589681791689
1787664523.843748, NoOp Chain Depth 128 Size 0 Mode ref, Ref Stage 69, run, start, 9783589681807145
1787664523.843770, NoOp Chain Depth 128 Size 0 Mode ref, Ref Stage 69, run, end, 9783589681829065
1787664523.843784, NoOp Chain Depth 128 Size 0 Mode ref, Ref Stage 70, run, start, 9783589681843641
1787664523.843806, NoOp Chain Depth 128 Size 0 Mode ref, Ref Stage 70, run, end, 9783589681864697
1787664523.843822, NoOp Chain Depth 128 Size 0 Mode ref, Ref Stage 71, run, start, 9783589681881273
1787664523.843844, NoOp Chain Depth 128 Size 0 Mode ref, Ref Stage 71, run, end, 9783589681903289
1787664523.843860, NoOp Chain Depth 128 Size 0 Mode ref, Ref Stage 72, run, start, 9783589681919257
1787664523.843881, NoOp Chain Depth 128 Size 0 Mode ref, Ref Stage 72, run, end, 9783589681940137
1787664523.843895, NoOp Chain Depth 128 Size 0 Mode ref, Ref Stage 73, run, start, 9783589681954825
1787664523.843916, NoOp Chain Depth 128 Size 0 Mode ref, Ref Stage 73, run, end, 9783589681975449
1787664523.843932, NoOp Chain Depth 128 Size 0 Mode ref, Ref Stage 74, run, start, 9783589681991705
1787664523.843958, NoOp Chain Depth 128 Size 0 Mode ref, Ref Stage 74, run, end, 9783589682016937
1787664523.843969, NoOp Chain Depth 128 Size 0 Mode ref, Ref Stage 75, run, start, 9783589682028537
1787664523.844002, NoOp Chain Depth 128 Size 0 Mode ref, Ref Stage 75, run, end, 9783589682061481
1787664523.844017, NoOp Chain Depth 128 Size 0 Mode ref, Ref Stage 76, run, start, 9783589682076377
1787664523.920027, NoOp Chain Depth 128 Size 0 Mode ref, Ref Stage 76, run, end, 9783589758109095
1787664523.921074, NoOp Chain Depth 128 Size 0 Mode ref, Ref Stage 77, run, start, 9783589759137846
1787664523.921129, NoOp Chain Depth 128 Size 0 Mode ref, Ref Stage 77, run, end, 9783589759189558
1787664523.921152, NoOp Chain Depth 128 Size 0 Mode ref, Ref Stage 78, run, start, 9783589759212134
1787664523.921181, NoOp Chain Depth 128 Size 0 Mode ref, Ref Stage 78, run, end, 9783589759240342
1787664523.921200, NoOp Chain Depth 128 Size 0 Mode ref, Ref Stage 79, run, start, 9783589759260022
1787664523.921227, NoOp Chain Depth 128 Size 0 Mode ref, Ref Stage 79, run, end, 9783589759285734
1787664523.921245, NoOp Chain Depth 128 Size 0 Mode ref, Ref Stage 80, run, start, 9783589759304950
1787664523.921271, NoOp Chain Depth 128 Size 0 Mode ref, Ref Stage 80, run, end, 9783589759329958
1787664523.921289, NoOp Chain Depth 128 Size 0 Mode ref, Ref Stage 81, run, start, 9783589759348582
1787664523.921319, NoOp Chain Depth 128 Size 0 Mode ref, Ref Stage 81, run, end, 9783589759378742
1787664523.921340, NoOp Chain Depth 128 Size 0 Mode ref, Ref Stage 82, run, start, 9783589759400054
1787664523.921376, NoOp Chain Depth 128 Size 0 Mode ref, Ref Stage 82, run, end, 9783589759434662
1787664523.921393, NoOp Chain Depth 128 Size 0 Mode ref, Ref Stage 83, run, start, 9783589759452678
1787664523.921418, NoOp Chain Depth 128 Size 0 Mode ref, Ref Stage 83, run, end, 9783589759477686
1787664523.921436, NoOp Chain Depth 128 Size 0 Mode ref, Ref Stage 84, run, start, 9783589759495926
1787664523.921461, NoOp Chain Depth 128 Size 0 Mode ref, Ref Stage 84, run, end, 9783589759520630
1787664523.921479, NoOp Chain Depth 128 Size 0 Mode ref, Ref Stage 85, run, start, 9783589759538502
1787664523.921503, NoOp Chain Depth 128 Size 0 Mode ref, Ref Stage 85, run, end, 9783589759562422
1787664523.921520, NoOp Chain Depth 128 Size 0 Mode ref, Ref Stage 86, run, start, 9783589759580422
1787664523.921546, NoOp Chain Depth 128 Size 0 Mode ref, Ref Stage 86, run, end, 9783589759604870
1787664523.921563, NoOp Chain Depth 128 Size 0 Mode ref, Ref Stage 87, run, start, 9783589759622790
1787664523.921587, NoOp Chain Depth 128 Size 0 Mode ref, Ref Stage 87, run, end, 9783589759646822
1787664523.921605, NoOp Chain Depth 128 Size 0 Mode ref, Ref Stage 88, run, start, 9783589759664182
1787664523.921628, NoOp Chain Depth 128 Size 0 Mode ref, Ref Stage 88, run, end, 9783589759687238
1787664523.921644, NoOp Chain Depth 128 Size 0 Mode ref, Ref Stage 89, run, start, 9783589759703989
1787664523.921668, NoOp Chain Depth 128 Size 0 Mode ref, Ref Stage 89, run, end, 9783589759726901
1787664523.921684, NoOp Chain Depth 128 Size 0 Mode ref, Ref Stage 90, run, start, 9783589759743717
1787664523.921707, NoOp Chain Depth 128 Size 0 Mode ref, Ref Stage 90, run, end, 9783589759766357
1787664523.921724, NoOp Chain Depth 128 Size 0 Mode ref, Ref Stage 91, run, start, 9783589759783237
1787664523.921746, NoOp Chain Depth 128 Size 0 Mode ref, Ref Stage 91, run, end, 9783589759805493
1787664523.921771, NoOp Chain Depth 128 Size 0 Mode ref, Ref Stage 92, run, start, 9783589759829989
1787664523.921793, NoOp Chain Depth 128 Size 0 Mode ref, Ref Stage 92, run, end, 9783589759852485
1787664523.921809, NoOp Chain Depth 128 Size 0 Mode ref, Ref Stage 93, run, start, 9783589759869045
1787664523.921835, NoOp Chain Depth 128 Size 0 Mode ref, Ref Stage 93, run, end, 9783589759894325
1787664523.921848, NoOp Chain Depth 128 Size 0 Mode ref, Ref Stage 94, run, start, 9783589759907701
1787664523.921882, NoOp Chain Depth 128 Size 0 Mode ref, Ref Stage 94, run, end, 9783589759941413
1787664523.921899, NoOp Chain Depth 128 Size 0 Mode ref, Ref Stage 95, run, start, 9783589759958645
1787664523.921922, NoOp Chain Depth 128 Size 0 Mode ref, Ref Stage 95, run, end, 9783589759981493
1787664523.921939, NoOp Chain Depth 128 Size 0 Mode ref, Ref Stage 96, run, start, 9783589759998613
1787664523.921965, NoOp Chain Depth 128 Size 0 Mode ref, Ref Stage 96, run, end, 9783589760024309
1787664523.921983, NoOp Chain Depth 128 Size 0 Mode ref, Ref Stage 97, run, start, 9783589760042309
1787664523.922006, NoOp Chain Depth 128 Size 0 Mode ref, Ref Stage 97, run, end, 9783589760064949
1787664523.922022, NoOp Chain Depth 128 Size 0 Mode ref, Ref Stage 98, run, start, 9783589760082437
1787664523.922046, NoOp Chain Depth 128 Size 0 Mode ref, Ref Stage 98, run, end, 9783589760105589
1787664523.922065, NoOp Chain Depth 128 Size 0 Mode ref, Ref Stage 99, run, start, 9783589760124437
1787664523.922091, NoOp Chain Depth 128 Size 0 Mode ref, Ref Stage 99, run, end, 9783589760150661
1787664523.922354, NoOp Chain Depth 128 Size 0 Mode ref, Ref Stage 100, run, start, 9783589760415333
1787664523.922385, NoOp Chain Depth 128 Size 0 Mode ref, Ref Stage 100, run, end, 9783589760443845
1787664523.922515, NoOp Chain Depth 128 Size 0 Mode ref, Ref Stage 101, run, start, 9783589760575237
1787664523.922541, NoOp Chain Depth 128 Size 0 Mode ref, Ref Stage 101, run, end, 9783589760600501
1787664523.922558, NoOp Chain Depth 128 Size 0 Mode ref, Ref Stage 102, run, start, 9783589760618037
1787664523.922582, NoOp Chain Depth 128 Size 0 Mode ref, Ref Stage 102, run, end, 9783589760641253
1787664523.922599, NoOp Chain Depth 128 Size 0 Mode ref, Ref Stage 103, run, start, 9783589760659173
1787664523.922623, NoOp Chain Depth 128 Size 0 Mode ref, Ref Stage 103, run, end, 9783589760682085
1787664523.922640, NoOp Chain Depth 128 Size 0 Mode ref, Ref Stage 104, run, start, 9783589760699669
1787664523.922663, NoOp Chain Depth 128 Size 0 Mode ref, Ref Stage 104, run, end, 9783589760722853
1787664523.922681, NoOp Chain Depth 128 Size 0 Mode ref, Ref Stage 105, run, start, 9783589760740469
1787664523.922704, NoOp Chain Depth 128 Size 0 Mode ref, Ref Stage 105, run, end, 9783589760762965
1787664523.922721, NoOp Chain Depth 128 Size 0 Mode ref, Ref Stage 106, run, start, 9783589760781141
1787664523.922745, NoOp Chain Depth 128 Size 0 Mode ref, Ref Stage 106, run, end, 9783589760804005
1787664523.922762, NoOp Chain Depth 128 Size 0 Mode ref, Ref Stage 107, run, start, 9783589760821525
1787664523.922785, NoOp Chain Depth 128 Size 0 Mode ref, Ref Stage 107, run, end, 9783589760844133
1787664523.922801, NoOp Chain Depth 128 Size 0 Mode ref, Ref Stage 108, run, start, 9783589760861445
1787664523.922827, NoOp Chain Depth 128 Size 0 Mode ref, Ref Stage 108, run, end, 9783589760886853
1787664523.922841, NoOp Chain Depth 128 Size 0 Mode ref, Ref Stage 109, run, start, 9783589760901557
1787664523.923305, NoOp Chain Depth 128 Size 0 Mode ref, Ref Stage 109, run, end, 9783589761364516
1787664523.923324, NoOp Chain Depth 128 Size 0 Mode ref, Ref Stage 110, run, start, 9783589761383428
1787664523.923347, NoOp Chain Depth 128 Size 0 Mode ref, Ref Stage 110, run, end, 9783589761406804
1787664523.923364, NoOp Chain Depth 128 Size 0 Mode ref, Ref Stage 111, run, start, 9783589761423844
1787664523.923388, NoOp Chain Depth 128 Size 0 Mode ref, Ref Stage 111, run, end, 9783589761446964
1787664523.923405, NoOp Chain Depth 128 Size 0 Mode ref, Ref Stage 112, run, start, 9783589761464580
1787664523.923433, NoOp Chain Depth 128 Size 0 Mode ref, Ref Stage 112, run, end, 9783589761491892
1787664523.923449, NoOp Chain Depth 128 Size 0 Mode ref, Ref Stage 113, run, start, 9783589761508420
1787664523.923472, NoOp Chain Depth 128 Size 0 Mode ref, Ref Stage 113, run, end, 9783589761531396
1787664523.923489, NoOp Chain Depth 128 Size 0 Mode ref, Ref Stage 114, run, start, 9783589761549124
1787664523.923513, NoOp Chain Depth 128 Size 0 Mode ref, Ref Stage 114, run, end, 9783589761571924
1787664523.923529, NoOp Chain Depth 128 Size 0 Mode ref, Ref Stage 115, run, start, 9783589761588436
1787664523.923552, NoOp Chain Depth 128 Size 0 Mode ref, Ref Stage 115, run, end, 9783589761610596
1787664523.923568, NoOp Chain Depth 128 Size 0 Mode ref, Ref Stage 116, run, start, 9783589761627620
1787664523.923591, NoOp Chain Depth 128 Size 0 Mode ref, Ref Stage 116, run, end, 9783589761650100
1787664523.923607, NoOp Chain Depth 128 Size 0 Mode ref, Ref Stage 117, run, start, 9783589761666468
1787664523.923629, NoOp Chain Depth 128 Size 0 Mode ref, Ref Stage 117, run, end, 9783589761688612
1787664523.923645, NoOp Chain Depth 128 Size 0 Mode ref, Ref Stage 118, run, start, 9783589761705252
1787664523.923669, NoOp Chain Depth 128 Size 0 Mode ref, Ref Stage 118, run, end, 9783589761727940
1787664523.923685, NoOp Chain Depth 128 Size 0 Mode ref, Ref Stage 119, run, start, 9783589761744452
1787664523.923707, NoOp Chain Depth 128 Size 0 Mode ref, Ref Stage 119, run, end, 9783589761766388
1787664523.923723, NoOp Chain Depth 128 Size 0 Mode ref, Ref Stage 120, run, start, 9783589761783028
1787664523.923746, NoOp Chain Depth 128 Size 0 Mode ref, Ref Stage 120, run, end, 9783589761805028
1787664523.923762, NoOp Chain Depth 128 Size 0 Mode ref, Ref Stage 121, run, start, 9783589761821684
1787664523.923784, NoOp Chain Depth 128 Size 0 Mode ref, Ref Stage 121, run, end, 9783589761843252
1787664523.923800, NoOp Chain Depth 128 Size 0 Mode ref, Ref Stage 122, run, start, 9783589761860020
1787664523.923823, NoOp Chain Depth 128 Size 0 Mode ref, Ref Stage 122, run, end, 9783589761882212
1787664523.923839, NoOp Chain Depth 128 Size 0 Mode ref, Ref Stage 123, run, start, 9783589761898532
1787664523.923864, NoOp Chain Depth 128 Size 0 Mode ref, Ref Stage 123, run, end, 9783589761923460
1787664523.923877, NoOp Chain Depth 128 Size 0 Mode ref, Ref Stage 124, run, start, 9783589761936884
1787664523.924319, NoOp Chain Depth 128 Size 0 Mode ref, Ref Stage 124, run, end, 9783589762378308
1787664523.924337, NoOp Chain Depth 128 Size 0 Mode ref, Ref Stage 125, run, start, 9783589762396436
1787664523.924360, NoOp Chain Depth 128 Size 0 Mode ref, Ref Stage 125, run, end, 9783589762419524
1787664523.924377, NoOp Chain Depth 128 Size 0 Mode ref, Ref Stage 126, run, start, 9783589762436836
1787664523.924401, NoOp Chain Depth 128 Size 0 Mode ref, Ref Stage 126, run, end, 9783589762459844
1787664523.924526, NoOp Chain Depth 128 Size 0 Mode ref, Ref Stage 127, run, start, 9783589762586628
1787664523.924552, NoOp Chain Depth 128 Size 0 Mode ref, Ref Stage 127, run, end, 9783589762610996
1787664523.924571, NoOp Chain Depth 128 Size 0 Mode ref, pipeline - train, run, end, 339004178746539067792221487882668382727, 1787664523.839879, 35, 1, 9783589762631204
1787664523.924629, NoOp Chain Depth 128 Size 0 Mode ref, pipeline - train, run, start, 71643144802005665235931354787183025360, 1787664523.924608, 36, 1, 9783589762689188
1787664523.924659, NoOp Chain Depth 128 Size 0 Mode ref, Ref Stage 0, run, start, 9783589762718307
1787664523.924683, NoOp Chain Depth 128 Size 0 Mode ref, Ref Stage 0, run, end, 9783589762742259
1787664523.924700, NoOp Chain Depth 128 Size 0 Mode ref, Ref Stage 1, run, start, 9783589762760387
1787664523.924725, NoOp Chain Depth 128 Size 0 Mode ref, Ref Stage 1, run, end, 9783589762783891
1787664523.924741, NoOp Chain Depth 128 Size 0 Mode ref, Ref Stage 2, run, start, 9783589762801107
1787664523.924768, NoOp Chain Depth 128 Size 0 Mode ref, Ref Stage 2, run, end, 9783589762826899
1787664523.924780, NoOp Chain Depth 128 Size 0 Mode ref, Ref Stage 3, run, start, 9783589762840131
1787664523.924820, NoOp Chain Depth 128 Size 0 Mode ref, Ref Stage 3, run, end, 9783589762879475
1787664523.924833, NoOp Chain Depth 128 Size 0 Mode ref, Ref Stage 4, run, start, 9783589762892707
1787664523.924867, NoOp Chain Depth 128 Size 0 Mode ref, Ref Stage 4, run, end, 9783589762926131
1787664523.924883, NoOp Chain Depth 128 Size 0 Mode ref, Ref Stage 5, run, start, 9783589762943331
1787664523.924907, NoOp Chain Depth 128 Size 0 Mode ref, Ref Stage 5, run, end, 9783589762966003
1787664523.924924, NoOp Chain Depth 128 Size 0 Mode ref, Ref Stage 6, run, start, 9783589762983411
1787664523.924950, NoOp Chain Depth 128 Size 0 Mode ref, Ref Stage 6, run, end, 9783589763008883
1787664523.924967, NoOp Chain Depth 128 Size 0 Mode ref, Ref Stage 7, run, start, 9783589763026739
1787664523.924990, NoOp Chain Depth 128 Size 0 Mode ref, Ref Stage 7, run, end, 9783589763048979
1787664523.925006, NoOp Chain Depth 128 Size 0 Mode ref, Ref Stage 8, run, start, 9783589763065523
1787664523.925029, NoOp Chain Depth 128 Size 0 Mode ref, Ref Stage 8, run, end, 9783589763087939
1787664523.925045, NoOp Chain Depth 128 Size 0 Mode ref, Ref Stage 9, run, start, 9783589763104883
1787664523.925072, NoOp Chain Depth 128 Size 0 Mode ref, Ref Stage 9, run, end, 9783589763130947
1787664523.925085, NoOp Chain Depth 128 Size 0 Mode ref, Ref Stage 10, run, start, 9783589763144563
1787664523.925119, NoOp Chain Depth 128 Size 0 Mode ref, Ref Stage 10, run, end, 9783589763177987
1787664523.925135, NoOp Chain Depth 128 Size 0 Mode ref, Ref Stage 11, run, start, 9783589763194723
1787664523.925158, NoOp Chain Depth 128 Size 0 Mode ref, Ref Stage 11, run, end, 9783589763217459
1787664523.925175, NoOp Chain Depth 128 Size 0 Mode ref, Ref Stage 12, run, start, 9783589763234387
1787664523.925198, NoOp Chain Depth 128 Size 0 Mode ref, Ref Stage 12, run, end, 9783589763257043
1787664523.925214, NoOp Chain Depth 128 Size 0 Mode ref, Ref Stage 13, run, start, 9783589763273699
1787664523.925237, NoOp Chain Depth 128 Size 0 Mode ref, Ref Stage 13, run, end, 9783589763296371
1787664523.925253, NoOp Chain Depth 128 Size 0 Mode ref, Ref Stage 14, run, start, 9783589763312771
1787664523.925275, NoOp Chain Depth 128 Size 0 Mode ref, Ref Stage 14, run, end, 9783589763334611
1787664523.925292, NoOp Chain Depth 128 Size 0 Mode ref, Ref Stage 15, run, start, 9783589763352067
1787664523.925315, NoOp Chain Depth 128 Size 0 Mode ref, Ref Stage 15, run, end, 9783589763374515
1787664523.925332, NoOp Chain Depth 128 Size 0 Mode ref, Ref Stage 16, run, start, 9783589763391539
1787664523.925356, NoOp Chain Depth 128 Size 0 Mode ref, Ref Stage 16, run, end, 9783589763414835
1787664523.925372, NoOp Chain Depth 128 Size 0 Mode ref, Ref Stage 17, run, start, 9783589763431491
1787664523.925395, NoOp Chain Depth 128 Size 0 Mode ref, Ref Stage 17, run, end, 9783589763453875
1787664523.925412, NoOp Chain Depth 128 Size 0 Mode ref, Ref Stage 18, run, start, 9783589763471203
1787664523.925434, NoOp Chain Depth 128 Size 0 Mode ref, Ref Stage 18, run, end, 9783589763493027
1787664523.925452, NoOp Chain Depth 128 Size 0 Mode ref, Ref Stage 19, run, start, 9783589763511331
1787664523.925478, NoOp Chain Depth 128 Size 0 Mode ref, Ref Stage 19, run, end, 9783589763537443
1787664523.925492, NoOp Chain Depth 128 Size 0 Mode ref, Ref Stage 20, run, start, 9783589763550963
1787664523.925528, NoOp Chain Depth 128 Size 0 Mode ref, Ref Stage 20, run, end, 9783589763586883
1787664523.925540, NoOp Chain Depth 128 Size 0 Mode ref, Ref Stage 21, run, start, 9783589763600147
1787664523.925573, NoOp Chain Depth 128 Size 0 Mode ref, Ref Stage 21, run, end, 9783589763632003
1787664523.925589, NoOp Chain Depth 128 Size 0 Mode ref, Ref Stage 22, run, start, 9783589763648659
1787664523.925612, NoOp Chain Depth 128 Size 0 Mode ref, Ref Stage 22, run, end, 9783589763671267
1787664523.925628, NoOp Chain Depth 128 Size 0 Mode ref, Ref Stage 23, run, start, 9783589763687859
1787664523.925652, NoOp Chain Depth 128 Size 0 Mode ref, Ref Stage 23, run, end, 9783589763710627
1787664523.925670, NoOp Chain Depth 128 Size 0 Mode ref, Ref Stage 24, run, start, 9783589763729699
1787664523.925693, NoOp Chain Depth 128 Size 0 Mode ref, Ref Stage 24, run, end, 9783589763752243
1787664523.925709, NoOp Chain Depth 128 Size 0 Mode ref, Ref Stage 25, run, start, 9783589763768963
1787664523.925732, NoOp Chain Depth 128 Size 0 Mode ref, Ref Stage 25, run, end, 9783589763791619
1787664523.925749, NoOp Chain Depth 128 Size 0 Mode ref, Ref Stage 26, run, start, 9783589763808099
1787664523.925771, NoOp Chain Depth 128 Size 0 Mode ref, Ref Stage 26, run, end, 9783589763830435
1787664523.925787, NoOp Chain Depth 128 Size 0 Mode ref, Ref Stage 27, run, start, 9783589763847011
1787664523.925810, NoOp Chain Depth 128 Size 0 Mode ref, Ref Stage 27, run, end, 9783589763869411
1787664523.925827, NoOp Chain Depth 128 Size 0 Mode ref, Ref Stage 28, run, start, 9783589763885907
1787664523.925849, NoOp Chain Depth 128 Size 0 Mode ref, Ref Stage 28, run, end, 9783589763907939
1787664523.925865, NoOp Chain Depth 128 Size 0 Mode ref, Ref Stage 29, run, start, 9783589763924595
1787664523.925888, NoOp Chain Depth 128 Size 0 Mode ref, Ref Stage 29, run, end, 9783589763946627
1787664523.925904, NoOp Chain Depth 128 Size 0 Mode ref, Ref Stage 30, run, start, 9783589763963331
1787664523.925926, NoOp Chain Depth 128 Size 0 Mode ref, Ref Stage 30, run, end, 9783589763985059
1787664523.925942, NoOp Chain Depth 128 Size 0 Mode ref, Ref Stage 31, run, start, 9783589764005267
1787664523.925969, NoOp Chain Depth 128 Size 0 Mode ref, Ref Stage 31, run, end, 9783589764028323
1787664523.925985, NoOp Chain Depth 128 Size 0 Mode ref, Ref Stage 32, run, start, 9783589764044963
1787664523.926008, NoOp Chain Depth 128 Size 0 Mode ref, Ref Stage 32, run, end, 9783589764067635
1787664523.926024, NoOp Chain Depth 128 Size 0 Mode ref, Ref Stage 33, run, start, 9783589764084275
1787664523.926047, NoOp Chain Depth 128 Size 0 Mode ref, Ref Stage 33, run, end, 9783589764106547
1787664523.926063, NoOp Chain Depth 128 Size 0 Mode ref, Ref Stage 34, run, start, 9783589764122563
1787664523.926085, NoOp Chain Depth 128 Size 0 Mode ref, Ref Stage 34, run, end, 9783589764144547
1787664523.926101, NoOp Chain Depth 128 Size 0 Mode ref, Ref Stage 35, run, start, 9783589764161283
1787664523.926124, NoOp Chain Depth 128 Size 0 Mode ref, Ref Stage 35, run, end, 9783589764183203
1787664523.926140, NoOp Chain Depth 128 Size 0 Mode ref, Ref Stage 36, run, start, 9783589764199747
1787664523.926163, NoOp Chain Depth 128 Size 0 Mode ref, Ref Stage 36, run, end, 9783589764222483
1787664523.926180, NoOp Chain Depth 128 Size 0 Mode ref, Ref Stage 37, run, start, 9783589764239763
1787664523.926205, NoOp Chain Depth 128 Size 0 Mode ref, Ref Stage 37, run, end, 9783589764264691
1787664523.926549, NoOp Chain Depth 128 Size 0 Mode ref, Ref Stage 38, run, start, 9783589764609730
1787664523.926688, NoOp Chain Depth 128 Size 0 Mode ref, Ref Stage 38, run, end, 9783589764747554
1787664523.926705, NoOp Chain Depth 128 Size 0 Mode ref, Ref Stage 39, run, start, 9783589764765282
1787664523.926731, NoOp Chain Depth 128 Size 0 Mode ref, Ref Stage 39, run, end, 9783589764790562
1787664523.926744, NoOp Chain Depth 128 Size 0 Mode ref, Ref Stage 40, run, start, 9783589764804354
1787664523.926779, NoOp Chain Depth 128 Size 0 Mode ref, Ref Stage 40, run, end, 9783589764837858
1787664523.926795, NoOp Chain Depth 128 Size 0 Mode ref, Ref Stage 41, run, start, 9783589764854642
1787664523.926818, NoOp Chain Depth 128 Size 0 Mode ref, Ref Stage 41, run, end, 9783589764877138
1787664523.926834, NoOp Chain Depth 128 Size 0 Mode ref, Ref Stage 42, run, start, 9783589764894002
1787664523.926857, NoOp Chain Depth 128 Size 0 Mode ref, Ref Stage 42, run, end, 9783589764916114
1787664523.926874, NoOp Chain Depth 128 Size 0 Mode ref, Ref Stage 43, run, start, 9783589764933810
1787664523.926899, NoOp Chain Depth 128 Size 0 Mode ref, Ref Stage 43, run, end, 9783589764958466
1787664523.926912, NoOp Chain Depth 128 Size 0 Mode ref, Ref Stage 44, run, start, 9783589764971538
1787664523.926951, NoOp Chain Depth 128 Size 0 Mode ref, Ref Stage 44, run, end, 9783589765010226
1787664523.926969, NoOp Chain Depth 128 Size 0 Mode ref, Ref Stage 45, run, start, 9783589765028370
1787664523.926992, NoOp Chain Depth 128 Size 0 Mode ref, Ref Stage 45, run, end, 9783589765051026
1787664523.927008, NoOp Chain Depth 128 Size 0 Mode ref, Ref Stage 46, run, start, 9783589765067522
1787664523.927031, NoOp Chain Depth 128 Size 0 Mode ref, Ref Stage 46, run, end, 9783589765090178
1787664523.927048, NoOp Chain Depth 128 Size 0 Mode ref, Ref Stage 47, run, start, 9783589765107266
1787664523.927071, NoOp Chain Depth 128 Size 0 Mode ref, Ref Stage 47, run, end, 9783589765129826
1787664523.927087, NoOp Chain Depth 128 Size 0 Mode ref, Ref Stage 48, run, start, 9783589765145938
1787664523.927110, NoOp Chain Depth 128 Size 0 Mode ref, Ref Stage 48, run, end, 9783589765168754
1787664523.927125, NoOp Chain Depth 128 Size 0 Mode ref, Ref Stage 49, run, start, 9783589765185202
1787664523.927539, NoOp Chain Depth 128 Size 0 Mode ref, Ref Stage 49, run, end, 9783589765598786
1787664523.927667, NoOp Chain Depth 128 Size 0 Mode ref, Ref Stage 50, run, start, 9783589765727058
1787664523.927692, NoOp Chain Depth 128 Size 0 Mode ref, Ref Stage 50, run, end, 9783589765751650
1787664523.927709, NoOp Chain Depth 128 Size 0 Mode ref, Ref Stage 51, run, start, 9783589765768962
1787664523.927733, NoOp Chain Depth 128 Size 0 Mode ref, Ref Stage 51, run, end, 9783589765792530
1787664523.927749, NoOp Chain Depth 128 Size 0 Mode ref, Ref Stage 52, run, start, 9783589765809473
1787664523.927773, NoOp Chain Depth 128 Size 0 Mode ref, Ref Stage 52, run, end, 9783589765832753
1787664523.927790, NoOp Chain Depth 128 Size 0 Mode ref, Ref Stage 53, run, start, 9783589765849585
1787664523.927813, NoOp Chain Depth 128 Size 0 Mode ref, Ref Stage 53, run, end, 9783589765872033
1787664523.927829, NoOp Chain Depth 128 Size 0 Mode ref, Ref Stage 54, run, start, 9783589765888897
1787664523.927852, NoOp Chain Depth 128 Size 0 Mode ref, Ref Stage 54, run, end, 9783589765911265
1787664523.927868, NoOp Chain Depth 128 Size 0 Mode ref, Ref Stage 55, run, start, 9783589765927921
1787664523.927891, NoOp Chain Depth 128 Size 0 Mode ref, Ref Stage 55, run, end, 9783589765950657
1787664523.927907, NoOp Chain Depth 128 Size 0 Mode ref, Ref Stage 56, run, start, 9783589765967009
1787664523.927930, NoOp Chain Depth 128 Size 0 Mode ref, Ref Stage 56, run, end, 9783589765989601
1787664523.927949, NoOp Chain Depth 128 Size 0 Mode ref, Ref Stage 57, run, start, 9783589766008609
1787664523.927973, NoOp Chain Depth 128 Size 0 Mode ref, Ref Stage 57, run, end, 9783589766032257
1787664523.927989, NoOp Chain Depth 128 Size 0 Mode ref, Ref Stage 58, run, start, 9783589766049233
1787664523.928012, NoOp Chain Depth 128 Size 0 Mode ref, Ref Stage 58, run, end, 9783589766071633
1787664523.928028, NoOp Chain Depth 128 Size 0 Mode ref, Ref Stage 59, run, start, 9783589766088001
1787664523.928051, NoOp Chain Depth 128 Size 0 Mode ref, Ref Stage 59, run, end, 9783589766110257
1787664523.928067, NoOp Chain Depth 128 Size 0 Mode ref, Ref Stage 60, run, start, 9783589766127009
1787664523.928090, NoOp Chain Depth 128 Size 0 Mode ref, Ref Stage 60, run, end, 9783589766149217
1787664523.928106, NoOp Chain Depth 128 Size 0 Mode ref, Ref Stage 61, run, start, 9783589766165985
1787664523.928129, NoOp Chain Depth 128 Size 0 Mode ref, Ref Stage 61, run, end, 9783589766188129
1787664523.928145, NoOp Chain Depth 128 Size 0 Mode ref, Ref Stage 62, run, start, 9783589766204545
1787664523.928168, NoOp Chain Depth 128 Size 0 Mode ref, Ref Stage 62, run, end, 9783589766227553
1787664523.928185, NoOp Chain Depth 128 Size 0 Mode ref, Ref Stage 63, run, start, 9783589766244369
1787664523.928210, NoOp Chain Depth 128 Size 0 Mode ref, Ref Stage 63, run, end, 9783589766269441
1787664523.928223, NoOp Chain Depth 128 Size 0 Mode ref, Ref Stage 64, run, start, 9783589766282593
1787664523.928257, NoOp Chain Depth 128 Size 0 Mode ref, Ref Stage 64, run, end, 9783589766315937
1787664523.928273, NoOp Chain Depth 128 Size 0 Mode ref, Ref Stage 65, run, start, 9783589766332865
1787664523.928298, NoOp Chain Depth 128 Size 0 Mode ref, Ref Stage 65, run, end, 9783589766357713
1787664523.928315, NoOp Chain Depth 128 Size 0 Mode ref, Ref Stage 66, run, start, 9783589766375281
1787664523.928341, NoOp Chain Depth 128 Size 0 Mode ref, Ref Stage 66, run, end, 9783589766400593
1787664523.928355, NoOp Chain Depth 128 Size 0 Mode ref, Ref Stage 67, run, start, 9783589766414497
1787664523.928391, NoOp Chain Depth 128 Size 0 Mode ref, Ref Stage 67, run, end, 9783589766449473
1787664523.928403, NoOp Chain Depth 128 Size 0 Mode ref, Ref Stage 68, run, start, 9783589766462593
1787664523.928436, NoOp Chain Depth 128 Size 0 Mode ref, Ref Stage 68, run, end, 9783589766495425
1787664523.928452, NoOp Chain Depth 128 Size 0 Mode ref, Ref Stage 69, run, start, 9783589766512065
1787664523.928475, NoOp Chain Depth 128 Size 0 Mode ref, Ref Stage 69, run, end, 9783589766534113
1787664523.928491, NoOp Chain Depth 128 Size 0 Mode ref, Ref Stage 70, run, start, 9783589766550977
1787664523.928514, NoOp Chain Depth 128 Size 0 Mode ref, Ref Stage 70, run, end, 9783589766573297
1787664523.928530, NoOp Chain Depth 128 Size 0 Mode ref, Ref Stage 71, run, start, 9783589766589953
1787664523.928554, NoOp Chain Depth 128 Size 0 Mode ref, Ref Stage 71, run, end, 9783589766612561
1787664523.928570, NoOp Chain Depth 128 Size 0 Mode ref, Ref Stage 72, run, start, 9783589766630033
1787664523.928593, NoOp Chain Depth 128 Size 0 Mode ref, Ref Stage 72, run, end, 9783589766652337
1787664523.928609, NoOp Chain Depth 128 Size 0 Mode ref, Ref Stage 73, run, start, 9783589766668993
1787664523.928634, NoOp Chain Depth 128 Size 0 Mode ref, Ref Stage 73, run, end, 9783589766692865
1787664523.928646, NoOp Chain Depth 128 Size 0 Mode ref, Ref Stage 74, run, start, 9783589766705857
1787664523.928679, NoOp Chain Depth 128 Size 0 Mode ref, Ref Stage 74, run, end, 9783589766738257
1787664523.928695, NoOp Chain Depth 128 Size 0 Mode ref, Ref Stage 75, run, start, 9783589766754657
1787664523.928718, NoOp Chain Depth 128 Size 0 Mode ref, Ref Stage 75, run, end, 9783589766776817
1787664523.928734, NoOp Chain Depth 128 Size 0 Mode ref, Ref Stage 76, run, start, 9783589766793041
1787664523.928756, NoOp Chain Depth 128 Size 0 Mode ref, Ref Stage 76, run, end, 9783589766815777
1787664523.928768, NoOp Chain Depth 128 Size 0 Mode ref, Ref Stage 77, run, start, 9783589766828225
1787664523.928801, NoOp Chain Depth 128 Size 0 Mode ref, Ref Stage 77, run, end, 9783589766859649
1787664523.928816, NoOp Chain Depth 128 Size 0 Mode ref, Ref Stage 78, run, start, 9783589766874977
1787664523.928964, NoOp Chain Depth 128 Size 0 Mode ref, Ref Stage 78, run, end, 9783589767024625
1787664523.928987, NoOp Chain Depth 128 Size 0 Mode ref, Ref Stage 79, run, start, 9783589767046577
1787664523.929011, NoOp Chain Depth 128 Size 0 Mode ref, Ref Stage 79, run, end, 9783589767070689
1787664523.929027, NoOp Chain Depth 128 Size 0 Mode ref, Ref Stage 80, run, start, 9783589767086209
1787664523.929049, NoOp Chain Depth 128 Size 0 Mode ref, Ref Stage 80, run, end, 9783589767108209
1787664523.929066, NoOp Chain Depth 128 Size 0 Mode ref, Ref Stage 81, run, start, 9783589767125329
1787664523.929090, NoOp Chain Depth 128 Size 0 Mode ref, Ref Stage 81, run, end, 9783589767149185
1787664523.929102, NoOp Chain Depth 128 Size 0 Mode ref, Ref Stage 82, run, start, 9783589767161409
1787664523.929134, NoOp Chain Depth 128 Size 0 Mode ref, Ref Stage 82, run, end, 9783589767192833
1787664523.929148, NoOp Chain Depth 128 Size 0 Mode ref, Ref Stage 83, run, start, 9783589767207745
1787664523.929170, NoOp Chain Depth 128 Size 0 Mode ref, Ref Stage 83, run, end, 9783589767229265
1787664523.929185, NoOp Chain Depth 128 Size 0 Mode ref, Ref Stage 84, run, start, 9783589767244433
1787664523.929207, NoOp Chain Depth 128 Size 0 Mode ref, Ref Stage 84, run, end, 9783589767265649
1787664523.929222, NoOp Chain Depth 128 Size 0 Mode ref, Ref Stage 85, run, start, 9783589767280769
1787664523.929243, NoOp Chain Depth 128 Size 0 Mode ref, Ref Stage 85, run, end, 9783589767302800
1787664523.929260, NoOp Chain Depth 128 Size 0 Mode ref, Ref Stage 86, run, start, 9783589767320032
1787664523.929282, NoOp Chain Depth 128 Size 0 Mode ref, Ref Stage 86, run, end, 9783589767341328
1787664523.929297, NoOp Chain Depth 128 Size 0 Mode ref, Ref Stage 87, run, start, 9783589767356816
1787664523.929319, NoOp Chain Depth 128 Size 0 Mode ref, Ref Stage 87, run, end, 9783589767378672
1787664523.929335, NoOp Chain Depth 128 Size 0 Mode ref, Ref Stage 88, run, start, 9783589767394560
1787664523.929357, NoOp Chain Depth 128 Size 0 Mode ref, Ref Stage 88, run, end, 9783589767415904
1787664523.929372, NoOp Chain Depth 128 Size 0 Mode ref, Ref Stage 89, run, start, 9783589767430896
1787664523.929393, NoOp Chain Depth 128 Size 0 Mode ref, Ref Stage 89, run, end, 9783589767452336
1787664523.929408, NoOp Chain Depth 128 Size 0 Mode ref, Ref Stage 90, run, start, 9783589767467184
1787664523.929430, NoOp Chain Depth 128 Size 0 Mode ref, Ref Stage 90, run, end, 9783589767488592
1787664523.929447, NoOp Chain Depth 128 Size 0 Mode ref, Ref Stage 91, run, start, 9783589767506656
1787664523.929469, NoOp Chain Depth 128 Size 0 Mode ref, Ref Stage 91, run, end, 9783589767528096
1787664523.929484, NoOp Chain Depth 128 Size 0 Mode ref, Ref Stage 92, run, start, 9783589767543376
1787664523.929506, NoOp Chain Depth 128 Size 0 Mode ref, Ref Stage 92, run, end, 9783589767565232
1787664523.929521, NoOp Chain Depth 128 Size 0 Mode ref, Ref Stage 93, run, start, 9783589767580528
1787664523.929543, NoOp Chain Depth 128 Size 0 Mode ref, Ref Stage 93, run, end, 9783589767602384
1787664523.929987, NoOp Chain Depth 128 Size 0 Mode ref, Ref Stage 94, run, start, 9783589768047376
1787664523.930014, NoOp Chain Depth 128 Size 0 Mode ref, Ref Stage 94, run, end, 9783589768073824
1787664523.930031, NoOp Chain Depth 128 Size 0 Mode ref, Ref Stage 95, run, start, 9783589768090336
1787664523.930054, NoOp Chain Depth 128 Size 0 Mode ref, Ref Stage 95, run, end, 9783589768113152
1787664523.930069, NoOp Chain Depth 128 Size 0 Mode ref, Ref Stage 96, run, start, 9783589768129136
1787664523.930092, NoOp Chain Depth 128 Size 0 Mode ref, Ref Stage 96, run, end, 9783589768151104
1787664523.930107, NoOp Chain Depth 128 Size 0 Mode ref, Ref Stage 97, run, start, 9783589768166640
1787664523.930129, NoOp Chain Depth 128 Size 0 Mode ref, Ref Stage 97, run, end, 9783589768188720
1787664523.930145, NoOp Chain Depth 128 Size 0 Mode ref, Ref Stage 98, run, start, 9783589768204192
1787664523.930167, NoOp Chain Depth 128 Size 0 Mode ref, Ref Stage 98, run, end, 9783589768226544
1787664523.930827, NoOp Chain Depth 128 Size 0 Mode ref, Ref Stage 99, run, start, 9783589768887615
1787664523.930854, NoOp Chain Depth 128 Size 0 Mode ref, Ref Stage 99, run, end, 9783589768913951
1787664523.930871, NoOp Chain Depth 128 Size 0 Mode ref, Ref Stage 100, run, start, 9783589768931055
1787664523.930896, NoOp Chain Depth 128 Size 0 Mode ref, Ref Stage 100, run, end, 9783589768955503
1787664523.930909, NoOp Chain Depth 128 Size 0 Mode ref, Ref Stage 101, run, start, 9783589768968991
1787664523.930942, NoOp Chain Depth 128 Size 0 Mode ref, Ref Stage 101, run, end, 9783589769003935
1787664523.930961, NoOp Chain Depth 128 Size 0 Mode ref, Ref Stage 102, run, start, 9783589769020543
1787664523.930983, NoOp Chain Depth 128 Size 0 Mode ref, Ref Stage 102, run, end, 9783589769042319
1787664523.930998, NoOp Chain Depth 128 Size 0 Mode ref, Ref Stage 103, run, start, 9783589769057823
1787664523.931021, NoOp Chain Depth 128 Size 0 Mode ref, Ref Stage 103, run, end, 9783589769079983
1787664523.931036, NoOp Chain Depth 128 Size 0 Mode ref, Ref Stage 104, run, start, 9783589769095695
1787664523.931058, NoOp Chain Depth 128 Size 0 Mode ref, Ref Stage 104, run, end, 9783589769117583
1787664523.931073, NoOp Chain Depth 128 Size 0 Mode ref, Ref Stage 105, run, start, 9783589769132623
1787664523.931095, NoOp Chain Depth 128 Size 0 Mode ref, Ref Stage 105, run, end, 9783589769154047
1787664523.931110, NoOp Chain Depth 128 Size 0 Mode ref, Ref Stage 106, run, start, 9783589769169487
1787664523.931134, NoOp Chain Depth 128 Size 0 Mode ref, Ref Stage 106, run, end, 9783589769193311
1787664523.931150, NoOp Chain Depth 128 Size 0 Mode ref, Ref Stage 107, run, start, 9783589769209615
1787664523.931172, NoOp Chain Depth 128 Size 0 Mode ref, Ref Stage 107, run, end, 9783589769231375
1787664523.931187, NoOp Chain Depth 128 Size 0 Mode ref, Ref Stage 108, run, start, 9783589769247103
1787664523.931209, NoOp Chain Depth 128 Size 0 Mode ref, Ref Stage 108, run, end, 9783589769268271
1787664523.931225, NoOp Chain Depth 128 Size 0 Mode ref, Ref Stage 109, run, start, 9783589769284079
1787664523.931246, NoOp Chain Depth 128 Size 0 Mode ref, Ref Stage 109, run, end, 9783589769305439
1787664523.931262, NoOp Chain Depth 128 Size 0 Mode ref, Ref Stage 110, run, start, 9783589769321359
1787664523.931286, NoOp Chain Depth 128 Size 0 Mode ref, Ref Stage 110, run, end, 9783589769344607
1787664523.931297, NoOp Chain Depth 128 Size 0 Mode ref, Ref Stage 111, run, start, 9783589769356735
1787664523.931329, NoOp Chain Depth 128 Size 0 Mode ref, Ref Stage 111, run, end, 9783589769388303
1787664523.931344, NoOp Chain Depth 128 Size 0 Mode ref, Ref Stage 112, run, start, 9783589769403615
1787664523.931365, NoOp Chain Depth 128 Size 0 Mode ref, Ref Stage 112, run, end, 9783589769424671
1787664523.931381, NoOp Chain Depth 128 Size 0 Mode ref, Ref Stage 113, run, start, 9783589769440191
1787664523.931402, NoOp Chain Depth 128 Size 0 Mode ref, Ref Stage 113, run, end, 9783589769461487
1787664523.931417, NoOp Chain Depth 128 Size 0 Mode ref, Ref Stage 114, run, start, 9783589769476735
1787664523.931439, NoOp Chain Depth 128 Size 0 Mode ref, Ref Stage 114, run, end, 9783589769498175
1787664523.931455, NoOp Chain Depth 128 Size 0 Mode ref, Ref Stage 115, run, start, 9783589769514367
1787664523.931478, NoOp Chain Depth 128 Size 0 Mode ref, Ref Stage 115, run, end, 9783589769537407
1787664523.931490, NoOp Chain Depth 128 Size 0 Mode ref, Ref Stage 116, run, start, 9783589769549871
1787664523.931524, NoOp Chain Depth 128 Size 0 Mode ref, Ref Stage 116, run, end, 9783589769582959
1787664523.931536, NoOp Chain Depth 128 Size 0 Mode ref, Ref Stage 117, run, start, 9783589769595023
1787664523.931567, NoOp Chain Depth 128 Size 0 Mode ref, Ref Stage 117, run, end, 9783589769626399
1787664523.931582, NoOp Chain Depth 128 Size 0 Mode ref, Ref Stage 118, run, start, 9783589769641535
1787664523.931604, NoOp Chain Depth 128 Size 0 Mode ref, Ref Stage 118, run, end, 9783589769662927
1787664523.931618, NoOp Chain Depth 128 Size 0 Mode ref, Ref Stage 119, run, start, 9783589769678143
1787664523.931640, NoOp Chain Depth 128 Size 0 Mode ref, Ref Stage 119, run, end, 9783589769699551
1787664523.931655, NoOp Chain Depth 128 Size 0 Mode ref, Ref Stage 120, run, start, 9783589769714847
1787664523.931677, NoOp Chain Depth 128 Size 0 Mode ref, Ref Stage 120, run, end, 9783589769736015
1787664523.931692, NoOp Chain Depth 128 Size 0 Mode ref, Ref Stage 121, run, start, 9783589769751199
1787664523.931714, NoOp Chain Depth 128 Size 0 Mode ref, Ref Stage 121, run, end, 9783589769772863
1787664523.931730, NoOp Chain Depth 128 Size 0 Mode ref, Ref Stage 122, run, start, 9783589769789087
1787664523.931753, NoOp Chain Depth 128 Size 0 Mode ref, Ref Stage 122, run, end, 9783589769812591
1787664523.931765, NoOp Chain Depth 128 Size 0 Mode ref, Ref Stage 123, run, start, 9783589769824895
1787664523.931799, NoOp Chain Depth 128 Size 0 Mode ref, Ref Stage 123, run, end, 9783589769858447
1787664523.931811, NoOp Chain Depth 128 Size 0 Mode ref, Ref Stage 124, run, start, 9783589769870783
1787664523.931844, NoOp Chain Depth 128 Size 0 Mode ref, Ref Stage 124, run, end, 9783589769902911
1787664523.931859, NoOp Chain Depth 128 Size 0 Mode ref, Ref Stage 125, run, start, 9783589769918207
1787664523.931880, NoOp Chain Depth 128 Size 0 Mode ref, Ref Stage 125, run, end, 9783589769939823
1787664523.931896, NoOp Chain Depth 128 Size 0 Mode ref, Ref Stage 126, run, start, 9783589769955039
1787664523.931917, NoOp Chain Depth 128 Size 0 Mode ref, Ref Stage 126, run, end, 9783589769976367
1787664523.931934, NoOp Chain Depth 128 Size 0 Mode ref, Ref Stage 127, run, start, 9783589769993999
1787664523.931958, NoOp Chain Depth 128 Size 0 Mode ref, Ref Stage 127, run, end, 9783589770017855
1787664523.931976, NoOp Chain Depth 128 Size 0 Mode ref, pipeline - train, run, end, 71643144802005665235931354787183025360, 1787664523.924608, 36, 1, 9783589770035599
1787664523.932020, NoOp Chain Depth 128 Size 0 Mode ref, pipeline - train, run, start, 50829299514828677136000241181132400498, 1787664523.932005, 37, 1, 9783589770080063
1787664523.932045, NoOp Chain Depth 128 Size 0 Mode ref, Ref Stage 0, run, start, 9783589770105247
1787664523.932076, NoOp Chain Depth 128 Size 0 Mode ref, Ref Stage 0, run, end, 9783589770135567
1787664523.932093, NoOp Chain Depth 128 Size 0 Mode ref, Ref Stage 1, run, start, 9783589770152319
1787664523.932116, NoOp Chain Depth 128 Size 0 Mode ref, Ref Stage 1, run, end, 9783589770174751
1787664523.932133, NoOp Chain Depth 128 Size 0 Mode ref, Ref Stage 2, run, start, 9783589770192271
1787664523.932155, NoOp Chain Depth 128 Size 0 Mode ref, Ref Stage 2, run, end, 9783589770213951
1787664523.932170, NoOp Chain Depth 128 Size 0 Mode ref, Ref Stage 3, run, start, 9783589770229535
1787664523.932194, NoOp Chain Depth 128 Size 0 Mode ref, Ref Stage 3, run, end, 9783589770252943
1787664523.932524, NoOp Chain Depth 128 Size 0 Mode ref, Ref Stage 4, run, start, 9783589770584670
1787664523.932552, NoOp Chain Depth 128 Size 0 Mode ref, Ref Stage 4, run, end, 9783589770611918
1787664523.932677, NoOp Chain Depth 128 Size 0 Mode ref, Ref Stage 5, run, start, 9783589770736686
1787664523.932700, NoOp Chain Depth 128 Size 0 Mode ref, Ref Stage 5, run, end, 9783589770758926
1787664523.932715, NoOp Chain Depth 128 Size 0 Mode ref, Ref Stage 6, run, start, 9783589770775214
1787664523.932737, NoOp Chain Depth 128 Size 0 Mode ref, Ref Stage 6, run, end, 9783589770796558
1787664523.932753, NoOp Chain Depth 128 Size 0 Mode ref, Ref Stage 7, run, start, 9783589770812190
1787664523.932774, NoOp Chain Depth 128 Size 0 Mode ref, Ref Stage 7, run, end, 9783589770833422
1787664523.932789, NoOp Chain Depth 128 Size 0 Mode ref, Ref Stage 8, run, start, 9783589770848622
1787664523.932811, NoOp Chain Depth 128 Size 0 Mode ref, Ref Stage 8, run, end, 9783589770870190
1787664523.932827, NoOp Chain Depth 128 Size 0 Mode ref, Ref Stage 9, run, start, 9783589770886046
1787664523.932848, NoOp Chain Depth 128 Size 0 Mode ref, Ref Stage 9, run, end, 9783589770907662
1787664523.932864, NoOp Chain Depth 128 Size 0 Mode ref, Ref Stage 10, run, start, 9783589770923230
1787664523.932888, NoOp Chain Depth 128 Size 0 Mode ref, Ref Stage 10, run, end, 9783589770946926
1787664523.932900, NoOp Chain Depth 128 Size 0 Mode ref, Ref Stage 11, run, start, 9783589770959358
1787664523.932932, NoOp Chain Depth 128 Size 0 Mode ref, Ref Stage 11, run, end, 9783589770991838
1787664523.932950, NoOp Chain Depth 128 Size 0 Mode ref, Ref Stage 12, run, start, 9783589771009726
1787664523.932973, NoOp Chain Depth 128 Size 0 Mode ref, Ref Stage 12, run, end, 9783589771032398
1787664523.932988, NoOp Chain Depth 128 Size 0 Mode ref, Ref Stage 13, run, start, 9783589771047742
1787664523.933010, NoOp Chain Depth 128 Size 0 Mode ref, Ref Stage 13, run, end, 9783589771069278
1787664523.933025, NoOp Chain Depth 128 Size 0 Mode ref, Ref Stage 14, run, start, 9783589771084526
1787664523.933049, NoOp Chain Depth 128 Size 0 Mode ref, Ref Stage 14, run, end, 9783589771108206
1787664523.933064, NoOp Chain Depth 128 Size 0 Mode ref, Ref Stage 15, run, start, 9783589771123982
1787664523.933086, NoOp Chain Depth 128 Size 0 Mode ref, Ref Stage 15, run, end, 9783589771145406
1787664523.933101, NoOp Chain Depth 128 Size 0 Mode ref, Ref Stage 16, run, start, 9783589771160846
1787664523.933124, NoOp Chain Depth 128 Size 0 Mode ref, Ref Stage 16, run, end, 9783589771182846
1787664523.933139, NoOp Chain Depth 128 Size 0 Mode ref, Ref Stage 17, run, start, 9783589771198478
1787664523.933161, NoOp Chain Depth 128 Size 0 Mode ref, Ref Stage 17, run, end, 9783589771219694
1787664523.933176, NoOp Chain Depth 128 Size 0 Mode ref, Ref Stage 18, run, start, 9783589771235326
1787664523.933200, NoOp Chain Depth 128 Size 0 Mode ref, Ref Stage 18, run, end, 9783589771259326
1787664523.933215, NoOp Chain Depth 128 Size 0 Mode ref, Ref Stage 19, run, start, 9783589771274606
1787664523.933238, NoOp Chain Depth 128 Size 0 Mode ref, Ref Stage 19, run, end, 9783589771297422
1787664523.933253, NoOp Chain Depth 128 Size 0 Mode ref, Ref Stage 20, run, start, 9783589771312414
1787664523.933275, NoOp Chain Depth 128 Size 0 Mode ref, Ref Stage 20, run, end, 9783589771334126
1787664523.933290, NoOp Chain Depth 128 Size 0 Mode ref, Ref Stage 21, run, start, 9783589771349726
1787664523.933314, NoOp Chain Depth 128 Size 0 Mode ref, Ref Stage 21, run, end, 9783589771373406
1787664523.933326, NoOp Chain Depth 128 Size 0 Mode ref, Ref Stage 22, run, start, 9783589771386526
1787664523.933359, NoOp Chain Depth 128 Size 0 Mode ref, Ref Stage 22, run, end, 9783589771418078
1787664523.933374, NoOp Chain Depth 128 Size 0 Mode ref, Ref Stage 23, run, start, 9783589771433438
1787664523.933396, NoOp Chain Depth 128 Size 0 Mode ref, Ref Stage 23, run, end, 9783589771455006
1787664523.933411, NoOp Chain Depth 128 Size 0 Mode ref, Ref Stage 24, run, start, 9783589771470030
1787664523.933432, NoOp Chain Depth 128 Size 0 Mode ref, Ref Stage 24, run, end, 9783589771491134
1787664523.933448, NoOp Chain Depth 128 Size 0 Mode ref, Ref Stage 25, run, start, 9783589771507742
1787664523.933470, NoOp Chain Depth 128 Size 0 Mode ref, Ref Stage 25, run, end, 9783589771529262
1787664523.933485, NoOp Chain Depth 128 Size 0 Mode ref, Ref Stage 26, run, start, 9783589771544766
1787664523.933506, NoOp Chain Depth 128 Size 0 Mode ref, Ref Stage 26, run, end, 9783589771565790
1787664523.933522, NoOp Chain Depth 128 Size 0 Mode ref, Ref Stage 27, run, start, 9783589771581006
1787664523.933543, NoOp Chain Depth 128 Size 0 Mode ref, Ref Stage 27, run, end, 9783589771602478
1787664523.933558, NoOp Chain Depth 128 Size 0 Mode ref, Ref Stage 28, run, start, 9783589771617694
1787664523.933579, NoOp Chain Depth 128 Size 0 Mode ref, Ref Stage 28, run, end, 9783589771638830
1787664523.933595, NoOp Chain Depth 128 Size 0 Mode ref, Ref Stage 29, run, start, 9783589771654174
1787664523.933616, NoOp Chain Depth 128 Size 0 Mode ref, Ref Stage 29, run, end, 9783589771675342
1787664523.933631, NoOp Chain Depth 128 Size 0 Mode ref, Ref Stage 30, run, start, 9783589771691118
1787664523.933654, NoOp Chain Depth 128 Size 0 Mode ref, Ref Stage 30, run, end, 9783589771713694
1787664523.933670, NoOp Chain Depth 128 Size 0 Mode ref, Ref Stage 31, run, start, 9783589771729630
1787664523.933692, NoOp Chain Depth 128 Size 0 Mode ref, Ref Stage 31, run, end, 9783589771750734
1787664523.933707, NoOp Chain Depth 128 Size 0 Mode ref, Ref Stage 32, run, start, 9783589771766030
1787664523.933730, NoOp Chain Depth 128 Size 0 Mode ref, Ref Stage 32, run, end, 9783589771788910
1787664523.933745, NoOp Chain Depth 128 Size 0 Mode ref, Ref Stage 33, run, start, 9783589771804302
1787664523.933766, NoOp Chain Depth 128 Size 0 Mode ref, Ref Stage 33, run, end, 9783589771825470
1787664523.933781, NoOp Chain Depth 128 Size 0 Mode ref, Ref Stage 34, run, start, 9783589771840814
1787664523.933803, NoOp Chain Depth 128 Size 0 Mode ref, Ref Stage 34, run, end, 9783589771861934
1787664523.933818, NoOp Chain Depth 128 Size 0 Mode ref, Ref Stage 35, run, start, 9783589771877982
1787664523.933841, NoOp Chain Depth 128 Size 0 Mode ref, Ref Stage 35, run, end, 9783589771900142
1787664523.933857, NoOp Chain Depth 128 Size 0 Mode ref, Ref Stage 36, run, start, 9783589771916157
1787664523.933880, NoOp Chain Depth 128 Size 0 Mode ref, Ref Stage 36, run, end, 9783589771939133
1787664523.933892, NoOp Chain Depth 128 Size 0 Mode ref, Ref Stage 37, run, start, 9783589771951325
1787664523.933923, NoOp Chain Depth 128 Size 0 Mode ref, Ref Stage 37, run, end, 9783589771982829
1787664523.933939, NoOp Chain Depth 128 Size 0 Mode ref, Ref Stage 38, run, start, 9783589771997789
1787664523.933963, NoOp Chain Depth 128 Size 0 Mode ref, Ref Stage 38, run, end, 9783589772021693
1787664523.933979, NoOp Chain Depth 128 Size 0 Mode ref, Ref Stage 39, run, start, 9783589772038269
1787664523.934000, NoOp Chain Depth 128 Size 0 Mode ref, Ref Stage 39, run, end, 9783589772059725
1787664523.934016, NoOp Chain Depth 128 Size 0 Mode ref, Ref Stage 40, run, start, 9783589772074845
1787664523.934037, NoOp Chain Depth 128 Size 0 Mode ref, Ref Stage 40, run, end, 9783589772096493
1787664523.934053, NoOp Chain Depth 128 Size 0 Mode ref, Ref Stage 41, run, start, 9783589772112509
1787664523.934149, NoOp Chain Depth 128 Size 0 Mode ref, Ref Stage 41, run, end, 9783589772208717
1787664523.934166, NoOp Chain Depth 128 Size 0 Mode ref, Ref Stage 42, run, start, 9783589772225757
1787664523.934189, NoOp Chain Depth 128 Size 0 Mode ref, Ref Stage 42, run, end, 9783589772247901
1787664523.934204, NoOp Chain Depth 128 Size 0 Mode ref, Ref Stage 43, run, start, 9783589772263533
1787664523.934226, NoOp Chain Depth 128 Size 0 Mode ref, Ref Stage 43, run, end, 9783589772285021
1787664523.934241, NoOp Chain Depth 128 Size 0 Mode ref, Ref Stage 44, run, start, 9783589772300557
1787664523.934263, NoOp Chain Depth 128 Size 0 Mode ref, Ref Stage 44, run, end, 9783589772321789
1787664523.934278, NoOp Chain Depth 128 Size 0 Mode ref, Ref Stage 45, run, start, 9783589772337117
1787664523.934300, NoOp Chain Depth 128 Size 0 Mode ref, Ref Stage 45, run, end, 9783589772359581
1787664523.934316, NoOp Chain Depth 128 Size 0 Mode ref, Ref Stage 46, run, start, 9783589772375133
1787664523.934339, NoOp Chain Depth 128 Size 0 Mode ref, Ref Stage 46, run, end, 9783589772398093
1787664523.934354, NoOp Chain Depth 128 Size 0 Mode ref, Ref Stage 47, run, start, 9783589772413117
1787664523.934376, NoOp Chain Depth 128 Size 0 Mode ref, Ref Stage 47, run, end, 9783589772434541
1787664523.934391, NoOp Chain Depth 128 Size 0 Mode ref, Ref Stage 48, run, start, 9783589772450173
1787664523.934414, NoOp Chain Depth 128 Size 0 Mode ref, Ref Stage 48, run, end, 9783589772473341
1787664523.934426, NoOp Chain Depth 128 Size 0 Mode ref, Ref Stage 49, run, start, 9783589772485389
1787664523.934458, NoOp Chain Depth 128 Size 0 Mode ref, Ref Stage 49, run, end, 9783589772517549
1787664523.934473, NoOp Chain Depth 128 Size 0 Mode ref, Ref Stage 50, run, start, 9783589772532717
1787664523.934495, NoOp Chain Depth 128 Size 0 Mode ref, Ref Stage 50, run, end, 9783589772554365
1787664523.934510, NoOp Chain Depth 128 Size 0 Mode ref, Ref Stage 51, run, start, 9783589772569725
1787664523.934533, NoOp Chain Depth 128 Size 0 Mode ref, Ref Stage 51, run, end, 9783589772592557
1787664523.934548, NoOp Chain Depth 128 Size 0 Mode ref, Ref Stage 52, run, start, 9783589772607805
1787664523.934571, NoOp Chain Depth 128 Size 0 Mode ref, Ref Stage 52, run, end, 9783589772629709
1787664523.934586, NoOp Chain Depth 128 Size 0 Mode ref, Ref Stage 53, run, start, 9783589772645693
1787664523.934608, NoOp Chain Depth 128 Size 0 Mode ref, Ref Stage 53, run, end, 9783589772666973
1787664523.934623, NoOp Chain Depth 128 Size 0 Mode ref, Ref Stage 54, run, start, 9783589772682317
1787664523.934644, NoOp Chain Depth 128 Size 0 Mode ref, Ref Stage 54, run, end, 9783589772703709
1787664523.934660, NoOp Chain Depth 128 Size 0 Mode ref, Ref Stage 55, run, start, 9783589772719229
1787664523.934681, NoOp Chain Depth 128 Size 0 Mode ref, Ref Stage 55, run, end, 9783589772740701
1787664523.934696, NoOp Chain Depth 128 Size 0 Mode ref, Ref Stage 56, run, start, 9783589772755693
1787664523.934717, NoOp Chain Depth 128 Size 0 Mode ref, Ref Stage 56, run, end, 9783589772776701
1787664523.934734, NoOp Chain Depth 128 Size 0 Mode ref, Ref Stage 57, run, start, 9783589772793005
1787664523.934755, NoOp Chain Depth 128 Size 0 Mode ref, Ref Stage 57, run, end, 9783589772814365
1787664523.934770, NoOp Chain Depth 128 Size 0 Mode ref, Ref Stage 58, run, start, 9783589772829837
1787664523.934794, NoOp Chain Depth 128 Size 0 Mode ref, Ref Stage 58, run, end, 9783589772852989
1787664523.934809, NoOp Chain Depth 128 Size 0 Mode ref, Ref Stage 59, run, start, 9783589772868125
1787664523.934832, NoOp Chain Depth 128 Size 0 Mode ref, Ref Stage 59, run, end, 9783589772890893
1787664523.934847, NoOp Chain Depth 128 Size 0 Mode ref, Ref Stage 60, run, start, 9783589772906445
1787664523.934869, NoOp Chain Depth 128 Size 0 Mode ref, Ref Stage 60, run, end, 9783589772927725
1787664523.934884, NoOp Chain Depth 128 Size 0 Mode ref, Ref Stage 61, run, start, 9783589772943133
1787664523.934905, NoOp Chain Depth 128 Size 0 Mode ref, Ref Stage 61, run, end, 9783589772964237
1787664523.934921, NoOp Chain Depth 128 Size 0 Mode ref, Ref Stage 62, run, start, 9783589772979869
1787664523.934943, NoOp Chain Depth 128 Size 0 Mode ref, Ref Stage 62, run, end, 9783589773003773
1787664523.934961, NoOp Chain Depth 128 Size 0 Mode ref, Ref Stage 63, run, start, 9783589773020573
1787664523.934984, NoOp Chain Depth 128 Size 0 Mode ref, Ref Stage 63, run, end, 9783589773043485
1787664523.934999, NoOp Chain Depth 128 Size 0 Mode ref, Ref Stage 64, run, start, 9783589773059037
1787664523.935022, NoOp Chain Depth 128 Size 0 Mode ref, Ref Stage 64, run, end, 9783589773080861
1787664523.935037, NoOp Chain Depth 128 Size 0 Mode ref, Ref Stage 65, run, start, 9783589773096653
1787664523.935059, NoOp Chain Depth 128 Size 0 Mode ref, Ref Stage 65, run, end, 9783589773118189
1787664523.935074, NoOp Chain Depth 128 Size 0 Mode ref, Ref Stage 66, run, start, 9783589773133341
1787664523.935096, NoOp Chain Depth 128 Size 0 Mode ref, Ref Stage 66, run, end, 9783589773154685
1787664523.935110, NoOp Chain Depth 128 Size 0 Mode ref, Ref Stage 67, run, start, 9783589773169965
1787664523.935133, NoOp Chain Depth 128 Size 0 Mode ref, Ref Stage 67, run, end, 9783589773192269
1787664523.935148, NoOp Chain Depth 128 Size 0 Mode ref, Ref Stage 68, run, start, 9783589773207197
1787664523.935169, NoOp Chain Depth 128 Size 0 Mode ref, Ref Stage 68, run, end, 9783589773228253
1787664523.935184, NoOp Chain Depth 128 Size 0 Mode ref, Ref Stage 69, run, start, 9783589773243741
1787664523.935205, NoOp Chain Depth 128 Size 0 Mode ref, Ref Stage 69, run, end, 9783589773264477
1787664523.935220, NoOp Chain Depth 128 Size 0 Mode ref, Ref Stage 70, run, start, 9783589773279709
1787664523.935241, NoOp Chain Depth 128 Size 0 Mode ref, Ref Stage 70, run, end, 9783589773300765
1787664523.935257, NoOp Chain Depth 128 Size 0 Mode ref, Ref Stage 71, run, start, 9783589773316429
1787664523.935280, NoOp Chain Depth 128 Size 0 Mode ref, Ref Stage 71, run, end, 9783589773338892
1787664523.935295, NoOp Chain Depth 128 Size 0 Mode ref, Ref Stage 72, run, start, 9783589773354396
1787664523.935317, NoOp Chain Depth 128 Size 0 Mode ref, Ref Stage 72, run, end, 9783589773375644
1787664523.935333, NoOp Chain Depth 128 Size 0 Mode ref, Ref Stage 73, run, start, 9783589773392476
1787664523.935357, NoOp Chain Depth 128 Size 0 Mode ref, Ref Stage 73, run, end, 9783589773416332
1787664523.935369, NoOp Chain Depth 128 Size 0 Mode ref, Ref Stage 74, run, start, 9783589773428860
1787664523.935402, NoOp Chain Depth 128 Size 0 Mode ref, Ref Stage 74, run, end, 9783589773461356
1787664523.935417, NoOp Chain Depth 128 Size 0 Mode ref, Ref Stage 75, run, start, 9783589773476780
1787664523.935439, NoOp Chain Depth 128 Size 0 Mode ref, Ref Stage 75, run, end, 9783589773497708
1787664523.935454, NoOp Chain Depth 128 Size 0 Mode ref, Ref Stage 76, run, start, 9783589773513660
1787664523.935475, NoOp Chain Depth 128 Size 0 Mode ref, Ref Stage 76, run, end, 9783589773534780
1787664523.935491, NoOp Chain Depth 128 Size 0 Mode ref, Ref Stage 77, run, start, 9783589773549996
1787664523.935513, NoOp Chain Depth 128 Size 0 Mode ref, Ref Stage 77, run, end, 9783589773572268
1787664523.935528, NoOp Chain Depth 128 Size 0 Mode ref, Ref Stage 78, run, start, 9783589773587452
1787664523.935551, NoOp Chain Depth 128 Size 0 Mode ref, Ref Stage 78, run, end, 9783589773610044
1787664523.935566, NoOp Chain Depth 128 Size 0 Mode ref, Ref Stage 79, run, start, 9783589773625244
1787664523.935587, NoOp Chain Depth 128 Size 0 Mode ref, Ref Stage 79, run, end, 9783589773646092
1787664523.935602, NoOp Chain Depth 128 Size 0 Mode ref, Ref Stage 80, run, start, 9783589773661388
1787664523.935629, NoOp Chain Depth 128 Size 0 Mode ref, Ref Stage 80, run, end, 9783589773687900
1787664523.935644, NoOp Chain Depth 128 Size 0 Mode ref, Ref Stage 81, run, start, 9783589773703148
1787664523.935665, NoOp Chain Depth 128 Size 0 Mode ref, Ref Stage 81, run, end, 9783589773724332
1787664523.935680, NoOp Chain Depth 128 Size 0 Mode ref, Ref Stage 82, run, start, 9783589773739452
1787664523.935701, NoOp Chain Depth 128 Size 0 Mode ref, Ref Stage 82, run, end, 9783589773760220
1787664523.935716, NoOp Chain Depth 128 Size 0 Mode ref, Ref Stage 83, run, start, 9783589773775164
1787664523.935738, NoOp Chain Depth 128 Size 0 Mode ref, Ref Stage 83, run, end, 9783589773797468
1787664523.935754, NoOp Chain Depth 128 Size 0 Mode ref, Ref Stage 84, run, start, 9783589773812828
1787664523.935775, NoOp Chain Depth 128 Size 0 Mode ref, Ref Stage 84, run, end, 9783589773834348
1787664523.935790, NoOp Chain Depth 128 Size 0 Mode ref, Ref Stage 85, run, start, 9783589773849516
1787664523.935813, NoOp Chain Depth 128 Size 0 Mode ref, Ref Stage 85, run, end, 9783589773872332
1787664523.935828, NoOp Chain Depth 128 Size 0 Mode ref, Ref Stage 86, run, start, 9783589773887372
1787664523.935849, NoOp Chain Depth 128 Size 0 Mode ref, Ref Stage 86, run, end, 9783589773908444
1787664523.935864, NoOp Chain Depth 128 Size 0 Mode ref, Ref Stage 87, run, start, 9783589773923756
1787664523.935885, NoOp Chain Depth 128 Size 0 Mode ref, Ref Stage 87, run, end, 9783589773944348
1787664523.935900, NoOp Chain Depth 128 Size 0 Mode ref, Ref Stage 88, run, start, 9783589773959196
1787664523.935922, NoOp Chain Depth 128 Size 0 Mode ref, Ref Stage 88, run, end, 9783589773981420
1787664523.935937, NoOp Chain Depth 128 Size 0 Mode ref, Ref Stage 89, run, start, 9783589773996524
1787664523.935961, NoOp Chain Depth 128 Size 0 Mode ref, Ref Stage 89, run, end, 9783589774019740
1787664523.935977, NoOp Chain Depth 128 Size 0 Mode ref, Ref Stage 90, run, start, 9783589774035644
1787664523.935998, NoOp Chain Depth 128 Size 0 Mode ref, Ref Stage 90, run, end, 9783589774056860
1787664523.936013, NoOp Chain Depth 128 Size 0 Mode ref, Ref Stage 91, run, start, 9783589774071996
1787664523.936035, NoOp Chain Depth 128 Size 0 Mode ref, Ref Stage 91, run, end, 9783589774094092
1787664523.936051, NoOp Chain Depth 128 Size 0 Mode ref, Ref Stage 92, run, start, 9783589774110732
1787664523.936072, NoOp Chain Depth 128 Size 0 Mode ref, Ref Stage 92, run, end, 9783589774131676
1787664523.936492, NoOp Chain Depth 128 Size 0 Mode ref, Ref Stage 93, run, start, 9783589774552140
1787664523.936518, NoOp Chain Depth 128 Size 0 Mode ref, Ref Stage 93, run, end, 9783589774577692
1787664523.936534, NoOp Chain Depth 128 Size 0 Mode ref, Ref Stage 94, run, start, 9783589774593516
1787664523.936558, NoOp Chain Depth 128 Size 0 Mode ref, Ref Stage 94, run, end, 9783589774616988
1787664523.936574, NoOp Chain Depth 128 Size 0 Mode ref, Ref Stage 95, run, start, 9783589774632636
1787664523.936595, NoOp Chain Depth 128 Size 0 Mode ref, Ref Stage 95, run, end, 9783589774654172
1787664523.936610, NoOp Chain Depth 128 Size 0 Mode ref, Ref Stage 96, run, start, 9783589774669612
1787664523.936631, NoOp Chain Depth 128 Size 0 Mode ref, Ref Stage 96, run, end, 9783589774690764
1787664523.936758, NoOp Chain Depth 128 Size 0 Mode ref, Ref Stage 97, run, start, 9783589774817388
1787664523.936780, NoOp Chain Depth 128 Size 0 Mode ref, Ref Stage 97, run, end, 9783589774839404
1787664523.936795, NoOp Chain Depth 128 Size 0 Mode ref, Ref Stage 98, run, start, 9783589774854860
1787664523.936819, NoOp Chain Depth 128 Size 0 Mode ref, Ref Stage 98, run, end, 9783589774878251
1787664523.936831, NoOp Chain Depth 128 Size 0 Mode ref, Ref Stage 99, run, start, 9783589774890715
1787664523.936863, NoOp Chain Depth 128 Size 0 Mode ref, Ref Stage 99, run, end, 9783589774922107
1787664523.936878, NoOp Chain Depth 128 Size 0 Mode ref, Ref Stage 100, run, start, 9783589774937435
1787664523.936899, NoOp Chain Depth 128 Size 0 Mode ref, Ref Stage 100, run, end, 9783589774958379
1787664523.936916, NoOp Chain Depth 128 Size 0 Mode ref, Ref Stage 101, run, start, 9783589774975803
1787664523.936938, NoOp Chain Depth 128 Size 0 Mode ref, Ref Stage 101, run, end, 9783589774997339
1787664523.936957, NoOp Chain Depth 128 Size 0 Mode ref, Ref Stage 102, run, start, 9783589775016139
1787664523.936978, NoOp Chain Depth 128 Size 0 Mode ref, Ref Stage 102, run, end, 9783589775037483
1787664523.936993, NoOp Chain Depth 128 Size 0 Mode ref, Ref Stage 103, run, start, 9783589775052795
1787664523.937019, NoOp Chain Depth 128 Size 0 Mode ref, Ref Stage 103, run, end, 9783589775078427
1787664523.937034, NoOp Chain Depth 128 Size 0 Mode ref, Ref Stage 104, run, start, 9783589775093947
1787664523.937057, NoOp Chain Depth 128 Size 0 Mode ref, Ref Stage 104, run, end, 9783589775116635
1787664523.937072, NoOp Chain Depth 128 Size 0 Mode ref, Ref Stage 105, run, start, 9783589775131755
1787664523.937094, NoOp Chain Depth 128 Size 0 Mode ref, Ref Stage 105, run, end, 9783589775153707
1787664523.937109, NoOp Chain Depth 128 Size 0 Mode ref, Ref Stage 106, run, start, 9783589775168827
1787664523.937130, NoOp Chain Depth 128 Size 0 Mode ref, Ref Stage 106, run, end, 9783589775189707
1787664523.937146, NoOp Chain Depth 128 Size 0 Mode ref, Ref Stage 107, run, start, 9783589775205051
1787664523.937167, NoOp Chain Depth 128 Size 0 Mode ref, Ref Stage 107, run, end, 9783589775226155
1787664523.937182, NoOp Chain Depth 128 Size 0 Mode ref, Ref Stage 108, run, start, 9783589775241307
1787664523.937203, NoOp Chain Depth 128 Size 0 Mode ref, Ref Stage 108, run, end, 9783589775262523
1787664523.937218, NoOp Chain Depth 128 Size 0 Mode ref, Ref Stage 109, run, start, 9783589775277611
1787664523.937241, NoOp Chain Depth 128 Size 0 Mode ref, Ref Stage 109, run, end, 9783589775300091
1787664523.937256, NoOp Chain Depth 128 Size 0 Mode ref, Ref Stage 110, run, start, 9783589775315627
1787664523.937280, NoOp Chain Depth 128 Size 0 Mode ref, Ref Stage 110, run, end, 9783589775340427
1787664523.937293, NoOp Chain Depth 128 Size 0 Mode ref, Ref Stage 111, run, start, 9783589775352715
1787664523.937325, NoOp Chain Depth 128 Size 0 Mode ref, Ref Stage 111, run, end, 9783589775384011
1787664523.937340, NoOp Chain Depth 128 Size 0 Mode ref, Ref Stage 112, run, start, 9783589775398923
1787664523.937360, NoOp Chain Depth 128 Size 0 Mode ref, Ref Stage 112, run, end, 9783589775419659
1787664523.937376, NoOp Chain Depth 128 Size 0 Mode ref, Ref Stage 113, run, start, 9783589775434939
1787664523.937397, NoOp Chain Depth 128 Size 0 Mode ref, Ref Stage 113, run, end, 9783589775456011
1787664523.937412, NoOp Chain Depth 128 Size 0 Mode ref, Ref Stage 114, run, start, 9783589775471067
1787664523.937433, NoOp Chain Depth 128 Size 0 Mode ref, Ref Stage 114, run, end, 9783589775492123
1787664523.937451, NoOp Chain Depth 128 Size 0 Mode ref, Ref Stage 115, run, start, 9783589775510107
1787664523.937472, NoOp Chain Depth 128 Size 0 Mode ref, Ref Stage 115, run, end, 9783589775531115
1787664523.937489, NoOp Chain Depth 128 Size 0 Mode ref, Ref Stage 116, run, start, 9783589775547915
1787664523.937514, NoOp Chain Depth 128 Size 0 Mode ref, Ref Stage 116, run, end, 9783589775572923
1787664523.937525, NoOp Chain Depth 128 Size 0 Mode ref, Ref Stage 117, run, start, 9783589775584667
1787664523.937557, NoOp Chain Depth 128 Size 0 Mode ref, Ref Stage 117, run, end, 9783589775616363
1787664523.937572, NoOp Chain Depth 128 Size 0 Mode ref, Ref Stage 118, run, start, 9783589775631483
1787664523.937594, NoOp Chain Depth 128 Size 0 Mode ref, Ref Stage 118, run, end, 9783589775653259
1787664523.937609, NoOp Chain Depth 128 Size 0 Mode ref, Ref Stage 119, run, start, 9783589775668539
1787664523.937630, NoOp Chain Depth 128 Size 0 Mode ref, Ref Stage 119, run, end, 9783589775689771
1787664523.937645, NoOp Chain Depth 128 Size 0 Mode ref, Ref Stage 120, run, start, 9783589775704507
1787664523.937668, NoOp Chain Depth 128 Size 0 Mode ref, Ref Stage 120, run, end, 9783589775726731
1787664523.937683, NoOp Chain Depth 128 Size 0 Mode ref, Ref Stage 121, run, start, 9783589775742107
1787664523.937706, NoOp Chain Depth 128 Size 0 Mode ref, Ref Stage 121, run, end, 9783589775765307
1787664523.937721, NoOp Chain Depth 128 Size 0 Mode ref, Ref Stage 122, run, start, 9783589775780651
1787664523.937745, NoOp Chain Depth 128 Size 0 Mode ref, Ref Stage 122, run, end, 9783589775804715
1787664523.937757, NoOp Chain Depth 128 Size 0 Mode ref, Ref Stage 123, run, start, 9783589775816507
1787664523.937853, NoOp Chain Depth 128 Size 0 Mode ref, Ref Stage 123, run, end, 9783589775913051
1787664523.937866, NoOp Chain Depth 128 Size 0 Mode ref, Ref Stage 124, run, start, 9783589775925579
1787664523.937898, NoOp Chain Depth 128 Size 0 Mode ref, Ref Stage 124, run, end, 9783589775957323
1787664523.937915, NoOp Chain Depth 128 Size 0 Mode ref, Ref Stage 125, run, start, 9783589775974443
1787664523.937938, NoOp Chain Depth 128 Size 0 Mode ref, Ref Stage 125, run, end, 9783589775997083
1787664523.937955, NoOp Chain Depth 128 Size 0 Mode ref, Ref Stage 126, run, start, 9783589776014059
1787664523.937977, NoOp Chain Depth 128 Size 0 Mode ref, Ref Stage 126, run, end, 9783589776035803
1787664523.937992, NoOp Chain Depth 128 Size 0 Mode ref, Ref Stage 127, run, start, 9783589776051515
1787664523.938014, NoOp Chain Depth 128 Size 0 Mode ref, Ref Stage 127, run, end, 9783589776073387
1787664523.938031, NoOp Chain Depth 128 Size 0 Mode ref, pipeline - train, run, end, 50829299514828677136000241181132400498, 1787664523.932005, 37, 1, 9783589776090715
1787664523.938073, NoOp Chain Depth 128 Size 0 Mode ref, pipeline - train, run, start, 248945166666933085694558515513202686216, 1787664523.938059, 38, 1, 9783589776132091
1787664523.938097, NoOp Chain Depth 128 Size 0 Mode ref, Ref Stage 0, run, start, 9783589776157163
1787664523.938121, NoOp Chain Depth 128 Size 0 Mode ref, Ref Stage 0, run, end, 9783589776180027
1787664523.938136, NoOp Chain Depth 128 Size 0 Mode ref, Ref Stage 1, run, start, 9783589776195675
1787664523.938159, NoOp Chain Depth 128 Size 0 Mode ref, Ref Stage 1, run, end, 9783589776218523
1787664523.938176, NoOp Chain Depth 128 Size 0 Mode ref, Ref Stage 2, run, start, 9783589776235211
1787664523.941953, NoOp Chain Depth 128 Size 0 Mode ref, Ref Stage 2, run, end, 9783589780014152
1787664523.943068, NoOp Chain Depth 128 Size 0 Mode ref, Ref Stage 3, run, start, 9783589781127927
1787664523.943095, NoOp Chain Depth 128 Size 0 Mode ref, Ref Stage 3, run, end, 9783589781154343
1787664523.943111, NoOp Chain Depth 128 Size 0 Mode ref, Ref Stage 4, run, start, 9783589781170487
1787664523.943134, NoOp Chain Depth 128 Size 0 Mode ref, Ref Stage 4, run, end, 9783589781193143
1787664523.943149, NoOp Chain Depth 128 Size 0 Mode ref, Ref Stage 5, run, start, 9783589781208663
1787664523.943171, NoOp Chain Depth 128 Size 0 Mode ref, Ref Stage 5, run, end, 9783589781230439
1787664523.943186, NoOp Chain Depth 128 Size 0 Mode ref, Ref Stage 6, run, start, 9783589781246039
1787664523.943208, NoOp Chain Depth 128 Size 0 Mode ref, Ref Stage 6, run, end, 9783589781267463
1787664523.943223, NoOp Chain Depth 128 Size 0 Mode ref, Ref Stage 7, run, start, 9783589781283159
1787664523.943245, NoOp Chain Depth 128 Size 0 Mode ref, Ref Stage 7, run, end, 9783589781304695
1787664523.943261, NoOp Chain Depth 128 Size 0 Mode ref, Ref Stage 8, run, start, 9783589781320023
1787664523.943282, NoOp Chain Depth 128 Size 0 Mode ref, Ref Stage 8, run, end, 9783589781341191
1787664523.943297, NoOp Chain Depth 128 Size 0 Mode ref, Ref Stage 9, run, start, 9783589781356391
1787664523.943318, NoOp Chain Depth 128 Size 0 Mode ref, Ref Stage 9, run, end, 9783589781377303
1787664523.943333, NoOp Chain Depth 128 Size 0 Mode ref, Ref Stage 10, run, start, 9783589781392567
1787664523.943357, NoOp Chain Depth 128 Size 0 Mode ref, Ref Stage 10, run, end, 9783589781415751
1787664523.943368, NoOp Chain Depth 128 Size 0 Mode ref, Ref Stage 11, run, start, 9783589781427895
1787664523.943400, NoOp Chain Depth 128 Size 0 Mode ref, Ref Stage 11, run, end, 9783589781459367
1787664523.943415, NoOp Chain Depth 128 Size 0 Mode ref, Ref Stage 12, run, start, 9783589781474391
1787664523.943439, NoOp Chain Depth 128 Size 0 Mode ref, Ref Stage 12, run, end, 9783589781498279
1787664523.943455, NoOp Chain Depth 128 Size 0 Mode ref, Ref Stage 13, run, start, 9783589781513975
1787664523.943476, NoOp Chain Depth 128 Size 0 Mode ref, Ref Stage 13, run, end, 9783589781535527
1787664523.943492, NoOp Chain Depth 128 Size 0 Mode ref, Ref Stage 14, run, start, 9783589781550983
1787664523.943513, NoOp Chain Depth 128 Size 0 Mode ref, Ref Stage 14, run, end, 9783589781571719
1787664523.943528, NoOp Chain Depth 128 Size 0 Mode ref, Ref Stage 15, run, start, 9783589781587255
1787664523.943549, NoOp Chain Depth 128 Size 0 Mode ref, Ref Stage 15, run, end, 9783589781608263
1787664523.943564, NoOp Chain Depth 128 Size 0 Mode ref, Ref Stage 16, run, start, 9783589781623255
1787664523.943586, NoOp Chain Depth 128 Size 0 Mode ref, Ref Stage 16, run, end, 9783589781644663
1787664523.943601, NoOp Chain Depth 128 Size 0 Mode ref, Ref Stage 17, run, start, 9783589781660183
1787664523.943622, NoOp Chain Depth 128 Size 0 Mode ref, Ref Stage 17, run, end, 9783589781681287
1787664523.943637, NoOp Chain Depth 128 Size 0 Mode ref, Ref Stage 18, run, start, 9783589781696535
1787664523.943659, NoOp Chain Depth 128 Size 0 Mode ref, Ref Stage 18, run, end, 9783589781717719
1787664523.943674, NoOp Chain Depth 128 Size 0 Mode ref, Ref Stage 19, run, start, 9783589781733175
1787664523.943695, NoOp Chain Depth 128 Size 0 Mode ref, Ref Stage 19, run, end, 9783589781754391
1787664523.943711, NoOp Chain Depth 128 Size 0 Mode ref, Ref Stage 20, run, start, 9783589781769991
1787664523.943732, NoOp Chain Depth 128 Size 0 Mode ref, Ref Stage 20, run, end, 9783589781791287
1787664523.943747, NoOp Chain Depth 128 Size 0 Mode ref, Ref Stage 21, run, start, 9783589781806327
1787664523.943771, NoOp Chain Depth 128 Size 0 Mode ref, Ref Stage 21, run, end, 9783589781829863
1787664523.943782, NoOp Chain Depth 128 Size 0 Mode ref, Ref Stage 22, run, start, 9783589781842167
1787664523.943815, NoOp Chain Depth 128 Size 0 Mode ref, Ref Stage 22, run, end, 9783589781873751
1787664523.943829, NoOp Chain Depth 128 Size 0 Mode ref, Ref Stage 23, run, start, 9783589781888791
1787664523.943851, NoOp Chain Depth 128 Size 0 Mode ref, Ref Stage 23, run, end, 9783589781910167
1787664523.943866, NoOp Chain Depth 128 Size 0 Mode ref, Ref Stage 24, run, start, 9783589781925399
1787664523.943887, NoOp Chain Depth 128 Size 0 Mode ref, Ref Stage 24, run, end, 9783589781946583
1787664523.943902, NoOp Chain Depth 128 Size 0 Mode ref, Ref Stage 25, run, start, 9783589781961799
1787664523.943924, NoOp Chain Depth 128 Size 0 Mode ref, Ref Stage 25, run, end, 9783589781983015
1787664523.943939, NoOp Chain Depth 128 Size 0 Mode ref, Ref Stage 26, run, start, 9783589781998215
1787664523.943962, NoOp Chain Depth 128 Size 0 Mode ref, Ref Stage 26, run, end, 9783589782021319
1787664523.943977, NoOp Chain Depth 128 Size 0 Mode ref, Ref Stage 27, run, start, 9783589782036423
1787664523.943998, NoOp Chain Depth 128 Size 0 Mode ref, Ref Stage 27, run, end, 9783589782057463
1787664523.944013, NoOp Chain Depth 128 Size 0 Mode ref, Ref Stage 28, run, start, 9783589782072663
1787664523.944035, NoOp Chain Depth 128 Size 0 Mode ref, Ref Stage 28, run, end, 9783589782094071
1787664523.944050, NoOp Chain Depth 128 Size 0 Mode ref, Ref Stage 29, run, start, 9783589782109495
1787664523.944072, NoOp Chain Depth 128 Size 0 Mode ref, Ref Stage 29, run, end, 9783589782131063
1787664523.944087, NoOp Chain Depth 128 Size 0 Mode ref, Ref Stage 30, run, start, 9783589782146503
1787664523.944108, NoOp Chain Depth 128 Size 0 Mode ref, Ref Stage 30, run, end, 9783589782167271
1787664523.944124, NoOp Chain Depth 128 Size 0 Mode ref, Ref Stage 31, run, start, 9783589782182775
1787664523.944145, NoOp Chain Depth 128 Size 0 Mode ref, Ref Stage 31, run, end, 9783589782204231
1787664523.944160, NoOp Chain Depth 128 Size 0 Mode ref, Ref Stage 32, run, start, 9783589782219015
1787664523.944181, NoOp Chain Depth 128 Size 0 Mode ref, Ref Stage 32, run, end, 9783589782240343
1787664523.944198, NoOp Chain Depth 128 Size 0 Mode ref, Ref Stage 33, run, start, 9783589782257223
1787664523.944219, NoOp Chain Depth 128 Size 0 Mode ref, Ref Stage 33, run, end, 9783589782278615
1787664523.944234, NoOp Chain Depth 128 Size 0 Mode ref, Ref Stage 34, run, start, 9783589782293607
1787664523.944256, NoOp Chain Depth 128 Size 0 Mode ref, Ref Stage 34, run, end, 9783589782314999
1787664523.944271, NoOp Chain Depth 128 Size 0 Mode ref, Ref Stage 35, run, start, 9783589782330679
1787664523.944293, NoOp Chain Depth 128 Size 0 Mode ref, Ref Stage 35, run, end, 9783589782352231
1787664523.944309, NoOp Chain Depth 128 Size 0 Mode ref, Ref Stage 36, run, start, 9783589782368071
1787664523.944330, NoOp Chain Depth 128 Size 0 Mode ref, Ref Stage 36, run, end, 9783589782389367
1787664523.944345, NoOp Chain Depth 128 Size 0 Mode ref, Ref Stage 37, run, start, 9783589782404727
1787664523.944367, NoOp Chain Depth 128 Size 0 Mode ref, Ref Stage 37, run, end, 9783589782426023
1787664523.944382, NoOp Chain Depth 128 Size 0 Mode ref, Ref Stage 38, run, start, 9783589782440967
1787664523.944403, NoOp Chain Depth 128 Size 0 Mode ref, Ref Stage 38, run, end, 9783589782461814
1787664523.944418, NoOp Chain Depth 128 Size 0 Mode ref, Ref Stage 39, run, start, 9783589782477638
1787664523.944442, NoOp Chain Depth 128 Size 0 Mode ref, Ref Stage 39, run, end, 9783589782501206
1787664523.944454, NoOp Chain Depth 128 Size 0 Mode ref, Ref Stage 40, run, start, 9783589782513350
1787664523.944486, NoOp Chain Depth 128 Size 0 Mode ref, Ref Stage 40, run, end, 9783589782545270
1787664523.944501, NoOp Chain Depth 128 Size 0 Mode ref, Ref Stage 41, run, start, 9783589782560150
1787664523.944522, NoOp Chain Depth 128 Size 0 Mode ref, Ref Stage 41, run, end, 9783589782581494
1787664523.944537, NoOp Chain Depth 128 Size 0 Mode ref, Ref Stage 42, run, start, 9783589782596598
1787664523.944558, NoOp Chain Depth 128 Size 0 Mode ref, Ref Stage 42, run, end, 9783589782617526
1787664523.944574, NoOp Chain Depth 128 Size 0 Mode ref, Ref Stage 43, run, start, 9783589782633302
1787664523.944598, NoOp Chain Depth 128 Size 0 Mode ref, Ref Stage 43, run, end, 9783589782657398
1787664523.944610, NoOp Chain Depth 128 Size 0 Mode ref, Ref Stage 44, run, start, 9783589782669270
1787664523.944641, NoOp Chain Depth 128 Size 0 Mode ref, Ref Stage 44, run, end, 9783589782700310
1787664523.944656, NoOp Chain Depth 128 Size 0 Mode ref, Ref Stage 45, run, start, 9783589782715270
1787664523.944677, NoOp Chain Depth 128 Size 0 Mode ref, Ref Stage 45, run, end, 9783589782736406
1787664523.944692, NoOp Chain Depth 128 Size 0 Mode ref, Ref Stage 46, run, start, 9783589782751414
1787664523.944713, NoOp Chain Depth 128 Size 0 Mode ref, Ref Stage 46, run, end, 9783589782772102
1787664523.944728, NoOp Chain Depth 128 Size 0 Mode ref, Ref Stage 47, run, start, 9783589782786886
1787664523.944749, NoOp Chain Depth 128 Size 0 Mode ref, Ref Stage 47, run, end, 9783589782807846
1787664523.944763, NoOp Chain Depth 128 Size 0 Mode ref, Ref Stage 48, run, start, 9783589782822758
1787664523.944931, NoOp Chain Depth 128 Size 0 Mode ref, Ref Stage 48, run, end, 9783589782990982
1787664523.945060, NoOp Chain Depth 128 Size 0 Mode ref, Ref Stage 49, run, start, 9783589783119318
1787664523.945085, NoOp Chain Depth 128 Size 0 Mode ref, Ref Stage 49, run, end, 9783589783144262
1787664523.945100, NoOp Chain Depth 128 Size 0 Mode ref, Ref Stage 50, run, start, 9783589783159846
1787664523.945122, NoOp Chain Depth 128 Size 0 Mode ref, Ref Stage 50, run, end, 9783589783181638
1787664523.945138, NoOp Chain Depth 128 Size 0 Mode ref, Ref Stage 51, run, start, 9783589783197126
1787664523.945160, NoOp Chain Depth 128 Size 0 Mode ref, Ref Stage 51, run, end, 9783589783218902
1787664523.945175, NoOp Chain Depth 128 Size 0 Mode ref, Ref Stage 52, run, start, 9783589783234022
1787664523.945196, NoOp Chain Depth 128 Size 0 Mode ref, Ref Stage 52, run, end, 9783589783255318
1787664523.945212, NoOp Chain Depth 128 Size 0 Mode ref, Ref Stage 53, run, start, 9783589783271142
1787664523.945233, NoOp Chain Depth 128 Size 0 Mode ref, Ref Stage 53, run, end, 9783589783292710
1787664523.945251, NoOp Chain Depth 128 Size 0 Mode ref, Ref Stage 54, run, start, 9783589783310438
1787664523.945273, NoOp Chain Depth 128 Size 0 Mode ref, Ref Stage 54, run, end, 9783589783331894
1787664523.945287, NoOp Chain Depth 128 Size 0 Mode ref, Ref Stage 55, run, start, 9783589783347126
1787664523.945309, NoOp Chain Depth 128 Size 0 Mode ref, Ref Stage 55, run, end, 9783589783368230
1787664523.945324, NoOp Chain Depth 128 Size 0 Mode ref, Ref Stage 56, run, start, 9783589783383206
1787664523.945346, NoOp Chain Depth 128 Size 0 Mode ref, Ref Stage 56, run, end, 9783589783404838
1787664523.945361, NoOp Chain Depth 128 Size 0 Mode ref, Ref Stage 57, run, start, 9783589783420198
1787664523.945382, NoOp Chain Depth 128 Size 0 Mode ref, Ref Stage 57, run, end, 9783589783441318
1787664523.945397, NoOp Chain Depth 128 Size 0 Mode ref, Ref Stage 58, run, start, 9783589783456278
1787664523.945418, NoOp Chain Depth 128 Size 0 Mode ref, Ref Stage 58, run, end, 9783589783477526
1787664523.945434, NoOp Chain Depth 128 Size 0 Mode ref, Ref Stage 59, run, start, 9783589783493494
1787664523.945455, NoOp Chain Depth 128 Size 0 Mode ref, Ref Stage 59, run, end, 9783589783514598
1787664523.945470, NoOp Chain Depth 128 Size 0 Mode ref, Ref Stage 60, run, start, 9783589783529798
1787664523.945492, NoOp Chain Depth 128 Size 0 Mode ref, Ref Stage 60, run, end, 9783589783551302
1787664523.945507, NoOp Chain Depth 128 Size 0 Mode ref, Ref Stage 61, run, start, 9783589783566694
1787664523.945529, NoOp Chain Depth 128 Size 0 Mode ref, Ref Stage 61, run, end, 9783589783587910
1787664523.945544, NoOp Chain Depth 128 Size 0 Mode ref, Ref Stage 62, run, start, 9783589783603206
1787664523.945566, NoOp Chain Depth 128 Size 0 Mode ref, Ref Stage 62, run, end, 9783589783624950
1787664523.945581, NoOp Chain Depth 128 Size 0 Mode ref, Ref Stage 63, run, start, 9783589783640342
1787664523.945603, NoOp Chain Depth 128 Size 0 Mode ref, Ref Stage 63, run, end, 9783589783662134
1787664523.945618, NoOp Chain Depth 128 Size 0 Mode ref, Ref Stage 64, run, start, 9783589783677750
1787664523.945642, NoOp Chain Depth 128 Size 0 Mode ref, Ref Stage 64, run, end, 9783589783701222
1787664523.945654, NoOp Chain Depth 128 Size 0 Mode ref, Ref Stage 65, run, start, 9783589783713766
1787664523.945688, NoOp Chain Depth 128 Size 0 Mode ref, Ref Stage 65, run, end, 9783589783746790
1787664523.945702, NoOp Chain Depth 128 Size 0 Mode ref, Ref Stage 66, run, start, 9783589783761750
1787664523.945727, NoOp Chain Depth 128 Size 0 Mode ref, Ref Stage 66, run, end, 9783589783786294
1787664523.946249, NoOp Chain Depth 128 Size 0 Mode ref, Ref Stage 67, run, start, 9783589784308949
1787664523.946276, NoOp Chain Depth 128 Size 0 Mode ref, Ref Stage 67, run, end, 9783589784335573
1787664523.946292, NoOp Chain Depth 128 Size 0 Mode ref, Ref Stage 68, run, start, 9783589784351957
1787664523.946317, NoOp Chain Depth 128 Size 0 Mode ref, Ref Stage 68, run, end, 9783589784376389
1787664523.946329, NoOp Chain Depth 128 Size 0 Mode ref, Ref Stage 69, run, start, 9783589784388869
1787664523.946362, NoOp Chain Depth 128 Size 0 Mode ref, Ref Stage 69, run, end, 9783589784421141
1787664523.946377, NoOp Chain Depth 128 Size 0 Mode ref, Ref Stage 70, run, start, 9783589784436677
1787664523.946399, NoOp Chain Depth 128 Size 0 Mode ref, Ref Stage 70, run, end, 9783589784458165
1787664523.946414, NoOp Chain Depth 128 Size 0 Mode ref, Ref Stage 71, run, start, 9783589784473797
1787664523.946437, NoOp Chain Depth 128 Size 0 Mode ref, Ref Stage 71, run, end, 9783589784495701
1787664523.946452, NoOp Chain Depth 128 Size 0 Mode ref, Ref Stage 72, run, start, 9783589784511349
1787664523.946475, NoOp Chain Depth 128 Size 0 Mode ref, Ref Stage 72, run, end, 9783589784533717
1787664523.946489, NoOp Chain Depth 128 Size 0 Mode ref, Ref Stage 73, run, start, 9783589784548741
1787664523.946513, NoOp Chain Depth 128 Size 0 Mode ref, Ref Stage 73, run, end, 9783589784572053
1787664523.946525, NoOp Chain Depth 128 Size 0 Mode ref, Ref Stage 74, run, start, 9783589784584213
1787664523.946561, NoOp Chain Depth 128 Size 0 Mode ref, Ref Stage 74, run, end, 9783589784620485
1787664523.946578, NoOp Chain Depth 128 Size 0 Mode ref, Ref Stage 75, run, start, 9783589784637045
1787664523.946599, NoOp Chain Depth 128 Size 0 Mode ref, Ref Stage 75, run, end, 9783589784658373
1787664523.946615, NoOp Chain Depth 128 Size 0 Mode ref, Ref Stage 76, run, start, 9783589784674437
1787664523.946636, NoOp Chain Depth 128 Size 0 Mode ref, Ref Stage 76, run, end, 9783589784695733
1787664523.946652, NoOp Chain Depth 128 Size 0 Mode ref, Ref Stage 77, run, start, 9783589784711077
1787664523.946674, NoOp Chain Depth 128 Size 0 Mode ref, Ref Stage 77, run, end, 9783589784733717
1787664523.946689, NoOp Chain Depth 128 Size 0 Mode ref, Ref Stage 78, run, start, 9783589784748597
1787664523.946712, NoOp Chain Depth 128 Size 0 Mode ref, Ref Stage 78, run, end, 9783589784771269
1787664523.946727, NoOp Chain Depth 128 Size 0 Mode ref, Ref Stage 79, run, start, 9783589784786405
1787664523.946748, NoOp Chain Depth 128 Size 0 Mode ref, Ref Stage 79, run, end, 9783589784807621
1787664523.946764, NoOp Chain Depth 128 Size 0 Mode ref, Ref Stage 80, run, start, 9783589784823781
1787664523.946785, NoOp Chain Depth 128 Size 0 Mode ref, Ref Stage 80, run, end, 9783589784844949
1787664523.946801, NoOp Chain Depth 128 Size 0 Mode ref, Ref Stage 81, run, start, 9783589784860581
1787664523.946822, NoOp Chain Depth 128 Size 0 Mode ref, Ref Stage 81, run, end, 9783589784881621
1787664523.946837, NoOp Chain Depth 128 Size 0 Mode ref, Ref Stage 82, run, start, 9783589784896933
1787664523.946860, NoOp Chain Depth 128 Size 0 Mode ref, Ref Stage 82, run, end, 9783589784919189
1787664523.946875, NoOp Chain Depth 128 Size 0 Mode ref, Ref Stage 83, run, start, 9783589784934773
1787664523.946897, NoOp Chain Depth 128 Size 0 Mode ref, Ref Stage 83, run, end, 9783589784955829
1787664523.946911, NoOp Chain Depth 128 Size 0 Mode ref, Ref Stage 84, run, start, 9783589784970693
1787664523.946933, NoOp Chain Depth 128 Size 0 Mode ref, Ref Stage 84, run, end, 9783589784991717
1787664523.946949, NoOp Chain Depth 128 Size 0 Mode ref, Ref Stage 85, run, start, 9783589785008485
1787664523.946973, NoOp Chain Depth 128 Size 0 Mode ref, Ref Stage 85, run, end, 9783589785031813
1787664523.946988, NoOp Chain Depth 128 Size 0 Mode ref, Ref Stage 86, run, start, 9783589785046677
1787664523.947009, NoOp Chain Depth 128 Size 0 Mode ref, Ref Stage 86, run, end, 9783589785067621
1787664523.947023, NoOp Chain Depth 128 Size 0 Mode ref, Ref Stage 87, run, start, 9783589785082485
1787664523.947045, NoOp Chain Depth 128 Size 0 Mode ref, Ref Stage 87, run, end, 9783589785104677
1787664523.947061, NoOp Chain Depth 128 Size 0 Mode ref, Ref Stage 88, run, start, 9783589785119797
1787664523.947082, NoOp Chain Depth 128 Size 0 Mode ref, Ref Stage 88, run, end, 9783589785140789
1787664523.947096, NoOp Chain Depth 128 Size 0 Mode ref, Ref Stage 89, run, start, 9783589785155669
1787664523.947119, NoOp Chain Depth 128 Size 0 Mode ref, Ref Stage 89, run, end, 9783589785177829
1787664523.947133, NoOp Chain Depth 128 Size 0 Mode ref, Ref Stage 90, run, start, 9783589785192533
1787664523.947154, NoOp Chain Depth 128 Size 0 Mode ref, Ref Stage 90, run, end, 9783589785213381
1787664523.947169, NoOp Chain Depth 128 Size 0 Mode ref, Ref Stage 91, run, start, 9783589785227957
1787664523.947191, NoOp Chain Depth 128 Size 0 Mode ref, Ref Stage 91, run, end, 9783589785249765
1787664523.947206, NoOp Chain Depth 128 Size 0 Mode ref, Ref Stage 92, run, start, 9783589785264821
1787664523.947532, NoOp Chain Depth 128 Size 0 Mode ref, Ref Stage 92, run, end, 9783589785592164
1787664523.947668, NoOp Chain Depth 128 Size 0 Mode ref, Ref Stage 93, run, start, 9783589785727940
1787664523.947692, NoOp Chain Depth 128 Size 0 Mode ref, Ref Stage 93, run, end, 9783589785751300
1787664523.947707, NoOp Chain Depth 128 Size 0 Mode ref, Ref Stage 94, run, start, 9783589785766612
1787664523.947729, NoOp Chain Depth 128 Size 0 Mode ref, Ref Stage 94, run, end, 9783589785788596
1787664523.947745, NoOp Chain Depth 128 Size 0 Mode ref, Ref Stage 95, run, start, 9783589785803908
1787664523.947768, NoOp Chain Depth 128 Size 0 Mode ref, Ref Stage 95, run, end, 9783589785827540
1787664523.947784, NoOp Chain Depth 128 Size 0 Mode ref, Ref Stage 96, run, start, 9783589785843188
1787664523.947805, NoOp Chain Depth 128 Size 0 Mode ref, Ref Stage 96, run, end, 9783589785864580
1787664523.947821, NoOp Chain Depth 128 Size 0 Mode ref, Ref Stage 97, run, start, 9783589785880340
1787664523.947843, NoOp Chain Depth 128 Size 0 Mode ref, Ref Stage 97, run, end, 9783589785902020
1787664523.947858, NoOp Chain Depth 128 Size 0 Mode ref, Ref Stage 98, run, start, 9783589785917204
1787664523.947886, NoOp Chain Depth 128 Size 0 Mode ref, Ref Stage 98, run, end, 9783589785945716
1787664523.947898, NoOp Chain Depth 128 Size 0 Mode ref, Ref Stage 99, run, start, 9783589785957876
1787664523.947932, NoOp Chain Depth 128 Size 0 Mode ref, Ref Stage 99, run, end, 9783589785991204
1787664523.947948, NoOp Chain Depth 128 Size 0 Mode ref, Ref Stage 100, run, start, 9783589786008132
1787664523.947971, NoOp Chain Depth 128 Size 0 Mode ref, Ref Stage 100, run, end, 9783589786029956
1787664523.947986, NoOp Chain Depth 128 Size 0 Mode ref, Ref Stage 101, run, start, 9783589786045156
1787664523.948007, NoOp Chain Depth 128 Size 0 Mode ref, Ref Stage 101, run, end, 9783589786066228
1787664523.948022, NoOp Chain Depth 128 Size 0 Mode ref, Ref Stage 102, run, start, 9783589786081412
1787664523.948045, NoOp Chain Depth 128 Size 0 Mode ref, Ref Stage 102, run, end, 9783589786103652
1787664523.948059, NoOp Chain Depth 128 Size 0 Mode ref, Ref Stage 103, run, start, 9783589786118692
1787664523.948082, NoOp Chain Depth 128 Size 0 Mode ref, Ref Stage 103, run, end, 9783589786140948
1787664523.948097, NoOp Chain Depth 128 Size 0 Mode ref, Ref Stage 104, run, start, 9783589786156468
1787664523.948119, NoOp Chain Depth 128 Size 0 Mode ref, Ref Stage 104, run, end, 9783589786178068
1787664523.948134, NoOp Chain Depth 128 Size 0 Mode ref, Ref Stage 105, run, start, 9783589786193140
1787664523.948155, NoOp Chain Depth 128 Size 0 Mode ref, Ref Stage 105, run, end, 9783589786214452
1787664523.948170, NoOp Chain Depth 128 Size 0 Mode ref, Ref Stage 106, run, start, 9783589786229524
1787664523.948191, NoOp Chain Depth 128 Size 0 Mode ref, Ref Stage 106, run, end, 9783589786250516
1787664523.948206, NoOp Chain Depth 128 Size 0 Mode ref, Ref Stage 107, run, start, 9783589786265812
1787664523.948227, NoOp Chain Depth 128 Size 0 Mode ref, Ref Stage 107, run, end, 9783589786286644
1787664523.948243, NoOp Chain Depth 128 Size 0 Mode ref, Ref Stage 108, run, start, 9783589786302708
1787664523.948269, NoOp Chain Depth 128 Size 0 Mode ref, Ref Stage 108, run, end, 9783589786328100
1787664523.948281, NoOp Chain Depth 128 Size 0 Mode ref, Ref Stage 109, run, start, 9783589786340148
1787664523.948313, NoOp Chain Depth 128 Size 0 Mode ref, Ref Stage 109, run, end, 9783589786372404
1787664523.948328, NoOp Chain Depth 128 Size 0 Mode ref, Ref Stage 110, run, start, 9783589786387524
1787664523.948349, NoOp Chain Depth 128 Size 0 Mode ref, Ref Stage 110, run, end, 9783589786408340
1787664523.948364, NoOp Chain Depth 128 Size 0 Mode ref, Ref Stage 111, run, start, 9783589786423412
1787664523.948388, NoOp Chain Depth 128 Size 0 Mode ref, Ref Stage 111, run, end, 9783589786447076
1787664523.948400, NoOp Chain Depth 128 Size 0 Mode ref, Ref Stage 112, run, start, 9783589786459028
1787664523.948431, NoOp Chain Depth 128 Size 0 Mode ref, Ref Stage 112, run, end, 9783589786490404
1787664523.948446, NoOp Chain Depth 128 Size 0 Mode ref, Ref Stage 113, run, start, 9783589786505844
1787664523.948469, NoOp Chain Depth 128 Size 0 Mode ref, Ref Stage 113, run, end, 9783589786528692
1787664523.948487, NoOp Chain Depth 128 Size 0 Mode ref, Ref Stage 114, run, start, 9783589786546196
1787664523.948508, NoOp Chain Depth 128 Size 0 Mode ref, Ref Stage 114, run, end, 9783589786567204
1787664523.948524, NoOp Chain Depth 128 Size 0 Mode ref, Ref Stage 115, run, start, 9783589786582932
1787664523.948545, NoOp Chain Depth 128 Size 0 Mode ref, Ref Stage 115, run, end, 9783589786603844
1787664523.948562, NoOp Chain Depth 128 Size 0 Mode ref, Ref Stage 116, run, start, 9783589786621140
1787664523.948983, NoOp Chain Depth 128 Size 0 Mode ref, Ref Stage 116, run, end, 9783589787043348
1787664523.949118, NoOp Chain Depth 128 Size 0 Mode ref, Ref Stage 117, run, start, 9783589787177923
1787664523.949142, NoOp Chain Depth 128 Size 0 Mode ref, Ref Stage 117, run, end, 9783589787201555
1787664523.949158, NoOp Chain Depth 128 Size 0 Mode ref, Ref Stage 118, run, start, 9783589787216915
1787664523.949179, NoOp Chain Depth 128 Size 0 Mode ref, Ref Stage 118, run, end, 9783589787238515
1787664523.949194, NoOp Chain Depth 128 Size 0 Mode ref, Ref Stage 119, run, start, 9783589787253747
1787664523.949216, NoOp Chain Depth 128 Size 0 Mode ref, Ref Stage 119, run, end, 9783589787275059
1787664523.949231, NoOp Chain Depth 128 Size 0 Mode ref, Ref Stage 120, run, start, 9783589787290243
1787664523.949252, NoOp Chain Depth 128 Size 0 Mode ref, Ref Stage 120, run, end, 9783589787311171
1787664523.949267, NoOp Chain Depth 128 Size 0 Mode ref, Ref Stage 121, run, start, 9783589787326659
1787664523.949289, NoOp Chain Depth 128 Size 0 Mode ref, Ref Stage 121, run, end, 9783589787348179
1787664523.949304, NoOp Chain Depth 128 Size 0 Mode ref, Ref Stage 122, run, start, 9783589787363619
1787664523.949326, NoOp Chain Depth 128 Size 0 Mode ref, Ref Stage 122, run, end, 9783589787385251
1787664523.949341, NoOp Chain Depth 128 Size 0 Mode ref, Ref Stage 123, run, start, 9783589787400115
1787664523.949663, NoOp Chain Depth 128 Size 0 Mode ref, Ref Stage 123, run, end, 9783589787722611
1787664523.949791, NoOp Chain Depth 128 Size 0 Mode ref, Ref Stage 124, run, start, 9783589787850323
1787664523.949816, NoOp Chain Depth 128 Size 0 Mode ref, Ref Stage 124, run, end, 9783589787874787
1787664523.949827, NoOp Chain Depth 128 Size 0 Mode ref, Ref Stage 125, run, start, 9783589787886867
1787664523.949859, NoOp Chain Depth 128 Size 0 Mode ref, Ref Stage 125, run, end, 9783589787918339
1787664523.949874, NoOp Chain Depth 128 Size 0 Mode ref, Ref Stage 126, run, start, 9783589787933731
1787664523.949896, NoOp Chain Depth 128 Size 0 Mode ref, Ref Stage 126, run, end, 9783589787954787
1787664523.949911, NoOp Chain Depth 128 Size 0 Mode ref, Ref Stage 127, run, start, 9783589787970035
1787664523.949932, NoOp Chain Depth 128 Size 0 Mode ref, Ref Stage 127, run, end, 9783589787991507
1787664523.949950, NoOp Chain Depth 128 Size 0 Mode ref, pipeline - train, run, end, 248945166666933085694558515513202686216, 1787664523.938059, 38, 1, 9783589788008867
1787664523.949991, NoOp Chain Depth 128 Size 0 Mode ref, pipeline - train, run, start, 139998057031523458588075116000449437731, 1787664523.949978, 39, 1, 9783589788050707
1787664523.950015, NoOp Chain Depth 128 Size 0 Mode ref, Ref Stage 0, run, start, 9783589788074563
1787664523.950039, NoOp Chain Depth 128 Size 0 Mode ref, Ref Stage 0, run, end, 9783589788098323
1787664523.950054, NoOp Chain Depth 128 Size 0 Mode ref, Ref Stage 1, run, start, 9783589788113907
1787664523.950078, NoOp Chain Depth 128 Size 0 Mode ref, Ref Stage 1, run, end, 9783589788137187
1787664523.950090, NoOp Chain Depth 128 Size 0 Mode ref, Ref Stage 2, run, start, 9783589788149139
1787664523.950123, NoOp Chain Depth 128 Size 0 Mode ref, Ref Stage 2, run, end, 9783589788182179
1787664523.950138, NoOp Chain Depth 128 Size 0 Mode ref, Ref Stage 3, run, start, 9783589788197395
1787664523.950161, NoOp Chain Depth 128 Size 0 Mode ref, Ref Stage 3, run, end, 9783589788220659
1787664523.950177, NoOp Chain Depth 128 Size 0 Mode ref, Ref Stage 4, run, start, 9783589788236323
1787664523.950199, NoOp Chain Depth 128 Size 0 Mode ref, Ref Stage 4, run, end, 9783589788257907
1787664523.950214, NoOp Chain Depth 128 Size 0 Mode ref, Ref Stage 5, run, start, 9783589788273027
1787664523.950236, NoOp Chain Depth 128 Size 0 Mode ref, Ref Stage 5, run, end, 9783589788295331
1787664523.950251, NoOp Chain Depth 128 Size 0 Mode ref, Ref Stage 6, run, start, 9783589788310659
1787664523.950275, NoOp Chain Depth 128 Size 0 Mode ref, Ref Stage 6, run, end, 9783589788334067
1787664523.950290, NoOp Chain Depth 128 Size 0 Mode ref, Ref Stage 7, run, start, 9783589788349523
1787664523.950311, NoOp Chain Depth 128 Size 0 Mode ref, Ref Stage 7, run, end, 9783589788370547
1787664523.950328, NoOp Chain Depth 128 Size 0 Mode ref, Ref Stage 8, run, start, 9783589788387027
1787664523.950351, NoOp Chain Depth 128 Size 0 Mode ref, Ref Stage 8, run, end, 9783589788409763
1787664523.950366, NoOp Chain Depth 128 Size 0 Mode ref, Ref Stage 9, run, start, 9783589788424899
1787664523.950387, NoOp Chain Depth 128 Size 0 Mode ref, Ref Stage 9, run, end, 9783589788445939
1787664523.950402, NoOp Chain Depth 128 Size 0 Mode ref, Ref Stage 10, run, start, 9783589788461251
1787664523.950423, NoOp Chain Depth 128 Size 0 Mode ref, Ref Stage 10, run, end, 9783589788482867
1787664523.950441, NoOp Chain Depth 128 Size 0 Mode ref, Ref Stage 11, run, start, 9783589788500147
1787664523.950465, NoOp Chain Depth 128 Size 0 Mode ref, Ref Stage 11, run, end, 9783589788524147
1787664523.950477, NoOp Chain Depth 128 Size 0 Mode ref, Ref Stage 12, run, start, 9783589788535907
1787664523.950615, NoOp Chain Depth 128 Size 0 Mode ref, Ref Stage 12, run, end, 9783589788675410
1787664523.950634, NoOp Chain Depth 128 Size 0 Mode ref, Ref Stage 13, run, start, 9783589788693474
1787664523.950658, NoOp Chain Depth 128 Size 0 Mode ref, Ref Stage 13, run, end, 9783589788716754
1787664523.950673, NoOp Chain Depth 128 Size 0 Mode ref, Ref Stage 14, run, start, 9783589788731970
1787664523.950694, NoOp Chain Depth 128 Size 0 Mode ref, Ref Stage 14, run, end, 9783589788753538
1787664523.950710, NoOp Chain Depth 128 Size 0 Mode ref, Ref Stage 15, run, start, 9783589788768994
1787664523.950731, NoOp Chain Depth 128 Size 0 Mode ref, Ref Stage 15, run, end, 9783589788790162
1787664523.950746, NoOp Chain Depth 128 Size 0 Mode ref, Ref Stage 16, run, start, 9783589788804930
1787664523.950769, NoOp Chain Depth 128 Size 0 Mode ref, Ref Stage 16, run, end, 9783589788828386
1787664523.950784, NoOp Chain Depth 128 Size 0 Mode ref, Ref Stage 17, run, start, 9783589788843570
1787664523.950807, NoOp Chain Depth 128 Size 0 Mode ref, Ref Stage 17, run, end, 9783589788865874
1787664523.950821, NoOp Chain Depth 128 Size 0 Mode ref, Ref Stage 18, run, start, 9783589788880706
1787664523.950843, NoOp Chain Depth 128 Size 0 Mode ref, Ref Stage 18, run, end, 9783589788901730
1787664523.950859, NoOp Chain Depth 128 Size 0 Mode ref, Ref Stage 19, run, start, 9783589788917842
1787664523.950880, NoOp Chain Depth 128 Size 0 Mode ref, Ref Stage 19, run, end, 9783589788939362
1787664523.950895, NoOp Chain Depth 128 Size 0 Mode ref, Ref Stage 20, run, start, 9783589788954274
1787664523.950917, NoOp Chain Depth 128 Size 0 Mode ref, Ref Stage 20, run, end, 9783589788975826
1787664523.950933, NoOp Chain Depth 128 Size 0 Mode ref, Ref Stage 21, run, start, 9783589788991922
1787664523.950960, NoOp Chain Depth 128 Size 0 Mode ref, Ref Stage 21, run, end, 9783589789018850
1787664523.950972, NoOp Chain Depth 128 Size 0 Mode ref, Ref Stage 22, run, start, 9783589789031378
1787664523.951008, NoOp Chain Depth 128 Size 0 Mode ref, Ref Stage 22, run, end, 9783589789067538
1787664523.951020, NoOp Chain Depth 128 Size 0 Mode ref, Ref Stage 23, run, start, 9783589789079890
1787664523.951053, NoOp Chain Depth 128 Size 0 Mode ref, Ref Stage 23, run, end, 9783589789111938
1787664523.951067, NoOp Chain Depth 128 Size 0 Mode ref, Ref Stage 24, run, start, 9783589789126706
1787664523.951089, NoOp Chain Depth 128 Size 0 Mode ref, Ref Stage 24, run, end, 9783589789147794
1787664523.951103, NoOp Chain Depth 128 Size 0 Mode ref, Ref Stage 25, run, start, 9783589789162402
1787664523.951124, NoOp Chain Depth 128 Size 0 Mode ref, Ref Stage 25, run, end, 9783589789183538
1787664523.951139, NoOp Chain Depth 128 Size 0 Mode ref, Ref Stage 26, run, start, 9783589789198562
1787664523.951160, NoOp Chain Depth 128 Size 0 Mode ref, Ref Stage 26, run, end, 9783589789219554
1787664523.951176, NoOp Chain Depth 128 Size 0 Mode ref, Ref Stage 27, run, start, 9783589789235698
1787664523.951200, NoOp Chain Depth 128 Size 0 Mode ref, Ref Stage 27, run, end, 9783589789258898
1787664523.951214, NoOp Chain Depth 128 Size 0 Mode ref, Ref Stage 28, run, start, 9783589789273538
1787664523.951237, NoOp Chain Depth 128 Size 0 Mode ref, Ref Stage 28, run, end, 9783589789295842
1787664523.951252, NoOp Chain Depth 128 Size 0 Mode ref, Ref Stage 29, run, start, 9783589789311538
1787664523.951275, NoOp Chain Depth 128 Size 0 Mode ref, Ref Stage 29, run, end, 9783589789334290
1787664523.951290, NoOp Chain Depth 128 Size 0 Mode ref, Ref Stage 30, run, start, 9783589789349378
1787664523.951312, NoOp Chain Depth 128 Size 0 Mode ref, Ref Stage 30, run, end, 9783589789370754
1787664523.951328, NoOp Chain Depth 128 Size 0 Mode ref, Ref Stage 31, run, start, 9783589789386946
1787664523.951353, NoOp Chain Depth 128 Size 0 Mode ref, Ref Stage 31, run, end, 9783589789412642
1787664523.951368, NoOp Chain Depth 128 Size 0 Mode ref, Ref Stage 32, run, start, 9783589789427346
1787664523.951391, NoOp Chain Depth 128 Size 0 Mode ref, Ref Stage 32, run, end, 9783589789449554
1787664523.951406, NoOp Chain Depth 128 Size 0 Mode ref, Ref Stage 33, run, start, 9783589789464786
1787664523.951427, NoOp Chain Depth 128 Size 0 Mode ref, Ref Stage 33, run, end, 9783589789485986
1787664523.951442, NoOp Chain Depth 128 Size 0 Mode ref, Ref Stage 34, run, start, 9783589789500674
1787664523.951462, NoOp Chain Depth 128 Size 0 Mode ref, Ref Stage 34, run, end, 9783589789521410
1787664523.951477, NoOp Chain Depth 128 Size 0 Mode ref, Ref Stage 35, run, start, 9783589789536546
1787664523.951499, NoOp Chain Depth 128 Size 0 Mode ref, Ref Stage 35, run, end, 9783589789557666
1787664523.951514, NoOp Chain Depth 128 Size 0 Mode ref, Ref Stage 36, run, start, 9783589789573410
1787664523.951537, NoOp Chain Depth 128 Size 0 Mode ref, Ref Stage 36, run, end, 9783589789596210
1787664523.951552, NoOp Chain Depth 128 Size 0 Mode ref, Ref Stage 37, run, start, 9783589789611474
1787664523.951972, NoOp Chain Depth 128 Size 0 Mode ref, Ref Stage 37, run, end, 9783589790032146
1787664523.952105, NoOp Chain Depth 128 Size 0 Mode ref, Ref Stage 38, run, start, 9783589790164385
1787664523.952129, NoOp Chain Depth 128 Size 0 Mode ref, Ref Stage 38, run, end, 9783589790188369
1787664523.952145, NoOp Chain Depth 128 Size 0 Mode ref, Ref Stage 39, run, start, 9783589790204593
1787664523.952167, NoOp Chain Depth 128 Size 0 Mode ref, Ref Stage 39, run, end, 9783589790226273
1787664523.952182, NoOp Chain Depth 128 Size 0 Mode ref, Ref Stage 40, run, start, 9783589790241537
1787664523.952203, NoOp Chain Depth 128 Size 0 Mode ref, Ref Stage 40, run, end, 9783589790262481
1787664523.952218, NoOp Chain Depth 128 Size 0 Mode ref, Ref Stage 41, run, start, 9783589790277041
1787664523.952241, NoOp Chain Depth 128 Size 0 Mode ref, Ref Stage 41, run, end, 9783589790299841
1787664523.952560, NoOp Chain Depth 128 Size 0 Mode ref, Ref Stage 42, run, start, 9783589790620337
1787664523.952691, NoOp Chain Depth 128 Size 0 Mode ref, Ref Stage 42, run, end, 9783589790750033
1787664523.952706, NoOp Chain Depth 128 Size 0 Mode ref, Ref Stage 43, run, start, 9783589790765553
1787664523.952728, NoOp Chain Depth 128 Size 0 Mode ref, Ref Stage 43, run, end, 9783589790787137
1787664523.952743, NoOp Chain Depth 128 Size 0 Mode ref, Ref Stage 44, run, start, 9783589790802241
1787664523.952764, NoOp Chain Depth 128 Size 0 Mode ref, Ref Stage 44, run, end, 9783589790823457
1787664523.952779, NoOp Chain Depth 128 Size 0 Mode ref, Ref Stage 45, run, start, 9783589790838561
1787664523.952803, NoOp Chain Depth 128 Size 0 Mode ref, Ref Stage 45, run, end, 9783589790861761
1787664523.953210, NoOp Chain Depth 128 Size 0 Mode ref, Ref Stage 46, run, start, 9783589791269649
1787664523.953343, NoOp Chain Depth 128 Size 0 Mode ref, Ref Stage 46, run, end, 9783589791403025
1787664523.953359, NoOp Chain Depth 128 Size 0 Mode ref, Ref Stage 47, run, start, 9783589791418881
1787664523.953381, NoOp Chain Depth 128 Size 0 Mode ref, Ref Stage 47, run, end, 9783589791440577
1787664523.953399, NoOp Chain Depth 128 Size 0 Mode ref, Ref Stage 48, run, start, 9783589791458465
1787664523.953422, NoOp Chain Depth 128 Size 0 Mode ref, Ref Stage 48, run, end, 9783589791481553
1787664523.953434, NoOp Chain Depth 128 Size 0 Mode ref, Ref Stage 49, run, start, 9783589791493713
1787664523.953467, NoOp Chain Depth 128 Size 0 Mode ref, Ref Stage 49, run, end, 9783589791525761
1787664523.953481, NoOp Chain Depth 128 Size 0 Mode ref, Ref Stage 50, run, start, 9783589791541041
1787664523.953503, NoOp Chain Depth 128 Size 0 Mode ref, Ref Stage 50, run, end, 9783589791562689
1787664523.953519, NoOp Chain Depth 128 Size 0 Mode ref, Ref Stage 51, run, start, 9783589791577985
1787664523.953540, NoOp Chain Depth 128 Size 0 Mode ref, Ref Stage 51, run, end, 9783589791599457
1787664523.953556, NoOp Chain Depth 128 Size 0 Mode ref, Ref Stage 52, run, start, 9783589791615424
1787664523.953578, NoOp Chain Depth 128 Size 0 Mode ref, Ref Stage 52, run, end, 9783589791636848
1787664523.953593, NoOp Chain Depth 128 Size 0 Mode ref, Ref Stage 53, run, start, 9783589791651952
1787664523.953614, NoOp Chain Depth 128 Size 0 Mode ref, Ref Stage 53, run, end, 9783589791673136
1787664523.953629, NoOp Chain Depth 128 Size 0 Mode ref, Ref Stage 54, run, start, 9783589791688368
1787664523.953650, NoOp Chain Depth 128 Size 0 Mode ref, Ref Stage 54, run, end, 9783589791709520
1787664523.953665, NoOp Chain Depth 128 Size 0 Mode ref, Ref Stage 55, run, start, 9783589791724384
1787664523.953686, NoOp Chain Depth 128 Size 0 Mode ref, Ref Stage 55, run, end, 9783589791745312
1787664523.953701, NoOp Chain Depth 128 Size 0 Mode ref, Ref Stage 56, run, start, 9783589791760192
1787664523.953722, NoOp Chain Depth 128 Size 0 Mode ref, Ref Stage 56, run, end, 9783589791781040
1787664523.953737, NoOp Chain Depth 128 Size 0 Mode ref, Ref Stage 57, run, start, 9783589791795840
1787664523.953762, NoOp Chain Depth 128 Size 0 Mode ref, Ref Stage 57, run, end, 9783589791821264
1787664523.953777, NoOp Chain Depth 128 Size 0 Mode ref, Ref Stage 58, run, start, 9783589791836016
1787664523.953798, NoOp Chain Depth 128 Size 0 Mode ref, Ref Stage 58, run, end, 9783589791857024
1787664523.953813, NoOp Chain Depth 128 Size 0 Mode ref, Ref Stage 59, run, start, 9783589791872080
1787664523.953834, NoOp Chain Depth 128 Size 0 Mode ref, Ref Stage 59, run, end, 9783589791893136
1787664523.953849, NoOp Chain Depth 128 Size 0 Mode ref, Ref Stage 60, run, start, 9783589791908400
1787664523.953874, NoOp Chain Depth 128 Size 0 Mode ref, Ref Stage 60, run, end, 9783589791934816
1787664523.953887, NoOp Chain Depth 128 Size 0 Mode ref, Ref Stage 61, run, start, 9783589791946896
1787664523.953919, NoOp Chain Depth 128 Size 0 Mode ref, Ref Stage 61, run, end, 9783589791977872
1787664523.953933, NoOp Chain Depth 128 Size 0 Mode ref, Ref Stage 62, run, start, 9783589791992896
1787664523.953958, NoOp Chain Depth 128 Size 0 Mode ref, Ref Stage 62, run, end, 9783589792017024
1787664523.953974, NoOp Chain Depth 128 Size 0 Mode ref, Ref Stage 63, run, start, 9783589792033696
1787664523.953999, NoOp Chain Depth 128 Size 0 Mode ref, Ref Stage 63, run, end, 9783589792058128
1787664523.954010, NoOp Chain Depth 128 Size 0 Mode ref, Ref Stage 64, run, start, 9783589792069776
1787664523.954347, NoOp Chain Depth 128 Size 0 Mode ref, Ref Stage 64, run, end, 9783589792407072
1787664523.954470, NoOp Chain Depth 128 Size 0 Mode ref, Ref Stage 65, run, start, 9783589792529664
1787664523.954493, NoOp Chain Depth 128 Size 0 Mode ref, Ref Stage 65, run, end, 9783589792551936
1787664523.954508, NoOp Chain Depth 128 Size 0 Mode ref, Ref Stage 66, run, start, 9783589792567280
1787664523.954531, NoOp Chain Depth 128 Size 0 Mode ref, Ref Stage 66, run, end, 9783589792590720
1787664523.954544, NoOp Chain Depth 128 Size 0 Mode ref, Ref Stage 67, run, start, 9783589792603456
1787664523.954576, NoOp Chain Depth 128 Size 0 Mode ref, Ref Stage 67, run, end, 9783589792635248
1787664523.954591, NoOp Chain Depth 128 Size 0 Mode ref, Ref Stage 68, run, start, 9783589792650128
1787664523.954612, NoOp Chain Depth 128 Size 0 Mode ref, Ref Stage 68, run, end, 9783589792670992
1787664523.954629, NoOp Chain Depth 128 Size 0 Mode ref, Ref Stage 69, run, start, 9783589792687984
1787664523.954650, NoOp Chain Depth 128 Size 0 Mode ref, Ref Stage 69, run, end, 9783589792709520
1787664523.954665, NoOp Chain Depth 128 Size 0 Mode ref, Ref Stage 70, run, start, 9783589792724672
1787664523.954688, NoOp Chain Depth 128 Size 0 Mode ref, Ref Stage 70, run, end, 9783589792747424
1787664523.954703, NoOp Chain Depth 128 Size 0 Mode ref, Ref Stage 71, run, start, 9783589792762992
1787664523.954725, NoOp Chain Depth 128 Size 0 Mode ref, Ref Stage 71, run, end, 9783589792783952
1787664523.954740, NoOp Chain Depth 128 Size 0 Mode ref, Ref Stage 72, run, start, 9783589792798768
1787664523.954761, NoOp Chain Depth 128 Size 0 Mode ref, Ref Stage 72, run, end, 9783589792820192
1787664523.954776, NoOp Chain Depth 128 Size 0 Mode ref, Ref Stage 73, run, start, 9783589792835216
1787664523.954798, NoOp Chain Depth 128 Size 0 Mode ref, Ref Stage 73, run, end, 9783589792857376
1787664523.954814, NoOp Chain Depth 128 Size 0 Mode ref, Ref Stage 74, run, start, 9783589792873712
1787664523.954836, NoOp Chain Depth 128 Size 0 Mode ref, Ref Stage 74, run, end, 9783589792894896
1787664523.954851, NoOp Chain Depth 128 Size 0 Mode ref, Ref Stage 75, run, start, 9783589792910064
1787664523.954873, NoOp Chain Depth 128 Size 0 Mode ref, Ref Stage 75, run, end, 9783589792932128
1787664523.954887, NoOp Chain Depth 128 Size 0 Mode ref, Ref Stage 76, run, start, 9783589792946688
1787664523.954909, NoOp Chain Depth 128 Size 0 Mode ref, Ref Stage 76, run, end, 9783589792968016
1787664523.954924, NoOp Chain Depth 128 Size 0 Mode ref, Ref Stage 77, run, start, 9783589792982880
1787664523.954947, NoOp Chain Depth 128 Size 0 Mode ref, Ref Stage 77, run, end, 9783589793005856
1787664523.954963, NoOp Chain Depth 128 Size 0 Mode ref, Ref Stage 78, run, start, 9783589793021904
1787664523.954985, NoOp Chain Depth 128 Size 0 Mode ref, Ref Stage 78, run, end, 9783589793044384
1787664523.955000, NoOp Chain Depth 128 Size 0 Mode ref, Ref Stage 79, run, start, 9783589793059616
1787664523.955021, NoOp Chain Depth 128 Size 0 Mode ref, Ref Stage 79, run, end, 9783589793080528
1787664523.955037, NoOp Chain Depth 128 Size 0 Mode ref, Ref Stage 80, run, start, 9783589793096432
1787664523.955058, NoOp Chain Depth 128 Size 0 Mode ref, Ref Stage 80, run, end, 9783589793117696
1787664523.955073, NoOp Chain Depth 128 Size 0 Mode ref, Ref Stage 81, run, start, 9783589793132528
1787664523.955095, NoOp Chain Depth 128 Size 0 Mode ref, Ref Stage 81, run, end, 9783589793153840
1787664523.955110, NoOp Chain Depth 128 Size 0 Mode ref, Ref Stage 82, run, start, 9783589793169440
1787664523.955132, NoOp Chain Depth 128 Size 0 Mode ref, Ref Stage 82, run, end, 9783589793191583
1787664523.955147, NoOp Chain Depth 128 Size 0 Mode ref, Ref Stage 83, run, start, 9783589793206687
1787664523.955168, NoOp Chain Depth 128 Size 0 Mode ref, Ref Stage 83, run, end, 9783589793227423
1787664523.955184, NoOp Chain Depth 128 Size 0 Mode ref, Ref Stage 84, run, start, 9783589793243391
1787664523.955205, NoOp Chain Depth 128 Size 0 Mode ref, Ref Stage 84, run, end, 9783589793264191
1787664523.955222, NoOp Chain Depth 128 Size 0 Mode ref, Ref Stage 85, run, start, 9783589793281343
1787664523.955243, NoOp Chain Depth 128 Size 0 Mode ref, Ref Stage 85, run, end, 9783589793302639
1787664523.955258, NoOp Chain Depth 128 Size 0 Mode ref, Ref Stage 86, run, start, 9783589793317535
1787664523.955279, NoOp Chain Depth 128 Size 0 Mode ref, Ref Stage 86, run, end, 9783589793338175
1787664523.955294, NoOp Chain Depth 128 Size 0 Mode ref, Ref Stage 87, run, start, 9783589793353055
1787664523.955317, NoOp Chain Depth 128 Size 0 Mode ref, Ref Stage 87, run, end, 9783589793375551
1787664523.959978, NoOp Chain Depth 128 Size 0 Mode ref, Ref Stage 88, run, start, 9783589798038636
1787664523.960006, NoOp Chain Depth 128 Size 0 Mode ref, Ref Stage 88, run, end, 9783589798066172
1787664523.960022, NoOp Chain Depth 128 Size 0 Mode ref, Ref Stage 89, run, start, 9783589798082124
1787664523.960047, NoOp Chain Depth 128 Size 0 Mode ref, Ref Stage 89, run, end, 9783589798105852
1787664523.960062, NoOp Chain Depth 128 Size 0 Mode ref, Ref Stage 90, run, start, 9783589798120988
1787664523.960083, NoOp Chain Depth 128 Size 0 Mode ref, Ref Stage 90, run, end, 9783589798142252
1787664523.960098, NoOp Chain Depth 128 Size 0 Mode ref, Ref Stage 91, run, start, 9783589798157212
1787664523.960119, NoOp Chain Depth 128 Size 0 Mode ref, Ref Stage 91, run, end, 9783589798178140
1787664523.960134, NoOp Chain Depth 128 Size 0 Mode ref, Ref Stage 92, run, start, 9783589798193244
1787664523.960155, NoOp Chain Depth 128 Size 0 Mode ref, Ref Stage 92, run, end, 9783589798213932
1787664523.960169, NoOp Chain Depth 128 Size 0 Mode ref, Ref Stage 93, run, start, 9783589798228620
1787664523.960190, NoOp Chain Depth 128 Size 0 Mode ref, Ref Stage 93, run, end, 9783589798249532
1787664523.960205, NoOp Chain Depth 128 Size 0 Mode ref, Ref Stage 94, run, start, 9783589798264492
1787664523.960226, NoOp Chain Depth 128 Size 0 Mode ref, Ref Stage 94, run, end, 9783589798285420
1787664523.960241, NoOp Chain Depth 128 Size 0 Mode ref, Ref Stage 95, run, start, 9783589798299948
1787664523.960262, NoOp Chain Depth 128 Size 0 Mode ref, Ref Stage 95, run, end, 9783589798321228
1787664523.960277, NoOp Chain Depth 128 Size 0 Mode ref, Ref Stage 96, run, start, 9783589798336332
1787664523.960298, NoOp Chain Depth 128 Size 0 Mode ref, Ref Stage 96, run, end, 9783589798356988
1787664523.960312, NoOp Chain Depth 128 Size 0 Mode ref, Ref Stage 97, run, start, 9783589798371852
1787664523.960334, NoOp Chain Depth 128 Size 0 Mode ref, Ref Stage 97, run, end, 9783589798393084
1787664523.960348, NoOp Chain Depth 128 Size 0 Mode ref, Ref Stage 98, run, start, 9783589798407804
1787664523.960371, NoOp Chain Depth 128 Size 0 Mode ref, Ref Stage 98, run, end, 9783589798430668
1787664523.960383, NoOp Chain Depth 128 Size 0 Mode ref, Ref Stage 99, run, start, 9783589798442796
1787664523.960415, NoOp Chain Depth 128 Size 0 Mode ref, Ref Stage 99, run, end, 9783589798474268
1787664523.960430, NoOp Chain Depth 128 Size 0 Mode ref, Ref Stage 100, run, start, 9783589798489260
1787664523.960451, NoOp Chain Depth 128 Size 0 Mode ref, Ref Stage 100, run, end, 9783589798510140
1787664523.960465, NoOp Chain Depth 128 Size 0 Mode ref, Ref Stage 101, run, start, 9783589798524892
1787664523.960486, NoOp Chain Depth 128 Size 0 Mode ref, Ref Stage 101, run, end, 9783589798545516
1787664523.960501, NoOp Chain Depth 128 Size 0 Mode ref, Ref Stage 102, run, start, 9783589798560428
1787664523.960522, NoOp Chain Depth 128 Size 0 Mode ref, Ref Stage 102, run, end, 9783589798581020
1787664523.960536, NoOp Chain Depth 128 Size 0 Mode ref, Ref Stage 103, run, start, 9783589798595996
1787664523.960557, NoOp Chain Depth 128 Size 0 Mode ref, Ref Stage 103, run, end, 9783589798616556
1787664523.960572, NoOp Chain Depth 128 Size 0 Mode ref, Ref Stage 104, run, start, 9783589798631356
1787664523.960593, NoOp Chain Depth 128 Size 0 Mode ref, Ref Stage 104, run, end, 9783589798652220
1787664523.960608, NoOp Chain Depth 128 Size 0 Mode ref, Ref Stage 105, run, start, 9783589798666828
1787664523.960629, NoOp Chain Depth 128 Size 0 Mode ref, Ref Stage 105, run, end, 9783589798687852
1787664523.960643, NoOp Chain Depth 128 Size 0 Mode ref, Ref Stage 106, run, start, 9783589798702588
1787664523.960664, NoOp Chain Depth 128 Size 0 Mode ref, Ref Stage 106, run, end, 9783589798723548
1787664523.960679, NoOp Chain Depth 128 Size 0 Mode ref, Ref Stage 107, run, start, 9783589798738316
1787664523.960700, NoOp Chain Depth 128 Size 0 Mode ref, Ref Stage 107, run, end, 9783589798759196
1787664523.960716, NoOp Chain Depth 128 Size 0 Mode ref, Ref Stage 108, run, start, 9783589798775004
1787664523.960738, NoOp Chain Depth 128 Size 0 Mode ref, Ref Stage 108, run, end, 9783589798797228
1787664523.960750, NoOp Chain Depth 128 Size 0 Mode ref, Ref Stage 109, run, start, 9783589798809036
1787664523.960781, NoOp Chain Depth 128 Size 0 Mode ref, Ref Stage 109, run, end, 9783589798840604
1787664523.960799, NoOp Chain Depth 128 Size 0 Mode ref, Ref Stage 110, run, start, 9783589798857852
1787664523.960889, NoOp Chain Depth 128 Size 0 Mode ref, Ref Stage 110, run, end, 9783589798948428
1787664523.961020, NoOp Chain Depth 128 Size 0 Mode ref, Ref Stage 111, run, start, 9783589799079836
1787664523.961353, NoOp Chain Depth 128 Size 0 Mode ref, Ref Stage 111, run, end, 9783589799412795
1787664523.961480, NoOp Chain Depth 128 Size 0 Mode ref, Ref Stage 112, run, start, 9783589799539851
1787664523.961503, NoOp Chain Depth 128 Size 0 Mode ref, Ref Stage 112, run, end, 9783589799562347
1787664523.961518, NoOp Chain Depth 128 Size 0 Mode ref, Ref Stage 113, run, start, 9783589799577371
1787664523.961539, NoOp Chain Depth 128 Size 0 Mode ref, Ref Stage 113, run, end, 9783589799598619
1787664523.961554, NoOp Chain Depth 128 Size 0 Mode ref, Ref Stage 114, run, start, 9783589799613355
1787664523.961575, NoOp Chain Depth 128 Size 0 Mode ref, Ref Stage 114, run, end, 9783589799633995
1787664523.961589, NoOp Chain Depth 128 Size 0 Mode ref, Ref Stage 115, run, start, 9783589799648651
1787664523.961612, NoOp Chain Depth 128 Size 0 Mode ref, Ref Stage 115, run, end, 9783589799671355
1787664523.961624, NoOp Chain Depth 128 Size 0 Mode ref, Ref Stage 116, run, start, 9783589799683067
1787664523.961655, NoOp Chain Depth 128 Size 0 Mode ref, Ref Stage 116, run, end, 9783589799714523
1787664523.961670, NoOp Chain Depth 128 Size 0 Mode ref, Ref Stage 117, run, start, 9783589799729451
1787664523.961691, NoOp Chain Depth 128 Size 0 Mode ref, Ref Stage 117, run, end, 9783589799750603
1787664523.961706, NoOp Chain Depth 128 Size 0 Mode ref, Ref Stage 118, run, start, 9783589799765243
1787664523.961727, NoOp Chain Depth 128 Size 0 Mode ref, Ref Stage 118, run, end, 9783589799786411
1787664523.961742, NoOp Chain Depth 128 Size 0 Mode ref, Ref Stage 119, run, start, 9783589799801499
1787664523.961763, NoOp Chain Depth 128 Size 0 Mode ref, Ref Stage 119, run, end, 9783589799822283
1787664523.961778, NoOp Chain Depth 128 Size 0 Mode ref, Ref Stage 120, run, start, 9783589799836859
1787664523.961799, NoOp Chain Depth 128 Size 0 Mode ref, Ref Stage 120, run, end, 9783589799858123
1787664523.961814, NoOp Chain Depth 128 Size 0 Mode ref, Ref Stage 121, run, start, 9783589799873067
1787664523.961835, NoOp Chain Depth 128 Size 0 Mode ref, Ref Stage 121, run, end, 9783589799894331
1787664523.961851, NoOp Chain Depth 128 Size 0 Mode ref, Ref Stage 122, run, start, 9783589799910219
1787664523.961874, NoOp Chain Depth 128 Size 0 Mode ref, Ref Stage 122, run, end, 9783589799932795
1787664523.961885, NoOp Chain Depth 128 Size 0 Mode ref, Ref Stage 123, run, start, 9783589799944299
1787664523.961916, NoOp Chain Depth 128 Size 0 Mode ref, Ref Stage 123, run, end, 9783589799975323
1787664523.961931, NoOp Chain Depth 128 Size 0 Mode ref, Ref Stage 124, run, start, 9783589799989947
1787664523.961956, NoOp Chain Depth 128 Size 0 Mode ref, Ref Stage 124, run, end, 9783589800014779
1787664523.961967, NoOp Chain Depth 128 Size 0 Mode ref, Ref Stage 125, run, start, 9783589800026571
1787664523.961999, NoOp Chain Depth 128 Size 0 Mode ref, Ref Stage 125, run, end, 9783589800058203
1787664523.962013, NoOp Chain Depth 128 Size 0 Mode ref, Ref Stage 126, run, start, 9783589800072907
1787664523.962034, NoOp Chain Depth 128 Size 0 Mode ref, Ref Stage 126, run, end, 9783589800093819
1787664523.962050, NoOp Chain Depth 128 Size 0 Mode ref, Ref Stage 127, run, start, 9783589800109179
1787664523.962071, NoOp Chain Depth 128 Size 0 Mode ref, Ref Stage 127, run, end, 9783589800130395
1787664523.962087, NoOp Chain Depth 128 Size 0 Mode ref, pipeline - train, run, end, 139998057031523458588075116000449437731, 1787664523.949978, 39, 1, 9783589800145995
1787664523.962125, NoOp Chain Depth 128 Size 0 Mode ref, pipeline - train, run, start, 216022647777235116136511328592665808544, 1787664523.962112, 40, 1, 9783589800184251
1787664523.962148, NoOp Chain Depth 128 Size 0 Mode ref, Ref Stage 0, run, start, 9783589800207323
1787664523.962170, NoOp Chain Depth 128 Size 0 Mode ref, Ref Stage 0, run, end, 9783589800228795
1787664523.962187, NoOp Chain Depth 128 Size 0 Mode ref, Ref Stage 1, run, start, 9783589800246443
1787664523.962210, NoOp Chain Depth 128 Size 0 Mode ref, Ref Stage 1, run, end, 9783589800269211
1787664523.962222, NoOp Chain Depth 128 Size 0 Mode ref, Ref Stage 2, run, start, 9783589800281147
1787664523.962253, NoOp Chain Depth 128 Size 0 Mode ref, Ref Stage 2, run, end, 9783589800312331
1787664523.962268, NoOp Chain Depth 128 Size 0 Mode ref, Ref Stage 3, run, start, 9783589800327275
1787664523.962289, NoOp Chain Depth 128 Size 0 Mode ref, Ref Stage 3, run, end, 9783589800348187
1787664523.962304, NoOp Chain Depth 128 Size 0 Mode ref, Ref Stage 4, run, start, 9783589800362987
1787664523.962325, NoOp Chain Depth 128 Size 0 Mode ref, Ref Stage 4, run, end, 9783589800384139
1787664523.962340, NoOp Chain Depth 128 Size 0 Mode ref, Ref Stage 5, run, start, 9783589800398907
1787664523.962360, NoOp Chain Depth 128 Size 0 Mode ref, Ref Stage 5, run, end, 9783589800419611
1787664523.962375, NoOp Chain Depth 128 Size 0 Mode ref, Ref Stage 6, run, start, 9783589800434523
1787664523.962396, NoOp Chain Depth 128 Size 0 Mode ref, Ref Stage 6, run, end, 9783589800455675
1787664523.962411, NoOp Chain Depth 128 Size 0 Mode ref, Ref Stage 7, run, start, 9783589800470315
1787664523.962432, NoOp Chain Depth 128 Size 0 Mode ref, Ref Stage 7, run, end, 9783589800491339
1787664523.962447, NoOp Chain Depth 128 Size 0 Mode ref, Ref Stage 8, run, start, 9783589800505803
1787664523.962468, NoOp Chain Depth 128 Size 0 Mode ref, Ref Stage 8, run, end, 9783589800526875
1787664523.962482, NoOp Chain Depth 128 Size 0 Mode ref, Ref Stage 9, run, start, 9783589800541499
1787664523.962503, NoOp Chain Depth 128 Size 0 Mode ref, Ref Stage 9, run, end, 9783589800562283
1787664523.962518, NoOp Chain Depth 128 Size 0 Mode ref, Ref Stage 10, run, start, 9783589800577867
1787664523.962539, NoOp Chain Depth 128 Size 0 Mode ref, Ref Stage 10, run, end, 9783589800598475
1787664523.962555, NoOp Chain Depth 128 Size 0 Mode ref, Ref Stage 11, run, start, 9783589800613883
1787664523.962577, NoOp Chain Depth 128 Size 0 Mode ref, Ref Stage 11, run, end, 9783589800636427
1787664523.962589, NoOp Chain Depth 128 Size 0 Mode ref, Ref Stage 12, run, start, 9783589800648203
1787664523.962620, NoOp Chain Depth 128 Size 0 Mode ref, Ref Stage 12, run, end, 9783589800679083
1787664523.962635, NoOp Chain Depth 128 Size 0 Mode ref, Ref Stage 13, run, start, 9783589800693899
1787664523.962655, NoOp Chain Depth 128 Size 0 Mode ref, Ref Stage 13, run, end, 9783589800714411
1787664523.962670, NoOp Chain Depth 128 Size 0 Mode ref, Ref Stage 14, run, start, 9783589800729099
1787664523.962691, NoOp Chain Depth 128 Size 0 Mode ref, Ref Stage 14, run, end, 9783589800749787
1787664523.962705, NoOp Chain Depth 128 Size 0 Mode ref, Ref Stage 15, run, start, 9783589800764539
1787664523.962726, NoOp Chain Depth 128 Size 0 Mode ref, Ref Stage 15, run, end, 9783589800785227
1787664523.962740, NoOp Chain Depth 128 Size 0 Mode ref, Ref Stage 16, run, start, 9783589800799850
1787664523.962761, NoOp Chain Depth 128 Size 0 Mode ref, Ref Stage 16, run, end, 9783589800820474
1787664523.962776, NoOp Chain Depth 128 Size 0 Mode ref, Ref Stage 17, run, start, 9783589800835002
1787664523.962796, NoOp Chain Depth 128 Size 0 Mode ref, Ref Stage 17, run, end, 9783589800855722
1787664523.962811, NoOp Chain Depth 128 Size 0 Mode ref, Ref Stage 18, run, start, 9783589800870378
1787664523.962834, NoOp Chain Depth 128 Size 0 Mode ref, Ref Stage 18, run, end, 9783589800893658
1787664523.962849, NoOp Chain Depth 128 Size 0 Mode ref, Ref Stage 19, run, start, 9783589800908394
1787664523.962870, NoOp Chain Depth 128 Size 0 Mode ref, Ref Stage 19, run, end, 9783589800929338
1787664523.962886, NoOp Chain Depth 128 Size 0 Mode ref, Ref Stage 20, run, start, 9783589800945722
1787664523.962907, NoOp Chain Depth 128 Size 0 Mode ref, Ref Stage 20, run, end, 9783589800966634
1787664523.962923, NoOp Chain Depth 128 Size 0 Mode ref, Ref Stage 21, run, start, 9783589800981834
1787664523.962948, NoOp Chain Depth 128 Size 0 Mode ref, Ref Stage 21, run, end, 9783589801007530
1787664523.962960, NoOp Chain Depth 128 Size 0 Mode ref, Ref Stage 22, run, start, 9783589801019402
1787664523.962993, NoOp Chain Depth 128 Size 0 Mode ref, Ref Stage 22, run, end, 9783589801051898
1787664523.963007, NoOp Chain Depth 128 Size 0 Mode ref, Ref Stage 23, run, start, 9783589801066698
1787664523.963028, NoOp Chain Depth 128 Size 0 Mode ref, Ref Stage 23, run, end, 9783589801087658
1787664523.963043, NoOp Chain Depth 128 Size 0 Mode ref, Ref Stage 24, run, start, 9783589801102410
1787664523.963066, NoOp Chain Depth 128 Size 0 Mode ref, Ref Stage 24, run, end, 9783589801124730
1787664523.963080, NoOp Chain Depth 128 Size 0 Mode ref, Ref Stage 25, run, start, 9783589801139738
1787664523.963103, NoOp Chain Depth 128 Size 0 Mode ref, Ref Stage 25, run, end, 9783589801161626
1787664523.963117, NoOp Chain Depth 128 Size 0 Mode ref, Ref Stage 26, run, start, 9783589801176282
1787664523.963138, NoOp Chain Depth 128 Size 0 Mode ref, Ref Stage 26, run, end, 9783589801196890
1787664523.963153, NoOp Chain Depth 128 Size 0 Mode ref, Ref Stage 27, run, start, 9783589801212442
1787664523.963174, NoOp Chain Depth 128 Size 0 Mode ref, Ref Stage 27, run, end, 9783589801233146
1787664523.963188, NoOp Chain Depth 128 Size 0 Mode ref, Ref Stage 28, run, start, 9783589801248090
1787664523.963211, NoOp Chain Depth 128 Size 0 Mode ref, Ref Stage 28, run, end, 9783589801270282
1787664523.963226, NoOp Chain Depth 128 Size 0 Mode ref, Ref Stage 29, run, start, 9783589801285018
1787664523.963251, NoOp Chain Depth 128 Size 0 Mode ref, Ref Stage 29, run, end, 9783589801310714
1787664523.963266, NoOp Chain Depth 128 Size 0 Mode ref, Ref Stage 30, run, start, 9783589801325594
1787664523.963288, NoOp Chain Depth 128 Size 0 Mode ref, Ref Stage 30, run, end, 9783589801347450
1787664523.963303, NoOp Chain Depth 128 Size 0 Mode ref, Ref Stage 31, run, start, 9783589801362506
1787664523.963325, NoOp Chain Depth 128 Size 0 Mode ref, Ref Stage 31, run, end, 9783589801384682
1787664523.963340, NoOp Chain Depth 128 Size 0 Mode ref, Ref Stage 32, run, start, 9783589801399466
1787664523.963361, NoOp Chain Depth 128 Size 0 Mode ref, Ref Stage 32, run, end, 9783589801420378
1787664523.963376, NoOp Chain Depth 128 Size 0 Mode ref, Ref Stage 33, run, start, 9783589801435178
1787664523.963397, NoOp Chain Depth 128 Size 0 Mode ref, Ref Stage 33, run, end, 9783589801455786
1787664523.963412, NoOp Chain Depth 128 Size 0 Mode ref, Ref Stage 34, run, start, 9783589801470666
1787664523.963432, NoOp Chain Depth 128 Size 0 Mode ref, Ref Stage 34, run, end, 9783589801491274
1787664523.963448, NoOp Chain Depth 128 Size 0 Mode ref, Ref Stage 35, run, start, 9783589801507626
1787664523.963471, NoOp Chain Depth 128 Size 0 Mode ref, Ref Stage 35, run, end, 9783589801529690
1787664523.963487, NoOp Chain Depth 128 Size 0 Mode ref, Ref Stage 36, run, start, 9783589801546458
1787664523.963905, NoOp Chain Depth 128 Size 0 Mode ref, Ref Stage 36, run, end, 9783589801965338
1787664523.964045, NoOp Chain Depth 128 Size 0 Mode ref, Ref Stage 37, run, start, 9783589802104826
1787664523.964070, NoOp Chain Depth 128 Size 0 Mode ref, Ref Stage 37, run, end, 9783589802129274
1787664523.964085, NoOp Chain Depth 128 Size 0 Mode ref, Ref Stage 38, run, start, 9783589802144618
1787664523.964107, NoOp Chain Depth 128 Size 0 Mode ref, Ref Stage 38, run, end, 9783589802165994
1787664523.964122, NoOp Chain Depth 128 Size 0 Mode ref, Ref Stage 39, run, start, 9783589802181210
1787664523.964143, NoOp Chain Depth 128 Size 0 Mode ref, Ref Stage 39, run, end, 9783589802202234
1787664523.964158, NoOp Chain Depth 128 Size 0 Mode ref, Ref Stage 40, run, start, 9783589802217594
1787664523.964181, NoOp Chain Depth 128 Size 0 Mode ref, Ref Stage 40, run, end, 9783589802240041
1787664523.964193, NoOp Chain Depth 128 Size 0 Mode ref, Ref Stage 41, run, start, 9783589802251849
1787664523.964225, NoOp Chain Depth 128 Size 0 Mode ref, Ref Stage 41, run, end, 9783589802283705
1787664523.964240, NoOp Chain Depth 128 Size 0 Mode ref, Ref Stage 42, run, start, 9783589802299001
1787664523.964264, NoOp Chain Depth 128 Size 0 Mode ref, Ref Stage 42, run, end, 9783589802323161
1787664523.964278, NoOp Chain Depth 128 Size 0 Mode ref, Ref Stage 43, run, start, 9783589802338041
1787664523.964300, NoOp Chain Depth 128 Size 0 Mode ref, Ref Stage 43, run, end, 9783589802360713
1787664523.964317, NoOp Chain Depth 128 Size 0 Mode ref, Ref Stage 44, run, start, 9783589802376201
1787664523.964340, NoOp Chain Depth 128 Size 0 Mode ref, Ref Stage 44, run, end, 9783589802398905
1787664523.964353, NoOp Chain Depth 128 Size 0 Mode ref, Ref Stage 45, run, start, 9783589802411769
1787664523.964502, NoOp Chain Depth 128 Size 0 Mode ref, Ref Stage 45, run, end, 9783589802562073
1787664523.964520, NoOp Chain Depth 128 Size 0 Mode ref, Ref Stage 46, run, start, 9783589802579833
1787664523.964544, NoOp Chain Depth 128 Size 0 Mode ref, Ref Stage 46, run, end, 9783589802603481
1787664523.964559, NoOp Chain Depth 128 Size 0 Mode ref, Ref Stage 47, run, start, 9783589802618281
1787664523.964580, NoOp Chain Depth 128 Size 0 Mode ref, Ref Stage 47, run, end, 9783589802639209
1787664523.964595, NoOp Chain Depth 128 Size 0 Mode ref, Ref Stage 48, run, start, 9783589802654697
1787664523.964925, NoOp Chain Depth 128 Size 0 Mode ref, Ref Stage 48, run, end, 9783589802984921
1787664523.965058, NoOp Chain Depth 128 Size 0 Mode ref, Ref Stage 49, run, start, 9783589803117481
1787664523.965082, NoOp Chain Depth 128 Size 0 Mode ref, Ref Stage 49, run, end, 9783589803141753
1787664523.965097, NoOp Chain Depth 128 Size 0 Mode ref, Ref Stage 50, run, start, 9783589803157161
1787664523.965119, NoOp Chain Depth 128 Size 0 Mode ref, Ref Stage 50, run, end, 9783589803178201
1787664523.965134, NoOp Chain Depth 128 Size 0 Mode ref, Ref Stage 51, run, start, 9783589803193145
1787664523.965155, NoOp Chain Depth 128 Size 0 Mode ref, Ref Stage 51, run, end, 9783589803214361
1787664523.965171, NoOp Chain Depth 128 Size 0 Mode ref, Ref Stage 52, run, start, 9783589803230121
1787664523.965192, NoOp Chain Depth 128 Size 0 Mode ref, Ref Stage 52, run, end, 9783589803251305
1787664523.965207, NoOp Chain Depth 128 Size 0 Mode ref, Ref Stage 53, run, start, 9783589803265865
1787664523.965228, NoOp Chain Depth 128 Size 0 Mode ref, Ref Stage 53, run, end, 9783589803287481
1787664523.965243, NoOp Chain Depth 128 Size 0 Mode ref, Ref Stage 54, run, start, 9783589803302809
1787664523.965266, NoOp Chain Depth 128 Size 0 Mode ref, Ref Stage 54, run, end, 9783589803325225
1787664523.965281, NoOp Chain Depth 128 Size 0 Mode ref, Ref Stage 55, run, start, 9783589803340473
1787664523.965302, NoOp Chain Depth 128 Size 0 Mode ref, Ref Stage 55, run, end, 9783589803361481
1787664523.965317, NoOp Chain Depth 128 Size 0 Mode ref, Ref Stage 56, run, start, 9783589803376137
1787664523.965339, NoOp Chain Depth 128 Size 0 Mode ref, Ref Stage 56, run, end, 9783589803398233
1787664523.965354, NoOp Chain Depth 128 Size 0 Mode ref, Ref Stage 57, run, start, 9783589803413273
1787664523.965376, NoOp Chain Depth 128 Size 0 Mode ref, Ref Stage 57, run, end, 9783589803435577
1787664523.965388, NoOp Chain Depth 128 Size 0 Mode ref, Ref Stage 58, run, start, 9783589803447193
1787664523.965420, NoOp Chain Depth 128 Size 0 Mode ref, Ref Stage 58, run, end, 9783589803478729
1787664523.965435, NoOp Chain Depth 128 Size 0 Mode ref, Ref Stage 59, run, start, 9783589803493977
1787664523.965456, NoOp Chain Depth 128 Size 0 Mode ref, Ref Stage 59, run, end, 9783589803514729
1787664523.965471, NoOp Chain Depth 128 Size 0 Mode ref, Ref Stage 60, run, start, 9783589803530601
1787664523.965494, NoOp Chain Depth 128 Size 0 Mode ref, Ref Stage 60, run, end, 9783589803553097
1787664523.965899, NoOp Chain Depth 128 Size 0 Mode ref, Ref Stage 61, run, start, 9783589803959208
1787664523.966034, NoOp Chain Depth 128 Size 0 Mode ref, Ref Stage 61, run, end, 9783589804093784
1787664523.966050, NoOp Chain Depth 128 Size 0 Mode ref, Ref Stage 62, run, start, 9783589804109272
1787664523.966072, NoOp Chain Depth 128 Size 0 Mode ref, Ref Stage 62, run, end, 9783589804130952
1787664523.966089, NoOp Chain Depth 128 Size 0 Mode ref, Ref Stage 63, run, start, 9783589804148216
1787664523.966110, NoOp Chain Depth 128 Size 0 Mode ref, Ref Stage 63, run, end, 9783589804169496
1787664523.966125, NoOp Chain Depth 128 Size 0 Mode ref, Ref Stage 64, run, start, 9783589804184424
1787664523.966146, NoOp Chain Depth 128 Size 0 Mode ref, Ref Stage 64, run, end, 9783589804205448
1787664523.966161, NoOp Chain Depth 128 Size 0 Mode ref, Ref Stage 65, run, start, 9783589804220920
1787664523.966183, NoOp Chain Depth 128 Size 0 Mode ref, Ref Stage 65, run, end, 9783589804242312
1787664523.966198, NoOp Chain Depth 128 Size 0 Mode ref, Ref Stage 66, run, start, 9783589804257080
1787664523.966222, NoOp Chain Depth 128 Size 0 Mode ref, Ref Stage 66, run, end, 9783589804280920
1787664523.966237, NoOp Chain Depth 128 Size 0 Mode ref, Ref Stage 67, run, start, 9783589804295912
1787664523.966258, NoOp Chain Depth 128 Size 0 Mode ref, Ref Stage 67, run, end, 9783589804316952
1787664523.966274, NoOp Chain Depth 128 Size 0 Mode ref, Ref Stage 68, run, start, 9783589804333048
1787664523.966295, NoOp Chain Depth 128 Size 0 Mode ref, Ref Stage 68, run, end, 9783589804354040
1787664523.966310, NoOp Chain Depth 128 Size 0 Mode ref, Ref Stage 69, run, start, 9783589804368904
1787664523.966333, NoOp Chain Depth 128 Size 0 Mode ref, Ref Stage 69, run, end, 9783589804391992
1787664523.966344, NoOp Chain Depth 128 Size 0 Mode ref, Ref Stage 70, run, start, 9783589804403720
1787664523.966376, NoOp Chain Depth 128 Size 0 Mode ref, Ref Stage 70, run, end, 9783589804435096
1787664523.966391, NoOp Chain Depth 128 Size 0 Mode ref, Ref Stage 71, run, start, 9783589804449832
1787664523.966412, NoOp Chain Depth 128 Size 0 Mode ref, Ref Stage 71, run, end, 9783589804470728
1787664523.966427, NoOp Chain Depth 128 Size 0 Mode ref, Ref Stage 72, run, start, 9783589804486856
1787664523.966449, NoOp Chain Depth 128 Size 0 Mode ref, Ref Stage 72, run, end, 9783589804508648
1787664523.966465, NoOp Chain Depth 128 Size 0 Mode ref, Ref Stage 73, run, start, 9783589804524504
1787664523.966488, NoOp Chain Depth 128 Size 0 Mode ref, Ref Stage 73, run, end, 9783589804547240
1787664523.966500, NoOp Chain Depth 128 Size 0 Mode ref, Ref Stage 74, run, start, 9783589804559144
1787664523.966532, NoOp Chain Depth 128 Size 0 Mode ref, Ref Stage 74, run, end, 9783589804590840
1787664523.966547, NoOp Chain Depth 128 Size 0 Mode ref, Ref Stage 75, run, start, 9783589804605784
1787664523.966568, NoOp Chain Depth 128 Size 0 Mode ref, Ref Stage 75, run, end, 9783589804627000
1787664523.966582, NoOp Chain Depth 128 Size 0 Mode ref, Ref Stage 76, run, start, 9783589804641736
1787664523.966604, NoOp Chain Depth 128 Size 0 Mode ref, Ref Stage 76, run, end, 9783589804662808
1787664523.966618, NoOp Chain Depth 128 Size 0 Mode ref, Ref Stage 77, run, start, 9783589804677656
1787664523.966642, NoOp Chain Depth 128 Size 0 Mode ref, Ref Stage 77, run, end, 9783589804701176
1787664523.966656, NoOp Chain Depth 128 Size 0 Mode ref, Ref Stage 78, run, start, 9783589804715848
1787664523.966677, NoOp Chain Depth 128 Size 0 Mode ref, Ref Stage 78, run, end, 9783589804736792
1787664523.966692, NoOp Chain Depth 128 Size 0 Mode ref, Ref Stage 79, run, start, 9783589804751576
1787664523.966713, NoOp Chain Depth 128 Size 0 Mode ref, Ref Stage 79, run, end, 9783589804772152
1787664523.966727, NoOp Chain Depth 128 Size 0 Mode ref, Ref Stage 80, run, start, 9783589804786680
1787664523.966749, NoOp Chain Depth 128 Size 0 Mode ref, Ref Stage 80, run, end, 9783589804808216
1787664523.966764, NoOp Chain Depth 128 Size 0 Mode ref, Ref Stage 81, run, start, 9783589804823496
1787664523.966785, NoOp Chain Depth 128 Size 0 Mode ref, Ref Stage 81, run, end, 9783589804844504
1787664523.966800, NoOp Chain Depth 128 Size 0 Mode ref, Ref Stage 82, run, start, 9783589804859288
1787664523.966836, NoOp Chain Depth 128 Size 0 Mode ref, Ref Stage 82, run, end, 9783589804895288
1787664523.966851, NoOp Chain Depth 128 Size 0 Mode ref, Ref Stage 83, run, start, 9783589804910776
1787664523.966875, NoOp Chain Depth 128 Size 0 Mode ref, Ref Stage 83, run, end, 9783589804934760
1787664523.966890, NoOp Chain Depth 128 Size 0 Mode ref, Ref Stage 84, run, start, 9783589804949576
1787664523.966913, NoOp Chain Depth 128 Size 0 Mode ref, Ref Stage 84, run, end, 9783589804971944
1787664523.966924, NoOp Chain Depth 128 Size 0 Mode ref, Ref Stage 85, run, start, 9783589804983624
1787664523.966958, NoOp Chain Depth 128 Size 0 Mode ref, Ref Stage 85, run, end, 9783589805016840
1787664523.966974, NoOp Chain Depth 128 Size 0 Mode ref, Ref Stage 86, run, start, 9783589805032824
1787664523.966997, NoOp Chain Depth 128 Size 0 Mode ref, Ref Stage 86, run, end, 9783589805056728
1787664523.967318, NoOp Chain Depth 128 Size 0 Mode ref, Ref Stage 87, run, start, 9783589805378295
1787664523.967461, NoOp Chain Depth 128 Size 0 Mode ref, Ref Stage 87, run, end, 9783589805520647
1787664523.967477, NoOp Chain Depth 128 Size 0 Mode ref, Ref Stage 88, run, start, 9783589805536055
1787664523.967498, NoOp Chain Depth 128 Size 0 Mode ref, Ref Stage 88, run, end, 9783589805557511
1787664523.967513, NoOp Chain Depth 128 Size 0 Mode ref, Ref Stage 89, run, start, 9783589805572439
1787664523.967534, NoOp Chain Depth 128 Size 0 Mode ref, Ref Stage 89, run, end, 9783589805593575
1787664523.967549, NoOp Chain Depth 128 Size 0 Mode ref, Ref Stage 90, run, start, 9783589805608295
1787664523.967570, NoOp Chain Depth 128 Size 0 Mode ref, Ref Stage 90, run, end, 9783589805629303
1787664523.967585, NoOp Chain Depth 128 Size 0 Mode ref, Ref Stage 91, run, start, 9783589805643799
1787664523.967606, NoOp Chain Depth 128 Size 0 Mode ref, Ref Stage 91, run, end, 9783589805664999
1787664523.967621, NoOp Chain Depth 128 Size 0 Mode ref, Ref Stage 92, run, start, 9783589805679943
1787664523.967642, NoOp Chain Depth 128 Size 0 Mode ref, Ref Stage 92, run, end, 9783589805701351
1787664523.967659, NoOp Chain Depth 128 Size 0 Mode ref, Ref Stage 93, run, start, 9783589805718519
1787664523.967680, NoOp Chain Depth 128 Size 0 Mode ref, Ref Stage 93, run, end, 9783589805739671
1787664523.967695, NoOp Chain Depth 128 Size 0 Mode ref, Ref Stage 94, run, start, 9783589805754487
1787664523.967718, NoOp Chain Depth 128 Size 0 Mode ref, Ref Stage 94, run, end, 9783589805776775
1787664523.967732, NoOp Chain Depth 128 Size 0 Mode ref, Ref Stage 95, run, start, 9783589805791367
1787664523.967753, NoOp Chain Depth 128 Size 0 Mode ref, Ref Stage 95, run, end, 9783589805812455
1787664523.967768, NoOp Chain Depth 128 Size 0 Mode ref, Ref Stage 96, run, start, 9783589805827287
1787664523.967788, NoOp Chain Depth 128 Size 0 Mode ref, Ref Stage 96, run, end, 9783589805847927
1787664523.967803, NoOp Chain Depth 128 Size 0 Mode ref, Ref Stage 97, run, start, 9783589805862695
1787664523.967824, NoOp Chain Depth 128 Size 0 Mode ref, Ref Stage 97, run, end, 9783589805883623
1787664523.967839, NoOp Chain Depth 128 Size 0 Mode ref, Ref Stage 98, run, start, 9783589805898279
1787664523.967863, NoOp Chain Depth 128 Size 0 Mode ref, Ref Stage 98, run, end, 9783589805921751
1787664523.967874, NoOp Chain Depth 128 Size 0 Mode ref, Ref Stage 99, run, start, 9783589805933639
1787664523.967905, NoOp Chain Depth 128 Size 0 Mode ref, Ref Stage 99, run, end, 9783589805964583
1787664523.967920, NoOp Chain Depth 128 Size 0 Mode ref, Ref Stage 100, run, start, 9783589805979207
1787664523.967941, NoOp Chain Depth 128 Size 0 Mode ref, Ref Stage 100, run, end, 9783589806000055
1787664523.967958, NoOp Chain Depth 128 Size 0 Mode ref, Ref Stage 101, run, start, 9783589806017911
1787664523.967986, NoOp Chain Depth 128 Size 0 Mode ref, Ref Stage 101, run, end, 9783589806045159
1787664523.967998, NoOp Chain Depth 128 Size 0 Mode ref, Ref Stage 102, run, start, 9783589806057111
1787664523.968030, NoOp Chain Depth 128 Size 0 Mode ref, Ref Stage 102, run, end, 9783589806089639
1787664523.968043, NoOp Chain Depth 128 Size 0 Mode ref, Ref Stage 103, run, start, 9783589806101991
1787664523.968075, NoOp Chain Depth 128 Size 0 Mode ref, Ref Stage 103, run, end, 9783589806134263
1787664523.968090, NoOp Chain Depth 128 Size 0 Mode ref, Ref Stage 104, run, start, 9783589806149415
1787664523.968114, NoOp Chain Depth 128 Size 0 Mode ref, Ref Stage 104, run, end, 9783589806173607
1787664523.968129, NoOp Chain Depth 128 Size 0 Mode ref, Ref Stage 105, run, start, 9783589806188279
1787664523.968151, NoOp Chain Depth 128 Size 0 Mode ref, Ref Stage 105, run, end, 9783589806210487
1787664523.968167, NoOp Chain Depth 128 Size 0 Mode ref, Ref Stage 106, run, start, 9783589806226727
1787664523.968190, NoOp Chain Depth 128 Size 0 Mode ref, Ref Stage 106, run, end, 9783589806248983
1787664523.968204, NoOp Chain Depth 128 Size 0 Mode ref, Ref Stage 107, run, start, 9783589806263879
1787664523.968225, NoOp Chain Depth 128 Size 0 Mode ref, Ref Stage 107, run, end, 9783589806284647
1787664523.968240, NoOp Chain Depth 128 Size 0 Mode ref, Ref Stage 108, run, start, 9783589806299591
1787664523.968261, NoOp Chain Depth 128 Size 0 Mode ref, Ref Stage 108, run, end, 9783589806320407
1787664523.968277, NoOp Chain Depth 128 Size 0 Mode ref, Ref Stage 109, run, start, 9783589806336327
1787664523.968298, NoOp Chain Depth 128 Size 0 Mode ref, Ref Stage 109, run, end, 9783589806357287
1787664523.968956, NoOp Chain Depth 128 Size 0 Mode ref, Ref Stage 110, run, start, 9783589807016134
1787664523.968984, NoOp Chain Depth 128 Size 0 Mode ref, Ref Stage 110, run, end, 9783589807043510
1787664523.969000, NoOp Chain Depth 128 Size 0 Mode ref, Ref Stage 111, run, start, 9783589807059670
1787664523.969022, NoOp Chain Depth 128 Size 0 Mode ref, Ref Stage 111, run, end, 9783589807081558
1787664523.969037, NoOp Chain Depth 128 Size 0 Mode ref, Ref Stage 112, run, start, 9783589807096598
1787664523.969059, NoOp Chain Depth 128 Size 0 Mode ref, Ref Stage 112, run, end, 9783589807118230
1787664523.969074, NoOp Chain Depth 128 Size 0 Mode ref, Ref Stage 113, run, start, 9783589807133014
1787664523.969095, NoOp Chain Depth 128 Size 0 Mode ref, Ref Stage 113, run, end, 9783589807154486
1787664523.969110, NoOp Chain Depth 128 Size 0 Mode ref, Ref Stage 114, run, start, 9783589807169238
1787664523.969131, NoOp Chain Depth 128 Size 0 Mode ref, Ref Stage 114, run, end, 9783589807190470
1787664523.969146, NoOp Chain Depth 128 Size 0 Mode ref, Ref Stage 115, run, start, 9783589807205350
1787664523.969169, NoOp Chain Depth 128 Size 0 Mode ref, Ref Stage 115, run, end, 9783589807228102
1787664523.969181, NoOp Chain Depth 128 Size 0 Mode ref, Ref Stage 116, run, start, 9783589807240070
1787664523.969212, NoOp Chain Depth 128 Size 0 Mode ref, Ref Stage 116, run, end, 9783589807271238
1787664523.969227, NoOp Chain Depth 128 Size 0 Mode ref, Ref Stage 117, run, start, 9783589807286134
1787664523.969248, NoOp Chain Depth 128 Size 0 Mode ref, Ref Stage 117, run, end, 9783589807306998
1787664523.969262, NoOp Chain Depth 128 Size 0 Mode ref, Ref Stage 118, run, start, 9783589807321702
1787664523.969284, NoOp Chain Depth 128 Size 0 Mode ref, Ref Stage 118, run, end, 9783589807342854
1787664523.969301, NoOp Chain Depth 128 Size 0 Mode ref, Ref Stage 119, run, start, 9783589807360182
1787664523.969323, NoOp Chain Depth 128 Size 0 Mode ref, Ref Stage 119, run, end, 9783589807382454
1787664523.969335, NoOp Chain Depth 128 Size 0 Mode ref, Ref Stage 120, run, start, 9783589807394086
1787664523.969367, NoOp Chain Depth 128 Size 0 Mode ref, Ref Stage 120, run, end, 9783589807426310
1787664523.969382, NoOp Chain Depth 128 Size 0 Mode ref, Ref Stage 121, run, start, 9783589807441430
1787664523.969403, NoOp Chain Depth 128 Size 0 Mode ref, Ref Stage 121, run, end, 9783589807461846
1787664523.969418, NoOp Chain Depth 128 Size 0 Mode ref, Ref Stage 122, run, start, 9783589807476934
1787664523.969747, NoOp Chain Depth 128 Size 0 Mode ref, Ref Stage 122, run, end, 9783589807807062
1787664523.969869, NoOp Chain Depth 128 Size 0 Mode ref, Ref Stage 123, run, start, 9783589807928598
1787664523.969892, NoOp Chain Depth 128 Size 0 Mode ref, Ref Stage 123, run, end, 9783589807951446
1787664523.969907, NoOp Chain Depth 128 Size 0 Mode ref, Ref Stage 124, run, start, 9783589807966518
1787664523.969930, NoOp Chain Depth 128 Size 0 Mode ref, Ref Stage 124, run, end, 9783589807989334
1787664523.969942, NoOp Chain Depth 128 Size 0 Mode ref, Ref Stage 125, run, start, 9783589808002790
1787664523.969978, NoOp Chain Depth 128 Size 0 Mode ref, Ref Stage 125, run, end, 9783589808037478
1787664523.969994, NoOp Chain Depth 128 Size 0 Mode ref, Ref Stage 126, run, start, 9783589808053110
1787664523.970015, NoOp Chain Depth 128 Size 0 Mode ref, Ref Stage 126, run, end, 9783589808074438
1787664523.970030, NoOp Chain Depth 128 Size 0 Mode ref, Ref Stage 127, run, start, 9783589808089718
1787664523.970052, NoOp Chain Depth 128 Size 0 Mode ref, Ref Stage 127, run, end, 9783589808111254
1787664523.970068, NoOp Chain Depth 128 Size 0 Mode ref, pipeline - train, run, end, 216022647777235116136511328592665808544, 1787664523.962112, 40, 1, 9783589808127158
1787664523.970106, NoOp Chain Depth 128 Size 0 Mode ref, pipeline - train, run, start, 35379381731811593816011814674978202063, 1787664523.970094, 41, 1, 9783589808165366
1787664523.970130, NoOp Chain Depth 128 Size 0 Mode ref, Ref Stage 0, run, start, 9783589808189638
1787664523.970152, NoOp Chain Depth 128 Size 0 Mode ref, Ref Stage 0, run, end, 9783589808211046
1787664523.970168, NoOp Chain Depth 128 Size 0 Mode ref, Ref Stage 1, run, start, 9783589808227510
1787664523.970191, NoOp Chain Depth 128 Size 0 Mode ref, Ref Stage 1, run, end, 9783589808250582
1787664523.970203, NoOp Chain Depth 128 Size 0 Mode ref, Ref Stage 2, run, start, 9783589808262374
1787664523.970236, NoOp Chain Depth 128 Size 0 Mode ref, Ref Stage 2, run, end, 9783589808295670
1787664523.970251, NoOp Chain Depth 128 Size 0 Mode ref, Ref Stage 3, run, start, 9783589808310486
1787664523.970273, NoOp Chain Depth 128 Size 0 Mode ref, Ref Stage 3, run, end, 9783589808331797
1787664523.970287, NoOp Chain Depth 128 Size 0 Mode ref, Ref Stage 4, run, start, 9783589808346741
1787664523.970309, NoOp Chain Depth 128 Size 0 Mode ref, Ref Stage 4, run, end, 9783589808367813
1787664523.970323, NoOp Chain Depth 128 Size 0 Mode ref, Ref Stage 5, run, start, 9783589808382501
1787664523.970346, NoOp Chain Depth 128 Size 0 Mode ref, Ref Stage 5, run, end, 9783589808404965
1787664523.970360, NoOp Chain Depth 128 Size 0 Mode ref, Ref Stage 6, run, start, 9783589808419557
1787664523.970381, NoOp Chain Depth 128 Size 0 Mode ref, Ref Stage 6, run, end, 9783589808440677
1787664523.970396, NoOp Chain Depth 128 Size 0 Mode ref, Ref Stage 7, run, start, 9783589808455269
1787664523.970417, NoOp Chain Depth 128 Size 0 Mode ref, Ref Stage 7, run, end, 9783589808476581
1787664523.970432, NoOp Chain Depth 128 Size 0 Mode ref, Ref Stage 8, run, start, 9783589808491173
1787664523.970453, NoOp Chain Depth 128 Size 0 Mode ref, Ref Stage 8, run, end, 9783589808512101
1787664523.970469, NoOp Chain Depth 128 Size 0 Mode ref, Ref Stage 9, run, start, 9783589808527749
1787664523.970490, NoOp Chain Depth 128 Size 0 Mode ref, Ref Stage 9, run, end, 9783589808548949
1787664523.970505, NoOp Chain Depth 128 Size 0 Mode ref, Ref Stage 10, run, start, 9783589808564517
1787664523.970530, NoOp Chain Depth 128 Size 0 Mode ref, Ref Stage 10, run, end, 9783589808588821
1787664523.970572, NoOp Chain Depth 128 Size 0 Mode ref, Ref Stage 11, run, start, 9783589808631045
1787664523.970593, NoOp Chain Depth 128 Size 0 Mode ref, Ref Stage 11, run, end, 9783589808652405
1787664523.970608, NoOp Chain Depth 128 Size 0 Mode ref, Ref Stage 12, run, start, 9783589808667045
1787664523.970630, NoOp Chain Depth 128 Size 0 Mode ref, Ref Stage 12, run, end, 9783589808689749
1787664523.970642, NoOp Chain Depth 128 Size 0 Mode ref, Ref Stage 13, run, start, 9783589808701269
1787664523.970673, NoOp Chain Depth 128 Size 0 Mode ref, Ref Stage 13, run, end, 9783589808732485
1787664523.970688, NoOp Chain Depth 128 Size 0 Mode ref, Ref Stage 14, run, start, 9783589808747237
1787664523.970709, NoOp Chain Depth 128 Size 0 Mode ref, Ref Stage 14, run, end, 9783589808768213
1787664523.970725, NoOp Chain Depth 128 Size 0 Mode ref, Ref Stage 15, run, start, 9783589808784357
1787664523.970748, NoOp Chain Depth 128 Size 0 Mode ref, Ref Stage 15, run, end, 9783589808806709
1787664523.970764, NoOp Chain Depth 128 Size 0 Mode ref, Ref Stage 16, run, start, 9783589808822997
1787664523.970784, NoOp Chain Depth 128 Size 0 Mode ref, Ref Stage 16, run, end, 9783589808843509
1787664523.970799, NoOp Chain Depth 128 Size 0 Mode ref, Ref Stage 17, run, start, 9783589808858373
1787664523.970820, NoOp Chain Depth 128 Size 0 Mode ref, Ref Stage 17, run, end, 9783589808879109
1787664523.970911, NoOp Chain Depth 128 Size 0 Mode ref, Ref Stage 18, run, start, 9783589808970821
1787664523.970935, NoOp Chain Depth 128 Size 0 Mode ref, Ref Stage 18, run, end, 9783589808994613
1787664523.970952, NoOp Chain Depth 128 Size 0 Mode ref, Ref Stage 19, run, start, 9783589809011541
1787664523.970974, NoOp Chain Depth 128 Size 0 Mode ref, Ref Stage 19, run, end, 9783589809033669
1787664523.970989, NoOp Chain Depth 128 Size 0 Mode ref, Ref Stage 20, run, start, 9783589809048645
1787664523.971010, NoOp Chain Depth 128 Size 0 Mode ref, Ref Stage 20, run, end, 9783589809069541
1787664523.971027, NoOp Chain Depth 128 Size 0 Mode ref, Ref Stage 21, run, start, 9783589809086453
1787664523.971050, NoOp Chain Depth 128 Size 0 Mode ref, Ref Stage 21, run, end, 9783589809109493
1787664523.971065, NoOp Chain Depth 128 Size 0 Mode ref, Ref Stage 22, run, start, 9783589809124469
1787664523.971088, NoOp Chain Depth 128 Size 0 Mode ref, Ref Stage 22, run, end, 9783589809146965
1787664523.971099, NoOp Chain Depth 128 Size 0 Mode ref, Ref Stage 23, run, start, 9783589809158629
1787664523.971131, NoOp Chain Depth 128 Size 0 Mode ref, Ref Stage 23, run, end, 9783589809189941
1787664523.971145, NoOp Chain Depth 128 Size 0 Mode ref, Ref Stage 24, run, start, 9783589809204645
1787664523.971167, NoOp Chain Depth 128 Size 0 Mode ref, Ref Stage 24, run, end, 9783589809227925
1787664523.971183, NoOp Chain Depth 128 Size 0 Mode ref, Ref Stage 25, run, start, 9783589809242789
1787664523.971205, NoOp Chain Depth 128 Size 0 Mode ref, Ref Stage 25, run, end, 9783589809263669
1787664523.971219, NoOp Chain Depth 128 Size 0 Mode ref, Ref Stage 26, run, start, 9783589809278373
1787664523.971242, NoOp Chain Depth 128 Size 0 Mode ref, Ref Stage 26, run, end, 9783589809300917
1787664523.971256, NoOp Chain Depth 128 Size 0 Mode ref, Ref Stage 27, run, start, 9783589809315557
1787664523.971277, NoOp Chain Depth 128 Size 0 Mode ref, Ref Stage 27, run, end, 9783589809336389
1787664523.971292, NoOp Chain Depth 128 Size 0 Mode ref, Ref Stage 28, run, start, 9783589809351237
1787664523.971313, NoOp Chain Depth 128 Size 0 Mode ref, Ref Stage 28, run, end, 9783589809371813
1787664523.971328, NoOp Chain Depth 128 Size 0 Mode ref, Ref Stage 29, run, start, 9783589809386789
1787664523.971349, NoOp Chain Depth 128 Size 0 Mode ref, Ref Stage 29, run, end, 9783589809408805
1787664523.971364, NoOp Chain Depth 128 Size 0 Mode ref, Ref Stage 30, run, start, 9783589809423621
1787664523.971385, NoOp Chain Depth 128 Size 0 Mode ref, Ref Stage 30, run, end, 9783589809444309
1787664523.971400, NoOp Chain Depth 128 Size 0 Mode ref, Ref Stage 31, run, start, 9783589809459013
1787664523.971421, NoOp Chain Depth 128 Size 0 Mode ref, Ref Stage 31, run, end, 9783589809480693
1787664523.971436, NoOp Chain Depth 128 Size 0 Mode ref, Ref Stage 32, run, start, 9783589809495125
1787664523.971458, NoOp Chain Depth 128 Size 0 Mode ref, Ref Stage 32, run, end, 9783589809517413
1787664523.971473, NoOp Chain Depth 128 Size 0 Mode ref, Ref Stage 33, run, start, 9783589809532421
1787664523.971494, NoOp Chain Depth 128 Size 0 Mode ref, Ref Stage 33, run, end, 9783589809552981
1787664523.971508, NoOp Chain Depth 128 Size 0 Mode ref, Ref Stage 34, run, start, 9783589809567445
1787664523.971529, NoOp Chain Depth 128 Size 0 Mode ref, Ref Stage 34, run, end, 9783589809588565
1787664523.971545, NoOp Chain Depth 128 Size 0 Mode ref, Ref Stage 35, run, start, 9783589809604357
1787664523.971568, NoOp Chain Depth 128 Size 0 Mode ref, Ref Stage 35, run, end, 9783589809626885
1787664523.971579, NoOp Chain Depth 128 Size 0 Mode ref, Ref Stage 36, run, start, 9783589809638661
1787664523.971612, NoOp Chain Depth 128 Size 0 Mode ref, Ref Stage 36, run, end, 9783589809671285
1787664523.971628, NoOp Chain Depth 128 Size 0 Mode ref, Ref Stage 37, run, start, 9783589809687205
1787664523.971650, NoOp Chain Depth 128 Size 0 Mode ref, Ref Stage 37, run, end, 9783589809709253
1787664523.971665, NoOp Chain Depth 128 Size 0 Mode ref, Ref Stage 38, run, start, 9783589809723813
1787664523.971687, NoOp Chain Depth 128 Size 0 Mode ref, Ref Stage 38, run, end, 9783589809747221
1787664523.971703, NoOp Chain Depth 128 Size 0 Mode ref, Ref Stage 39, run, start, 9783589809762165
1787664523.971725, NoOp Chain Depth 128 Size 0 Mode ref, Ref Stage 39, run, end, 9783589809783829
1787664523.971739, NoOp Chain Depth 128 Size 0 Mode ref, Ref Stage 40, run, start, 9783589809798757
1787664523.971761, NoOp Chain Depth 128 Size 0 Mode ref, Ref Stage 40, run, end, 9783589809819861
1787664523.971776, NoOp Chain Depth 128 Size 0 Mode ref, Ref Stage 41, run, start, 9783589809834741
1787664523.971797, NoOp Chain Depth 128 Size 0 Mode ref, Ref Stage 41, run, end, 9783589809856421
1787664523.971812, NoOp Chain Depth 128 Size 0 Mode ref, Ref Stage 42, run, start, 9783589809871476
1787664523.971835, NoOp Chain Depth 128 Size 0 Mode ref, Ref Stage 42, run, end, 9783589809894372
1787664523.971850, NoOp Chain Depth 128 Size 0 Mode ref, Ref Stage 43, run, start, 9783589809909140
1787664523.971873, NoOp Chain Depth 128 Size 0 Mode ref, Ref Stage 43, run, end, 9783589809931668
1787664523.971889, NoOp Chain Depth 128 Size 0 Mode ref, Ref Stage 44, run, start, 9783589809948132
1787664523.971912, NoOp Chain Depth 128 Size 0 Mode ref, Ref Stage 44, run, end, 9783589809971620
1787664523.972339, NoOp Chain Depth 128 Size 0 Mode ref, Ref Stage 45, run, start, 9783589810398948
1787664523.972478, NoOp Chain Depth 128 Size 0 Mode ref, Ref Stage 45, run, end, 9783589810538244
1787664523.972495, NoOp Chain Depth 128 Size 0 Mode ref, Ref Stage 46, run, start, 9783589810554196
1787664523.972517, NoOp Chain Depth 128 Size 0 Mode ref, Ref Stage 46, run, end, 9783589810576308
1787664523.972532, NoOp Chain Depth 128 Size 0 Mode ref, Ref Stage 47, run, start, 9783589810591364
1787664523.972555, NoOp Chain Depth 128 Size 0 Mode ref, Ref Stage 47, run, end, 9783589810614260
1787664523.972567, NoOp Chain Depth 128 Size 0 Mode ref, Ref Stage 48, run, start, 9783589810625924
1787664523.972600, NoOp Chain Depth 128 Size 0 Mode ref, Ref Stage 48, run, end, 9783589810658772
1787664523.972611, NoOp Chain Depth 128 Size 0 Mode ref, Ref Stage 49, run, start, 9783589810670436
1787664523.972643, NoOp Chain Depth 128 Size 0 Mode ref, Ref Stage 49, run, end, 9783589810702228
1787664523.972658, NoOp Chain Depth 128 Size 0 Mode ref, Ref Stage 50, run, start, 9783589810717380
1787664523.972680, NoOp Chain Depth 128 Size 0 Mode ref, Ref Stage 50, run, end, 9783589810739092
1787664523.972695, NoOp Chain Depth 128 Size 0 Mode ref, Ref Stage 51, run, start, 9783589810754212
1787664523.972717, NoOp Chain Depth 128 Size 0 Mode ref, Ref Stage 51, run, end, 9783589810775940
1787664523.972732, NoOp Chain Depth 128 Size 0 Mode ref, Ref Stage 52, run, start, 9783589810790964
1787664523.972754, NoOp Chain Depth 128 Size 0 Mode ref, Ref Stage 52, run, end, 9783589810812884
1787664523.972772, NoOp Chain Depth 128 Size 0 Mode ref, Ref Stage 53, run, start, 9783589810831060
1787664523.972793, NoOp Chain Depth 128 Size 0 Mode ref, Ref Stage 53, run, end, 9783589810852628
1787664523.972809, NoOp Chain Depth 128 Size 0 Mode ref, Ref Stage 54, run, start, 9783589810868532
1787664523.972831, NoOp Chain Depth 128 Size 0 Mode ref, Ref Stage 54, run, end, 9783589810889828
1787664523.972845, NoOp Chain Depth 128 Size 0 Mode ref, Ref Stage 55, run, start, 9783589810904644
1787664523.972870, NoOp Chain Depth 128 Size 0 Mode ref, Ref Stage 55, run, end, 9783589810929204
1787664523.972882, NoOp Chain Depth 128 Size 0 Mode ref, Ref Stage 56, run, start, 9783589810941188
1787664523.972914, NoOp Chain Depth 128 Size 0 Mode ref, Ref Stage 56, run, end, 9783589810973460
1787664523.972932, NoOp Chain Depth 128 Size 0 Mode ref, Ref Stage 57, run, start, 9783589810991044
1787664523.972962, NoOp Chain Depth 128 Size 0 Mode ref, Ref Stage 57, run, end, 9783589811021156
1787664523.972975, NoOp Chain Depth 128 Size 0 Mode ref, Ref Stage 58, run, start, 9783589811033940
1787664523.973010, NoOp Chain Depth 128 Size 0 Mode ref, Ref Stage 58, run, end, 9783589811069012
1787664523.973025, NoOp Chain Depth 128 Size 0 Mode ref, Ref Stage 59, run, start, 9783589811084484
1787664523.973051, NoOp Chain Depth 128 Size 0 Mode ref, Ref Stage 59, run, end, 9783589811110020
1787664523.973063, NoOp Chain Depth 128 Size 0 Mode ref, Ref Stage 60, run, start, 9783589811122260
1787664523.973094, NoOp Chain Depth 128 Size 0 Mode ref, Ref Stage 60, run, end, 9783589811153140
1787664523.973109, NoOp Chain Depth 128 Size 0 Mode ref, Ref Stage 61, run, start, 9783589811167668
1787664523.973130, NoOp Chain Depth 128 Size 0 Mode ref, Ref Stage 61, run, end, 9783589811188724
1787664523.973145, NoOp Chain Depth 128 Size 0 Mode ref, Ref Stage 62, run, start, 9783589811203732
1787664523.973166, NoOp Chain Depth 128 Size 0 Mode ref, Ref Stage 62, run, end, 9783589811224772
1787664523.973181, NoOp Chain Depth 128 Size 0 Mode ref, Ref Stage 63, run, start, 9783589811240772
1787664523.973203, NoOp Chain Depth 128 Size 0 Mode ref, Ref Stage 63, run, end, 9783589811262868
1787664523.973219, NoOp Chain Depth 128 Size 0 Mode ref, Ref Stage 64, run, start, 9783589811278372
1787664523.973242, NoOp Chain Depth 128 Size 0 Mode ref, Ref Stage 64, run, end, 9783589811301188
1787664523.973566, NoOp Chain Depth 128 Size 0 Mode ref, Ref Stage 65, run, start, 9783589811625763
1787664523.973703, NoOp Chain Depth 128 Size 0 Mode ref, Ref Stage 65, run, end, 9783589811762579
1787664523.973719, NoOp Chain Depth 128 Size 0 Mode ref, Ref Stage 66, run, start, 9783589811778051
1787664523.973740, NoOp Chain Depth 128 Size 0 Mode ref, Ref Stage 66, run, end, 9783589811799395
1787664523.973755, NoOp Chain Depth 128 Size 0 Mode ref, Ref Stage 67, run, start, 9783589811814483
1787664523.973776, NoOp Chain Depth 128 Size 0 Mode ref, Ref Stage 67, run, end, 9783589811835603
1787664523.973791, NoOp Chain Depth 128 Size 0 Mode ref, Ref Stage 68, run, start, 9783589811850739
1787664523.973814, NoOp Chain Depth 128 Size 0 Mode ref, Ref Stage 68, run, end, 9783589811873555
1787664523.973826, NoOp Chain Depth 128 Size 0 Mode ref, Ref Stage 69, run, start, 9783589811885379
1787664523.974353, NoOp Chain Depth 128 Size 0 Mode ref, Ref Stage 69, run, end, 9783589812413251
1787664523.974370, NoOp Chain Depth 128 Size 0 Mode ref, Ref Stage 70, run, start, 9783589812429267
1787664523.974394, NoOp Chain Depth 128 Size 0 Mode ref, Ref Stage 70, run, end, 9783589812453187
1787664523.974406, NoOp Chain Depth 128 Size 0 Mode ref, Ref Stage 71, run, start, 9783589812465011
1787664523.974439, NoOp Chain Depth 128 Size 0 Mode ref, Ref Stage 71, run, end, 9783589812497859
1787664523.974450, NoOp Chain Depth 128 Size 0 Mode ref, Ref Stage 72, run, start, 9783589812509635
1787664523.974482, NoOp Chain Depth 128 Size 0 Mode ref, Ref Stage 72, run, end, 9783589812541123
1787664523.974496, NoOp Chain Depth 128 Size 0 Mode ref, Ref Stage 73, run, start, 9783589812555715
1787664523.974518, NoOp Chain Depth 128 Size 0 Mode ref, Ref Stage 73, run, end, 9783589812576835
1787664523.974532, NoOp Chain Depth 128 Size 0 Mode ref, Ref Stage 74, run, start, 9783589812591619
1787664523.974554, NoOp Chain Depth 128 Size 0 Mode ref, Ref Stage 74, run, end, 9783589812612883
1787664523.974568, NoOp Chain Depth 128 Size 0 Mode ref, Ref Stage 75, run, start, 9783589812627811
1787664523.974590, NoOp Chain Depth 128 Size 0 Mode ref, Ref Stage 75, run, end, 9783589812649219
1787664523.974605, NoOp Chain Depth 128 Size 0 Mode ref, Ref Stage 76, run, start, 9783589812664003
1787664523.974626, NoOp Chain Depth 128 Size 0 Mode ref, Ref Stage 76, run, end, 9783589812685139
1787664523.974641, NoOp Chain Depth 128 Size 0 Mode ref, Ref Stage 77, run, start, 9783589812700067
1787664523.974662, NoOp Chain Depth 128 Size 0 Mode ref, Ref Stage 77, run, end, 9783589812721219
1787664523.974683, NoOp Chain Depth 128 Size 0 Mode ref, Ref Stage 78, run, start, 9783589812742019
1787664523.974704, NoOp Chain Depth 128 Size 0 Mode ref, Ref Stage 78, run, end, 9783589812763251
1787664523.974719, NoOp Chain Depth 128 Size 0 Mode ref, Ref Stage 79, run, start, 9783589812778227
1787664523.974742, NoOp Chain Depth 128 Size 0 Mode ref, Ref Stage 79, run, end, 9783589812801731
1787664523.974757, NoOp Chain Depth 128 Size 0 Mode ref, Ref Stage 80, run, start, 9783589812816323
1787664523.974778, NoOp Chain Depth 128 Size 0 Mode ref, Ref Stage 80, run, end, 9783589812837075
1787664523.974792, NoOp Chain Depth 128 Size 0 Mode ref, Ref Stage 81, run, start, 9783589812851746
1787664523.974813, NoOp Chain Depth 128 Size 0 Mode ref, Ref Stage 81, run, end, 9783589812872498
1787664523.974828, NoOp Chain Depth 128 Size 0 Mode ref, Ref Stage 82, run, start, 9783589812888098
1787664523.974852, NoOp Chain Depth 128 Size 0 Mode ref, Ref Stage 82, run, end, 9783589812911154
1787664523.974867, NoOp Chain Depth 128 Size 0 Mode ref, Ref Stage 83, run, start, 9783589812926690
1787664523.974888, NoOp Chain Depth 128 Size 0 Mode ref, Ref Stage 83, run, end, 9783589812947378
1787664523.974903, NoOp Chain Depth 128 Size 0 Mode ref, Ref Stage 84, run, start, 9783589812961810
1787664523.974925, NoOp Chain Depth 128 Size 0 Mode ref, Ref Stage 84, run, end, 9783589812983794
1787664523.974939, NoOp Chain Depth 128 Size 0 Mode ref, Ref Stage 85, run, start, 9783589812998722
1787664523.974965, NoOp Chain Depth 128 Size 0 Mode ref, Ref Stage 85, run, end, 9783589813024018
1787664523.974976, NoOp Chain Depth 128 Size 0 Mode ref, Ref Stage 86, run, start, 9783589813035554
1787664523.975009, NoOp Chain Depth 128 Size 0 Mode ref, Ref Stage 86, run, end, 9783589813068402
1787664523.975021, NoOp Chain Depth 128 Size 0 Mode ref, Ref Stage 87, run, start, 9783589813080178
1787664523.975055, NoOp Chain Depth 128 Size 0 Mode ref, Ref Stage 87, run, end, 9783589813114210
1787664523.975070, NoOp Chain Depth 128 Size 0 Mode ref, Ref Stage 88, run, start, 9783589813128850
1787664523.975091, NoOp Chain Depth 128 Size 0 Mode ref, Ref Stage 88, run, end, 9783589813149746
1787664523.975105, NoOp Chain Depth 128 Size 0 Mode ref, Ref Stage 89, run, start, 9783589813164322
1787664523.975126, NoOp Chain Depth 128 Size 0 Mode ref, Ref Stage 89, run, end, 9783589813185314
1787664523.975142, NoOp Chain Depth 128 Size 0 Mode ref, Ref Stage 90, run, start, 9783589813201026
1787664523.975162, NoOp Chain Depth 128 Size 0 Mode ref, Ref Stage 90, run, end, 9783589813221714
1787664523.975177, NoOp Chain Depth 128 Size 0 Mode ref, Ref Stage 91, run, start, 9783589813236418
1787664523.975198, NoOp Chain Depth 128 Size 0 Mode ref, Ref Stage 91, run, end, 9783589813257426
1787664523.975213, NoOp Chain Depth 128 Size 0 Mode ref, Ref Stage 92, run, start, 9783589813271970
1787664523.975234, NoOp Chain Depth 128 Size 0 Mode ref, Ref Stage 92, run, end, 9783589813292786
1787664523.975248, NoOp Chain Depth 128 Size 0 Mode ref, Ref Stage 93, run, start, 9783589813307522
1787664523.975270, NoOp Chain Depth 128 Size 0 Mode ref, Ref Stage 93, run, end, 9783589813329474
1787664523.975286, NoOp Chain Depth 128 Size 0 Mode ref, Ref Stage 94, run, start, 9783589813345474
1787664523.975307, NoOp Chain Depth 128 Size 0 Mode ref, Ref Stage 94, run, end, 9783589813366418
1787664523.975322, NoOp Chain Depth 128 Size 0 Mode ref, Ref Stage 95, run, start, 9783589813381410
1787664523.975344, NoOp Chain Depth 128 Size 0 Mode ref, Ref Stage 95, run, end, 9783589813403282
1787664523.975359, NoOp Chain Depth 128 Size 0 Mode ref, Ref Stage 96, run, start, 9783589813418674
1787664523.975382, NoOp Chain Depth 128 Size 0 Mode ref, Ref Stage 96, run, end, 9783589813440770
1787664523.975396, NoOp Chain Depth 128 Size 0 Mode ref, Ref Stage 97, run, start, 9783589813455250
1787664523.975417, NoOp Chain Depth 128 Size 0 Mode ref, Ref Stage 97, run, end, 9783589813476178
1787664523.975432, NoOp Chain Depth 128 Size 0 Mode ref, Ref Stage 98, run, start, 9783589813491010
1787664523.975778, NoOp Chain Depth 128 Size 0 Mode ref, Ref Stage 98, run, end, 9783589813837922
1787664523.975910, NoOp Chain Depth 128 Size 0 Mode ref, Ref Stage 99, run, start, 9783589813970130
1787664523.975935, NoOp Chain Depth 128 Size 0 Mode ref, Ref Stage 99, run, end, 9783589813993906
1787664523.975952, NoOp Chain Depth 128 Size 0 Mode ref, Ref Stage 100, run, start, 9783589814011138
1787664523.975975, NoOp Chain Depth 128 Size 0 Mode ref, Ref Stage 100, run, end, 9783589814034018
1787664523.975990, NoOp Chain Depth 128 Size 0 Mode ref, Ref Stage 101, run, start, 9783589814048994
1787664523.976013, NoOp Chain Depth 128 Size 0 Mode ref, Ref Stage 101, run, end, 9783589814071986
1787664523.976024, NoOp Chain Depth 128 Size 0 Mode ref, Ref Stage 102, run, start, 9783589814083746
1787664523.976056, NoOp Chain Depth 128 Size 0 Mode ref, Ref Stage 102, run, end, 9783589814114898
1787664523.976071, NoOp Chain Depth 128 Size 0 Mode ref, Ref Stage 103, run, start, 9783589814129842
1787664523.976092, NoOp Chain Depth 128 Size 0 Mode ref, Ref Stage 103, run, end, 9783589814151010
1787664523.976107, NoOp Chain Depth 128 Size 0 Mode ref, Ref Stage 104, run, start, 9783589814165954
1787664523.976128, NoOp Chain Depth 128 Size 0 Mode ref, Ref Stage 104, run, end, 9783589814187042
1787664523.976143, NoOp Chain Depth 128 Size 0 Mode ref, Ref Stage 105, run, start, 9783589814201810
1787664523.976165, NoOp Chain Depth 128 Size 0 Mode ref, Ref Stage 105, run, end, 9783589814224738
1787664523.976180, NoOp Chain Depth 128 Size 0 Mode ref, Ref Stage 106, run, start, 9783589814239442
1787664523.976202, NoOp Chain Depth 128 Size 0 Mode ref, Ref Stage 106, run, end, 9783589814261490
1787664523.976217, NoOp Chain Depth 128 Size 0 Mode ref, Ref Stage 107, run, start, 9783589814276338
1787664523.976238, NoOp Chain Depth 128 Size 0 Mode ref, Ref Stage 107, run, end, 9783589814297202
1787664523.976254, NoOp Chain Depth 128 Size 0 Mode ref, Ref Stage 108, run, start, 9783589814312626
1787664523.976275, NoOp Chain Depth 128 Size 0 Mode ref, Ref Stage 108, run, end, 9783589814334738
1787664523.976290, NoOp Chain Depth 128 Size 0 Mode ref, Ref Stage 109, run, start, 9783589814349554
1787664523.976695, NoOp Chain Depth 128 Size 0 Mode ref, Ref Stage 109, run, end, 9783589814755089
1787664523.976819, NoOp Chain Depth 128 Size 0 Mode ref, Ref Stage 110, run, start, 9783589814878817
1787664523.976843, NoOp Chain Depth 128 Size 0 Mode ref, Ref Stage 110, run, end, 9783589814902241
1787664523.976859, NoOp Chain Depth 128 Size 0 Mode ref, Ref Stage 111, run, start, 9783589814917777
1787664523.976880, NoOp Chain Depth 128 Size 0 Mode ref, Ref Stage 111, run, end, 9783589814939153
1787664523.976895, NoOp Chain Depth 128 Size 0 Mode ref, Ref Stage 112, run, start, 9783589814954529
1787664523.976918, NoOp Chain Depth 128 Size 0 Mode ref, Ref Stage 112, run, end, 9783589814976849
1787664523.976932, NoOp Chain Depth 128 Size 0 Mode ref, Ref Stage 113, run, start, 9783589814991665
1787664523.976956, NoOp Chain Depth 128 Size 0 Mode ref, Ref Stage 113, run, end, 9783589815015137
1787664523.976972, NoOp Chain Depth 128 Size 0 Mode ref, Ref Stage 114, run, start, 9783589815030881
1787664523.976993, NoOp Chain Depth 128 Size 0 Mode ref, Ref Stage 114, run, end, 9783589815052513
1787664523.977008, NoOp Chain Depth 128 Size 0 Mode ref, Ref Stage 115, run, start, 9783589815067441
1787664523.977030, NoOp Chain Depth 128 Size 0 Mode ref, Ref Stage 115, run, end, 9783589815088769
1787664523.977046, NoOp Chain Depth 128 Size 0 Mode ref, Ref Stage 116, run, start, 9783589815104785
1787664523.977067, NoOp Chain Depth 128 Size 0 Mode ref, Ref Stage 116, run, end, 9783589815126897
1787664523.977082, NoOp Chain Depth 128 Size 0 Mode ref, Ref Stage 117, run, start, 9783589815141681
1787664523.977103, NoOp Chain Depth 128 Size 0 Mode ref, Ref Stage 117, run, end, 9783589815162161
1787664523.977117, NoOp Chain Depth 128 Size 0 Mode ref, Ref Stage 118, run, start, 9783589815176417
1787664523.977138, NoOp Chain Depth 128 Size 0 Mode ref, Ref Stage 118, run, end, 9783589815197105
1787664523.977154, NoOp Chain Depth 128 Size 0 Mode ref, Ref Stage 119, run, start, 9783589815213873
1787664523.977175, NoOp Chain Depth 128 Size 0 Mode ref, Ref Stage 119, run, end, 9783589815234833
1787664523.977190, NoOp Chain Depth 128 Size 0 Mode ref, Ref Stage 120, run, start, 9783589815249633
1787664523.977289, NoOp Chain Depth 128 Size 0 Mode ref, Ref Stage 120, run, end, 9783589815348321
1787664523.977711, NoOp Chain Depth 128 Size 0 Mode ref, Ref Stage 121, run, start, 9783589815771217
1787664523.977737, NoOp Chain Depth 128 Size 0 Mode ref, Ref Stage 121, run, end, 9783589815796769
1787664523.977753, NoOp Chain Depth 128 Size 0 Mode ref, Ref Stage 122, run, start, 9783589815812241
1787664523.977774, NoOp Chain Depth 128 Size 0 Mode ref, Ref Stage 122, run, end, 9783589815833505
1787664523.977789, NoOp Chain Depth 128 Size 0 Mode ref, Ref Stage 123, run, start, 9783589815848161
1787664523.977810, NoOp Chain Depth 128 Size 0 Mode ref, Ref Stage 123, run, end, 9783589815869185
1787664523.977825, NoOp Chain Depth 128 Size 0 Mode ref, Ref Stage 124, run, start, 9783589815883921
1787664523.977846, NoOp Chain Depth 128 Size 0 Mode ref, Ref Stage 124, run, end, 9783589815904977
1787664523.977860, NoOp Chain Depth 128 Size 0 Mode ref, Ref Stage 125, run, start, 9783589815919489
1787664523.977883, NoOp Chain Depth 128 Size 0 Mode ref, Ref Stage 125, run, end, 9783589815942417
1787664523.977895, NoOp Chain Depth 128 Size 0 Mode ref, Ref Stage 126, run, start, 9783589815954449
1787664523.977929, NoOp Chain Depth 128 Size 0 Mode ref, Ref Stage 126, run, end, 9783589815987872
1787664523.977946, NoOp Chain Depth 128 Size 0 Mode ref, Ref Stage 127, run, start, 9783589816005040
1787664523.977968, NoOp Chain Depth 128 Size 0 Mode ref, Ref Stage 127, run, end, 9783589816027104
1787664523.977983, NoOp Chain Depth 128 Size 0 Mode ref, pipeline - train, run, end, 35379381731811593816011814674978202063, 1787664523.970094, 41, 1, 9783589816042320
1787664523.978020, NoOp Chain Depth 128 Size 0 Mode ref, pipeline - train, run, start, 55182092385219103418175813604855539141, 1787664523.978009, 42, 1, 9783589816079744
1787664523.978043, NoOp Chain Depth 128 Size 0 Mode ref, Ref Stage 0, run, start, 9783589816102384
1787664523.978064, NoOp Chain Depth 128 Size 0 Mode ref, Ref Stage 0, run, end, 9783589816123728
1787664523.978081, NoOp Chain Depth 128 Size 0 Mode ref, Ref Stage 1, run, start, 9783589816139648
1787664523.978101, NoOp Chain Depth 128 Size 0 Mode ref, Ref Stage 1, run, end, 9783589816160848
1787664523.978118, NoOp Chain Depth 128 Size 0 Mode ref, Ref Stage 2, run, start, 9783589816176992
1787664523.978142, NoOp Chain Depth 128 Size 0 Mode ref, Ref Stage 2, run, end, 9783589816200848
1787664523.978154, NoOp Chain Depth 128 Size 0 Mode ref, Ref Stage 3, run, start, 9783589816213712
1787664523.978187, NoOp Chain Depth 128 Size 0 Mode ref, Ref Stage 3, run, end, 9783589816246464
1787664523.978202, NoOp Chain Depth 128 Size 0 Mode ref, Ref Stage 4, run, start, 9783589816261184
1787664523.978223, NoOp Chain Depth 128 Size 0 Mode ref, Ref Stage 4, run, end, 9783589816282448
1787664523.978238, NoOp Chain Depth 128 Size 0 Mode ref, Ref Stage 5, run, start, 9783589816297056
1787664523.978260, NoOp Chain Depth 128 Size 0 Mode ref, Ref Stage 5, run, end, 9783589816318672
1787664523.978274, NoOp Chain Depth 128 Size 0 Mode ref, Ref Stage 6, run, start, 9783589816333184
1787664523.978295, NoOp Chain Depth 128 Size 0 Mode ref, Ref Stage 6, run, end, 9783589816354112
1787664523.978309, NoOp Chain Depth 128 Size 0 Mode ref, Ref Stage 7, run, start, 9783589816368720
1787664523.978332, NoOp Chain Depth 128 Size 0 Mode ref, Ref Stage 7, run, end, 9783589816390928
1787664523.978347, NoOp Chain Depth 128 Size 0 Mode ref, Ref Stage 8, run, start, 9783589816406480
1787664523.978368, NoOp Chain Depth 128 Size 0 Mode ref, Ref Stage 8, run, end, 9783589816427248
1787664523.978383, NoOp Chain Depth 128 Size 0 Mode ref, Ref Stage 9, run, start, 9783589816441904
1787664523.978404, NoOp Chain Depth 128 Size 0 Mode ref, Ref Stage 9, run, end, 9783589816462704
1787664523.978420, NoOp Chain Depth 128 Size 0 Mode ref, Ref Stage 10, run, start, 9783589816479696
1787664523.978443, NoOp Chain Depth 128 Size 0 Mode ref, Ref Stage 10, run, end, 9783589816502160
1787664523.978459, NoOp Chain Depth 128 Size 0 Mode ref, Ref Stage 11, run, start, 9783589816518736
1787664523.978480, NoOp Chain Depth 128 Size 0 Mode ref, Ref Stage 11, run, end, 9783589816539728
1787664523.978495, NoOp Chain Depth 128 Size 0 Mode ref, Ref Stage 12, run, start, 9783589816554544
1787664523.978521, NoOp Chain Depth 128 Size 0 Mode ref, Ref Stage 12, run, end, 9783589816579872
1787664523.978535, NoOp Chain Depth 128 Size 0 Mode ref, Ref Stage 13, run, start, 9783589816594704
1787664523.978559, NoOp Chain Depth 128 Size 0 Mode ref, Ref Stage 13, run, end, 9783589816617888
1787664523.978570, NoOp Chain Depth 128 Size 0 Mode ref, Ref Stage 14, run, start, 9783589816629376
1787664523.978601, NoOp Chain Depth 128 Size 0 Mode ref, Ref Stage 14, run, end, 9783589816659744
1787664523.978616, NoOp Chain Depth 128 Size 0 Mode ref, Ref Stage 15, run, start, 9783589816675808
1787664523.978639, NoOp Chain Depth 128 Size 0 Mode ref, Ref Stage 15, run, end, 9783589816698000
1787664523.978654, NoOp Chain Depth 128 Size 0 Mode ref, Ref Stage 16, run, start, 9783589816712864
1787664523.978675, NoOp Chain Depth 128 Size 0 Mode ref, Ref Stage 16, run, end, 9783589816734720
1787664523.978690, NoOp Chain Depth 128 Size 0 Mode ref, Ref Stage 17, run, start, 9783589816749424
1787664523.978711, NoOp Chain Depth 128 Size 0 Mode ref, Ref Stage 17, run, end, 9783589816770128
1787664523.978726, NoOp Chain Depth 128 Size 0 Mode ref, Ref Stage 18, run, start, 9783589816785632
1787664523.978747, NoOp Chain Depth 128 Size 0 Mode ref, Ref Stage 18, run, end, 9783589816806640
1787664523.978762, NoOp Chain Depth 128 Size 0 Mode ref, Ref Stage 19, run, start, 9783589816821472
1787664523.978783, NoOp Chain Depth 128 Size 0 Mode ref, Ref Stage 19, run, end, 9783589816842512
1787664523.978798, NoOp Chain Depth 128 Size 0 Mode ref, Ref Stage 20, run, start, 9783589816857168
1787664523.978819, NoOp Chain Depth 128 Size 0 Mode ref, Ref Stage 20, run, end, 9783589816877840
1787664523.978833, NoOp Chain Depth 128 Size 0 Mode ref, Ref Stage 21, run, start, 9783589816892304
1787664523.978854, NoOp Chain Depth 128 Size 0 Mode ref, Ref Stage 21, run, end, 9783589816913376
1787664523.978870, NoOp Chain Depth 128 Size 0 Mode ref, Ref Stage 22, run, start, 9783589816929008
1787664523.978891, NoOp Chain Depth 128 Size 0 Mode ref, Ref Stage 22, run, end, 9783589816950032
1787664523.978905, NoOp Chain Depth 128 Size 0 Mode ref, Ref Stage 23, run, start, 9783589816964400
1787664523.978928, NoOp Chain Depth 128 Size 0 Mode ref, Ref Stage 23, run, end, 9783589816987728
1787664523.978940, NoOp Chain Depth 128 Size 0 Mode ref, Ref Stage 24, run, start, 9783589816999168
1787664523.981572, NoOp Chain Depth 128 Size 0 Mode ref, Ref Stage 24, run, end, 9783589819632894
1787664523.981591, NoOp Chain Depth 128 Size 0 Mode ref, Ref Stage 25, run, start, 9783589819650158
1787664523.981613, NoOp Chain Depth 128 Size 0 Mode ref, Ref Stage 25, run, end, 9783589819672638
1787664523.981628, NoOp Chain Depth 128 Size 0 Mode ref, Ref Stage 26, run, start, 9783589819687598
1787664523.981650, NoOp Chain Depth 128 Size 0 Mode ref, Ref Stage 26, run, end, 9783589819708942
1787664523.981664, NoOp Chain Depth 128 Size 0 Mode ref, Ref Stage 27, run, start, 9783589819723886
1787664523.981686, NoOp Chain Depth 128 Size 0 Mode ref, Ref Stage 27, run, end, 9783589819745294
1787664523.981701, NoOp Chain Depth 128 Size 0 Mode ref, Ref Stage 28, run, start, 9783589819760366
1787664523.981723, NoOp Chain Depth 128 Size 0 Mode ref, Ref Stage 28, run, end, 9783589819781902
1787664523.981737, NoOp Chain Depth 128 Size 0 Mode ref, Ref Stage 29, run, start, 9783589819796702
1787664523.981758, NoOp Chain Depth 128 Size 0 Mode ref, Ref Stage 29, run, end, 9783589819817518
1787664523.981773, NoOp Chain Depth 128 Size 0 Mode ref, Ref Stage 30, run, start, 9783589819832190
1787664523.981794, NoOp Chain Depth 128 Size 0 Mode ref, Ref Stage 30, run, end, 9783589819853054
1787664523.981810, NoOp Chain Depth 128 Size 0 Mode ref, Ref Stage 31, run, start, 9783589819869886
1787664523.981832, NoOp Chain Depth 128 Size 0 Mode ref, Ref Stage 31, run, end, 9783589819891198
1787664523.981847, NoOp Chain Depth 128 Size 0 Mode ref, Ref Stage 32, run, start, 9783589819906110
1787664523.981868, NoOp Chain Depth 128 Size 0 Mode ref, Ref Stage 32, run, end, 9783589819926990
1787664523.981882, NoOp Chain Depth 128 Size 0 Mode ref, Ref Stage 33, run, start, 9783589819941470
1787664523.981903, NoOp Chain Depth 128 Size 0 Mode ref, Ref Stage 33, run, end, 9783589819962398
1787664523.981918, NoOp Chain Depth 128 Size 0 Mode ref, Ref Stage 34, run, start, 9783589819977502
1787664523.981939, NoOp Chain Depth 128 Size 0 Mode ref, Ref Stage 34, run, end, 9783589819998446
1787664523.981957, NoOp Chain Depth 128 Size 0 Mode ref, Ref Stage 35, run, start, 9783589820015758
1787664523.981979, NoOp Chain Depth 128 Size 0 Mode ref, Ref Stage 35, run, end, 9783589820038414
1787664523.981991, NoOp Chain Depth 128 Size 0 Mode ref, Ref Stage 36, run, start, 9783589820050334
1787664523.982023, NoOp Chain Depth 128 Size 0 Mode ref, Ref Stage 36, run, end, 9783589820081886
1787664523.982038, NoOp Chain Depth 128 Size 0 Mode ref, Ref Stage 37, run, start, 9783589820096958
1787664523.982059, NoOp Chain Depth 128 Size 0 Mode ref, Ref Stage 37, run, end, 9783589820117886
1787664523.982073, NoOp Chain Depth 128 Size 0 Mode ref, Ref Stage 38, run, start, 9783589820132382
1787664523.982094, NoOp Chain Depth 128 Size 0 Mode ref, Ref Stage 38, run, end, 9783589820153214
1787664523.982109, NoOp Chain Depth 128 Size 0 Mode ref, Ref Stage 39, run, start, 9783589820167998
1787664523.982130, NoOp Chain Depth 128 Size 0 Mode ref, Ref Stage 39, run, end, 9783589820189294
1787664523.982145, NoOp Chain Depth 128 Size 0 Mode ref, Ref Stage 40, run, start, 9783589820204078
1787664523.982166, NoOp Chain Depth 128 Size 0 Mode ref, Ref Stage 40, run, end, 9783589820225246
1787664523.982182, NoOp Chain Depth 128 Size 0 Mode ref, Ref Stage 41, run, start, 9783589820240846
1787664523.982578, NoOp Chain Depth 128 Size 0 Mode ref, Ref Stage 41, run, end, 9783589820638029
1787664523.982699, NoOp Chain Depth 128 Size 0 Mode ref, Ref Stage 42, run, start, 9783589820758429
1787664523.982722, NoOp Chain Depth 128 Size 0 Mode ref, Ref Stage 42, run, end, 9783589820781581
1787664523.982737, NoOp Chain Depth 128 Size 0 Mode ref, Ref Stage 43, run, start, 9783589820796813
1787664523.982761, NoOp Chain Depth 128 Size 0 Mode ref, Ref Stage 43, run, end, 9783589820820045
1787664523.982772, NoOp Chain Depth 128 Size 0 Mode ref, Ref Stage 44, run, start, 9783589820831533
1787664523.982803, NoOp Chain Depth 128 Size 0 Mode ref, Ref Stage 44, run, end, 9783589820862765
1787664523.982818, NoOp Chain Depth 128 Size 0 Mode ref, Ref Stage 45, run, start, 9783589820877485
1787664523.982839, NoOp Chain Depth 128 Size 0 Mode ref, Ref Stage 45, run, end, 9783589820898381
1787664523.982854, NoOp Chain Depth 128 Size 0 Mode ref, Ref Stage 46, run, start, 9783589820912989
1787664523.982875, NoOp Chain Depth 128 Size 0 Mode ref, Ref Stage 46, run, end, 9783589820933917
1787664523.982890, NoOp Chain Depth 128 Size 0 Mode ref, Ref Stage 47, run, start, 9783589820949261
1787664523.982911, NoOp Chain Depth 128 Size 0 Mode ref, Ref Stage 47, run, end, 9783589820970141
1787664523.982926, NoOp Chain Depth 128 Size 0 Mode ref, Ref Stage 48, run, start, 9783589820984893
1787664523.982950, NoOp Chain Depth 128 Size 0 Mode ref, Ref Stage 48, run, end, 9783589821009517
1787664523.982962, NoOp Chain Depth 128 Size 0 Mode ref, Ref Stage 49, run, start, 9783589821020989
1787664523.982994, NoOp Chain Depth 128 Size 0 Mode ref, Ref Stage 49, run, end, 9783589821052941
1787664523.983009, NoOp Chain Depth 128 Size 0 Mode ref, Ref Stage 50, run, start, 9783589821067997
1787664523.983030, NoOp Chain Depth 128 Size 0 Mode ref, Ref Stage 50, run, end, 9783589821089037
1787664523.983044, NoOp Chain Depth 128 Size 0 Mode ref, Ref Stage 51, run, start, 9783589821103501
1787664523.983068, NoOp Chain Depth 128 Size 0 Mode ref, Ref Stage 51, run, end, 9783589821127021
1787664523.983082, NoOp Chain Depth 128 Size 0 Mode ref, Ref Stage 52, run, start, 9783589821141709
1787664523.983103, NoOp Chain Depth 128 Size 0 Mode ref, Ref Stage 52, run, end, 9783589821162573
1787664523.983119, NoOp Chain Depth 128 Size 0 Mode ref, Ref Stage 53, run, start, 9783589821177901
1787664523.983140, NoOp Chain Depth 128 Size 0 Mode ref, Ref Stage 53, run, end, 9783589821198717
1787664523.983154, NoOp Chain Depth 128 Size 0 Mode ref, Ref Stage 54, run, start, 9783589821213501
1787664523.983175, NoOp Chain Depth 128 Size 0 Mode ref, Ref Stage 54, run, end, 9783589821233981
1787664523.983189, NoOp Chain Depth 128 Size 0 Mode ref, Ref Stage 55, run, start, 9783589821248509
1787664523.983212, NoOp Chain Depth 128 Size 0 Mode ref, Ref Stage 55, run, end, 9783589821271037
1787664523.983533, NoOp Chain Depth 128 Size 0 Mode ref, Ref Stage 56, run, start, 9783589821592605
1787664523.983662, NoOp Chain Depth 128 Size 0 Mode ref, Ref Stage 56, run, end, 9783589821721485
1787664523.983677, NoOp Chain Depth 128 Size 0 Mode ref, Ref Stage 57, run, start, 9783589821736797
1787664523.983701, NoOp Chain Depth 128 Size 0 Mode ref, Ref Stage 57, run, end, 9783589821759741
1787664523.983712, NoOp Chain Depth 128 Size 0 Mode ref, Ref Stage 58, run, start, 9783589821771597
1787664523.983744, NoOp Chain Depth 128 Size 0 Mode ref, Ref Stage 58, run, end, 9783589821802909
1787664523.983759, NoOp Chain Depth 128 Size 0 Mode ref, Ref Stage 59, run, start, 9783589821818573
1787664523.983782, NoOp Chain Depth 128 Size 0 Mode ref, Ref Stage 59, run, end, 9783589821840909
1787664523.983793, NoOp Chain Depth 128 Size 0 Mode ref, Ref Stage 60, run, start, 9783589821852381
1787664523.983824, NoOp Chain Depth 128 Size 0 Mode ref, Ref Stage 60, run, end, 9783589821883549
1787664523.983839, NoOp Chain Depth 128 Size 0 Mode ref, Ref Stage 61, run, start, 9783589821898557
1787664523.983861, NoOp Chain Depth 128 Size 0 Mode ref, Ref Stage 61, run, end, 9783589821919965
1787664523.983875, NoOp Chain Depth 128 Size 0 Mode ref, Ref Stage 62, run, start, 9783589821934717
1787664523.983898, NoOp Chain Depth 128 Size 0 Mode ref, Ref Stage 62, run, end, 9783589821957661
1787664523.983910, NoOp Chain Depth 128 Size 0 Mode ref, Ref Stage 63, run, start, 9783589821969341
1787664523.983942, NoOp Chain Depth 128 Size 0 Mode ref, Ref Stage 63, run, end, 9783589822003053
1787664523.983959, NoOp Chain Depth 128 Size 0 Mode ref, Ref Stage 64, run, start, 9783589822018957
1787664523.983981, NoOp Chain Depth 128 Size 0 Mode ref, Ref Stage 64, run, end, 9783589822042669
1787664523.983999, NoOp Chain Depth 128 Size 0 Mode ref, Ref Stage 65, run, start, 9783589822057677
1787664523.984020, NoOp Chain Depth 128 Size 0 Mode ref, Ref Stage 65, run, end, 9783589822078828
1787664523.984034, NoOp Chain Depth 128 Size 0 Mode ref, Ref Stage 66, run, start, 9783589822093708
1787664523.984057, NoOp Chain Depth 128 Size 0 Mode ref, Ref Stage 66, run, end, 9783589822116412
1787664523.984072, NoOp Chain Depth 128 Size 0 Mode ref, Ref Stage 67, run, start, 9783589822131708
1787664523.984095, NoOp Chain Depth 128 Size 0 Mode ref, Ref Stage 67, run, end, 9783589822154316
1787664523.984107, NoOp Chain Depth 128 Size 0 Mode ref, Ref Stage 68, run, start, 9783589822166172
1787664523.984141, NoOp Chain Depth 128 Size 0 Mode ref, Ref Stage 68, run, end, 9783589822200444
1787664523.984156, NoOp Chain Depth 128 Size 0 Mode ref, Ref Stage 69, run, start, 9783589822215228
1787664523.984178, NoOp Chain Depth 128 Size 0 Mode ref, Ref Stage 69, run, end, 9783589822237436
1787664523.984193, NoOp Chain Depth 128 Size 0 Mode ref, Ref Stage 70, run, start, 9783589822252204
1787664523.984215, NoOp Chain Depth 128 Size 0 Mode ref, Ref Stage 70, run, end, 9783589822274332
1787664523.984230, NoOp Chain Depth 128 Size 0 Mode ref, Ref Stage 71, run, start, 9783589822289100
1787664523.984251, NoOp Chain Depth 128 Size 0 Mode ref, Ref Stage 71, run, end, 9783589822309932
1787664523.984267, NoOp Chain Depth 128 Size 0 Mode ref, Ref Stage 72, run, start, 9783589822326700
1787664523.984288, NoOp Chain Depth 128 Size 0 Mode ref, Ref Stage 72, run, end, 9783589822347804
1787664523.984303, NoOp Chain Depth 128 Size 0 Mode ref, Ref Stage 73, run, start, 9783589822362636
1787664523.984324, NoOp Chain Depth 128 Size 0 Mode ref, Ref Stage 73, run, end, 9783589822383548
1787664523.984340, NoOp Chain Depth 128 Size 0 Mode ref, Ref Stage 74, run, start, 9783589822399836
1787664523.984362, NoOp Chain Depth 128 Size 0 Mode ref, Ref Stage 74, run, end, 9783589822421004
1787664523.984376, NoOp Chain Depth 128 Size 0 Mode ref, Ref Stage 75, run, start, 9783589822435644
1787664523.984397, NoOp Chain Depth 128 Size 0 Mode ref, Ref Stage 75, run, end, 9783589822456620
1787664523.984412, NoOp Chain Depth 128 Size 0 Mode ref, Ref Stage 76, run, start, 9783589822471324
1787664523.984433, NoOp Chain Depth 128 Size 0 Mode ref, Ref Stage 76, run, end, 9783589822492396
1787664523.984448, NoOp Chain Depth 128 Size 0 Mode ref, Ref Stage 77, run, start, 9783589822507100
1787664523.984469, NoOp Chain Depth 128 Size 0 Mode ref, Ref Stage 77, run, end, 9783589822528348
1787664523.984485, NoOp Chain Depth 128 Size 0 Mode ref, Ref Stage 78, run, start, 9783589822544044
1787664523.984506, NoOp Chain Depth 128 Size 0 Mode ref, Ref Stage 78, run, end, 9783589822564940
1787664523.984522, NoOp Chain Depth 128 Size 0 Mode ref, Ref Stage 79, run, start, 9783589822580924
1787664523.984544, NoOp Chain Depth 128 Size 0 Mode ref, Ref Stage 79, run, end, 9783589822602684
1787664523.984558, NoOp Chain Depth 128 Size 0 Mode ref, Ref Stage 80, run, start, 9783589822617244
1787664523.984579, NoOp Chain Depth 128 Size 0 Mode ref, Ref Stage 80, run, end, 9783589822638044
1787664523.984593, NoOp Chain Depth 128 Size 0 Mode ref, Ref Stage 81, run, start, 9783589822652716
1787664523.984614, NoOp Chain Depth 128 Size 0 Mode ref, Ref Stage 81, run, end, 9783589822673612
1787664523.984629, NoOp Chain Depth 128 Size 0 Mode ref, Ref Stage 82, run, start, 9783589822688012
1787664523.984649, NoOp Chain Depth 128 Size 0 Mode ref, Ref Stage 82, run, end, 9783589822708572
1787664523.984664, NoOp Chain Depth 128 Size 0 Mode ref, Ref Stage 83, run, start, 9783589822723180
1787664523.984687, NoOp Chain Depth 128 Size 0 Mode ref, Ref Stage 83, run, end, 9783589822746140
1787664523.984702, NoOp Chain Depth 128 Size 0 Mode ref, Ref Stage 84, run, start, 9783589822761004
1787664523.984727, NoOp Chain Depth 128 Size 0 Mode ref, Ref Stage 84, run, end, 9783589822786044
1787664523.984740, NoOp Chain Depth 128 Size 0 Mode ref, Ref Stage 85, run, start, 9783589822798812
1787664523.985168, NoOp Chain Depth 128 Size 0 Mode ref, Ref Stage 85, run, end, 9783589823227948
1787664523.985293, NoOp Chain Depth 128 Size 0 Mode ref, Ref Stage 86, run, start, 9783589823352780
1787664523.985318, NoOp Chain Depth 128 Size 0 Mode ref, Ref Stage 86, run, end, 9783589823377340
1787664523.985330, NoOp Chain Depth 128 Size 0 Mode ref, Ref Stage 87, run, start, 9783589823389500
1787664523.985363, NoOp Chain Depth 128 Size 0 Mode ref, Ref Stage 87, run, end, 9783589823422908
1787664523.985375, NoOp Chain Depth 128 Size 0 Mode ref, Ref Stage 88, run, start, 9783589823434652
1787664523.985407, NoOp Chain Depth 128 Size 0 Mode ref, Ref Stage 88, run, end, 9783589823465868
1787664523.985421, NoOp Chain Depth 128 Size 0 Mode ref, Ref Stage 89, run, start, 9783589823480700
1787664523.985442, NoOp Chain Depth 128 Size 0 Mode ref, Ref Stage 89, run, end, 9783589823501548
1787664523.985457, NoOp Chain Depth 128 Size 0 Mode ref, Ref Stage 90, run, start, 9783589823516108
1787664523.985478, NoOp Chain Depth 128 Size 0 Mode ref, Ref Stage 90, run, end, 9783589823537148
1787664523.985492, NoOp Chain Depth 128 Size 0 Mode ref, Ref Stage 91, run, start, 9783589823551868
1787664523.985514, NoOp Chain Depth 128 Size 0 Mode ref, Ref Stage 91, run, end, 9783589823572939
1787664523.985528, NoOp Chain Depth 128 Size 0 Mode ref, Ref Stage 92, run, start, 9783589823587483
1787664523.985549, NoOp Chain Depth 128 Size 0 Mode ref, Ref Stage 92, run, end, 9783589823608459
1787664523.985567, NoOp Chain Depth 128 Size 0 Mode ref, Ref Stage 93, run, start, 9783589823626443
1787664523.985588, NoOp Chain Depth 128 Size 0 Mode ref, Ref Stage 93, run, end, 9783589823647435
1787664523.985604, NoOp Chain Depth 128 Size 0 Mode ref, Ref Stage 94, run, start, 9783589823663323
1787664523.985626, NoOp Chain Depth 128 Size 0 Mode ref, Ref Stage 94, run, end, 9783589823685627
1787664523.985642, NoOp Chain Depth 128 Size 0 Mode ref, Ref Stage 95, run, start, 9783589823701019
1787664523.985663, NoOp Chain Depth 128 Size 0 Mode ref, Ref Stage 95, run, end, 9783589823721819
1787664523.985677, NoOp Chain Depth 128 Size 0 Mode ref, Ref Stage 96, run, start, 9783589823736795
1787664523.985698, NoOp Chain Depth 128 Size 0 Mode ref, Ref Stage 96, run, end, 9783589823757371
1787664523.985713, NoOp Chain Depth 128 Size 0 Mode ref, Ref Stage 97, run, start, 9783589823771915
1787664523.985734, NoOp Chain Depth 128 Size 0 Mode ref, Ref Stage 97, run, end, 9783589823793275
1787664523.985750, NoOp Chain Depth 128 Size 0 Mode ref, Ref Stage 98, run, start, 9783589823809083
1787664523.985771, NoOp Chain Depth 128 Size 0 Mode ref, Ref Stage 98, run, end, 9783589823830283
1787664523.985786, NoOp Chain Depth 128 Size 0 Mode ref, Ref Stage 99, run, start, 9783589823845467
1787664523.985807, NoOp Chain Depth 128 Size 0 Mode ref, Ref Stage 99, run, end, 9783589823866395
1787664523.985822, NoOp Chain Depth 128 Size 0 Mode ref, Ref Stage 100, run, start, 9783589823881003
1787664523.985844, NoOp Chain Depth 128 Size 0 Mode ref, Ref Stage 100, run, end, 9783589823902971
1787664523.985859, NoOp Chain Depth 128 Size 0 Mode ref, Ref Stage 101, run, start, 9783589823917771
1787664523.985882, NoOp Chain Depth 128 Size 0 Mode ref, Ref Stage 101, run, end, 9783589823941259
1787664523.985893, NoOp Chain Depth 128 Size 0 Mode ref, Ref Stage 102, run, start, 9783589823952699
1787664523.985926, NoOp Chain Depth 128 Size 0 Mode ref, Ref Stage 102, run, end, 9783589823984875
1787664523.985940, NoOp Chain Depth 128 Size 0 Mode ref, Ref Stage 103, run, start, 9783589823999467
1787664523.985965, NoOp Chain Depth 128 Size 0 Mode ref, Ref Stage 103, run, end, 9783589824024715
1787664523.987965, NoOp Chain Depth 128 Size 0 Mode ref, Ref Stage 104, run, start, 9783589826024970
1787664523.987990, NoOp Chain Depth 128 Size 0 Mode ref, Ref Stage 104, run, end, 9783589826049402
1787664523.988502, NoOp Chain Depth 128 Size 0 Mode ref, Ref Stage 105, run, start, 9783589826561130
1787664523.988524, NoOp Chain Depth 128 Size 0 Mode ref, Ref Stage 105, run, end, 9783589826583706
1787664523.988540, NoOp Chain Depth 128 Size 0 Mode ref, Ref Stage 106, run, start, 9783589826598985
1787664523.988561, NoOp Chain Depth 128 Size 0 Mode ref, Ref Stage 106, run, end, 9783589826620281
1787664523.988576, NoOp Chain Depth 128 Size 0 Mode ref, Ref Stage 107, run, start, 9783589826635241
1787664523.988597, NoOp Chain Depth 128 Size 0 Mode ref, Ref Stage 107, run, end, 9783589826655929
1787664523.988611, NoOp Chain Depth 128 Size 0 Mode ref, Ref Stage 108, run, start, 9783589826670473
1787664523.988633, NoOp Chain Depth 128 Size 0 Mode ref, Ref Stage 108, run, end, 9783589826691673
1787664523.988647, NoOp Chain Depth 128 Size 0 Mode ref, Ref Stage 109, run, start, 9783589826706313
1787664523.988668, NoOp Chain Depth 128 Size 0 Mode ref, Ref Stage 109, run, end, 9783589826727577
1787664523.988683, NoOp Chain Depth 128 Size 0 Mode ref, Ref Stage 110, run, start, 9783589826742505
1787664523.988706, NoOp Chain Depth 128 Size 0 Mode ref, Ref Stage 110, run, end, 9783589826765193
1787664523.988718, NoOp Chain Depth 128 Size 0 Mode ref, Ref Stage 111, run, start, 9783589826777113
1787664523.988749, NoOp Chain Depth 128 Size 0 Mode ref, Ref Stage 111, run, end, 9783589826808121
1787664523.988763, NoOp Chain Depth 128 Size 0 Mode ref, Ref Stage 112, run, start, 9783589826822633
1787664523.988784, NoOp Chain Depth 128 Size 0 Mode ref, Ref Stage 112, run, end, 9783589826843385
1787664523.988799, NoOp Chain Depth 128 Size 0 Mode ref, Ref Stage 113, run, start, 9783589826858409
1787664523.988829, NoOp Chain Depth 128 Size 0 Mode ref, Ref Stage 113, run, end, 9783589826888185
1787664523.988844, NoOp Chain Depth 128 Size 0 Mode ref, Ref Stage 114, run, start, 9783589826903081
1787664523.988865, NoOp Chain Depth 128 Size 0 Mode ref, Ref Stage 114, run, end, 9783589826924073
1787664523.988880, NoOp Chain Depth 128 Size 0 Mode ref, Ref Stage 115, run, start, 9783589826939801
1787664523.988901, NoOp Chain Depth 128 Size 0 Mode ref, Ref Stage 115, run, end, 9783589826960521
1787664523.988916, NoOp Chain Depth 128 Size 0 Mode ref, Ref Stage 116, run, start, 9783589826975385
1787664523.988937, NoOp Chain Depth 128 Size 0 Mode ref, Ref Stage 116, run, end, 9783589826996393
1787664523.988954, NoOp Chain Depth 128 Size 0 Mode ref, Ref Stage 117, run, start, 9783589827012793
1787664523.988975, NoOp Chain Depth 128 Size 0 Mode ref, Ref Stage 117, run, end, 9783589827034185
1787664523.988989, NoOp Chain Depth 128 Size 0 Mode ref, Ref Stage 118, run, start, 9783589827048601
1787664523.989010, NoOp Chain Depth 128 Size 0 Mode ref, Ref Stage 118, run, end, 9783589827069241
1787664523.989024, NoOp Chain Depth 128 Size 0 Mode ref, Ref Stage 119, run, start, 9783589827083849
1787664523.989046, NoOp Chain Depth 128 Size 0 Mode ref, Ref Stage 119, run, end, 9783589827104665
1787664523.989060, NoOp Chain Depth 128 Size 0 Mode ref, Ref Stage 120, run, start, 9783589827119529
1787664523.989115, NoOp Chain Depth 128 Size 0 Mode ref, Ref Stage 120, run, end, 9783589827175049
1787664523.992810, NoOp Chain Depth 128 Size 0 Mode ref, Ref Stage 121, run, start, 9783589830870615
1787664523.992837, NoOp Chain Depth 128 Size 0 Mode ref, Ref Stage 121, run, end, 9783589830896375
1787664523.992853, NoOp Chain Depth 128 Size 0 Mode ref, Ref Stage 122, run, start, 9783589830912103
1787664523.992874, NoOp Chain Depth 128 Size 0 Mode ref, Ref Stage 122, run, end, 9783589830933511
1787664523.992889, NoOp Chain Depth 128 Size 0 Mode ref, Ref Stage 123, run, start, 9783589830948247
1787664523.992910, NoOp Chain Depth 128 Size 0 Mode ref, Ref Stage 123, run, end, 9783589830969415
1787664523.992925, NoOp Chain Depth 128 Size 0 Mode ref, Ref Stage 124, run, start, 9783589830984135
1787664523.992947, NoOp Chain Depth 128 Size 0 Mode ref, Ref Stage 124, run, end, 9783589831006791
1787664523.992963, NoOp Chain Depth 128 Size 0 Mode ref, Ref Stage 125, run, start, 9783589831022087
1787664523.992984, NoOp Chain Depth 128 Size 0 Mode ref, Ref Stage 125, run, end, 9783589831042807
1787664523.992998, NoOp Chain Depth 128 Size 0 Mode ref, Ref Stage 126, run, start, 9783589831057511
1787664523.993021, NoOp Chain Depth 128 Size 0 Mode ref, Ref Stage 126, run, end, 9783589831079975
1787664523.993033, NoOp Chain Depth 128 Size 0 Mode ref, Ref Stage 127, run, start, 9783589831092151
1787664523.993064, NoOp Chain Depth 128 Size 0 Mode ref, Ref Stage 127, run, end, 9783589831123382
1787664523.993079, NoOp Chain Depth 128 Size 0 Mode ref, pipeline - train, run, end, 55182092385219103418175813604855539141, 1787664523.978009, 42, 1, 9783589831138518
1787664523.993116, NoOp Chain Depth 128 Size 0 Mode ref, pipeline - train, run, start, 131261399216975483942073492052620247477, 1787664523.993105, 43, 1, 9783589831175910
1787664523.993140, NoOp Chain Depth 128 Size 0 Mode ref, Ref Stage 0, run, start, 9783589831198886
1787664523.993161, NoOp Chain Depth 128 Size 0 Mode ref, Ref Stage 0, run, end, 9783589831220390
1787664523.993176, NoOp Chain Depth 128 Size 0 Mode ref, Ref Stage 1, run, start, 9783589831235270
1787664523.993198, NoOp Chain Depth 128 Size 0 Mode ref, Ref Stage 1, run, end, 9783589831256870
1787664523.993212, NoOp Chain Depth 128 Size 0 Mode ref, Ref Stage 2, run, start, 9783589831271814
1787664523.993235, NoOp Chain Depth 128 Size 0 Mode ref, Ref Stage 2, run, end, 9783589831294870
1787664523.993248, NoOp Chain Depth 128 Size 0 Mode ref, Ref Stage 3, run, start, 9783589831306838
1787664523.993279, NoOp Chain Depth 128 Size 0 Mode ref, Ref Stage 3, run, end, 9783589831337606
1787664523.993293, NoOp Chain Depth 128 Size 0 Mode ref, Ref Stage 4, run, start, 9783589831352550
1787664523.993317, NoOp Chain Depth 128 Size 0 Mode ref, Ref Stage 4, run, end, 9783589831376262
1787664523.993331, NoOp Chain Depth 128 Size 0 Mode ref, Ref Stage 5, run, start, 9783589831390918
1787664523.993353, NoOp Chain Depth 128 Size 0 Mode ref, Ref Stage 5, run, end, 9783589831411862
1787664523.993367, NoOp Chain Depth 128 Size 0 Mode ref, Ref Stage 6, run, start, 9783589831426534
1787664523.993388, NoOp Chain Depth 128 Size 0 Mode ref, Ref Stage 6, run, end, 9783589831447478
1787664523.993403, NoOp Chain Depth 128 Size 0 Mode ref, Ref Stage 7, run, start, 9783589831461910
1787664523.993424, NoOp Chain Depth 128 Size 0 Mode ref, Ref Stage 7, run, end, 9783589831482838
1787664523.993438, NoOp Chain Depth 128 Size 0 Mode ref, Ref Stage 8, run, start, 9783589831497478
1787664523.993459, NoOp Chain Depth 128 Size 0 Mode ref, Ref Stage 8, run, end, 9783589831518438
1787664523.993474, NoOp Chain Depth 128 Size 0 Mode ref, Ref Stage 9, run, start, 9783589831533142
1787664523.993495, NoOp Chain Depth 128 Size 0 Mode ref, Ref Stage 9, run, end, 9783589831553990
1787664523.993510, NoOp Chain Depth 128 Size 0 Mode ref, Ref Stage 10, run, start, 9783589831569334
1787664523.993531, NoOp Chain Depth 128 Size 0 Mode ref, Ref Stage 10, run, end, 9783589831590550
1787664523.993547, NoOp Chain Depth 128 Size 0 Mode ref, Ref Stage 11, run, start, 9783589831605958
1787664523.993568, NoOp Chain Depth 128 Size 0 Mode ref, Ref Stage 11, run, end, 9783589831626982
1787664523.993582, NoOp Chain Depth 128 Size 0 Mode ref, Ref Stage 12, run, start, 9783589831641430
1787664523.993603, NoOp Chain Depth 128 Size 0 Mode ref, Ref Stage 12, run, end, 9783589831662438
1787664523.993618, NoOp Chain Depth 128 Size 0 Mode ref, Ref Stage 13, run, start, 9783589831676902
1787664523.993640, NoOp Chain Depth 128 Size 0 Mode ref, Ref Stage 13, run, end, 9783589831699526
1787664523.993652, NoOp Chain Depth 128 Size 0 Mode ref, Ref Stage 14, run, start, 9783589831711030
1787664523.993684, NoOp Chain Depth 128 Size 0 Mode ref, Ref Stage 14, run, end, 9783589831743254
1787664523.993696, NoOp Chain Depth 128 Size 0 Mode ref, Ref Stage 15, run, start, 9783589831755046
1787664523.993727, NoOp Chain Depth 128 Size 0 Mode ref, Ref Stage 15, run, end, 9783589831786294
1787664523.993742, NoOp Chain Depth 128 Size 0 Mode ref, Ref Stage 16, run, start, 9783589831801142
1787664523.993763, NoOp Chain Depth 128 Size 0 Mode ref, Ref Stage 16, run, end, 9783589831821878
1787664523.993777, NoOp Chain Depth 128 Size 0 Mode ref, Ref Stage 17, run, start, 9783589831836374
1787664523.993798, NoOp Chain Depth 128 Size 0 Mode ref, Ref Stage 17, run, end, 9783589831857574
1787664523.993813, NoOp Chain Depth 128 Size 0 Mode ref, Ref Stage 18, run, start, 9783589831872278
1787664523.993834, NoOp Chain Depth 128 Size 0 Mode ref, Ref Stage 18, run, end, 9783589831893686
1787664523.993849, NoOp Chain Depth 128 Size 0 Mode ref, Ref Stage 19, run, start, 9783589831908390
1787664523.993870, NoOp Chain Depth 128 Size 0 Mode ref, Ref Stage 19, run, end, 9783589831929286
1787664523.993885, NoOp Chain Depth 128 Size 0 Mode ref, Ref Stage 20, run, start, 9783589831943926
1787664523.993906, NoOp Chain Depth 128 Size 0 Mode ref, Ref Stage 20, run, end, 9783589831964758
1787664523.993920, NoOp Chain Depth 128 Size 0 Mode ref, Ref Stage 21, run, start, 9783589831979318
1787664523.993941, NoOp Chain Depth 128 Size 0 Mode ref, Ref Stage 21, run, end, 9783589832003318
1787664523.993959, NoOp Chain Depth 128 Size 0 Mode ref, Ref Stage 22, run, start, 9783589832018726
1787664523.993982, NoOp Chain Depth 128 Size 0 Mode ref, Ref Stage 22, run, end, 9783589832041286
1787664523.993994, NoOp Chain Depth 128 Size 0 Mode ref, Ref Stage 23, run, start, 9783589832053062
1787664523.994025, NoOp Chain Depth 128 Size 0 Mode ref, Ref Stage 23, run, end, 9783589832084150
1787664523.994040, NoOp Chain Depth 128 Size 0 Mode ref, Ref Stage 24, run, start, 9783589832098790
1787664523.994061, NoOp Chain Depth 128 Size 0 Mode ref, Ref Stage 24, run, end, 9783589832119798
1787664523.994077, NoOp Chain Depth 128 Size 0 Mode ref, Ref Stage 25, run, start, 9783589832135942
1787664523.994098, NoOp Chain Depth 128 Size 0 Mode ref, Ref Stage 25, run, end, 9783589832156902
1787664523.994112, NoOp Chain Depth 128 Size 0 Mode ref, Ref Stage 26, run, start, 9783589832171478
1787664523.994133, NoOp Chain Depth 128 Size 0 Mode ref, Ref Stage 26, run, end, 9783589832192246
1787664523.994148, NoOp Chain Depth 128 Size 0 Mode ref, Ref Stage 27, run, start, 9783589832207062
1787664523.994169, NoOp Chain Depth 128 Size 0 Mode ref, Ref Stage 27, run, end, 9783589832227718
1787664523.994183, NoOp Chain Depth 128 Size 0 Mode ref, Ref Stage 28, run, start, 9783589832242230
1787664523.994204, NoOp Chain Depth 128 Size 0 Mode ref, Ref Stage 28, run, end, 9783589832262838
1787664523.994218, NoOp Chain Depth 128 Size 0 Mode ref, Ref Stage 29, run, start, 9783589832277702
1787664523.994239, NoOp Chain Depth 128 Size 0 Mode ref, Ref Stage 29, run, end, 9783589832298406
1787664523.994254, NoOp Chain Depth 128 Size 0 Mode ref, Ref Stage 30, run, start, 9783589832313094
1787664523.994275, NoOp Chain Depth 128 Size 0 Mode ref, Ref Stage 30, run, end, 9783589832333814
1787664523.994289, NoOp Chain Depth 128 Size 0 Mode ref, Ref Stage 31, run, start, 9783589832348486
1787664523.994310, NoOp Chain Depth 128 Size 0 Mode ref, Ref Stage 31, run, end, 9783589832369222
1787664523.994325, NoOp Chain Depth 128 Size 0 Mode ref, Ref Stage 32, run, start, 9783589832383958
1787664523.994345, NoOp Chain Depth 128 Size 0 Mode ref, Ref Stage 32, run, end, 9783589832404694
1787664523.994360, NoOp Chain Depth 128 Size 0 Mode ref, Ref Stage 33, run, start, 9783589832419206
1787664523.994381, NoOp Chain Depth 128 Size 0 Mode ref, Ref Stage 33, run, end, 9783589832440230
1787664523.994397, NoOp Chain Depth 128 Size 0 Mode ref, Ref Stage 34, run, start, 9783589832456262
1787664523.994418, NoOp Chain Depth 128 Size 0 Mode ref, Ref Stage 34, run, end, 9783589832477046
1787664523.994433, NoOp Chain Depth 128 Size 0 Mode ref, Ref Stage 35, run, start, 9783589832492438
1787664523.994456, NoOp Chain Depth 128 Size 0 Mode ref, Ref Stage 35, run, end, 9783589832514806
1787664523.994467, NoOp Chain Depth 128 Size 0 Mode ref, Ref Stage 36, run, start, 9783589832526438
1787664523.994498, NoOp Chain Depth 128 Size 0 Mode ref, Ref Stage 36, run, end, 9783589832557430
1787664523.994513, NoOp Chain Depth 128 Size 0 Mode ref, Ref Stage 37, run, start, 9783589832571974
1787664523.994534, NoOp Chain Depth 128 Size 0 Mode ref, Ref Stage 37, run, end, 9783589832592726
1787664523.994549, NoOp Chain Depth 128 Size 0 Mode ref, Ref Stage 38, run, start, 9783589832608102
1787664523.994572, NoOp Chain Depth 128 Size 0 Mode ref, Ref Stage 38, run, end, 9783589832631109
1787664523.994583, NoOp Chain Depth 128 Size 0 Mode ref, Ref Stage 39, run, start, 9783589832642629
1787664523.994817, NoOp Chain Depth 128 Size 0 Mode ref, Ref Stage 39, run, end, 9783589832877093
1787664523.994834, NoOp Chain Depth 128 Size 0 Mode ref, Ref Stage 40, run, start, 9783589832893317
1787664523.994857, NoOp Chain Depth 128 Size 0 Mode ref, Ref Stage 40, run, end, 9783589832916565
1787664523.994869, NoOp Chain Depth 128 Size 0 Mode ref, Ref Stage 41, run, start, 9783589832928469
1787664523.995294, NoOp Chain Depth 128 Size 0 Mode ref, Ref Stage 41, run, end, 9783589833354005
1787664523.995413, NoOp Chain Depth 128 Size 0 Mode ref, Ref Stage 42, run, start, 9783589833472789
1787664523.995435, NoOp Chain Depth 128 Size 0 Mode ref, Ref Stage 42, run, end, 9783589833494757
1787664523.995451, NoOp Chain Depth 128 Size 0 Mode ref, Ref Stage 43, run, start, 9783589833510021
1787664523.995472, NoOp Chain Depth 128 Size 0 Mode ref, Ref Stage 43, run, end, 9783589833531445
1787664523.995487, NoOp Chain Depth 128 Size 0 Mode ref, Ref Stage 44, run, start, 9783589833546197
1787664523.995508, NoOp Chain Depth 128 Size 0 Mode ref, Ref Stage 44, run, end, 9783589833567093
1787664523.995523, NoOp Chain Depth 128 Size 0 Mode ref, Ref Stage 45, run, start, 9783589833581989
1787664523.995546, NoOp Chain Depth 128 Size 0 Mode ref, Ref Stage 45, run, end, 9783589833605397
1787664523.995561, NoOp Chain Depth 128 Size 0 Mode ref, Ref Stage 46, run, start, 9783589833620229
1787664523.995582, NoOp Chain Depth 128 Size 0 Mode ref, Ref Stage 46, run, end, 9783589833640981
1787664523.995597, NoOp Chain Depth 128 Size 0 Mode ref, Ref Stage 47, run, start, 9783589833656005
1787664523.995618, NoOp Chain Depth 128 Size 0 Mode ref, Ref Stage 47, run, end, 9783589833677365
1787664523.995633, NoOp Chain Depth 128 Size 0 Mode ref, Ref Stage 48, run, start, 9783589833692085
1787664523.995656, NoOp Chain Depth 128 Size 0 Mode ref, Ref Stage 48, run, end, 9783589833714901
1787664523.995667, NoOp Chain Depth 128 Size 0 Mode ref, Ref Stage 49, run, start, 9783589833726757
1787664523.995699, NoOp Chain Depth 128 Size 0 Mode ref, Ref Stage 49, run, end, 9783589833757893
1787664523.995713, NoOp Chain Depth 128 Size 0 Mode ref, Ref Stage 50, run, start, 9783589833772821
1787664523.995734, NoOp Chain Depth 128 Size 0 Mode ref, Ref Stage 50, run, end, 9783589833793717
1787664523.995749, NoOp Chain Depth 128 Size 0 Mode ref, Ref Stage 51, run, start, 9783589833808213
1787664523.995770, NoOp Chain Depth 128 Size 0 Mode ref, Ref Stage 51, run, end, 9783589833828997
1787664523.995784, NoOp Chain Depth 128 Size 0 Mode ref, Ref Stage 52, run, start, 9783589833843429
1787664523.995805, NoOp Chain Depth 128 Size 0 Mode ref, Ref Stage 52, run, end, 9783589833864309
1787664523.995820, NoOp Chain Depth 128 Size 0 Mode ref, Ref Stage 53, run, start, 9783589833878949
1787664523.995841, NoOp Chain Depth 128 Size 0 Mode ref, Ref Stage 53, run, end, 9783589833899573
1787664523.995856, NoOp Chain Depth 128 Size 0 Mode ref, Ref Stage 54, run, start, 9783589833915125
1787664523.995879, NoOp Chain Depth 128 Size 0 Mode ref, Ref Stage 54, run, end, 9783589833937861
1787664523.995891, NoOp Chain Depth 128 Size 0 Mode ref, Ref Stage 55, run, start, 9783589833950117
1787664523.995925, NoOp Chain Depth 128 Size 0 Mode ref, Ref Stage 55, run, end, 9783589833984341
1787664523.995940, NoOp Chain Depth 128 Size 0 Mode ref, Ref Stage 56, run, start, 9783589833999509
1787664523.995965, NoOp Chain Depth 128 Size 0 Mode ref, Ref Stage 56, run, end, 9783589834023637
1787664523.995979, NoOp Chain Depth 128 Size 0 Mode ref, Ref Stage 57, run, start, 9783589834038581
1787664523.996001, NoOp Chain Depth 128 Size 0 Mode ref, Ref Stage 57, run, end, 9783589834060805
1787664523.996016, NoOp Chain Depth 128 Size 0 Mode ref, Ref Stage 58, run, start, 9783589834075461
1787664523.996037, NoOp Chain Depth 128 Size 0 Mode ref, Ref Stage 58, run, end, 9783589834096725
1787664523.996053, NoOp Chain Depth 128 Size 0 Mode ref, Ref Stage 59, run, start, 9783589834112148
1787664523.996076, NoOp Chain Depth 128 Size 0 Mode ref, Ref Stage 59, run, end, 9783589834134868
1787664523.999738, NoOp Chain Depth 128 Size 0 Mode ref, Ref Stage 60, run, start, 9783589837798834
1787664523.999767, NoOp Chain Depth 128 Size 0 Mode ref, Ref Stage 60, run, end, 9783589837826178
1787664523.999783, NoOp Chain Depth 128 Size 0 Mode ref, Ref Stage 61, run, start, 9783589837842322
1787664523.999805, NoOp Chain Depth 128 Size 0 Mode ref, Ref Stage 61, run, end, 9783589837864082
1787664523.999820, NoOp Chain Depth 128 Size 0 Mode ref, Ref Stage 62, run, start, 9783589837878930
1787664523.999841, NoOp Chain Depth 128 Size 0 Mode ref, Ref Stage 62, run, end, 9783589837900546
1787664523.999856, NoOp Chain Depth 128 Size 0 Mode ref, Ref Stage 63, run, start, 9783589837915314
1787664523.999877, NoOp Chain Depth 128 Size 0 Mode ref, Ref Stage 63, run, end, 9783589837936354
1787664523.999892, NoOp Chain Depth 128 Size 0 Mode ref, Ref Stage 64, run, start, 9783589837950898
1787664523.999913, NoOp Chain Depth 128 Size 0 Mode ref, Ref Stage 64, run, end, 9783589837971986
1787664523.999928, NoOp Chain Depth 128 Size 0 Mode ref, Ref Stage 65, run, start, 9783589837986930
1787664523.999951, NoOp Chain Depth 128 Size 0 Mode ref, Ref Stage 65, run, end, 9783589838009778
1787664523.999966, NoOp Chain Depth 128 Size 0 Mode ref, Ref Stage 66, run, start, 9783589838025074
1787664523.999990, NoOp Chain Depth 128 Size 0 Mode ref, Ref Stage 66, run, end, 9783589838048754
1787664524.000005, NoOp Chain Depth 128 Size 0 Mode ref, Ref Stage 67, run, start, 9783589838063970
1787664524.000028, NoOp Chain Depth 128 Size 0 Mode ref, Ref Stage 67, run, end, 9783589838086946
1787664524.000039, NoOp Chain Depth 128 Size 0 Mode ref, Ref Stage 68, run, start, 9783589838098802
1787664524.000072, NoOp Chain Depth 128 Size 0 Mode ref, Ref Stage 68, run, end, 9783589838131042
1787664524.000087, NoOp Chain Depth 128 Size 0 Mode ref, Ref Stage 69, run, start, 9783589838145794
1787664524.000108, NoOp Chain Depth 128 Size 0 Mode ref, Ref Stage 69, run, end, 9783589838167026
1787664524.000123, NoOp Chain Depth 128 Size 0 Mode ref, Ref Stage 70, run, start, 9783589838181874
1787664524.000146, NoOp Chain Depth 128 Size 0 Mode ref, Ref Stage 70, run, end, 9783589838205490
1787664524.000158, NoOp Chain Depth 128 Size 0 Mode ref, Ref Stage 71, run, start, 9783589838217314
1787664524.000191, NoOp Chain Depth 128 Size 0 Mode ref, Ref Stage 71, run, end, 9783589838250002
1787664524.000202, NoOp Chain Depth 128 Size 0 Mode ref, Ref Stage 72, run, start, 9783589838261714
1787664524.000412, NoOp Chain Depth 128 Size 0 Mode ref, Ref Stage 72, run, end, 9783589838471778
1787664524.000530, NoOp Chain Depth 128 Size 0 Mode ref, Ref Stage 73, run, start, 9783589838589522
1787664524.000553, NoOp Chain Depth 128 Size 0 Mode ref, Ref Stage 73, run, end, 9783589838611938
1787664524.000568, NoOp Chain Depth 128 Size 0 Mode ref, Ref Stage 74, run, start, 9783589838626962
1787664524.000589, NoOp Chain Depth 128 Size 0 Mode ref, Ref Stage 74, run, end, 9783589838648418
1787664524.000604, NoOp Chain Depth 128 Size 0 Mode ref, Ref Stage 75, run, start, 9783589838663314
1787664524.000625, NoOp Chain Depth 128 Size 0 Mode ref, Ref Stage 75, run, end, 9783589838684626
1787664524.000640, NoOp Chain Depth 128 Size 0 Mode ref, Ref Stage 76, run, start, 9783589838699538
1787664524.000662, NoOp Chain Depth 128 Size 0 Mode ref, Ref Stage 76, run, end, 9783589838720642
1787664524.000676, NoOp Chain Depth 128 Size 0 Mode ref, Ref Stage 77, run, start, 9783589838735570
1787664524.000698, NoOp Chain Depth 128 Size 0 Mode ref, Ref Stage 77, run, end, 9783589838756673
1787664524.000712, NoOp Chain Depth 128 Size 0 Mode ref, Ref Stage 78, run, start, 9783589838771425
1787664524.000733, NoOp Chain Depth 128 Size 0 Mode ref, Ref Stage 78, run, end, 9783589838792673
1787664524.000748, NoOp Chain Depth 128 Size 0 Mode ref, Ref Stage 79, run, start, 9783589838807489
1787664524.000769, NoOp Chain Depth 128 Size 0 Mode ref, Ref Stage 79, run, end, 9783589838828385
1787664524.000784, NoOp Chain Depth 128 Size 0 Mode ref, Ref Stage 80, run, start, 9783589838843057
1787664524.000805, NoOp Chain Depth 128 Size 0 Mode ref, Ref Stage 80, run, end, 9783589838864193
1787664524.000820, NoOp Chain Depth 128 Size 0 Mode ref, Ref Stage 81, run, start, 9783589838878913
1787664524.000840, NoOp Chain Depth 128 Size 0 Mode ref, Ref Stage 81, run, end, 9783589838899601
1787664524.000855, NoOp Chain Depth 128 Size 0 Mode ref, Ref Stage 82, run, start, 9783589838914097
1787664524.000875, NoOp Chain Depth 128 Size 0 Mode ref, Ref Stage 82, run, end, 9783589838934769
1787664524.000890, NoOp Chain Depth 128 Size 0 Mode ref, Ref Stage 83, run, start, 9783589838949617
1787664524.000911, NoOp Chain Depth 128 Size 0 Mode ref, Ref Stage 83, run, end, 9783589838970193
1787664524.000926, NoOp Chain Depth 128 Size 0 Mode ref, Ref Stage 84, run, start, 9783589838984657
1787664524.000948, NoOp Chain Depth 128 Size 0 Mode ref, Ref Stage 84, run, end, 9783589839007201
1787664524.000963, NoOp Chain Depth 128 Size 0 Mode ref, Ref Stage 85, run, start, 9783589839022417
1787664524.000984, NoOp Chain Depth 128 Size 0 Mode ref, Ref Stage 85, run, end, 9783589839043089
1787664524.000998, NoOp Chain Depth 128 Size 0 Mode ref, Ref Stage 86, run, start, 9783589839057745
1787664524.001021, NoOp Chain Depth 128 Size 0 Mode ref, Ref Stage 86, run, end, 9783589839080417
1787664524.001033, NoOp Chain Depth 128 Size 0 Mode ref, Ref Stage 87, run, start, 9783589839092305
1787664524.001066, NoOp Chain Depth 128 Size 0 Mode ref, Ref Stage 87, run, end, 9783589839125441
1787664524.001081, NoOp Chain Depth 128 Size 0 Mode ref, Ref Stage 88, run, start, 9783589839140401
1787664524.001102, NoOp Chain Depth 128 Size 0 Mode ref, Ref Stage 88, run, end, 9783589839161265
1787664524.001117, NoOp Chain Depth 128 Size 0 Mode ref, Ref Stage 89, run, start, 9783589839175841
1787664524.001138, NoOp Chain Depth 128 Size 0 Mode ref, Ref Stage 89, run, end, 9783589839196769
1787664524.001152, NoOp Chain Depth 128 Size 0 Mode ref, Ref Stage 90, run, start, 9783589839211425
1787664524.001173, NoOp Chain Depth 128 Size 0 Mode ref, Ref Stage 90, run, end, 9783589839232113
1787664524.001187, NoOp Chain Depth 128 Size 0 Mode ref, Ref Stage 91, run, start, 9783589839246673
1787664524.001208, NoOp Chain Depth 128 Size 0 Mode ref, Ref Stage 91, run, end, 9783589839267521
1787664524.001223, NoOp Chain Depth 128 Size 0 Mode ref, Ref Stage 92, run, start, 9783589839282305
1787664524.001244, NoOp Chain Depth 128 Size 0 Mode ref, Ref Stage 92, run, end, 9783589839302993
1787664524.001258, NoOp Chain Depth 128 Size 0 Mode ref, Ref Stage 93, run, start, 9783589839317601
1787664524.001280, NoOp Chain Depth 128 Size 0 Mode ref, Ref Stage 93, run, end, 9783589839338673
1787664524.001294, NoOp Chain Depth 128 Size 0 Mode ref, Ref Stage 94, run, start, 9783589839353297
1787664524.001315, NoOp Chain Depth 128 Size 0 Mode ref, Ref Stage 94, run, end, 9783589839374065
1787664524.001330, NoOp Chain Depth 128 Size 0 Mode ref, Ref Stage 95, run, start, 9783589839388817
1787664524.001351, NoOp Chain Depth 128 Size 0 Mode ref, Ref Stage 95, run, end, 9783589839409809
1787664524.001366, NoOp Chain Depth 128 Size 0 Mode ref, Ref Stage 96, run, start, 9783589839425361
1787664524.001387, NoOp Chain Depth 128 Size 0 Mode ref, Ref Stage 96, run, end, 9783589839446129
1787664524.001402, NoOp Chain Depth 128 Size 0 Mode ref, Ref Stage 97, run, start, 9783589839461393
1787664524.001423, NoOp Chain Depth 128 Size 0 Mode ref, Ref Stage 97, run, end, 9783589839482465
1787664524.001438, NoOp Chain Depth 128 Size 0 Mode ref, Ref Stage 98, run, start, 9783589839497185
1787664524.001459, NoOp Chain Depth 128 Size 0 Mode ref, Ref Stage 98, run, end, 9783589839518161
1787664524.001474, NoOp Chain Depth 128 Size 0 Mode ref, Ref Stage 99, run, start, 9783589839533025
1787664524.001497, NoOp Chain Depth 128 Size 0 Mode ref, Ref Stage 99, run, end, 9783589839555825
1787664524.001508, NoOp Chain Depth 128 Size 0 Mode ref, Ref Stage 100, run, start, 9783589839567329
1787664524.001540, NoOp Chain Depth 128 Size 0 Mode ref, Ref Stage 100, run, end, 9783589839599569
1787664524.001552, NoOp Chain Depth 128 Size 0 Mode ref, Ref Stage 101, run, start, 9783589839611057
1787664524.001583, NoOp Chain Depth 128 Size 0 Mode ref, Ref Stage 101, run, end, 9783589839641873
1787664524.001597, NoOp Chain Depth 128 Size 0 Mode ref, Ref Stage 102, run, start, 9783589839656865
1787664524.001620, NoOp Chain Depth 128 Size 0 Mode ref, Ref Stage 102, run, end, 9783589839679425
1787664524.001632, NoOp Chain Depth 128 Size 0 Mode ref, Ref Stage 103, run, start, 9783589839691137
1787664524.001663, NoOp Chain Depth 128 Size 0 Mode ref, Ref Stage 103, run, end, 9783589839722225
1787664524.001678, NoOp Chain Depth 128 Size 0 Mode ref, Ref Stage 104, run, start, 9783589839736737
1787664524.001699, NoOp Chain Depth 128 Size 0 Mode ref, Ref Stage 104, run, end, 9783589839758001
1787664524.001714, NoOp Chain Depth 128 Size 0 Mode ref, Ref Stage 105, run, start, 9783589839772705
1787664524.001735, NoOp Chain Depth 128 Size 0 Mode ref, Ref Stage 105, run, end, 9783589839794097
1787664524.001752, NoOp Chain Depth 128 Size 0 Mode ref, Ref Stage 106, run, start, 9783589839811169
1787664524.001773, NoOp Chain Depth 128 Size 0 Mode ref, Ref Stage 106, run, end, 9783589839832481
1787664524.001788, NoOp Chain Depth 128 Size 0 Mode ref, Ref Stage 107, run, start, 9783589839847185
1787664524.001811, NoOp Chain Depth 128 Size 0 Mode ref, Ref Stage 107, run, end, 9783589839869793
1787664524.001827, NoOp Chain Depth 128 Size 0 Mode ref, Ref Stage 108, run, start, 9783589839886625
1787664524.001848, NoOp Chain Depth 128 Size 0 Mode ref, Ref Stage 108, run, end, 9783589839907761
1787664524.001863, NoOp Chain Depth 128 Size 0 Mode ref, Ref Stage 109, run, start, 9783589839922513
1787664524.001885, NoOp Chain Depth 128 Size 0 Mode ref, Ref Stage 109, run, end, 9783589839944785
1787664524.001901, NoOp Chain Depth 128 Size 0 Mode ref, Ref Stage 110, run, start, 9783589839960129
1787664524.001924, NoOp Chain Depth 128 Size 0 Mode ref, Ref Stage 110, run, end, 9783589839983505
1787664524.002334, NoOp Chain Depth 128 Size 0 Mode ref, Ref Stage 111, run, start, 9783589840394416
1787664524.002466, NoOp Chain Depth 128 Size 0 Mode ref, Ref Stage 111, run, end, 9783589840526064
1787664524.002482, NoOp Chain Depth 128 Size 0 Mode ref, Ref Stage 112, run, start, 9783589840541728
1787664524.002504, NoOp Chain Depth 128 Size 0 Mode ref, Ref Stage 112, run, end, 9783589840563056
1787664524.002518, NoOp Chain Depth 128 Size 0 Mode ref, Ref Stage 113, run, start, 9783589840577872
1787664524.002540, NoOp Chain Depth 128 Size 0 Mode ref, Ref Stage 113, run, end, 9783589840599184
1787664524.002555, NoOp Chain Depth 128 Size 0 Mode ref, Ref Stage 114, run, start, 9783589840613776
1787664524.002575, NoOp Chain Depth 128 Size 0 Mode ref, Ref Stage 114, run, end, 9783589840634656
1787664524.002590, NoOp Chain Depth 128 Size 0 Mode ref, Ref Stage 115, run, start, 9783589840649376
1787664524.002611, NoOp Chain Depth 128 Size 0 Mode ref, Ref Stage 115, run, end, 9783589840670560
1787664524.002626, NoOp Chain Depth 128 Size 0 Mode ref, Ref Stage 116, run, start, 9783589840685264
1787664524.002649, NoOp Chain Depth 128 Size 0 Mode ref, Ref Stage 116, run, end, 9783589840708032
1787664524.002663, NoOp Chain Depth 128 Size 0 Mode ref, Ref Stage 117, run, start, 9783589840722640
1787664524.002834, NoOp Chain Depth 128 Size 0 Mode ref, Ref Stage 117, run, end, 9783589840895120
1787664524.003271, NoOp Chain Depth 128 Size 0 Mode ref, Ref Stage 118, run, start, 9783589841331648
1787664524.003301, NoOp Chain Depth 128 Size 0 Mode ref, Ref Stage 118, run, end, 9783589841360352
1787664524.003317, NoOp Chain Depth 128 Size 0 Mode ref, Ref Stage 119, run, start, 9783589841376720
1787664524.003342, NoOp Chain Depth 128 Size 0 Mode ref, Ref Stage 119, run, end, 9783589841400960
1787664524.003354, NoOp Chain Depth 128 Size 0 Mode ref, Ref Stage 120, run, start, 9783589841413568
1787664524.003386, NoOp Chain Depth 128 Size 0 Mode ref, Ref Stage 120, run, end, 9783589841445456
1787664524.003401, NoOp Chain Depth 128 Size 0 Mode ref, Ref Stage 121, run, start, 9783589841460480
1787664524.003422, NoOp Chain Depth 128 Size 0 Mode ref, Ref Stage 121, run, end, 9783589841481568
1787664524.003437, NoOp Chain Depth 128 Size 0 Mode ref, Ref Stage 122, run, start, 9783589841496560
1787664524.003458, NoOp Chain Depth 128 Size 0 Mode ref, Ref Stage 122, run, end, 9783589841517584
1787664524.003473, NoOp Chain Depth 128 Size 0 Mode ref, Ref Stage 123, run, start, 9783589841532288
1787664524.003494, NoOp Chain Depth 128 Size 0 Mode ref, Ref Stage 123, run, end, 9783589841553440
1787664524.003509, NoOp Chain Depth 128 Size 0 Mode ref, Ref Stage 124, run, start, 9783589841568192
1787664524.003530, NoOp Chain Depth 128 Size 0 Mode ref, Ref Stage 124, run, end, 9783589841589184
1787664524.003545, NoOp Chain Depth 128 Size 0 Mode ref, Ref Stage 125, run, start, 9783589841603904
1787664524.003566, NoOp Chain Depth 128 Size 0 Mode ref, Ref Stage 125, run, end, 9783589841624912
1787664524.003580, NoOp Chain Depth 128 Size 0 Mode ref, Ref Stage 126, run, start, 9783589841639344
1787664524.003604, NoOp Chain Depth 128 Size 0 Mode ref, Ref Stage 126, run, end, 9783589841663088
1787664524.003619, NoOp Chain Depth 128 Size 0 Mode ref, Ref Stage 127, run, start, 9783589841678048
1787664524.003642, NoOp Chain Depth 128 Size 0 Mode ref, Ref Stage 127, run, end, 9783589841700928
1787664524.003654, NoOp Chain Depth 128 Size 0 Mode ref, pipeline - train, run, end, 131261399216975483942073492052620247477, 1787664523.993105, 43, 1, 9783589841713136
1787664524.003704, NoOp Chain Depth 128 Size 0 Mode ref, pipeline - train, run, start, 333464341286375917438770767899865386153, 1787664524.003693, 44, 1, 9783589841763391
1787664524.003726, NoOp Chain Depth 128 Size 0 Mode ref, Ref Stage 0, run, start, 9783589841786063
1787664524.003749, NoOp Chain Depth 128 Size 0 Mode ref, Ref Stage 0, run, end, 9783589841808143
1787664524.003763, NoOp Chain Depth 128 Size 0 Mode ref, Ref Stage 1, run, start, 9783589841822767
1787664524.003784, NoOp Chain Depth 128 Size 0 Mode ref, Ref Stage 1, run, end, 9783589841843759
1787664524.003800, NoOp Chain Depth 128 Size 0 Mode ref, Ref Stage 2, run, start, 9783589841859631
1787664524.003824, NoOp Chain Depth 128 Size 0 Mode ref, Ref Stage 2, run, end, 9783589841884319
1787664524.003840, NoOp Chain Depth 128 Size 0 Mode ref, Ref Stage 3, run, start, 9783589841898863
1787664524.003860, NoOp Chain Depth 128 Size 0 Mode ref, Ref Stage 3, run, end, 9783589841919775
1787664524.003875, NoOp Chain Depth 128 Size 0 Mode ref, Ref Stage 4, run, start, 9783589841934239
1787664524.003896, NoOp Chain Depth 128 Size 0 Mode ref, Ref Stage 4, run, end, 9783589841955151
1787664524.003910, NoOp Chain Depth 128 Size 0 Mode ref, Ref Stage 5, run, start, 9783589841969679
1787664524.003932, NoOp Chain Depth 128 Size 0 Mode ref, Ref Stage 5, run, end, 9783589841991471
1787664524.003949, NoOp Chain Depth 128 Size 0 Mode ref, Ref Stage 6, run, start, 9783589842008591
1787664524.003971, NoOp Chain Depth 128 Size 0 Mode ref, Ref Stage 6, run, end, 9783589842030031
1787664524.003986, NoOp Chain Depth 128 Size 0 Mode ref, Ref Stage 7, run, start, 9783589842045615
1787664524.004008, NoOp Chain Depth 128 Size 0 Mode ref, Ref Stage 7, run, end, 9783589842067519
1787664524.004023, NoOp Chain Depth 128 Size 0 Mode ref, Ref Stage 8, run, start, 9783589842082127
1787664524.004044, NoOp Chain Depth 128 Size 0 Mode ref, Ref Stage 8, run, end, 9783589842102799
1787664524.004058, NoOp Chain Depth 128 Size 0 Mode ref, Ref Stage 9, run, start, 9783589842117487
1787664524.004079, NoOp Chain Depth 128 Size 0 Mode ref, Ref Stage 9, run, end, 9783589842138191
1787664524.004094, NoOp Chain Depth 128 Size 0 Mode ref, Ref Stage 10, run, start, 9783589842152927
1787664524.004115, NoOp Chain Depth 128 Size 0 Mode ref, Ref Stage 10, run, end, 9783589842174031
1787664524.004130, NoOp Chain Depth 128 Size 0 Mode ref, Ref Stage 11, run, start, 9783589842188719
1787664524.004150, NoOp Chain Depth 128 Size 0 Mode ref, Ref Stage 11, run, end, 9783589842209599
1787664524.004166, NoOp Chain Depth 128 Size 0 Mode ref, Ref Stage 12, run, start, 9783589842225023
1787664524.004187, NoOp Chain Depth 128 Size 0 Mode ref, Ref Stage 12, run, end, 9783589842246047
1787664524.004204, NoOp Chain Depth 128 Size 0 Mode ref, Ref Stage 13, run, start, 9783589842262831
1787664524.004225, NoOp Chain Depth 128 Size 0 Mode ref, Ref Stage 13, run, end, 9783589842283727
1787664524.004239, NoOp Chain Depth 128 Size 0 Mode ref, Ref Stage 14, run, start, 9783589842298223
1787664524.004262, NoOp Chain Depth 128 Size 0 Mode ref, Ref Stage 14, run, end, 9783589842320959
1787664524.004273, NoOp Chain Depth 128 Size 0 Mode ref, Ref Stage 15, run, start, 9783589842332495
1787664524.004308, NoOp Chain Depth 128 Size 0 Mode ref, Ref Stage 15, run, end, 9783589842367711
1787664524.004323, NoOp Chain Depth 128 Size 0 Mode ref, Ref Stage 16, run, start, 9783589842382607
1787664524.004344, NoOp Chain Depth 128 Size 0 Mode ref, Ref Stage 16, run, end, 9783589842403359
1787664524.004361, NoOp Chain Depth 128 Size 0 Mode ref, Ref Stage 17, run, start, 9783589842420479
1787664524.004382, NoOp Chain Depth 128 Size 0 Mode ref, Ref Stage 17, run, end, 9783589842441263
1787664524.004396, NoOp Chain Depth 128 Size 0 Mode ref, Ref Stage 18, run, start, 9783589842455711
1787664524.004418, NoOp Chain Depth 128 Size 0 Mode ref, Ref Stage 18, run, end, 9783589842477663
1787664524.004435, NoOp Chain Depth 128 Size 0 Mode ref, Ref Stage 19, run, start, 9783589842493935
1787664524.004456, NoOp Chain Depth 128 Size 0 Mode ref, Ref Stage 19, run, end, 9783589842515023
1787664524.004471, NoOp Chain Depth 128 Size 0 Mode ref, Ref Stage 20, run, start, 9783589842529679
1787664524.004491, NoOp Chain Depth 128 Size 0 Mode ref, Ref Stage 20, run, end, 9783589842550351
1787664524.004507, NoOp Chain Depth 128 Size 0 Mode ref, Ref Stage 21, run, start, 9783589842566223
1787664524.004529, NoOp Chain Depth 128 Size 0 Mode ref, Ref Stage 21, run, end, 9783589842588607
1787664524.004544, NoOp Chain Depth 128 Size 0 Mode ref, Ref Stage 22, run, start, 9783589842603519
1787664524.004567, NoOp Chain Depth 128 Size 0 Mode ref, Ref Stage 22, run, end, 9783589842625967
1787664524.004578, NoOp Chain Depth 128 Size 0 Mode ref, Ref Stage 23, run, start, 9783589842637535
1787664524.004611, NoOp Chain Depth 128 Size 0 Mode ref, Ref Stage 23, run, end, 9783589842669871
1787664524.004625, NoOp Chain Depth 128 Size 0 Mode ref, Ref Stage 24, run, start, 9783589842684591
1787664524.004646, NoOp Chain Depth 128 Size 0 Mode ref, Ref Stage 24, run, end, 9783589842705423
1787664524.004661, NoOp Chain Depth 128 Size 0 Mode ref, Ref Stage 25, run, start, 9783589842719919
1787664524.004681, NoOp Chain Depth 128 Size 0 Mode ref, Ref Stage 25, run, end, 9783589842740527
1787664524.004696, NoOp Chain Depth 128 Size 0 Mode ref, Ref Stage 26, run, start, 9783589842755231
1787664524.004717, NoOp Chain Depth 128 Size 0 Mode ref, Ref Stage 26, run, end, 9783589842775759
1787664524.004731, NoOp Chain Depth 128 Size 0 Mode ref, Ref Stage 27, run, start, 9783589842790271
1787664524.004752, NoOp Chain Depth 128 Size 0 Mode ref, Ref Stage 27, run, end, 9783589842810911
1787664524.004766, NoOp Chain Depth 128 Size 0 Mode ref, Ref Stage 28, run, start, 9783589842825567
1787664524.004788, NoOp Chain Depth 128 Size 0 Mode ref, Ref Stage 28, run, end, 9783589842847359
1787664524.004805, NoOp Chain Depth 128 Size 0 Mode ref, Ref Stage 29, run, start, 9783589842864079
1787664524.004826, NoOp Chain Depth 128 Size 0 Mode ref, Ref Stage 29, run, end, 9783589842884671
1787664524.004840, NoOp Chain Depth 128 Size 0 Mode ref, Ref Stage 30, run, start, 9783589842899055
1787664524.004861, NoOp Chain Depth 128 Size 0 Mode ref, Ref Stage 30, run, end, 9783589842919887
1787664524.004876, NoOp Chain Depth 128 Size 0 Mode ref, Ref Stage 31, run, start, 9783589842935631
1787664524.004897, NoOp Chain Depth 128 Size 0 Mode ref, Ref Stage 31, run, end, 9783589842956319
1787664524.004912, NoOp Chain Depth 128 Size 0 Mode ref, Ref Stage 32, run, start, 9783589842971103
1787664524.004933, NoOp Chain Depth 128 Size 0 Mode ref, Ref Stage 32, run, end, 9783589842992351
1787664524.004950, NoOp Chain Depth 128 Size 0 Mode ref, Ref Stage 33, run, start, 9783589843009519
1787664524.004972, NoOp Chain Depth 128 Size 0 Mode ref, Ref Stage 33, run, end, 9783589843030895
1787664524.004986, NoOp Chain Depth 128 Size 0 Mode ref, Ref Stage 34, run, start, 9783589843045695
1787664524.005008, NoOp Chain Depth 128 Size 0 Mode ref, Ref Stage 34, run, end, 9783589843067583
1787664524.005023, NoOp Chain Depth 128 Size 0 Mode ref, Ref Stage 35, run, start, 9783589843082879
1787664524.005047, NoOp Chain Depth 128 Size 0 Mode ref, Ref Stage 35, run, end, 9783589843106255
1787664524.005471, NoOp Chain Depth 128 Size 0 Mode ref, Ref Stage 36, run, start, 9783589843530558
1787664524.005601, NoOp Chain Depth 128 Size 0 Mode ref, Ref Stage 36, run, end, 9783589843660846
1787664524.005617, NoOp Chain Depth 128 Size 0 Mode ref, Ref Stage 37, run, start, 9783589843676622
1787664524.005639, NoOp Chain Depth 128 Size 0 Mode ref, Ref Stage 37, run, end, 9783589843698318
1787664524.005654, NoOp Chain Depth 128 Size 0 Mode ref, Ref Stage 38, run, start, 9783589843713054
1787664524.005675, NoOp Chain Depth 128 Size 0 Mode ref, Ref Stage 38, run, end, 9783589843734014
1787664524.005690, NoOp Chain Depth 128 Size 0 Mode ref, Ref Stage 39, run, start, 9783589843748974
1787664524.005712, NoOp Chain Depth 128 Size 0 Mode ref, Ref Stage 39, run, end, 9783589843771534
1787664524.005724, NoOp Chain Depth 128 Size 0 Mode ref, Ref Stage 40, run, start, 9783589843783390
1787664524.005757, NoOp Chain Depth 128 Size 0 Mode ref, Ref Stage 40, run, end, 9783589843816814
1787664524.005772, NoOp Chain Depth 128 Size 0 Mode ref, Ref Stage 41, run, start, 9783589843831534
1787664524.005795, NoOp Chain Depth 128 Size 0 Mode ref, Ref Stage 41, run, end, 9783589843854270
1787664524.005807, NoOp Chain Depth 128 Size 0 Mode ref, Ref Stage 42, run, start, 9783589843866206
1787664524.005838, NoOp Chain Depth 128 Size 0 Mode ref, Ref Stage 42, run, end, 9783589843896878
1787664524.005853, NoOp Chain Depth 128 Size 0 Mode ref, Ref Stage 43, run, start, 9783589843912686
1787664524.005874, NoOp Chain Depth 128 Size 0 Mode ref, Ref Stage 43, run, end, 9783589843933806
1787664524.005891, NoOp Chain Depth 128 Size 0 Mode ref, Ref Stage 44, run, start, 9783589843950270
1787664524.005913, NoOp Chain Depth 128 Size 0 Mode ref, Ref Stage 44, run, end, 9783589843972654
1787664524.005928, NoOp Chain Depth 128 Size 0 Mode ref, Ref Stage 45, run, start, 9783589843987438
1787664524.005953, NoOp Chain Depth 128 Size 0 Mode ref, Ref Stage 45, run, end, 9783589844011966
1787664524.005968, NoOp Chain Depth 128 Size 0 Mode ref, Ref Stage 46, run, start, 9783589844027310
1787664524.005990, NoOp Chain Depth 128 Size 0 Mode ref, Ref Stage 46, run, end, 9783589844049278
1787664524.006005, NoOp Chain Depth 128 Size 0 Mode ref, Ref Stage 47, run, start, 9783589844064606
1787664524.006027, NoOp Chain Depth 128 Size 0 Mode ref, Ref Stage 47, run, end, 9783589844085598
1787664524.006041, NoOp Chain Depth 128 Size 0 Mode ref, Ref Stage 48, run, start, 9783589844100350
1787664524.006064, NoOp Chain Depth 128 Size 0 Mode ref, Ref Stage 48, run, end, 9783589844122814
1787664524.006075, NoOp Chain Depth 128 Size 0 Mode ref, Ref Stage 49, run, start, 9783589844134366
1787664524.006519, NoOp Chain Depth 128 Size 0 Mode ref, Ref Stage 49, run, end, 9783589844578334
1787664524.006535, NoOp Chain Depth 128 Size 0 Mode ref, Ref Stage 50, run, start, 9783589844594222
1787664524.006557, NoOp Chain Depth 128 Size 0 Mode ref, Ref Stage 50, run, end, 9783589844615854
1787664524.006571, NoOp Chain Depth 128 Size 0 Mode ref, Ref Stage 51, run, start, 9783589844630670
1787664524.006593, NoOp Chain Depth 128 Size 0 Mode ref, Ref Stage 51, run, end, 9783589844652014
1787664524.006607, NoOp Chain Depth 128 Size 0 Mode ref, Ref Stage 52, run, start, 9783589844666414
1787664524.006628, NoOp Chain Depth 128 Size 0 Mode ref, Ref Stage 52, run, end, 9783589844687150
1787664524.006642, NoOp Chain Depth 128 Size 0 Mode ref, Ref Stage 53, run, start, 9783589844701486
1787664524.006663, NoOp Chain Depth 128 Size 0 Mode ref, Ref Stage 53, run, end, 9783589844722542
1787664524.006678, NoOp Chain Depth 128 Size 0 Mode ref, Ref Stage 54, run, start, 9783589844737070
1787664524.006699, NoOp Chain Depth 128 Size 0 Mode ref, Ref Stage 54, run, end, 9783589844758334
1787664524.006715, NoOp Chain Depth 128 Size 0 Mode ref, Ref Stage 55, run, start, 9783589844774542
1787664524.006737, NoOp Chain Depth 128 Size 0 Mode ref, Ref Stage 55, run, end, 9783589844796446
1787664524.006752, NoOp Chain Depth 128 Size 0 Mode ref, Ref Stage 56, run, start, 9783589844810686
1787664524.006772, NoOp Chain Depth 128 Size 0 Mode ref, Ref Stage 56, run, end, 9783589844831022
1787664524.006786, NoOp Chain Depth 128 Size 0 Mode ref, Ref Stage 57, run, start, 9783589844845438
1787664524.006807, NoOp Chain Depth 128 Size 0 Mode ref, Ref Stage 57, run, end, 9783589844866029
1787664524.006821, NoOp Chain Depth 128 Size 0 Mode ref, Ref Stage 58, run, start, 9783589844880525
1787664524.006843, NoOp Chain Depth 128 Size 0 Mode ref, Ref Stage 58, run, end, 9783589844902765
1787664524.006855, NoOp Chain Depth 128 Size 0 Mode ref, Ref Stage 59, run, start, 9783589844914381
1787664524.007279, NoOp Chain Depth 128 Size 0 Mode ref, Ref Stage 59, run, end, 9783589845338589
1787664524.007295, NoOp Chain Depth 128 Size 0 Mode ref, Ref Stage 60, run, start, 9783589845354253
1787664524.007319, NoOp Chain Depth 128 Size 0 Mode ref, Ref Stage 60, run, end, 9783589845378957
1787664524.007334, NoOp Chain Depth 128 Size 0 Mode ref, Ref Stage 61, run, start, 9783589845393725
1787664524.007355, NoOp Chain Depth 128 Size 0 Mode ref, Ref Stage 61, run, end, 9783589845414749
1787664524.007474, NoOp Chain Depth 128 Size 0 Mode ref, Ref Stage 62, run, start, 9783589845533053
1787664524.007496, NoOp Chain Depth 128 Size 0 Mode ref, Ref Stage 62, run, end, 9783589845554957
1787664524.007511, NoOp Chain Depth 128 Size 0 Mode ref, Ref Stage 63, run, start, 9783589845570061
1787664524.007532, NoOp Chain Depth 128 Size 0 Mode ref, Ref Stage 63, run, end, 9783589845591405
1787664524.007547, NoOp Chain Depth 128 Size 0 Mode ref, Ref Stage 64, run, start, 9783589845606685
1787664524.007569, NoOp Chain Depth 128 Size 0 Mode ref, Ref Stage 64, run, end, 9783589845628125
1787664524.007583, NoOp Chain Depth 128 Size 0 Mode ref, Ref Stage 65, run, start, 9783589845642605
1787664524.007605, NoOp Chain Depth 128 Size 0 Mode ref, Ref Stage 65, run, end, 9783589845663741
1787664524.007619, NoOp Chain Depth 128 Size 0 Mode ref, Ref Stage 66, run, start, 9783589845678381
1787664524.007640, NoOp Chain Depth 128 Size 0 Mode ref, Ref Stage 66, run, end, 9783589845699213
1787664524.007654, NoOp Chain Depth 128 Size 0 Mode ref, Ref Stage 67, run, start, 9783589845713741
1787664524.007677, NoOp Chain Depth 128 Size 0 Mode ref, Ref Stage 67, run, end, 9783589845736333
1787664524.007689, NoOp Chain Depth 128 Size 0 Mode ref, Ref Stage 68, run, start, 9783589845748221
1787664524.007720, NoOp Chain Depth 128 Size 0 Mode ref, Ref Stage 68, run, end, 9783589845779133
1787664524.007735, NoOp Chain Depth 128 Size 0 Mode ref, Ref Stage 69, run, start, 9783589845793741
1787664524.007756, NoOp Chain Depth 128 Size 0 Mode ref, Ref Stage 69, run, end, 9783589845814621
1787664524.007770, NoOp Chain Depth 128 Size 0 Mode ref, Ref Stage 70, run, start, 9783589845829165
1787664524.007795, NoOp Chain Depth 128 Size 0 Mode ref, Ref Stage 70, run, end, 9783589845853901
1787664524.007809, NoOp Chain Depth 128 Size 0 Mode ref, Ref Stage 71, run, start, 9783589845868477
1787664524.007830, NoOp Chain Depth 128 Size 0 Mode ref, Ref Stage 71, run, end, 9783589845889261
1787664524.007844, NoOp Chain Depth 128 Size 0 Mode ref, Ref Stage 72, run, start, 9783589845903757
1787664524.007865, NoOp Chain Depth 128 Size 0 Mode ref, Ref Stage 72, run, end, 9783589845924397
1787664524.007880, NoOp Chain Depth 128 Size 0 Mode ref, Ref Stage 73, run, start, 9783589845939133
1787664524.007901, NoOp Chain Depth 128 Size 0 Mode ref, Ref Stage 73, run, end, 9783589845960061
1787664524.007915, NoOp Chain Depth 128 Size 0 Mode ref, Ref Stage 74, run, start, 9783589845974557
1787664524.007939, NoOp Chain Depth 128 Size 0 Mode ref, Ref Stage 74, run, end, 9783589845998221
1787664524.007956, NoOp Chain Depth 128 Size 0 Mode ref, Ref Stage 75, run, start, 9783589846015309
1787664524.007988, NoOp Chain Depth 128 Size 0 Mode ref, Ref Stage 75, run, end, 9783589846047133
1787664524.008003, NoOp Chain Depth 128 Size 0 Mode ref, Ref Stage 76, run, start, 9783589846062733
1787664524.008024, NoOp Chain Depth 128 Size 0 Mode ref, Ref Stage 76, run, end, 9783589846083613
1787664524.008039, NoOp Chain Depth 128 Size 0 Mode ref, Ref Stage 77, run, start, 9783589846098109
1787664524.008060, NoOp Chain Depth 128 Size 0 Mode ref, Ref Stage 77, run, end, 9783589846118685
1787664524.008079, NoOp Chain Depth 128 Size 0 Mode ref, Ref Stage 78, run, start, 9783589846138013
1787664524.008101, NoOp Chain Depth 128 Size 0 Mode ref, Ref Stage 78, run, end, 9783589846160397
1787664524.008116, NoOp Chain Depth 128 Size 0 Mode ref, Ref Stage 79, run, start, 9783589846175133
1787664524.008137, NoOp Chain Depth 128 Size 0 Mode ref, Ref Stage 79, run, end, 9783589846196653
1787664524.008152, NoOp Chain Depth 128 Size 0 Mode ref, Ref Stage 80, run, start, 9783589846211293
1787664524.008173, NoOp Chain Depth 128 Size 0 Mode ref, Ref Stage 80, run, end, 9783589846232701
1787664524.008188, NoOp Chain Depth 128 Size 0 Mode ref, Ref Stage 81, run, start, 9783589846247213
1787664524.008212, NoOp Chain Depth 128 Size 0 Mode ref, Ref Stage 81, run, end, 9783589846271629
1787664524.008227, NoOp Chain Depth 128 Size 0 Mode ref, Ref Stage 82, run, start, 9783589846286125
1787664524.008248, NoOp Chain Depth 128 Size 0 Mode ref, Ref Stage 82, run, end, 9783589846306797
1787664524.008263, NoOp Chain Depth 128 Size 0 Mode ref, Ref Stage 83, run, start, 9783589846321965
1787664524.008363, NoOp Chain Depth 128 Size 0 Mode ref, Ref Stage 83, run, end, 9783589846422284
1787664524.008376, NoOp Chain Depth 128 Size 0 Mode ref, Ref Stage 84, run, start, 9783589846435788
1787664524.008409, NoOp Chain Depth 128 Size 0 Mode ref, Ref Stage 84, run, end, 9783589846468428
1787664524.008423, NoOp Chain Depth 128 Size 0 Mode ref, Ref Stage 85, run, start, 9783589846482812
1787664524.008445, NoOp Chain Depth 128 Size 0 Mode ref, Ref Stage 85, run, end, 9783589846503916
1787664524.008459, NoOp Chain Depth 128 Size 0 Mode ref, Ref Stage 86, run, start, 9783589846518460
1787664524.008481, NoOp Chain Depth 128 Size 0 Mode ref, Ref Stage 86, run, end, 9783589846540396
1787664524.008496, NoOp Chain Depth 128 Size 0 Mode ref, Ref Stage 87, run, start, 9783589846554780
1787664524.008520, NoOp Chain Depth 128 Size 0 Mode ref, Ref Stage 87, run, end, 9783589846579196
1787664524.008532, NoOp Chain Depth 128 Size 0 Mode ref, Ref Stage 88, run, start, 9783589846591148
1787664524.008563, NoOp Chain Depth 128 Size 0 Mode ref, Ref Stage 88, run, end, 9783589846623100
1787664524.008579, NoOp Chain Depth 128 Size 0 Mode ref, Ref Stage 89, run, start, 9783589846638172
1787664524.008600, NoOp Chain Depth 128 Size 0 Mode ref, Ref Stage 89, run, end, 9783589846659116
1787664524.008616, NoOp Chain Depth 128 Size 0 Mode ref, Ref Stage 90, run, start, 9783589846675100
1787664524.008637, NoOp Chain Depth 128 Size 0 Mode ref, Ref Stage 90, run, end, 9783589846695820
1787664524.008651, NoOp Chain Depth 128 Size 0 Mode ref, Ref Stage 91, run, start, 9783589846710220
1787664524.008672, NoOp Chain Depth 128 Size 0 Mode ref, Ref Stage 91, run, end, 9783589846731852
1787664524.008687, NoOp Chain Depth 128 Size 0 Mode ref, Ref Stage 92, run, start, 9783589846746204
1787664524.008709, NoOp Chain Depth 128 Size 0 Mode ref, Ref Stage 92, run, end, 9783589846768172
1787664524.008723, NoOp Chain Depth 128 Size 0 Mode ref, Ref Stage 93, run, start, 9783589846782396
1787664524.008744, NoOp Chain Depth 128 Size 0 Mode ref, Ref Stage 93, run, end, 9783589846803180
1787664524.008758, NoOp Chain Depth 128 Size 0 Mode ref, Ref Stage 94, run, start, 9783589846817596
1787664524.008779, NoOp Chain Depth 128 Size 0 Mode ref, Ref Stage 94, run, end, 9783589846838140
1787664524.008793, NoOp Chain Depth 128 Size 0 Mode ref, Ref Stage 95, run, start, 9783589846852348
1787664524.008814, NoOp Chain Depth 128 Size 0 Mode ref, Ref Stage 95, run, end, 9783589846873196
1787664524.008828, NoOp Chain Depth 128 Size 0 Mode ref, Ref Stage 96, run, start, 9783589846887532
1787664524.008850, NoOp Chain Depth 128 Size 0 Mode ref, Ref Stage 96, run, end, 9783589846909484
1787664524.008864, NoOp Chain Depth 128 Size 0 Mode ref, Ref Stage 97, run, start, 9783589846923756
1787664524.008887, NoOp Chain Depth 128 Size 0 Mode ref, Ref Stage 97, run, end, 9783589846946156
1787664524.008903, NoOp Chain Depth 128 Size 0 Mode ref, Ref Stage 98, run, start, 9783589846962268
1787664524.008923, NoOp Chain Depth 128 Size 0 Mode ref, Ref Stage 98, run, end, 9783589846982652
1787664524.008937, NoOp Chain Depth 128 Size 0 Mode ref, Ref Stage 99, run, start, 9783589846996876
1787664524.008960, NoOp Chain Depth 128 Size 0 Mode ref, Ref Stage 99, run, end, 9783589847019692
1787664524.009406, NoOp Chain Depth 128 Size 0 Mode ref, Ref Stage 100, run, start, 9783589847466732
1787664524.009435, NoOp Chain Depth 128 Size 0 Mode ref, Ref Stage 100, run, end, 9783589847494428
1787664524.009447, NoOp Chain Depth 128 Size 0 Mode ref, Ref Stage 101, run, start, 9783589847506892
1787664524.009480, NoOp Chain Depth 128 Size 0 Mode ref, Ref Stage 101, run, end, 9783589847539132
1787664524.009497, NoOp Chain Depth 128 Size 0 Mode ref, Ref Stage 102, run, start, 9783589847556236
1787664524.009520, NoOp Chain Depth 128 Size 0 Mode ref, Ref Stage 102, run, end, 9783589847579612
1787664524.009532, NoOp Chain Depth 128 Size 0 Mode ref, Ref Stage 103, run, start, 9783589847591196
1787664524.009563, NoOp Chain Depth 128 Size 0 Mode ref, Ref Stage 103, run, end, 9783589847622188
1787664524.009578, NoOp Chain Depth 128 Size 0 Mode ref, Ref Stage 104, run, start, 9783589847636764
1787664524.009598, NoOp Chain Depth 128 Size 0 Mode ref, Ref Stage 104, run, end, 9783589847657692
1787664524.009613, NoOp Chain Depth 128 Size 0 Mode ref, Ref Stage 105, run, start, 9783589847672140
1787664524.009634, NoOp Chain Depth 128 Size 0 Mode ref, Ref Stage 105, run, end, 9783589847693228
1787664524.009648, NoOp Chain Depth 128 Size 0 Mode ref, Ref Stage 106, run, start, 9783589847707692
1787664524.009669, NoOp Chain Depth 128 Size 0 Mode ref, Ref Stage 106, run, end, 9783589847728300
1787664524.009684, NoOp Chain Depth 128 Size 0 Mode ref, Ref Stage 107, run, start, 9783589847743100
1787664524.009706, NoOp Chain Depth 128 Size 0 Mode ref, Ref Stage 107, run, end, 9783589847766428
1787664524.009722, NoOp Chain Depth 128 Size 0 Mode ref, Ref Stage 108, run, start, 9783589847781532
1787664524.009743, NoOp Chain Depth 128 Size 0 Mode ref, Ref Stage 108, run, end, 9783589847802188
1787664524.009758, NoOp Chain Depth 128 Size 0 Mode ref, Ref Stage 109, run, start, 9783589847817452
1787664524.009780, NoOp Chain Depth 128 Size 0 Mode ref, Ref Stage 109, run, end, 9783589847839451
1787664524.009794, NoOp Chain Depth 128 Size 0 Mode ref, Ref Stage 110, run, start, 9783589847853787
1787664524.009815, NoOp Chain Depth 128 Size 0 Mode ref, Ref Stage 110, run, end, 9783589847874523
1787664524.009829, NoOp Chain Depth 128 Size 0 Mode ref, Ref Stage 111, run, start, 9783589847888683
1787664524.009850, NoOp Chain Depth 128 Size 0 Mode ref, Ref Stage 111, run, end, 9783589847909371
1787664524.009866, NoOp Chain Depth 128 Size 0 Mode ref, Ref Stage 112, run, start, 9783589847924987
1787664524.009887, NoOp Chain Depth 128 Size 0 Mode ref, Ref Stage 112, run, end, 9783589847946635
1787664524.009902, NoOp Chain Depth 128 Size 0 Mode ref, Ref Stage 113, run, start, 9783589847960891
1787664524.009922, NoOp Chain Depth 128 Size 0 Mode ref, Ref Stage 113, run, end, 9783589847981419
1787664524.009936, NoOp Chain Depth 128 Size 0 Mode ref, Ref Stage 114, run, start, 9783589847995739
1787664524.009961, NoOp Chain Depth 128 Size 0 Mode ref, Ref Stage 114, run, end, 9783589848019899
1787664524.009976, NoOp Chain Depth 128 Size 0 Mode ref, Ref Stage 115, run, start, 9783589848035211
1787664524.009997, NoOp Chain Depth 128 Size 0 Mode ref, Ref Stage 115, run, end, 9783589848055707
1787664524.010011, NoOp Chain Depth 128 Size 0 Mode ref, Ref Stage 116, run, start, 9783589848069979
1787664524.010031, NoOp Chain Depth 128 Size 0 Mode ref, Ref Stage 116, run, end, 9783589848090443
1787664524.010046, NoOp Chain Depth 128 Size 0 Mode ref, Ref Stage 117, run, start, 9783589848104683
1787664524.010068, NoOp Chain Depth 128 Size 0 Mode ref, Ref Stage 117, run, end, 9783589848127163
1787664524.010484, NoOp Chain Depth 128 Size 0 Mode ref, Ref Stage 118, run, start, 9783589848543499
1787664524.010508, NoOp Chain Depth 128 Size 0 Mode ref, Ref Stage 118, run, end, 9783589848567163
1787664524.010630, NoOp Chain Depth 128 Size 0 Mode ref, Ref Stage 119, run, start, 9783589848689963
1787664524.010654, NoOp Chain Depth 128 Size 0 Mode ref, Ref Stage 119, run, end, 9783589848713707
1787664524.010667, NoOp Chain Depth 128 Size 0 Mode ref, Ref Stage 120, run, start, 9783589848725787
1787664524.010698, NoOp Chain Depth 128 Size 0 Mode ref, Ref Stage 120, run, end, 9783589848757019
1787664524.010712, NoOp Chain Depth 128 Size 0 Mode ref, Ref Stage 121, run, start, 9783589848771675
1787664524.010733, NoOp Chain Depth 128 Size 0 Mode ref, Ref Stage 121, run, end, 9783589848792619
1787664524.010748, NoOp Chain Depth 128 Size 0 Mode ref, Ref Stage 122, run, start, 9783589848807051
1787664524.010770, NoOp Chain Depth 128 Size 0 Mode ref, Ref Stage 122, run, end, 9783589848829451
1787664524.010785, NoOp Chain Depth 128 Size 0 Mode ref, Ref Stage 123, run, start, 9783589848843659
1787664524.010805, NoOp Chain Depth 128 Size 0 Mode ref, Ref Stage 123, run, end, 9783589848864459
1787664524.010820, NoOp Chain Depth 128 Size 0 Mode ref, Ref Stage 124, run, start, 9783589848878875
1787664524.010841, NoOp Chain Depth 128 Size 0 Mode ref, Ref Stage 124, run, end, 9783589848899755
1787664524.010855, NoOp Chain Depth 128 Size 0 Mode ref, Ref Stage 125, run, start, 9783589848914027
1787664524.010875, NoOp Chain Depth 128 Size 0 Mode ref, Ref Stage 125, run, end, 9783589848934603
1787664524.010890, NoOp Chain Depth 128 Size 0 Mode ref, Ref Stage 126, run, start, 9783589848949819
1787664524.010911, NoOp Chain Depth 128 Size 0 Mode ref, Ref Stage 126, run, end, 9783589848970507
1787664524.010928, NoOp Chain Depth 128 Size 0 Mode ref, Ref Stage 127, run, start, 9783589848986843
1787664524.010952, NoOp Chain Depth 128 Size 0 Mode ref, Ref Stage 127, run, end, 9783589849010923
1787664524.010964, NoOp Chain Depth 128 Size 0 Mode ref, pipeline - train, run, end, 333464341286375917438770767899865386153, 1787664524.003693, 44, 1, 9783589849023259
1787664524.011013, NoOp Chain Depth 128 Size 0 Mode ref, pipeline - train, run, start, 127411317715140445798113433397759500258, 1787664524.011002, 45, 1, 9783589849072539
1787664524.011036, NoOp Chain Depth 128 Size 0 Mode ref, Ref Stage 0, run, start, 9783589849095243
1787664524.011057, NoOp Chain Depth 128 Size 0 Mode ref, Ref Stage 0, run, end, 9783589849116491
1787664524.011072, NoOp Chain Depth 128 Size 0 Mode ref, Ref Stage 1, run, start, 9783589849131163
1787664524.011095, NoOp Chain Depth 128 Size 0 Mode ref, Ref Stage 1, run, end, 9783589849153787
1787664524.011109, NoOp Chain Depth 128 Size 0 Mode ref, Ref Stage 2, run, start, 9783589849168235
1787664524.011131, NoOp Chain Depth 128 Size 0 Mode ref, Ref Stage 2, run, end, 9783589849190315
1787664524.011145, NoOp Chain Depth 128 Size 0 Mode ref, Ref Stage 3, run, start, 9783589849204731
1787664524.011166, NoOp Chain Depth 128 Size 0 Mode ref, Ref Stage 3, run, end, 9783589849225323
1787664524.011181, NoOp Chain Depth 128 Size 0 Mode ref, Ref Stage 4, run, start, 9783589849239867
1787664524.011202, NoOp Chain Depth 128 Size 0 Mode ref, Ref Stage 4, run, end, 9783589849261579
1787664524.011218, NoOp Chain Depth 128 Size 0 Mode ref, Ref Stage 5, run, start, 9783589849277115
1787664524.011238, NoOp Chain Depth 128 Size 0 Mode ref, Ref Stage 5, run, end, 9783589849297739
1787664524.011254, NoOp Chain Depth 128 Size 0 Mode ref, Ref Stage 6, run, start, 9783589849313611
1787664524.011276, NoOp Chain Depth 128 Size 0 Mode ref, Ref Stage 6, run, end, 9783589849334811
1787664524.011290, NoOp Chain Depth 128 Size 0 Mode ref, Ref Stage 7, run, start, 9783589849349227
1787664524.011311, NoOp Chain Depth 128 Size 0 Mode ref, Ref Stage 7, run, end, 9783589849369931
1787664524.011325, NoOp Chain Depth 128 Size 0 Mode ref, Ref Stage 8, run, start, 9783589849384011
1787664524.011345, NoOp Chain Depth 128 Size 0 Mode ref, Ref Stage 8, run, end, 9783589849404394
1787664524.011359, NoOp Chain Depth 128 Size 0 Mode ref, Ref Stage 9, run, start, 9783589849418634
1787664524.011384, NoOp Chain Depth 128 Size 0 Mode ref, Ref Stage 9, run, end, 9783589849443706
1787664524.011399, NoOp Chain Depth 128 Size 0 Mode ref, Ref Stage 10, run, start, 9783589849457898
1787664524.011419, NoOp Chain Depth 128 Size 0 Mode ref, Ref Stage 10, run, end, 9783589849478778
1787664524.011434, NoOp Chain Depth 128 Size 0 Mode ref, Ref Stage 11, run, start, 9783589849493034
1787664524.011455, NoOp Chain Depth 128 Size 0 Mode ref, Ref Stage 11, run, end, 9783589849514922
1787664524.011471, NoOp Chain Depth 128 Size 0 Mode ref, Ref Stage 12, run, start, 9783589849530138
1787664524.011492, NoOp Chain Depth 128 Size 0 Mode ref, Ref Stage 12, run, end, 9783589849550986
1787664524.011506, NoOp Chain Depth 128 Size 0 Mode ref, Ref Stage 13, run, start, 9783589849565258
1787664524.011528, NoOp Chain Depth 128 Size 0 Mode ref, Ref Stage 13, run, end, 9783589849587338
1787664524.011543, NoOp Chain Depth 128 Size 0 Mode ref, Ref Stage 14, run, start, 9783589849601642
1787664524.011564, NoOp Chain Depth 128 Size 0 Mode ref, Ref Stage 14, run, end, 9783589849623402
1787664524.011578, NoOp Chain Depth 128 Size 0 Mode ref, Ref Stage 15, run, start, 9783589849637770
1787664524.011911, NoOp Chain Depth 128 Size 0 Mode ref, Ref Stage 15, run, end, 9783589849970810
1787664524.012042, NoOp Chain Depth 128 Size 0 Mode ref, Ref Stage 16, run, start, 9783589850101738
1787664524.012067, NoOp Chain Depth 128 Size 0 Mode ref, Ref Stage 16, run, end, 9783589850125818
1787664524.012082, NoOp Chain Depth 128 Size 0 Mode ref, Ref Stage 17, run, start, 9783589850140954
1787664524.012102, NoOp Chain Depth 128 Size 0 Mode ref, Ref Stage 17, run, end, 9783589850161770
1787664524.012117, NoOp Chain Depth 128 Size 0 Mode ref, Ref Stage 18, run, start, 9783589850176282
1787664524.012138, NoOp Chain Depth 128 Size 0 Mode ref, Ref Stage 18, run, end, 9783589850197290
1787664524.012152, NoOp Chain Depth 128 Size 0 Mode ref, Ref Stage 19, run, start, 9783589850211674
1787664524.012173, NoOp Chain Depth 128 Size 0 Mode ref, Ref Stage 19, run, end, 9783589850232762
1787664524.012188, NoOp Chain Depth 128 Size 0 Mode ref, Ref Stage 20, run, start, 9783589850247162
1787664524.012209, NoOp Chain Depth 128 Size 0 Mode ref, Ref Stage 20, run, end, 9783589850268570
1787664524.012224, NoOp Chain Depth 128 Size 0 Mode ref, Ref Stage 21, run, start, 9783589850283082
1787664524.012245, NoOp Chain Depth 128 Size 0 Mode ref, Ref Stage 21, run, end, 9783589850303946
1787664524.012259, NoOp Chain Depth 128 Size 0 Mode ref, Ref Stage 22, run, start, 9783589850318346
1787664524.012280, NoOp Chain Depth 128 Size 0 Mode ref, Ref Stage 22, run, end, 9783589850339034
1787664524.012294, NoOp Chain Depth 128 Size 0 Mode ref, Ref Stage 23, run, start, 9783589850353370
1787664524.012315, NoOp Chain Depth 128 Size 0 Mode ref, Ref Stage 23, run, end, 9783589850374170
1787664524.012329, NoOp Chain Depth 128 Size 0 Mode ref, Ref Stage 24, run, start, 9783589850388442
1787664524.012350, NoOp Chain Depth 128 Size 0 Mode ref, Ref Stage 24, run, end, 9783589850408986
1787664524.012364, NoOp Chain Depth 128 Size 0 Mode ref, Ref Stage 25, run, start, 9783589850423162
1787664524.012386, NoOp Chain Depth 128 Size 0 Mode ref, Ref Stage 25, run, end, 9783589850445402
1787664524.012400, NoOp Chain Depth 128 Size 0 Mode ref, Ref Stage 26, run, start, 9783589850459722
1787664524.012421, NoOp Chain Depth 128 Size 0 Mode ref, Ref Stage 26, run, end, 9783589850480362
1787664524.012436, NoOp Chain Depth 128 Size 0 Mode ref, Ref Stage 27, run, start, 9783589850494890
1787664524.012456, NoOp Chain Depth 128 Size 0 Mode ref, Ref Stage 27, run, end, 9783589850515178
1787664524.012470, NoOp Chain Depth 128 Size 0 Mode ref, Ref Stage 28, run, start, 9783589850529530
1787664524.012491, NoOp Chain Depth 128 Size 0 Mode ref, Ref Stage 28, run, end, 9783589850550218
1787664524.012507, NoOp Chain Depth 128 Size 0 Mode ref, Ref Stage 29, run, start, 9783589850565850
1787664524.012527, NoOp Chain Depth 128 Size 0 Mode ref, Ref Stage 29, run, end, 9783589850586410
1787664524.012542, NoOp Chain Depth 128 Size 0 Mode ref, Ref Stage 30, run, start, 9783589850600794
1787664524.012563, NoOp Chain Depth 128 Size 0 Mode ref, Ref Stage 30, run, end, 9783589850622586
1787664524.012579, NoOp Chain Depth 128 Size 0 Mode ref, Ref Stage 31, run, start, 9783589850638682
1787664524.012600, NoOp Chain Depth 128 Size 0 Mode ref, Ref Stage 31, run, end, 9783589850659322
1787664524.012614, NoOp Chain Depth 128 Size 0 Mode ref, Ref Stage 32, run, start, 9783589850673706
1787664524.012635, NoOp Chain Depth 128 Size 0 Mode ref, Ref Stage 32, run, end, 9783589850694202
1787664524.012649, NoOp Chain Depth 128 Size 0 Mode ref, Ref Stage 33, run, start, 9783589850708522
1787664524.012672, NoOp Chain Depth 128 Size 0 Mode ref, Ref Stage 33, run, end, 9783589850731530
1787664524.012689, NoOp Chain Depth 128 Size 0 Mode ref, Ref Stage 34, run, start, 9783589850747946
1787664524.012710, NoOp Chain Depth 128 Size 0 Mode ref, Ref Stage 34, run, end, 9783589850768730
1787664524.012725, NoOp Chain Depth 128 Size 0 Mode ref, Ref Stage 35, run, start, 9783589850784218
1787664524.012747, NoOp Chain Depth 128 Size 0 Mode ref, Ref Stage 35, run, end, 9783589850806026
1787664524.012761, NoOp Chain Depth 128 Size 0 Mode ref, Ref Stage 36, run, start, 9783589850820458
1787664524.012782, NoOp Chain Depth 128 Size 0 Mode ref, Ref Stage 36, run, end, 9783589850840986
1787664524.012796, NoOp Chain Depth 128 Size 0 Mode ref, Ref Stage 37, run, start, 9783589850855530
1787664524.012817, NoOp Chain Depth 128 Size 0 Mode ref, Ref Stage 37, run, end, 9783589850876218
1787664524.012831, NoOp Chain Depth 128 Size 0 Mode ref, Ref Stage 38, run, start, 9783589850890522
1787664524.012852, NoOp Chain Depth 128 Size 0 Mode ref, Ref Stage 38, run, end, 9783589850911002
1787664524.012866, NoOp Chain Depth 128 Size 0 Mode ref, Ref Stage 39, run, start, 9783589850925322
1787664524.012888, NoOp Chain Depth 128 Size 0 Mode ref, Ref Stage 39, run, end, 9783589850947562
1787664524.012900, NoOp Chain Depth 128 Size 0 Mode ref, Ref Stage 40, run, start, 9783589850959593
1787664524.012932, NoOp Chain Depth 128 Size 0 Mode ref, Ref Stage 40, run, end, 9783589850990729
1787664524.012949, NoOp Chain Depth 128 Size 0 Mode ref, Ref Stage 41, run, start, 9783589851007721
1787664524.012970, NoOp Chain Depth 128 Size 0 Mode ref, Ref Stage 41, run, end, 9783589851029657
1787664524.012985, NoOp Chain Depth 128 Size 0 Mode ref, Ref Stage 42, run, start, 9783589851044137
1787664524.013005, NoOp Chain Depth 128 Size 0 Mode ref, Ref Stage 42, run, end, 9783589851064809
1787664524.013020, NoOp Chain Depth 128 Size 0 Mode ref, Ref Stage 43, run, start, 9783589851079497
1787664524.013043, NoOp Chain Depth 128 Size 0 Mode ref, Ref Stage 43, run, end, 9783589851102425
1787664524.013055, NoOp Chain Depth 128 Size 0 Mode ref, Ref Stage 44, run, start, 9783589851113977
1787664524.013085, NoOp Chain Depth 128 Size 0 Mode ref, Ref Stage 44, run, end, 9783589851144441
1787664524.013101, NoOp Chain Depth 128 Size 0 Mode ref, Ref Stage 45, run, start, 9783589851160105
1787664524.016989, NoOp Chain Depth 128 Size 0 Mode ref, Ref Stage 45, run, end, 9783589855049975
1787664524.018087, NoOp Chain Depth 128 Size 0 Mode ref, Ref Stage 46, run, start, 9783589856146982
1787664524.018115, NoOp Chain Depth 128 Size 0 Mode ref, Ref Stage 46, run, end, 9783589856174918
1787664524.018132, NoOp Chain Depth 128 Size 0 Mode ref, Ref Stage 47, run, start, 9783589856191094
1787664524.018154, NoOp Chain Depth 128 Size 0 Mode ref, Ref Stage 47, run, end, 9783589856213318
1787664524.018169, NoOp Chain Depth 128 Size 0 Mode ref, Ref Stage 48, run, start, 9783589856228294
1787664524.018190, NoOp Chain Depth 128 Size 0 Mode ref, Ref Stage 48, run, end, 9783589856249494
1787664524.018205, NoOp Chain Depth 128 Size 0 Mode ref, Ref Stage 49, run, start, 9783589856264246
1787664524.018226, NoOp Chain Depth 128 Size 0 Mode ref, Ref Stage 49, run, end, 9783589856285302
1787664524.018240, NoOp Chain Depth 128 Size 0 Mode ref, Ref Stage 50, run, start, 9783589856300006
1787664524.018262, NoOp Chain Depth 128 Size 0 Mode ref, Ref Stage 50, run, end, 9783589856320982
1787664524.018276, NoOp Chain Depth 128 Size 0 Mode ref, Ref Stage 51, run, start, 9783589856335302
1787664524.018297, NoOp Chain Depth 128 Size 0 Mode ref, Ref Stage 51, run, end, 9783589856356182
1787664524.018312, NoOp Chain Depth 128 Size 0 Mode ref, Ref Stage 52, run, start, 9783589856370758
1787664524.018332, NoOp Chain Depth 128 Size 0 Mode ref, Ref Stage 52, run, end, 9783589856391622
1787664524.018347, NoOp Chain Depth 128 Size 0 Mode ref, Ref Stage 53, run, start, 9783589856406182
1787664524.018368, NoOp Chain Depth 128 Size 0 Mode ref, Ref Stage 53, run, end, 9783589856427510
1787664524.018383, NoOp Chain Depth 128 Size 0 Mode ref, Ref Stage 54, run, start, 9783589856442518
1787664524.018405, NoOp Chain Depth 128 Size 0 Mode ref, Ref Stage 54, run, end, 9783589856463798
1787664524.018421, NoOp Chain Depth 128 Size 0 Mode ref, Ref Stage 55, run, start, 9783589856480758
1787664524.018443, NoOp Chain Depth 128 Size 0 Mode ref, Ref Stage 55, run, end, 9783589856502070
1787664524.018458, NoOp Chain Depth 128 Size 0 Mode ref, Ref Stage 56, run, start, 9783589856516790
1787664524.018479, NoOp Chain Depth 128 Size 0 Mode ref, Ref Stage 56, run, end, 9783589856537894
1787664524.018493, NoOp Chain Depth 128 Size 0 Mode ref, Ref Stage 57, run, start, 9783589856552534
1787664524.018516, NoOp Chain Depth 128 Size 0 Mode ref, Ref Stage 57, run, end, 9783589856575398
1787664524.018528, NoOp Chain Depth 128 Size 0 Mode ref, Ref Stage 58, run, start, 9783589856587286
1787664524.018560, NoOp Chain Depth 128 Size 0 Mode ref, Ref Stage 58, run, end, 9783589856619878
1787664524.018572, NoOp Chain Depth 128 Size 0 Mode ref, Ref Stage 59, run, start, 9783589856631510
1787664524.018603, NoOp Chain Depth 128 Size 0 Mode ref, Ref Stage 59, run, end, 9783589856661942
1787664524.018617, NoOp Chain Depth 128 Size 0 Mode ref, Ref Stage 60, run, start, 9783589856676374
1787664524.018638, NoOp Chain Depth 128 Size 0 Mode ref, Ref Stage 60, run, end, 9783589856697206
1787664524.018652, NoOp Chain Depth 128 Size 0 Mode ref, Ref Stage 61, run, start, 9783589856711558
1787664524.018673, NoOp Chain Depth 128 Size 0 Mode ref, Ref Stage 61, run, end, 9783589856732070
1787664524.018687, NoOp Chain Depth 128 Size 0 Mode ref, Ref Stage 62, run, start, 9783589856746534
1787664524.018708, NoOp Chain Depth 128 Size 0 Mode ref, Ref Stage 62, run, end, 9783589856767382
1787664524.018723, NoOp Chain Depth 128 Size 0 Mode ref, Ref Stage 63, run, start, 9783589856781926
1787664524.018744, NoOp Chain Depth 128 Size 0 Mode ref, Ref Stage 63, run, end, 9783589856802566
1787664524.018758, NoOp Chain Depth 128 Size 0 Mode ref, Ref Stage 64, run, start, 9783589856817094
1787664524.018779, NoOp Chain Depth 128 Size 0 Mode ref, Ref Stage 64, run, end, 9783589856838134
1787664524.018794, NoOp Chain Depth 128 Size 0 Mode ref, Ref Stage 65, run, start, 9783589856852598
1787664524.018815, NoOp Chain Depth 128 Size 0 Mode ref, Ref Stage 65, run, end, 9783589856873638
1787664524.018830, NoOp Chain Depth 128 Size 0 Mode ref, Ref Stage 66, run, start, 9783589856888726
1787664524.018850, NoOp Chain Depth 128 Size 0 Mode ref, Ref Stage 66, run, end, 9783589856909526
1787664524.018865, NoOp Chain Depth 128 Size 0 Mode ref, Ref Stage 67, run, start, 9783589856924006
1787664524.018886, NoOp Chain Depth 128 Size 0 Mode ref, Ref Stage 67, run, end, 9783589856944982
1787664524.018900, NoOp Chain Depth 128 Size 0 Mode ref, Ref Stage 68, run, start, 9783589856959302
1787664524.018921, NoOp Chain Depth 128 Size 0 Mode ref, Ref Stage 68, run, end, 9783589856979846
1787664524.018936, NoOp Chain Depth 128 Size 0 Mode ref, Ref Stage 69, run, start, 9783589856995078
1787664524.018958, NoOp Chain Depth 128 Size 0 Mode ref, Ref Stage 69, run, end, 9783589857017542
1787664524.018973, NoOp Chain Depth 128 Size 0 Mode ref, Ref Stage 70, run, start, 9783589857032630
1787664524.018994, NoOp Chain Depth 128 Size 0 Mode ref, Ref Stage 70, run, end, 9783589857053734
1787664524.019009, NoOp Chain Depth 128 Size 0 Mode ref, Ref Stage 71, run, start, 9783589857068037
1787664524.019187, NoOp Chain Depth 128 Size 0 Mode ref, Ref Stage 71, run, end, 9783589857247333
1787664524.019307, NoOp Chain Depth 128 Size 0 Mode ref, Ref Stage 72, run, start, 9783589857366661
1787664524.019330, NoOp Chain Depth 128 Size 0 Mode ref, Ref Stage 72, run, end, 9783589857389477
1787664524.019345, NoOp Chain Depth 128 Size 0 Mode ref, Ref Stage 73, run, start, 9783589857404517
1787664524.019366, NoOp Chain Depth 128 Size 0 Mode ref, Ref Stage 73, run, end, 9783589857425349
1787664524.019381, NoOp Chain Depth 128 Size 0 Mode ref, Ref Stage 74, run, start, 9783589857439989
1787664524.019402, NoOp Chain Depth 128 Size 0 Mode ref, Ref Stage 74, run, end, 9783589857461141
1787664524.019416, NoOp Chain Depth 128 Size 0 Mode ref, Ref Stage 75, run, start, 9783589857475557
1787664524.019440, NoOp Chain Depth 128 Size 0 Mode ref, Ref Stage 75, run, end, 9783589857498805
1787664524.019454, NoOp Chain Depth 128 Size 0 Mode ref, Ref Stage 76, run, start, 9783589857513717
1787664524.019475, NoOp Chain Depth 128 Size 0 Mode ref, Ref Stage 76, run, end, 9783589857534437
1787664524.019490, NoOp Chain Depth 128 Size 0 Mode ref, Ref Stage 77, run, start, 9783589857549109
1787664524.019511, NoOp Chain Depth 128 Size 0 Mode ref, Ref Stage 77, run, end, 9783589857569781
1787664524.019525, NoOp Chain Depth 128 Size 0 Mode ref, Ref Stage 78, run, start, 9783589857584357
1787664524.019546, NoOp Chain Depth 128 Size 0 Mode ref, Ref Stage 78, run, end, 9783589857605269
1787664524.019560, NoOp Chain Depth 128 Size 0 Mode ref, Ref Stage 79, run, start, 9783589857619717
1787664524.019581, NoOp Chain Depth 128 Size 0 Mode ref, Ref Stage 79, run, end, 9783589857640597
1787664524.019596, NoOp Chain Depth 128 Size 0 Mode ref, Ref Stage 80, run, start, 9783589857654933
1787664524.019616, NoOp Chain Depth 128 Size 0 Mode ref, Ref Stage 80, run, end, 9783589857675509
1787664524.019631, NoOp Chain Depth 128 Size 0 Mode ref, Ref Stage 81, run, start, 9783589857689973
1787664524.019651, NoOp Chain Depth 128 Size 0 Mode ref, Ref Stage 81, run, end, 9783589857710629
1787664524.019666, NoOp Chain Depth 128 Size 0 Mode ref, Ref Stage 82, run, start, 9783589857724933
1787664524.019686, NoOp Chain Depth 128 Size 0 Mode ref, Ref Stage 82, run, end, 9783589857745301
1787664524.019701, NoOp Chain Depth 128 Size 0 Mode ref, Ref Stage 83, run, start, 9783589857760501
1787664524.019722, NoOp Chain Depth 128 Size 0 Mode ref, Ref Stage 83, run, end, 9783589857781173
1787664524.019736, NoOp Chain Depth 128 Size 0 Mode ref, Ref Stage 84, run, start, 9783589857795509
1787664524.019757, NoOp Chain Depth 128 Size 0 Mode ref, Ref Stage 84, run, end, 9783589857816277
1787664524.019771, NoOp Chain Depth 128 Size 0 Mode ref, Ref Stage 85, run, start, 9783589857830757
1787664524.019793, NoOp Chain Depth 128 Size 0 Mode ref, Ref Stage 85, run, end, 9783589857851685
1787664524.019807, NoOp Chain Depth 128 Size 0 Mode ref, Ref Stage 86, run, start, 9783589857866133
1787664524.019828, NoOp Chain Depth 128 Size 0 Mode ref, Ref Stage 86, run, end, 9783589857887125
1787664524.019842, NoOp Chain Depth 128 Size 0 Mode ref, Ref Stage 87, run, start, 9783589857901445
1787664524.019864, NoOp Chain Depth 128 Size 0 Mode ref, Ref Stage 87, run, end, 9783589857923461
1787664524.019876, NoOp Chain Depth 128 Size 0 Mode ref, Ref Stage 88, run, start, 9783589857935093
1787664524.019906, NoOp Chain Depth 128 Size 0 Mode ref, Ref Stage 88, run, end, 9783589857965461
1787664524.019921, NoOp Chain Depth 128 Size 0 Mode ref, Ref Stage 89, run, start, 9783589857979989
1787664524.019941, NoOp Chain Depth 128 Size 0 Mode ref, Ref Stage 89, run, end, 9783589858002437
1787664524.019958, NoOp Chain Depth 128 Size 0 Mode ref, Ref Stage 90, run, start, 9783589858017589
1787664524.019979, NoOp Chain Depth 128 Size 0 Mode ref, Ref Stage 90, run, end, 9783589858037973
1787664524.019993, NoOp Chain Depth 128 Size 0 Mode ref, Ref Stage 91, run, start, 9783589858052101
1787664524.020013, NoOp Chain Depth 128 Size 0 Mode ref, Ref Stage 91, run, end, 9783589858072757
1787664524.020028, NoOp Chain Depth 128 Size 0 Mode ref, Ref Stage 92, run, start, 9783589858087205
1787664524.020048, NoOp Chain Depth 128 Size 0 Mode ref, Ref Stage 92, run, end, 9783589858107573
1787664524.020062, NoOp Chain Depth 128 Size 0 Mode ref, Ref Stage 93, run, start, 9783589858121637
1787664524.020083, NoOp Chain Depth 128 Size 0 Mode ref, Ref Stage 93, run, end, 9783589858142245
1787664524.020097, NoOp Chain Depth 128 Size 0 Mode ref, Ref Stage 94, run, start, 9783589858156677
1787664524.020118, NoOp Chain Depth 128 Size 0 Mode ref, Ref Stage 94, run, end, 9783589858177125
1787664524.020132, NoOp Chain Depth 128 Size 0 Mode ref, Ref Stage 95, run, start, 9783589858191269
1787664524.020153, NoOp Chain Depth 128 Size 0 Mode ref, Ref Stage 95, run, end, 9783589858211765
1787664524.020169, NoOp Chain Depth 128 Size 0 Mode ref, Ref Stage 96, run, start, 9783589858227941
1787664524.020189, NoOp Chain Depth 128 Size 0 Mode ref, Ref Stage 96, run, end, 9783589858248197
1787664524.020203, NoOp Chain Depth 128 Size 0 Mode ref, Ref Stage 97, run, start, 9783589858262293
1787664524.020223, NoOp Chain Depth 128 Size 0 Mode ref, Ref Stage 97, run, end, 9783589858282469
1787664524.020238, NoOp Chain Depth 128 Size 0 Mode ref, Ref Stage 98, run, start, 9783589858296757
1787664524.020258, NoOp Chain Depth 128 Size 0 Mode ref, Ref Stage 98, run, end, 9783589858317477
1787664524.020754, NoOp Chain Depth 128 Size 0 Mode ref, Ref Stage 99, run, start, 9783589858813828
1787664524.020779, NoOp Chain Depth 128 Size 0 Mode ref, Ref Stage 99, run, end, 9783589858838532
1787664524.020794, NoOp Chain Depth 128 Size 0 Mode ref, Ref Stage 100, run, start, 9783589858853636
1787664524.020817, NoOp Chain Depth 128 Size 0 Mode ref, Ref Stage 100, run, end, 9783589858876388
1787664524.020829, NoOp Chain Depth 128 Size 0 Mode ref, Ref Stage 101, run, start, 9783589858888420
1787664524.020860, NoOp Chain Depth 128 Size 0 Mode ref, Ref Stage 101, run, end, 9783589858919556
1787664524.020875, NoOp Chain Depth 128 Size 0 Mode ref, Ref Stage 102, run, start, 9783589858934196
1787664524.020897, NoOp Chain Depth 128 Size 0 Mode ref, Ref Stage 102, run, end, 9783589858956532
1787664524.020909, NoOp Chain Depth 128 Size 0 Mode ref, Ref Stage 103, run, start, 9783589858968276
1787664524.020940, NoOp Chain Depth 128 Size 0 Mode ref, Ref Stage 103, run, end, 9783589858999140
1787664524.020957, NoOp Chain Depth 128 Size 0 Mode ref, Ref Stage 104, run, start, 9783589859016084
1787664524.020978, NoOp Chain Depth 128 Size 0 Mode ref, Ref Stage 104, run, end, 9783589859036980
1787664524.020992, NoOp Chain Depth 128 Size 0 Mode ref, Ref Stage 105, run, start, 9783589859051172
1787664524.021013, NoOp Chain Depth 128 Size 0 Mode ref, Ref Stage 105, run, end, 9783589859072116
1787664524.021027, NoOp Chain Depth 128 Size 0 Mode ref, Ref Stage 106, run, start, 9783589859086548
1787664524.021048, NoOp Chain Depth 128 Size 0 Mode ref, Ref Stage 106, run, end, 9783589859107556
1787664524.021063, NoOp Chain Depth 128 Size 0 Mode ref, Ref Stage 107, run, start, 9783589859121892
1787664524.021084, NoOp Chain Depth 128 Size 0 Mode ref, Ref Stage 107, run, end, 9783589859142932
1787664524.021099, NoOp Chain Depth 128 Size 0 Mode ref, Ref Stage 108, run, start, 9783589859158324
1787664524.021120, NoOp Chain Depth 128 Size 0 Mode ref, Ref Stage 108, run, end, 9783589859179220
1787664524.021135, NoOp Chain Depth 128 Size 0 Mode ref, Ref Stage 109, run, start, 9783589859194500
1787664524.021156, NoOp Chain Depth 128 Size 0 Mode ref, Ref Stage 109, run, end, 9783589859215172
1787664524.021170, NoOp Chain Depth 128 Size 0 Mode ref, Ref Stage 110, run, start, 9783589859229620
1787664524.021191, NoOp Chain Depth 128 Size 0 Mode ref, Ref Stage 110, run, end, 9783589859250276
1787664524.021205, NoOp Chain Depth 128 Size 0 Mode ref, Ref Stage 111, run, start, 9783589859264708
1787664524.021229, NoOp Chain Depth 128 Size 0 Mode ref, Ref Stage 111, run, end, 9783589859288004
1787664524.021243, NoOp Chain Depth 128 Size 0 Mode ref, Ref Stage 112, run, start, 9783589859302628
1787664524.021264, NoOp Chain Depth 128 Size 0 Mode ref, Ref Stage 112, run, end, 9783589859323572
1787664524.021279, NoOp Chain Depth 128 Size 0 Mode ref, Ref Stage 113, run, start, 9783589859337892
1787664524.021301, NoOp Chain Depth 128 Size 0 Mode ref, Ref Stage 113, run, end, 9783589859359748
1787664524.021315, NoOp Chain Depth 128 Size 0 Mode ref, Ref Stage 114, run, start, 9783589859374180
1787664524.021337, NoOp Chain Depth 128 Size 0 Mode ref, Ref Stage 114, run, end, 9783589859395892
1787664524.021351, NoOp Chain Depth 128 Size 0 Mode ref, Ref Stage 115, run, start, 9783589859410388
1787664524.021372, NoOp Chain Depth 128 Size 0 Mode ref, Ref Stage 115, run, end, 9783589859431108
1787664524.021386, NoOp Chain Depth 128 Size 0 Mode ref, Ref Stage 116, run, start, 9783589859445508
1787664524.021411, NoOp Chain Depth 128 Size 0 Mode ref, Ref Stage 116, run, end, 9783589859470164
1787664524.021424, NoOp Chain Depth 128 Size 0 Mode ref, Ref Stage 117, run, start, 9783589859482852
1787664524.021455, NoOp Chain Depth 128 Size 0 Mode ref, Ref Stage 117, run, end, 9783589859513764
1787664524.021470, NoOp Chain Depth 128 Size 0 Mode ref, Ref Stage 118, run, start, 9783589859528948
1787664524.021492, NoOp Chain Depth 128 Size 0 Mode ref, Ref Stage 118, run, end, 9783589859551348
1787664524.021503, NoOp Chain Depth 128 Size 0 Mode ref, Ref Stage 119, run, start, 9783589859562820
1787664524.021535, NoOp Chain Depth 128 Size 0 Mode ref, Ref Stage 119, run, end, 9783589859594836
1787664524.021547, NoOp Chain Depth 128 Size 0 Mode ref, Ref Stage 120, run, start, 9783589859606516
1787664524.021579, NoOp Chain Depth 128 Size 0 Mode ref, Ref Stage 120, run, end, 9783589859638276
1787664524.021593, NoOp Chain Depth 128 Size 0 Mode ref, Ref Stage 121, run, start, 9783589859652756
1787664524.021614, NoOp Chain Depth 128 Size 0 Mode ref, Ref Stage 121, run, end, 9783589859673316
1787664524.021628, NoOp Chain Depth 128 Size 0 Mode ref, Ref Stage 122, run, start, 9783589859687684
1787664524.021650, NoOp Chain Depth 128 Size 0 Mode ref, Ref Stage 122, run, end, 9783589859709428
1787664524.021665, NoOp Chain Depth 128 Size 0 Mode ref, Ref Stage 123, run, start, 9783589859723812
1787664524.021687, NoOp Chain Depth 128 Size 0 Mode ref, Ref Stage 123, run, end, 9783589859749172
1787664524.021704, NoOp Chain Depth 128 Size 0 Mode ref, Ref Stage 124, run, start, 9783589859763556
1787664524.021725, NoOp Chain Depth 128 Size 0 Mode ref, Ref Stage 124, run, end, 9783589859784212
1787664524.021739, NoOp Chain Depth 128 Size 0 Mode ref, Ref Stage 125, run, start, 9783589859798452
1787664524.021760, NoOp Chain Depth 128 Size 0 Mode ref, Ref Stage 125, run, end, 9783589859819172
1787664524.021774, NoOp Chain Depth 128 Size 0 Mode ref, Ref Stage 126, run, start, 9783589859833236
1787664524.021794, NoOp Chain Depth 128 Size 0 Mode ref, Ref Stage 126, run, end, 9783589859853604
1787664524.021810, NoOp Chain Depth 128 Size 0 Mode ref, Ref Stage 127, run, start, 9783589859868964
1787664524.021833, NoOp Chain Depth 128 Size 0 Mode ref, Ref Stage 127, run, end, 9783589859892468
1787664524.021848, NoOp Chain Depth 128 Size 0 Mode ref, pipeline - train, run, end, 127411317715140445798113433397759500258, 1787664524.011002, 45, 1, 9783589859907556
1787664524.021887, NoOp Chain Depth 128 Size 0 Mode ref, pipeline - train, run, start, 174476302959707246828167506195344894063, 1787664524.021875, 46, 1, 9783589859946260
1787664524.021910, NoOp Chain Depth 128 Size 0 Mode ref, Ref Stage 0, run, start, 9783589859969124
1787664524.021931, NoOp Chain Depth 128 Size 0 Mode ref, Ref Stage 0, run, end, 9783589859990420
1787664524.021947, NoOp Chain Depth 128 Size 0 Mode ref, Ref Stage 1, run, start, 9783589860006436
1787664524.021969, NoOp Chain Depth 128 Size 0 Mode ref, Ref Stage 1, run, end, 9783589860028179
1787664524.021983, NoOp Chain Depth 128 Size 0 Mode ref, Ref Stage 2, run, start, 9783589860042595
1787664524.022004, NoOp Chain Depth 128 Size 0 Mode ref, Ref Stage 2, run, end, 9783589860063315
1787664524.022020, NoOp Chain Depth 128 Size 0 Mode ref, Ref Stage 3, run, start, 9783589860078899
1787664524.022045, NoOp Chain Depth 128 Size 0 Mode ref, Ref Stage 3, run, end, 9783589860104003
1787664524.022056, NoOp Chain Depth 128 Size 0 Mode ref, Ref Stage 4, run, start, 9783589860115843
1787664524.022087, NoOp Chain Depth 128 Size 0 Mode ref, Ref Stage 4, run, end, 9783589860146691
1787664524.022102, NoOp Chain Depth 128 Size 0 Mode ref, Ref Stage 5, run, start, 9783589860161155
1787664524.022123, NoOp Chain Depth 128 Size 0 Mode ref, Ref Stage 5, run, end, 9783589860181923
1787664524.022137, NoOp Chain Depth 128 Size 0 Mode ref, Ref Stage 6, run, start, 9783589860196211
1787664524.022158, NoOp Chain Depth 128 Size 0 Mode ref, Ref Stage 6, run, end, 9783589860216819
1787664524.022172, NoOp Chain Depth 128 Size 0 Mode ref, Ref Stage 7, run, start, 9783589860231107
1787664524.022194, NoOp Chain Depth 128 Size 0 Mode ref, Ref Stage 7, run, end, 9783589860253267
1787664524.022208, NoOp Chain Depth 128 Size 0 Mode ref, Ref Stage 8, run, start, 9783589860267539
1787664524.022230, NoOp Chain Depth 128 Size 0 Mode ref, Ref Stage 8, run, end, 9783589860290851
1787664524.022246, NoOp Chain Depth 128 Size 0 Mode ref, Ref Stage 9, run, start, 9783589860305219
1787664524.022268, NoOp Chain Depth 128 Size 0 Mode ref, Ref Stage 9, run, end, 9783589860327347
1787664524.022283, NoOp Chain Depth 128 Size 0 Mode ref, Ref Stage 10, run, start, 9783589860341891
1787664524.022304, NoOp Chain Depth 128 Size 0 Mode ref, Ref Stage 10, run, end, 9783589860362691
1787664524.022318, NoOp Chain Depth 128 Size 0 Mode ref, Ref Stage 11, run, start, 9783589860377043
1787664524.022338, NoOp Chain Depth 128 Size 0 Mode ref, Ref Stage 11, run, end, 9783589860397667
1787664524.022353, NoOp Chain Depth 128 Size 0 Mode ref, Ref Stage 12, run, start, 9783589860411971
1787664524.022373, NoOp Chain Depth 128 Size 0 Mode ref, Ref Stage 12, run, end, 9783589860432627
1787664524.022390, NoOp Chain Depth 128 Size 0 Mode ref, Ref Stage 13, run, start, 9783589860449347
1787664524.022410, NoOp Chain Depth 128 Size 0 Mode ref, Ref Stage 13, run, end, 9783589860469795
1787664524.022427, NoOp Chain Depth 128 Size 0 Mode ref, Ref Stage 14, run, start, 9783589860485955
1787664524.022447, NoOp Chain Depth 128 Size 0 Mode ref, Ref Stage 14, run, end, 9783589860506643
1787664524.022462, NoOp Chain Depth 128 Size 0 Mode ref, Ref Stage 15, run, start, 9783589860520931
1787664524.022485, NoOp Chain Depth 128 Size 0 Mode ref, Ref Stage 15, run, end, 9783589860544115
1787664524.022496, NoOp Chain Depth 128 Size 0 Mode ref, Ref Stage 16, run, start, 9783589860556003
1787664524.022531, NoOp Chain Depth 128 Size 0 Mode ref, Ref Stage 16, run, end, 9783589860589763
1787664524.022542, NoOp Chain Depth 128 Size 0 Mode ref, Ref Stage 17, run, start, 9783589860601571
1787664524.022573, NoOp Chain Depth 128 Size 0 Mode ref, Ref Stage 17, run, end, 9783589860631923
1787664524.022587, NoOp Chain Depth 128 Size 0 Mode ref, Ref Stage 18, run, start, 9783589860646355
1787664524.022608, NoOp Chain Depth 128 Size 0 Mode ref, Ref Stage 18, run, end, 9783589860667171
1787664524.022623, NoOp Chain Depth 128 Size 0 Mode ref, Ref Stage 19, run, start, 9783589860682275
1787664524.022645, NoOp Chain Depth 128 Size 0 Mode ref, Ref Stage 19, run, end, 9783589860704467
1787664524.022660, NoOp Chain Depth 128 Size 0 Mode ref, Ref Stage 20, run, start, 9783589860719123
1787664524.022681, NoOp Chain Depth 128 Size 0 Mode ref, Ref Stage 20, run, end, 9783589860739971
1787664524.022695, NoOp Chain Depth 128 Size 0 Mode ref, Ref Stage 21, run, start, 9783589860754387
1787664524.022716, NoOp Chain Depth 128 Size 0 Mode ref, Ref Stage 21, run, end, 9783589860775043
1787664524.022730, NoOp Chain Depth 128 Size 0 Mode ref, Ref Stage 22, run, start, 9783589860789459
1787664524.022752, NoOp Chain Depth 128 Size 0 Mode ref, Ref Stage 22, run, end, 9783589860811427
1787664524.022768, NoOp Chain Depth 128 Size 0 Mode ref, Ref Stage 23, run, start, 9783589860827123
1787664524.022789, NoOp Chain Depth 128 Size 0 Mode ref, Ref Stage 23, run, end, 9783589860847891
1787664524.022803, NoOp Chain Depth 128 Size 0 Mode ref, Ref Stage 24, run, start, 9783589860862163
1787664524.022825, NoOp Chain Depth 128 Size 0 Mode ref, Ref Stage 24, run, end, 9783589860883571
1787664524.022839, NoOp Chain Depth 128 Size 0 Mode ref, Ref Stage 25, run, start, 9783589860897731
1787664524.022859, NoOp Chain Depth 128 Size 0 Mode ref, Ref Stage 25, run, end, 9783589860918099
1787664524.022873, NoOp Chain Depth 128 Size 0 Mode ref, Ref Stage 26, run, start, 9783589860932259
1787664524.022893, NoOp Chain Depth 128 Size 0 Mode ref, Ref Stage 26, run, end, 9783589860952579
1787664524.022909, NoOp Chain Depth 128 Size 0 Mode ref, Ref Stage 27, run, start, 9783589860968275
1787664524.022930, NoOp Chain Depth 128 Size 0 Mode ref, Ref Stage 27, run, end, 9783589860989699
1787664524.022946, NoOp Chain Depth 128 Size 0 Mode ref, Ref Stage 28, run, start, 9783589861005379
1787664524.022969, NoOp Chain Depth 128 Size 0 Mode ref, Ref Stage 28, run, end, 9783589861028099
1787664524.022983, NoOp Chain Depth 128 Size 0 Mode ref, Ref Stage 29, run, start, 9783589861042339
1787664524.023004, NoOp Chain Depth 128 Size 0 Mode ref, Ref Stage 29, run, end, 9783589861063299
1787664524.023020, NoOp Chain Depth 128 Size 0 Mode ref, Ref Stage 30, run, start, 9783589861078643
1787664524.023040, NoOp Chain Depth 128 Size 0 Mode ref, Ref Stage 30, run, end, 9783589861098963
1787664524.023054, NoOp Chain Depth 128 Size 0 Mode ref, Ref Stage 31, run, start, 9783589861113251
1787664524.023074, NoOp Chain Depth 128 Size 0 Mode ref, Ref Stage 31, run, end, 9783589861133571
1787664524.023088, NoOp Chain Depth 128 Size 0 Mode ref, Ref Stage 32, run, start, 9783589861147651
1787664524.023110, NoOp Chain Depth 128 Size 0 Mode ref, Ref Stage 32, run, end, 9783589861169395
1787664524.023124, NoOp Chain Depth 128 Size 0 Mode ref, Ref Stage 33, run, start, 9783589861183747
1787664524.023145, NoOp Chain Depth 128 Size 0 Mode ref, Ref Stage 33, run, end, 9783589861204211
1787664524.023159, NoOp Chain Depth 128 Size 0 Mode ref, Ref Stage 34, run, start, 9783589861218659
1787664524.023180, NoOp Chain Depth 128 Size 0 Mode ref, Ref Stage 34, run, end, 9783589861238979
1787664524.023194, NoOp Chain Depth 128 Size 0 Mode ref, Ref Stage 35, run, start, 9783589861253155
1787664524.023217, NoOp Chain Depth 128 Size 0 Mode ref, Ref Stage 35, run, end, 9783589861275939
1787664524.023231, NoOp Chain Depth 128 Size 0 Mode ref, Ref Stage 36, run, start, 9783589861290211
1787664524.023251, NoOp Chain Depth 128 Size 0 Mode ref, Ref Stage 36, run, end, 9783589861310403
1787664524.023267, NoOp Chain Depth 128 Size 0 Mode ref, Ref Stage 37, run, start, 9783589861325747
1787664524.023287, NoOp Chain Depth 128 Size 0 Mode ref, Ref Stage 37, run, end, 9783589861346227
1787664524.023303, NoOp Chain Depth 128 Size 0 Mode ref, Ref Stage 38, run, start, 9783589861362179
1787664524.023323, NoOp Chain Depth 128 Size 0 Mode ref, Ref Stage 38, run, end, 9783589861382707
1787664524.023338, NoOp Chain Depth 128 Size 0 Mode ref, Ref Stage 39, run, start, 9783589861397027
1787664524.023695, NoOp Chain Depth 128 Size 0 Mode ref, Ref Stage 39, run, end, 9783589861755570
1787664524.023833, NoOp Chain Depth 128 Size 0 Mode ref, Ref Stage 40, run, start, 9783589861892322
1787664524.023857, NoOp Chain Depth 128 Size 0 Mode ref, Ref Stage 40, run, end, 9783589861916258
1787664524.023872, NoOp Chain Depth 128 Size 0 Mode ref, Ref Stage 41, run, start, 9783589861931442
1787664524.023894, NoOp Chain Depth 128 Size 0 Mode ref, Ref Stage 41, run, end, 9783589861952610
1787664524.023908, NoOp Chain Depth 128 Size 0 Mode ref, Ref Stage 42, run, start, 9783589861967314
1787664524.023929, NoOp Chain Depth 128 Size 0 Mode ref, Ref Stage 42, run, end, 9783589861988210
1787664524.023946, NoOp Chain Depth 128 Size 0 Mode ref, Ref Stage 43, run, start, 9783589862005490
1787664524.023968, NoOp Chain Depth 128 Size 0 Mode ref, Ref Stage 43, run, end, 9783589862027602
1787664524.023983, NoOp Chain Depth 128 Size 0 Mode ref, Ref Stage 44, run, start, 9783589862041938
1787664524.024005, NoOp Chain Depth 128 Size 0 Mode ref, Ref Stage 44, run, end, 9783589862064594
1787664524.024017, NoOp Chain Depth 128 Size 0 Mode ref, Ref Stage 45, run, start, 9783589862076514
1787664524.024156, NoOp Chain Depth 128 Size 0 Mode ref, Ref Stage 45, run, end, 9783589862216450
1787664524.024174, NoOp Chain Depth 128 Size 0 Mode ref, Ref Stage 46, run, start, 9783589862233586
1787664524.024198, NoOp Chain Depth 128 Size 0 Mode ref, Ref Stage 46, run, end, 9783589862257106
1787664524.024213, NoOp Chain Depth 128 Size 0 Mode ref, Ref Stage 47, run, start, 9783589862271954
1787664524.024234, NoOp Chain Depth 128 Size 0 Mode ref, Ref Stage 47, run, end, 9783589862292914
1787664524.024248, NoOp Chain Depth 128 Size 0 Mode ref, Ref Stage 48, run, start, 9783589862307474
1787664524.024269, NoOp Chain Depth 128 Size 0 Mode ref, Ref Stage 48, run, end, 9783589862328258
1787664524.024286, NoOp Chain Depth 128 Size 0 Mode ref, Ref Stage 49, run, start, 9783589862344738
1787664524.024307, NoOp Chain Depth 128 Size 0 Mode ref, Ref Stage 49, run, end, 9783589862365522
1787664524.024321, NoOp Chain Depth 128 Size 0 Mode ref, Ref Stage 50, run, start, 9783589862379746
1787664524.024341, NoOp Chain Depth 128 Size 0 Mode ref, Ref Stage 50, run, end, 9783589862400274
1787664524.024357, NoOp Chain Depth 128 Size 0 Mode ref, Ref Stage 51, run, start, 9783589862416578
1787664524.024378, NoOp Chain Depth 128 Size 0 Mode ref, Ref Stage 51, run, end, 9783589862437442
1787664524.024392, NoOp Chain Depth 128 Size 0 Mode ref, Ref Stage 52, run, start, 9783589862451538
1787664524.024413, NoOp Chain Depth 128 Size 0 Mode ref, Ref Stage 52, run, end, 9783589862472466
1787664524.024427, NoOp Chain Depth 128 Size 0 Mode ref, Ref Stage 53, run, start, 9783589862486834
1787664524.024448, NoOp Chain Depth 128 Size 0 Mode ref, Ref Stage 53, run, end, 9783589862507234
1787664524.024462, NoOp Chain Depth 128 Size 0 Mode ref, Ref Stage 54, run, start, 9783589862521490
1787664524.024488, NoOp Chain Depth 128 Size 0 Mode ref, Ref Stage 54, run, end, 9783589862547250
1787664524.024504, NoOp Chain Depth 128 Size 0 Mode ref, Ref Stage 55, run, start, 9783589862563010
1787664524.024526, NoOp Chain Depth 128 Size 0 Mode ref, Ref Stage 55, run, end, 9783589862585138
1787664524.024538, NoOp Chain Depth 128 Size 0 Mode ref, Ref Stage 56, run, start, 9783589862599010
1787664524.024571, NoOp Chain Depth 128 Size 0 Mode ref, Ref Stage 56, run, end, 9783589862630530
1787664524.024585, NoOp Chain Depth 128 Size 0 Mode ref, Ref Stage 57, run, start, 9783589862644882
1787664524.025009, NoOp Chain Depth 128 Size 0 Mode ref, Ref Stage 57, run, end, 9783589863069169
1787664524.025141, NoOp Chain Depth 128 Size 0 Mode ref, Ref Stage 58, run, start, 9783589863200769
1787664524.025167, NoOp Chain Depth 128 Size 0 Mode ref, Ref Stage 58, run, end, 9783589863226049
1787664524.025179, NoOp Chain Depth 128 Size 0 Mode ref, Ref Stage 59, run, start, 9783589863237889
1787664524.025210, NoOp Chain Depth 128 Size 0 Mode ref, Ref Stage 59, run, end, 9783589863269137
1787664524.025224, NoOp Chain Depth 128 Size 0 Mode ref, Ref Stage 60, run, start, 9783589863284001
1787664524.025246, NoOp Chain Depth 128 Size 0 Mode ref, Ref Stage 60, run, end, 9783589863305313
1787664524.025261, NoOp Chain Depth 128 Size 0 Mode ref, Ref Stage 61, run, start, 9783589863319985
1787664524.025282, NoOp Chain Depth 128 Size 0 Mode ref, Ref Stage 61, run, end, 9783589863341665
1787664524.025297, NoOp Chain Depth 128 Size 0 Mode ref, Ref Stage 62, run, start, 9783589863355921
1787664524.025318, NoOp Chain Depth 128 Size 0 Mode ref, Ref Stage 62, run, end, 9783589863377105
1787664524.025332, NoOp Chain Depth 128 Size 0 Mode ref, Ref Stage 63, run, start, 9783589863391681
1787664524.025353, NoOp Chain Depth 128 Size 0 Mode ref, Ref Stage 63, run, end, 9783589863412801
1787664524.025368, NoOp Chain Depth 128 Size 0 Mode ref, Ref Stage 64, run, start, 9783589863427409
1787664524.025389, NoOp Chain Depth 128 Size 0 Mode ref, Ref Stage 64, run, end, 9783589863448145
1787664524.025403, NoOp Chain Depth 128 Size 0 Mode ref, Ref Stage 65, run, start, 9783589863462609
1787664524.025427, NoOp Chain Depth 128 Size 0 Mode ref, Ref Stage 65, run, end, 9783589863485825
1787664524.025441, NoOp Chain Depth 128 Size 0 Mode ref, Ref Stage 66, run, start, 9783589863500129
1787664524.025463, NoOp Chain Depth 128 Size 0 Mode ref, Ref Stage 66, run, end, 9783589863522033
1787664524.025478, NoOp Chain Depth 128 Size 0 Mode ref, Ref Stage 67, run, start, 9783589863537089
1787664524.025499, NoOp Chain Depth 128 Size 0 Mode ref, Ref Stage 67, run, end, 9783589863557713
1787664524.025513, NoOp Chain Depth 128 Size 0 Mode ref, Ref Stage 68, run, start, 9783589863571825
1787664524.025533, NoOp Chain Depth 128 Size 0 Mode ref, Ref Stage 68, run, end, 9783589863592385
1787664524.025547, NoOp Chain Depth 128 Size 0 Mode ref, Ref Stage 69, run, start, 9783589863606593
1787664524.025570, NoOp Chain Depth 128 Size 0 Mode ref, Ref Stage 69, run, end, 9783589863629009
1787664524.025584, NoOp Chain Depth 128 Size 0 Mode ref, Ref Stage 70, run, start, 9783589863643425
1787664524.025908, NoOp Chain Depth 128 Size 0 Mode ref, Ref Stage 70, run, end, 9783589863967409
1787664524.026032, NoOp Chain Depth 128 Size 0 Mode ref, Ref Stage 71, run, start, 9783589864091457
1787664524.026058, NoOp Chain Depth 128 Size 0 Mode ref, Ref Stage 71, run, end, 9783589864117633
1787664524.026070, NoOp Chain Depth 128 Size 0 Mode ref, Ref Stage 72, run, start, 9783589864129665
1787664524.026102, NoOp Chain Depth 128 Size 0 Mode ref, Ref Stage 72, run, end, 9783589864161265
1787664524.026117, NoOp Chain Depth 128 Size 0 Mode ref, Ref Stage 73, run, start, 9783589864175857
1787664524.026138, NoOp Chain Depth 128 Size 0 Mode ref, Ref Stage 73, run, end, 9783589864197089
1787664524.026152, NoOp Chain Depth 128 Size 0 Mode ref, Ref Stage 74, run, start, 9783589864211585
1787664524.026173, NoOp Chain Depth 128 Size 0 Mode ref, Ref Stage 74, run, end, 9783589864232657
1787664524.026188, NoOp Chain Depth 128 Size 0 Mode ref, Ref Stage 75, run, start, 9783589864247169
1787664524.026209, NoOp Chain Depth 128 Size 0 Mode ref, Ref Stage 75, run, end, 9783589864268497
1787664524.026224, NoOp Chain Depth 128 Size 0 Mode ref, Ref Stage 76, run, start, 9783589864282945
1787664524.026246, NoOp Chain Depth 128 Size 0 Mode ref, Ref Stage 76, run, end, 9783589864305329
1787664524.026260, NoOp Chain Depth 128 Size 0 Mode ref, Ref Stage 77, run, start, 9783589864319761
1787664524.026283, NoOp Chain Depth 128 Size 0 Mode ref, Ref Stage 77, run, end, 9783589864341889
1787664524.026297, NoOp Chain Depth 128 Size 0 Mode ref, Ref Stage 78, run, start, 9783589864356401
1787664524.026318, NoOp Chain Depth 128 Size 0 Mode ref, Ref Stage 78, run, end, 9783589864377377
1787664524.026332, NoOp Chain Depth 128 Size 0 Mode ref, Ref Stage 79, run, start, 9783589864391649
1787664524.026353, NoOp Chain Depth 128 Size 0 Mode ref, Ref Stage 79, run, end, 9783589864412401
1787664524.026367, NoOp Chain Depth 128 Size 0 Mode ref, Ref Stage 80, run, start, 9783589864426577
1787664524.026390, NoOp Chain Depth 128 Size 0 Mode ref, Ref Stage 80, run, end, 9783589864448641
1787664524.026404, NoOp Chain Depth 128 Size 0 Mode ref, Ref Stage 81, run, start, 9783589864462961
1787664524.026426, NoOp Chain Depth 128 Size 0 Mode ref, Ref Stage 81, run, end, 9783589864484785
1787664524.026440, NoOp Chain Depth 128 Size 0 Mode ref, Ref Stage 82, run, start, 9783589864499185
1787664524.026462, NoOp Chain Depth 128 Size 0 Mode ref, Ref Stage 82, run, end, 9783589864521281
1787664524.026479, NoOp Chain Depth 128 Size 0 Mode ref, Ref Stage 83, run, start, 9783589864538065
1787664524.026500, NoOp Chain Depth 128 Size 0 Mode ref, Ref Stage 83, run, end, 9783589864558704
1787664524.026514, NoOp Chain Depth 128 Size 0 Mode ref, Ref Stage 84, run, start, 9783589864572960
1787664524.026536, NoOp Chain Depth 128 Size 0 Mode ref, Ref Stage 84, run, end, 9783589864594640
1787664524.026551, NoOp Chain Depth 128 Size 0 Mode ref, Ref Stage 85, run, start, 9783589864609760
1787664524.026571, NoOp Chain Depth 128 Size 0 Mode ref, Ref Stage 85, run, end, 9783589864630304
1787664524.026585, NoOp Chain Depth 128 Size 0 Mode ref, Ref Stage 86, run, start, 9783589864644624
1787664524.026608, NoOp Chain Depth 128 Size 0 Mode ref, Ref Stage 86, run, end, 9783589864666880
1787664524.026619, NoOp Chain Depth 128 Size 0 Mode ref, Ref Stage 87, run, start, 9783589864678464
1787664524.026651, NoOp Chain Depth 128 Size 0 Mode ref, Ref Stage 87, run, end, 9783589864710352
1787664524.026667, NoOp Chain Depth 128 Size 0 Mode ref, Ref Stage 88, run, start, 9783589864726080
1787664524.026689, NoOp Chain Depth 128 Size 0 Mode ref, Ref Stage 88, run, end, 9783589864748480
1787664524.026701, NoOp Chain Depth 128 Size 0 Mode ref, Ref Stage 89, run, start, 9783589864760096
1787664524.026731, NoOp Chain Depth 128 Size 0 Mode ref, Ref Stage 89, run, end, 9783589864790896
1787664524.026746, NoOp Chain Depth 128 Size 0 Mode ref, Ref Stage 90, run, start, 9783589864805152
1787664524.026770, NoOp Chain Depth 128 Size 0 Mode ref, Ref Stage 90, run, end, 9783589864828832
1787664524.026784, NoOp Chain Depth 128 Size 0 Mode ref, Ref Stage 91, run, start, 9783589864843104
1787664524.026804, NoOp Chain Depth 128 Size 0 Mode ref, Ref Stage 91, run, end, 9783589864863776
1787664524.026819, NoOp Chain Depth 128 Size 0 Mode ref, Ref Stage 92, run, start, 9783589864878288
1787664524.026841, NoOp Chain Depth 128 Size 0 Mode ref, Ref Stage 92, run, end, 9783589864899872
1787664524.026855, NoOp Chain Depth 128 Size 0 Mode ref, Ref Stage 93, run, start, 9783589864914128
1787664524.026876, NoOp Chain Depth 128 Size 0 Mode ref, Ref Stage 93, run, end, 9783589864935280
1787664524.026891, NoOp Chain Depth 128 Size 0 Mode ref, Ref Stage 94, run, start, 9783589864949664
1787664524.026912, NoOp Chain Depth 128 Size 0 Mode ref, Ref Stage 94, run, end, 9783589864971312
1787664524.026926, NoOp Chain Depth 128 Size 0 Mode ref, Ref Stage 95, run, start, 9783589864985568
1787664524.026949, NoOp Chain Depth 128 Size 0 Mode ref, Ref Stage 95, run, end, 9783589865007808
1787664524.026963, NoOp Chain Depth 128 Size 0 Mode ref, Ref Stage 96, run, start, 9783589865022608
1787664524.026984, NoOp Chain Depth 128 Size 0 Mode ref, Ref Stage 96, run, end, 9783589865043344
1787664524.026999, NoOp Chain Depth 128 Size 0 Mode ref, Ref Stage 97, run, start, 9783589865058256
1787664524.027020, NoOp Chain Depth 128 Size 0 Mode ref, Ref Stage 97, run, end, 9783589865078976
1787664524.027036, NoOp Chain Depth 128 Size 0 Mode ref, Ref Stage 98, run, start, 9783589865095072
1787664524.027058, NoOp Chain Depth 128 Size 0 Mode ref, Ref Stage 98, run, end, 9783589865117408
1787664524.027490, NoOp Chain Depth 128 Size 0 Mode ref, Ref Stage 99, run, start, 9783589865550384
1787664524.027625, NoOp Chain Depth 128 Size 0 Mode ref, Ref Stage 99, run, end, 9783589865684768
1787664524.027641, NoOp Chain Depth 128 Size 0 Mode ref, Ref Stage 100, run, start, 9783589865700400
1787664524.027663, NoOp Chain Depth 128 Size 0 Mode ref, Ref Stage 100, run, end, 9783589865722272
1787664524.027678, NoOp Chain Depth 128 Size 0 Mode ref, Ref Stage 101, run, start, 9783589865737088
1787664524.027699, NoOp Chain Depth 128 Size 0 Mode ref, Ref Stage 101, run, end, 9783589865758160
1787664524.027714, NoOp Chain Depth 128 Size 0 Mode ref, Ref Stage 102, run, start, 9783589865772800
1787664524.027734, NoOp Chain Depth 128 Size 0 Mode ref, Ref Stage 102, run, end, 9783589865793600
1787664524.027749, NoOp Chain Depth 128 Size 0 Mode ref, Ref Stage 103, run, start, 9783589865807968
1787664524.027770, NoOp Chain Depth 128 Size 0 Mode ref, Ref Stage 103, run, end, 9783589865829168
1787664524.027785, NoOp Chain Depth 128 Size 0 Mode ref, Ref Stage 104, run, start, 9783589865844032
1787664524.027809, NoOp Chain Depth 128 Size 0 Mode ref, Ref Stage 104, run, end, 9783589865868128
1787664524.027823, NoOp Chain Depth 128 Size 0 Mode ref, Ref Stage 105, run, start, 9783589865882304
1787664524.027843, NoOp Chain Depth 128 Size 0 Mode ref, Ref Stage 105, run, end, 9783589865902880
1787664524.027858, NoOp Chain Depth 128 Size 0 Mode ref, Ref Stage 106, run, start, 9783589865917280
1787664524.027878, NoOp Chain Depth 128 Size 0 Mode ref, Ref Stage 106, run, end, 9783589865937552
1787664524.027893, NoOp Chain Depth 128 Size 0 Mode ref, Ref Stage 107, run, start, 9783589865951952
1787664524.027913, NoOp Chain Depth 128 Size 0 Mode ref, Ref Stage 107, run, end, 9783589865972496
1787664524.027928, NoOp Chain Depth 128 Size 0 Mode ref, Ref Stage 108, run, start, 9783589865986704
1787664524.027962, NoOp Chain Depth 128 Size 0 Mode ref, Ref Stage 108, run, end, 9783589866021136
1787664524.027977, NoOp Chain Depth 128 Size 0 Mode ref, Ref Stage 109, run, start, 9783589866036576
1787664524.027998, NoOp Chain Depth 128 Size 0 Mode ref, Ref Stage 109, run, end, 9783589866057520
1787664524.028013, NoOp Chain Depth 128 Size 0 Mode ref, Ref Stage 110, run, start, 9783589866071776
1787664524.028033, NoOp Chain Depth 128 Size 0 Mode ref, Ref Stage 110, run, end, 9783589866092416
1787664524.028050, NoOp Chain Depth 128 Size 0 Mode ref, Ref Stage 111, run, start, 9783589866109408
1787664524.028071, NoOp Chain Depth 128 Size 0 Mode ref, Ref Stage 111, run, end, 9783589866129759
1787664524.028085, NoOp Chain Depth 128 Size 0 Mode ref, Ref Stage 112, run, start, 9783589866143999
1787664524.028105, NoOp Chain Depth 128 Size 0 Mode ref, Ref Stage 112, run, end, 9783589866164559
1787664524.028120, NoOp Chain Depth 128 Size 0 Mode ref, Ref Stage 113, run, start, 9783589866178831
1787664524.028146, NoOp Chain Depth 128 Size 0 Mode ref, Ref Stage 113, run, end, 9783589866205295
1787664524.028160, NoOp Chain Depth 128 Size 0 Mode ref, Ref Stage 114, run, start, 9783589866219567
1787664524.028181, NoOp Chain Depth 128 Size 0 Mode ref, Ref Stage 114, run, end, 9783589866240399
1787664524.028196, NoOp Chain Depth 128 Size 0 Mode ref, Ref Stage 115, run, start, 9783589866255055
1787664524.028218, NoOp Chain Depth 128 Size 0 Mode ref, Ref Stage 115, run, end, 9783589866276975
1787664524.028232, NoOp Chain Depth 128 Size 0 Mode ref, Ref Stage 116, run, start, 9783589866291103
1787664524.028254, NoOp Chain Depth 128 Size 0 Mode ref, Ref Stage 116, run, end, 9783589866313263
1787664524.028266, NoOp Chain Depth 128 Size 0 Mode ref, Ref Stage 117, run, start, 9783589866324927
1787664524.028296, NoOp Chain Depth 128 Size 0 Mode ref, Ref Stage 117, run, end, 9783589866355535
1787664524.028313, NoOp Chain Depth 128 Size 0 Mode ref, Ref Stage 118, run, start, 9783589866372095
1787664524.028334, NoOp Chain Depth 128 Size 0 Mode ref, Ref Stage 118, run, end, 9783589866392991
1787664524.028349, NoOp Chain Depth 128 Size 0 Mode ref, Ref Stage 119, run, start, 9783589866408335
1787664524.028372, NoOp Chain Depth 128 Size 0 Mode ref, Ref Stage 119, run, end, 9783589866430815
1787664524.028383, NoOp Chain Depth 128 Size 0 Mode ref, Ref Stage 120, run, start, 9783589866442399
1787664524.028415, NoOp Chain Depth 128 Size 0 Mode ref, Ref Stage 120, run, end, 9783589866474543
1787664524.028430, NoOp Chain Depth 128 Size 0 Mode ref, Ref Stage 121, run, start, 9783589866488975
1787664524.028450, NoOp Chain Depth 128 Size 0 Mode ref, Ref Stage 121, run, end, 9783589866509583
1787664524.028465, NoOp Chain Depth 128 Size 0 Mode ref, Ref Stage 122, run, start, 9783589866524111
1787664524.028487, NoOp Chain Depth 128 Size 0 Mode ref, Ref Stage 122, run, end, 9783589866545887
1787664524.028501, NoOp Chain Depth 128 Size 0 Mode ref, Ref Stage 123, run, start, 9783589866560095
1787664524.028521, NoOp Chain Depth 128 Size 0 Mode ref, Ref Stage 123, run, end, 9783589866580607
1787664524.028536, NoOp Chain Depth 128 Size 0 Mode ref, Ref Stage 124, run, start, 9783589866595007
1787664524.028558, NoOp Chain Depth 128 Size 0 Mode ref, Ref Stage 124, run, end, 9783589866616911
1787664524.028572, NoOp Chain Depth 128 Size 0 Mode ref, Ref Stage 125, run, start, 9783589866631119
1787664524.028593, NoOp Chain Depth 128 Size 0 Mode ref, Ref Stage 125, run, end, 9783589866651999
1787664524.028607, NoOp Chain Depth 128 Size 0 Mode ref, Ref Stage 126, run, start, 9783589866666303
1787664524.028627, NoOp Chain Depth 128 Size 0 Mode ref, Ref Stage 126, run, end, 9783589866686799
1787664524.028642, NoOp Chain Depth 128 Size 0 Mode ref, Ref Stage 127, run, start, 9783589866701359
1787664524.028664, NoOp Chain Depth 128 Size 0 Mode ref, Ref Stage 127, run, end, 9783589866724367
1787664524.028681, NoOp Chain Depth 128 Size 0 Mode ref, pipeline - train, run, end, 174476302959707246828167506195344894063, 1787664524.021875, 46, 1, 9783589866740255
1787664524.028721, NoOp Chain Depth 128 Size 0 Mode ref, pipeline - train, run, start, 154843388469444187290145831991036475985, 1787664524.028709, 47, 1, 9783589866780095
1787664524.028743, NoOp Chain Depth 128 Size 0 Mode ref, Ref Stage 0, run, start, 9783589866802687
1787664524.028766, NoOp Chain Depth 128 Size 0 Mode ref, Ref Stage 0, run, end, 9783589866825599
1787664524.028781, NoOp Chain Depth 128 Size 0 Mode ref, Ref Stage 1, run, start, 9783589866840527
1787664524.028803, NoOp Chain Depth 128 Size 0 Mode ref, Ref Stage 1, run, end, 9783589866861935
1787664524.028819, NoOp Chain Depth 128 Size 0 Mode ref, Ref Stage 2, run, start, 9783589866878303
1787664524.028840, NoOp Chain Depth 128 Size 0 Mode ref, Ref Stage 2, run, end, 9783589866899487
1787664524.028856, NoOp Chain Depth 128 Size 0 Mode ref, Ref Stage 3, run, start, 9783589866915551
1787664524.028878, NoOp Chain Depth 128 Size 0 Mode ref, Ref Stage 3, run, end, 9783589866937311
1787664524.028893, NoOp Chain Depth 128 Size 0 Mode ref, Ref Stage 4, run, start, 9783589866951887
1787664524.028917, NoOp Chain Depth 128 Size 0 Mode ref, Ref Stage 4, run, end, 9783589866975887
1787664524.028928, NoOp Chain Depth 128 Size 0 Mode ref, Ref Stage 5, run, start, 9783589866987359
1787664524.028962, NoOp Chain Depth 128 Size 0 Mode ref, Ref Stage 5, run, end, 9783589867021103
1787664524.028977, NoOp Chain Depth 128 Size 0 Mode ref, Ref Stage 6, run, start, 9783589867036367
1787664524.028998, NoOp Chain Depth 128 Size 0 Mode ref, Ref Stage 6, run, end, 9783589867057311
1787664524.029013, NoOp Chain Depth 128 Size 0 Mode ref, Ref Stage 7, run, start, 9783589867071919
1787664524.029033, NoOp Chain Depth 128 Size 0 Mode ref, Ref Stage 7, run, end, 9783589867092767
1787664524.029048, NoOp Chain Depth 128 Size 0 Mode ref, Ref Stage 8, run, start, 9783589867106927
1787664524.029523, NoOp Chain Depth 128 Size 0 Mode ref, Ref Stage 8, run, end, 9783589867585119
1787664524.029547, NoOp Chain Depth 128 Size 0 Mode ref, Ref Stage 9, run, start, 9783589867607471
1787664524.029573, NoOp Chain Depth 128 Size 0 Mode ref, Ref Stage 9, run, end, 9783589867632990
1787664524.029589, NoOp Chain Depth 128 Size 0 Mode ref, Ref Stage 10, run, start, 9783589867648830
1787664524.029615, NoOp Chain Depth 128 Size 0 Mode ref, Ref Stage 10, run, end, 9783589867674222
1787664524.029630, NoOp Chain Depth 128 Size 0 Mode ref, Ref Stage 11, run, start, 9783589867688990
1787664524.029651, NoOp Chain Depth 128 Size 0 Mode ref, Ref Stage 11, run, end, 9783589867709966
1787664524.029666, NoOp Chain Depth 128 Size 0 Mode ref, Ref Stage 12, run, start, 9783589867725358
1787664524.029687, NoOp Chain Depth 128 Size 0 Mode ref, Ref Stage 12, run, end, 9783589867747550
1787664524.029704, NoOp Chain Depth 128 Size 0 Mode ref, Ref Stage 13, run, start, 9783589867763022
1787664524.029724, NoOp Chain Depth 128 Size 0 Mode ref, Ref Stage 13, run, end, 9783589867783694
1787664524.029740, NoOp Chain Depth 128 Size 0 Mode ref, Ref Stage 14, run, start, 9783589867799422
1787664524.029762, NoOp Chain Depth 128 Size 0 Mode ref, Ref Stage 14, run, end, 9783589867821566
1787664524.029774, NoOp Chain Depth 128 Size 0 Mode ref, Ref Stage 15, run, start, 9783589867833310
1787664524.029805, NoOp Chain Depth 128 Size 0 Mode ref, Ref Stage 15, run, end, 9783589867863982
1787664524.029820, NoOp Chain Depth 128 Size 0 Mode ref, Ref Stage 16, run, start, 9783589867879566
1787664524.029841, NoOp Chain Depth 128 Size 0 Mode ref, Ref Stage 16, run, end, 9783589867900334
1787664524.029856, NoOp Chain Depth 128 Size 0 Mode ref, Ref Stage 17, run, start, 9783589867915870
1787664524.029881, NoOp Chain Depth 128 Size 0 Mode ref, Ref Stage 17, run, end, 9783589867939870
1787664524.029892, NoOp Chain Depth 128 Size 0 Mode ref, Ref Stage 18, run, start, 9783589867951742
1787664524.029923, NoOp Chain Depth 128 Size 0 Mode ref, Ref Stage 18, run, end, 9783589867982334
1787664524.029938, NoOp Chain Depth 128 Size 0 Mode ref, Ref Stage 19, run, start, 9783589867996702
1787664524.029960, NoOp Chain Depth 128 Size 0 Mode ref, Ref Stage 19, run, end, 9783589868018782
1787664524.029975, NoOp Chain Depth 128 Size 0 Mode ref, Ref Stage 20, run, start, 9783589868034206
1787664524.029996, NoOp Chain Depth 128 Size 0 Mode ref, Ref Stage 20, run, end, 9783589868054958
1787664524.030010, NoOp Chain Depth 128 Size 0 Mode ref, Ref Stage 21, run, start, 9783589868069438
1787664524.030033, NoOp Chain Depth 128 Size 0 Mode ref, Ref Stage 21, run, end, 9783589868092462
1787664524.030047, NoOp Chain Depth 128 Size 0 Mode ref, Ref Stage 22, run, start, 9783589868106782
1787664524.030070, NoOp Chain Depth 128 Size 0 Mode ref, Ref Stage 22, run, end, 9783589868128910
1787664524.030085, NoOp Chain Depth 128 Size 0 Mode ref, Ref Stage 23, run, start, 9783589868144238
1787664524.030107, NoOp Chain Depth 128 Size 0 Mode ref, Ref Stage 23, run, end, 9783589868166398
1787664524.030118, NoOp Chain Depth 128 Size 0 Mode ref, Ref Stage 24, run, start, 9783589868177806
1787664524.030149, NoOp Chain Depth 128 Size 0 Mode ref, Ref Stage 24, run, end, 9783589868208334
1787664524.030163, NoOp Chain Depth 128 Size 0 Mode ref, Ref Stage 25, run, start, 9783589868222558
1787664524.030184, NoOp Chain Depth 128 Size 0 Mode ref, Ref Stage 25, run, end, 9783589868243038
1787664524.030198, NoOp Chain Depth 128 Size 0 Mode ref, Ref Stage 26, run, start, 9783589868257326
1787664524.030220, NoOp Chain Depth 128 Size 0 Mode ref, Ref Stage 26, run, end, 9783589868279390
1787664524.030236, NoOp Chain Depth 128 Size 0 Mode ref, Ref Stage 27, run, start, 9783589868294958
1787664524.030256, NoOp Chain Depth 128 Size 0 Mode ref, Ref Stage 27, run, end, 9783589868315614
1787664524.030271, NoOp Chain Depth 128 Size 0 Mode ref, Ref Stage 28, run, start, 9783589868329774
1787664524.030292, NoOp Chain Depth 128 Size 0 Mode ref, Ref Stage 28, run, end, 9783589868350686
1787664524.030306, NoOp Chain Depth 128 Size 0 Mode ref, Ref Stage 29, run, start, 9783589868365230
1787664524.030327, NoOp Chain Depth 128 Size 0 Mode ref, Ref Stage 29, run, end, 9783589868386014
1787664524.030342, NoOp Chain Depth 128 Size 0 Mode ref, Ref Stage 30, run, start, 9783589868401710
1787664524.030364, NoOp Chain Depth 128 Size 0 Mode ref, Ref Stage 30, run, end, 9783589868423198
1787664524.030380, NoOp Chain Depth 128 Size 0 Mode ref, Ref Stage 31, run, start, 9783589868439118
1787664524.030400, NoOp Chain Depth 128 Size 0 Mode ref, Ref Stage 31, run, end, 9783589868459406
1787664524.030415, NoOp Chain Depth 128 Size 0 Mode ref, Ref Stage 32, run, start, 9783589868474526
1787664524.030436, NoOp Chain Depth 128 Size 0 Mode ref, Ref Stage 32, run, end, 9783589868495054
1787664524.030450, NoOp Chain Depth 128 Size 0 Mode ref, Ref Stage 33, run, start, 9783589868509118
1787664524.030472, NoOp Chain Depth 128 Size 0 Mode ref, Ref Stage 33, run, end, 9783589868530798
1787664524.030486, NoOp Chain Depth 128 Size 0 Mode ref, Ref Stage 34, run, start, 9783589868545070
1787664524.030506, NoOp Chain Depth 128 Size 0 Mode ref, Ref Stage 34, run, end, 9783589868565374
1787664524.030520, NoOp Chain Depth 128 Size 0 Mode ref, Ref Stage 35, run, start, 9783589868579774
1787664524.030541, NoOp Chain Depth 128 Size 0 Mode ref, Ref Stage 35, run, end, 9783589868600014
1787664524.030555, NoOp Chain Depth 128 Size 0 Mode ref, Ref Stage 36, run, start, 9783589868614382
1787664524.030576, NoOp Chain Depth 128 Size 0 Mode ref, Ref Stage 36, run, end, 9783589868634718
1787664524.030590, NoOp Chain Depth 128 Size 0 Mode ref, Ref Stage 37, run, start, 9783589868648958
1787664524.030614, NoOp Chain Depth 128 Size 0 Mode ref, Ref Stage 37, run, end, 9783589868673150
1787664524.030629, NoOp Chain Depth 128 Size 0 Mode ref, Ref Stage 38, run, start, 9783589868688142
1787664524.030650, NoOp Chain Depth 128 Size 0 Mode ref, Ref Stage 38, run, end, 9783589868708862
1787664524.030664, NoOp Chain Depth 128 Size 0 Mode ref, Ref Stage 39, run, start, 9783589868723726
1787664524.030685, NoOp Chain Depth 128 Size 0 Mode ref, Ref Stage 39, run, end, 9783589868744286
1787664524.030699, NoOp Chain Depth 128 Size 0 Mode ref, Ref Stage 40, run, start, 9783589868758574
1787664524.030720, NoOp Chain Depth 128 Size 0 Mode ref, Ref Stage 40, run, end, 9783589868779246
1787664524.030735, NoOp Chain Depth 128 Size 0 Mode ref, Ref Stage 41, run, start, 9783589868794702
1787664524.030756, NoOp Chain Depth 128 Size 0 Mode ref, Ref Stage 41, run, end, 9783589868815342
1787664524.030771, NoOp Chain Depth 128 Size 0 Mode ref, Ref Stage 42, run, start, 9783589868830222
1787664524.030793, NoOp Chain Depth 128 Size 0 Mode ref, Ref Stage 42, run, end, 9783589868852062
1787664524.030807, NoOp Chain Depth 128 Size 0 Mode ref, Ref Stage 43, run, start, 9783589868866366
1787664524.030829, NoOp Chain Depth 128 Size 0 Mode ref, Ref Stage 43, run, end, 9783589868888366
1787664524.030844, NoOp Chain Depth 128 Size 0 Mode ref, Ref Stage 44, run, start, 9783589868903518
1787664524.031200, NoOp Chain Depth 128 Size 0 Mode ref, Ref Stage 44, run, end, 9783589869260045
1787664524.031216, NoOp Chain Depth 128 Size 0 Mode ref, Ref Stage 45, run, start, 9783589869275933
1787664524.031367, NoOp Chain Depth 128 Size 0 Mode ref, Ref Stage 45, run, end, 9783589869426845
1787664524.031383, NoOp Chain Depth 128 Size 0 Mode ref, Ref Stage 46, run, start, 9783589869442333
1787664524.031405, NoOp Chain Depth 128 Size 0 Mode ref, Ref Stage 46, run, end, 9783589869464061
1787664524.031420, NoOp Chain Depth 128 Size 0 Mode ref, Ref Stage 47, run, start, 9783589869478813
1787664524.031441, NoOp Chain Depth 128 Size 0 Mode ref, Ref Stage 47, run, end, 9783589869500253
1787664524.031456, NoOp Chain Depth 128 Size 0 Mode ref, Ref Stage 48, run, start, 9783589869514653
1787664524.031476, NoOp Chain Depth 128 Size 0 Mode ref, Ref Stage 48, run, end, 9783589869535613
1787664524.031491, NoOp Chain Depth 128 Size 0 Mode ref, Ref Stage 49, run, start, 9783589869550077
1787664524.031512, NoOp Chain Depth 128 Size 0 Mode ref, Ref Stage 49, run, end, 9783589869571277
1787664524.031526, NoOp Chain Depth 128 Size 0 Mode ref, Ref Stage 50, run, start, 9783589869585949
1787664524.031548, NoOp Chain Depth 128 Size 0 Mode ref, Ref Stage 50, run, end, 9783589869607005
1787664524.031562, NoOp Chain Depth 128 Size 0 Mode ref, Ref Stage 51, run, start, 9783589869621501
1787664524.031583, NoOp Chain Depth 128 Size 0 Mode ref, Ref Stage 51, run, end, 9783589869642189
1787664524.031597, NoOp Chain Depth 128 Size 0 Mode ref, Ref Stage 52, run, start, 9783589869656573
1787664524.031620, NoOp Chain Depth 128 Size 0 Mode ref, Ref Stage 52, run, end, 9783589869679149
1787664524.031636, NoOp Chain Depth 128 Size 0 Mode ref, Ref Stage 53, run, start, 9783589869694685
1787664524.031657, NoOp Chain Depth 128 Size 0 Mode ref, Ref Stage 53, run, end, 9783589869715789
1787664524.031672, NoOp Chain Depth 128 Size 0 Mode ref, Ref Stage 54, run, start, 9783589869730925
1787664524.031693, NoOp Chain Depth 128 Size 0 Mode ref, Ref Stage 54, run, end, 9783589869751645
1787664524.031707, NoOp Chain Depth 128 Size 0 Mode ref, Ref Stage 55, run, start, 9783589869766045
1787664524.031727, NoOp Chain Depth 128 Size 0 Mode ref, Ref Stage 55, run, end, 9783589869786525
1787664524.031741, NoOp Chain Depth 128 Size 0 Mode ref, Ref Stage 56, run, start, 9783589869800701
1787664524.031762, NoOp Chain Depth 128 Size 0 Mode ref, Ref Stage 56, run, end, 9783589869821197
1787664524.031776, NoOp Chain Depth 128 Size 0 Mode ref, Ref Stage 57, run, start, 9783589869835757
1787664524.031797, NoOp Chain Depth 128 Size 0 Mode ref, Ref Stage 57, run, end, 9783589869856029
1787664524.031811, NoOp Chain Depth 128 Size 0 Mode ref, Ref Stage 58, run, start, 9783589869870429
1787664524.031833, NoOp Chain Depth 128 Size 0 Mode ref, Ref Stage 58, run, end, 9783589869892365
1787664524.031848, NoOp Chain Depth 128 Size 0 Mode ref, Ref Stage 59, run, start, 9783589869906909
1787664524.031870, NoOp Chain Depth 128 Size 0 Mode ref, Ref Stage 59, run, end, 9783589869929261
1787664524.031882, NoOp Chain Depth 128 Size 0 Mode ref, Ref Stage 60, run, start, 9783589869942013
1787664524.031914, NoOp Chain Depth 128 Size 0 Mode ref, Ref Stage 60, run, end, 9783589869972893
1787664524.031928, NoOp Chain Depth 128 Size 0 Mode ref, Ref Stage 61, run, start, 9783589869987405
1787664524.031952, NoOp Chain Depth 128 Size 0 Mode ref, Ref Stage 61, run, end, 9783589870011661
1787664524.031967, NoOp Chain Depth 128 Size 0 Mode ref, Ref Stage 62, run, start, 9783589870027101
1787664524.031990, NoOp Chain Depth 128 Size 0 Mode ref, Ref Stage 62, run, end, 9783589870049229
1787664524.032004, NoOp Chain Depth 128 Size 0 Mode ref, Ref Stage 63, run, start, 9783589870063677
1787664524.032026, NoOp Chain Depth 128 Size 0 Mode ref, Ref Stage 63, run, end, 9783589870085453
1787664524.032043, NoOp Chain Depth 128 Size 0 Mode ref, Ref Stage 64, run, start, 9783589870101693
1787664524.032065, NoOp Chain Depth 128 Size 0 Mode ref, Ref Stage 64, run, end, 9783589870124317
1787664524.032080, NoOp Chain Depth 128 Size 0 Mode ref, Ref Stage 65, run, start, 9783589870138941
1787664524.032100, NoOp Chain Depth 128 Size 0 Mode ref, Ref Stage 65, run, end, 9783589870159549
1787664524.032115, NoOp Chain Depth 128 Size 0 Mode ref, Ref Stage 66, run, start, 9783589870173805
1787664524.032135, NoOp Chain Depth 128 Size 0 Mode ref, Ref Stage 66, run, end, 9783589870194141
1787664524.032149, NoOp Chain Depth 128 Size 0 Mode ref, Ref Stage 67, run, start, 9783589870208461
1787664524.032170, NoOp Chain Depth 128 Size 0 Mode ref, Ref Stage 67, run, end, 9783589870229021
1787664524.032184, NoOp Chain Depth 128 Size 0 Mode ref, Ref Stage 68, run, start, 9783589870243229
1787664524.032205, NoOp Chain Depth 128 Size 0 Mode ref, Ref Stage 68, run, end, 9783589870263757
1787664524.032222, NoOp Chain Depth 128 Size 0 Mode ref, Ref Stage 69, run, start, 9783589870281357
1787664524.032244, NoOp Chain Depth 128 Size 0 Mode ref, Ref Stage 69, run, end, 9783589870303549
1787664524.032256, NoOp Chain Depth 128 Size 0 Mode ref, Ref Stage 70, run, start, 9783589870315213
1787664524.032286, NoOp Chain Depth 128 Size 0 Mode ref, Ref Stage 70, run, end, 9783589870345869
1787664524.032301, NoOp Chain Depth 128 Size 0 Mode ref, Ref Stage 71, run, start, 9783589870360605
1787664524.032322, NoOp Chain Depth 128 Size 0 Mode ref, Ref Stage 71, run, end, 9783589870381165
1787664524.032336, NoOp Chain Depth 128 Size 0 Mode ref, Ref Stage 72, run, start, 9783589870395517
1787664524.032358, NoOp Chain Depth 128 Size 0 Mode ref, Ref Stage 72, run, end, 9783589870417037
1787664524.032372, NoOp Chain Depth 128 Size 0 Mode ref, Ref Stage 73, run, start, 9783589870431341
1787664524.032393, NoOp Chain Depth 128 Size 0 Mode ref, Ref Stage 73, run, end, 9783589870451629
1787664524.032407, NoOp Chain Depth 128 Size 0 Mode ref, Ref Stage 74, run, start, 9783589870466061
1787664524.032430, NoOp Chain Depth 128 Size 0 Mode ref, Ref Stage 74, run, end, 9783589870489181
1787664524.032444, NoOp Chain Depth 128 Size 0 Mode ref, Ref Stage 75, run, start, 9783589870503565
1787664524.032468, NoOp Chain Depth 128 Size 0 Mode ref, Ref Stage 75, run, end, 9783589870527005
1787664524.032479, NoOp Chain Depth 128 Size 0 Mode ref, Ref Stage 76, run, start, 9783589870538653
1787664524.032510, NoOp Chain Depth 128 Size 0 Mode ref, Ref Stage 76, run, end, 9783589870569309
1787664524.032525, NoOp Chain Depth 128 Size 0 Mode ref, Ref Stage 77, run, start, 9783589870583581
1787664524.032545, NoOp Chain Depth 128 Size 0 Mode ref, Ref Stage 77, run, end, 9783589870604061
1787664524.032559, NoOp Chain Depth 128 Size 0 Mode ref, Ref Stage 78, run, start, 9783589870618749
1787664524.032582, NoOp Chain Depth 128 Size 0 Mode ref, Ref Stage 78, run, end, 9783589870640988
1787664524.032596, NoOp Chain Depth 128 Size 0 Mode ref, Ref Stage 79, run, start, 9783589870655548
1787664524.032618, NoOp Chain Depth 128 Size 0 Mode ref, Ref Stage 79, run, end, 9783589870677404
1787664524.032632, NoOp Chain Depth 128 Size 0 Mode ref, Ref Stage 80, run, start, 9783589870691628
1787664524.032653, NoOp Chain Depth 128 Size 0 Mode ref, Ref Stage 80, run, end, 9783589870711932
1787664524.032667, NoOp Chain Depth 128 Size 0 Mode ref, Ref Stage 81, run, start, 9783589870726028
1787664524.032687, NoOp Chain Depth 128 Size 0 Mode ref, Ref Stage 81, run, end, 9783589870746428
1787664524.032702, NoOp Chain Depth 128 Size 0 Mode ref, Ref Stage 82, run, start, 9783589870760812
1787664524.032722, NoOp Chain Depth 128 Size 0 Mode ref, Ref Stage 82, run, end, 9783589870780972
1787664524.032736, NoOp Chain Depth 128 Size 0 Mode ref, Ref Stage 83, run, start, 9783589870795116
1787664524.032757, NoOp Chain Depth 128 Size 0 Mode ref, Ref Stage 83, run, end, 9783589870815660
1787664524.032771, NoOp Chain Depth 128 Size 0 Mode ref, Ref Stage 84, run, start, 9783589870830380
1787664524.032795, NoOp Chain Depth 128 Size 0 Mode ref, Ref Stage 84, run, end, 9783589870854348
1787664524.032809, NoOp Chain Depth 128 Size 0 Mode ref, Ref Stage 85, run, start, 9783589870868620
1787664524.032830, NoOp Chain Depth 128 Size 0 Mode ref, Ref Stage 85, run, end, 9783589870889212
1787664524.032847, NoOp Chain Depth 128 Size 0 Mode ref, Ref Stage 86, run, start, 9783589870906204
1787664524.032869, NoOp Chain Depth 128 Size 0 Mode ref, Ref Stage 86, run, end, 9783589870928636
1787664524.032881, NoOp Chain Depth 128 Size 0 Mode ref, Ref Stage 87, run, start, 9783589870940220
1787664524.032911, NoOp Chain Depth 128 Size 0 Mode ref, Ref Stage 87, run, end, 9783589870970700
1787664524.032926, NoOp Chain Depth 128 Size 0 Mode ref, Ref Stage 88, run, start, 9783589870985084
1787664524.033361, NoOp Chain Depth 128 Size 0 Mode ref, Ref Stage 88, run, end, 9783589871421484
1787664524.033489, NoOp Chain Depth 128 Size 0 Mode ref, Ref Stage 89, run, start, 9783589871549004
1787664524.033515, NoOp Chain Depth 128 Size 0 Mode ref, Ref Stage 89, run, end, 9783589871574668
1787664524.033527, NoOp Chain Depth 128 Size 0 Mode ref, Ref Stage 90, run, start, 9783589871586556
1787664524.033559, NoOp Chain Depth 128 Size 0 Mode ref, Ref Stage 90, run, end, 9783589871618156
1787664524.033573, NoOp Chain Depth 128 Size 0 Mode ref, Ref Stage 91, run, start, 9783589871632652
1787664524.033594, NoOp Chain Depth 128 Size 0 Mode ref, Ref Stage 91, run, end, 9783589871653308
1787664524.033609, NoOp Chain Depth 128 Size 0 Mode ref, Ref Stage 92, run, start, 9783589871667868
1787664524.033630, NoOp Chain Depth 128 Size 0 Mode ref, Ref Stage 92, run, end, 9783589871688988
1787664524.033644, NoOp Chain Depth 128 Size 0 Mode ref, Ref Stage 93, run, start, 9783589871703372
1787664524.033665, NoOp Chain Depth 128 Size 0 Mode ref, Ref Stage 93, run, end, 9783589871724380
1787664524.033680, NoOp Chain Depth 128 Size 0 Mode ref, Ref Stage 94, run, start, 9783589871738828
1787664524.033700, NoOp Chain Depth 128 Size 0 Mode ref, Ref Stage 94, run, end, 9783589871759580
1787664524.033715, NoOp Chain Depth 128 Size 0 Mode ref, Ref Stage 95, run, start, 9783589871773868
1787664524.033805, NoOp Chain Depth 128 Size 0 Mode ref, Ref Stage 95, run, end, 9783589871864876
1787664524.033822, NoOp Chain Depth 128 Size 0 Mode ref, Ref Stage 96, run, start, 9783589871881532
1787664524.033844, NoOp Chain Depth 128 Size 0 Mode ref, Ref Stage 96, run, end, 9783589871902684
1787664524.033858, NoOp Chain Depth 128 Size 0 Mode ref, Ref Stage 97, run, start, 9783589871917084
1787664524.033882, NoOp Chain Depth 128 Size 0 Mode ref, Ref Stage 97, run, end, 9783589871941228
1787664524.033896, NoOp Chain Depth 128 Size 0 Mode ref, Ref Stage 98, run, start, 9783589871955500
1787664524.033917, NoOp Chain Depth 128 Size 0 Mode ref, Ref Stage 98, run, end, 9783589871976364
1787664524.033931, NoOp Chain Depth 128 Size 0 Mode ref, Ref Stage 99, run, start, 9783589871990316
1787664524.033955, NoOp Chain Depth 128 Size 0 Mode ref, Ref Stage 99, run, end, 9783589872013884
1787664524.033970, NoOp Chain Depth 128 Size 0 Mode ref, Ref Stage 100, run, start, 9783589872029436
1787664524.033994, NoOp Chain Depth 128 Size 0 Mode ref, Ref Stage 100, run, end, 9783589872053756
1787664524.034008, NoOp Chain Depth 128 Size 0 Mode ref, Ref Stage 101, run, start, 9783589872067228
1787664524.034039, NoOp Chain Depth 128 Size 0 Mode ref, Ref Stage 101, run, end, 9783589872098748
1787664524.034054, NoOp Chain Depth 128 Size 0 Mode ref, Ref Stage 102, run, start, 9783589872113548
1787664524.034077, NoOp Chain Depth 128 Size 0 Mode ref, Ref Stage 102, run, end, 9783589872136572
1787664524.034090, NoOp Chain Depth 128 Size 0 Mode ref, Ref Stage 103, run, start, 9783589872148764
1787664524.034121, NoOp Chain Depth 128 Size 0 Mode ref, Ref Stage 103, run, end, 9783589872180332
1787664524.034136, NoOp Chain Depth 128 Size 0 Mode ref, Ref Stage 104, run, start, 9783589872195116
1787664524.034157, NoOp Chain Depth 128 Size 0 Mode ref, Ref Stage 104, run, end, 9783589872216363
1787664524.034172, NoOp Chain Depth 128 Size 0 Mode ref, Ref Stage 105, run, start, 9783589872230955
1787664524.034196, NoOp Chain Depth 128 Size 0 Mode ref, Ref Stage 105, run, end, 9783589872254987
1787664524.034210, NoOp Chain Depth 128 Size 0 Mode ref, Ref Stage 106, run, start, 9783589872269467
1787664524.034231, NoOp Chain Depth 128 Size 0 Mode ref, Ref Stage 106, run, end, 9783589872290475
1787664524.034246, NoOp Chain Depth 128 Size 0 Mode ref, Ref Stage 107, run, start, 9783589872305259
1787664524.034269, NoOp Chain Depth 128 Size 0 Mode ref, Ref Stage 107, run, end, 9783589872328411
1787664524.034285, NoOp Chain Depth 128 Size 0 Mode ref, Ref Stage 108, run, start, 9783589872344011
1787664524.034306, NoOp Chain Depth 128 Size 0 Mode ref, Ref Stage 108, run, end, 9783589872365275
1787664524.034321, NoOp Chain Depth 128 Size 0 Mode ref, Ref Stage 109, run, start, 9783589872380267
1787664524.034342, NoOp Chain Depth 128 Size 0 Mode ref, Ref Stage 109, run, end, 9783589872401547
1787664524.034357, NoOp Chain Depth 128 Size 0 Mode ref, Ref Stage 110, run, start, 9783589872416155
1787664524.034378, NoOp Chain Depth 128 Size 0 Mode ref, Ref Stage 110, run, end, 9783589872436827
1787664524.034393, NoOp Chain Depth 128 Size 0 Mode ref, Ref Stage 111, run, start, 9783589872452347
1787664524.034414, NoOp Chain Depth 128 Size 0 Mode ref, Ref Stage 111, run, end, 9783589872472827
1787664524.034429, NoOp Chain Depth 128 Size 0 Mode ref, Ref Stage 112, run, start, 9783589872488459
1787664524.034451, NoOp Chain Depth 128 Size 0 Mode ref, Ref Stage 112, run, end, 9783589872510459
1787664524.034467, NoOp Chain Depth 128 Size 0 Mode ref, Ref Stage 113, run, start, 9783589872526379
1787664524.034488, NoOp Chain Depth 128 Size 0 Mode ref, Ref Stage 113, run, end, 9783589872547499
1787664524.034503, NoOp Chain Depth 128 Size 0 Mode ref, Ref Stage 114, run, start, 9783589872561723
1787664524.034525, NoOp Chain Depth 128 Size 0 Mode ref, Ref Stage 114, run, end, 9783589872584155
1787664524.034536, NoOp Chain Depth 128 Size 0 Mode ref, Ref Stage 115, run, start, 9783589872595643
1787664524.034567, NoOp Chain Depth 128 Size 0 Mode ref, Ref Stage 115, run, end, 9783589872626331
1787664524.034582, NoOp Chain Depth 128 Size 0 Mode ref, Ref Stage 116, run, start, 9783589872641547
1787664524.034606, NoOp Chain Depth 128 Size 0 Mode ref, Ref Stage 116, run, end, 9783589872665003
1787664524.034617, NoOp Chain Depth 128 Size 0 Mode ref, Ref Stage 117, run, start, 9783589872676587
1787664524.034648, NoOp Chain Depth 128 Size 0 Mode ref, Ref Stage 117, run, end, 9783589872707067
1787664524.034662, NoOp Chain Depth 128 Size 0 Mode ref, Ref Stage 118, run, start, 9783589872721323
1787664524.034683, NoOp Chain Depth 128 Size 0 Mode ref, Ref Stage 118, run, end, 9783589872741771
1787664524.034697, NoOp Chain Depth 128 Size 0 Mode ref, Ref Stage 119, run, start, 9783589872756219
1787664524.034720, NoOp Chain Depth 128 Size 0 Mode ref, Ref Stage 119, run, end, 9783589872779611
1787664524.034963, NoOp Chain Depth 128 Size 0 Mode ref, Ref Stage 120, run, start, 9783589873022603
1787664524.034990, NoOp Chain Depth 128 Size 0 Mode ref, Ref Stage 120, run, end, 9783589873049227
1787664524.035002, NoOp Chain Depth 128 Size 0 Mode ref, Ref Stage 121, run, start, 9783589873061387
1787664524.035035, NoOp Chain Depth 128 Size 0 Mode ref, Ref Stage 121, run, end, 9783589873095323
1787664524.035051, NoOp Chain Depth 128 Size 0 Mode ref, Ref Stage 122, run, start, 9783589873110027
1787664524.035072, NoOp Chain Depth 128 Size 0 Mode ref, Ref Stage 122, run, end, 9783589873131115
1787664524.035086, NoOp Chain Depth 128 Size 0 Mode ref, Ref Stage 123, run, start, 9783589873145467
1787664524.035108, NoOp Chain Depth 128 Size 0 Mode ref, Ref Stage 123, run, end, 9783589873167419
1787664524.035122, NoOp Chain Depth 128 Size 0 Mode ref, Ref Stage 124, run, start, 9783589873181627
1787664524.035143, NoOp Chain Depth 128 Size 0 Mode ref, Ref Stage 124, run, end, 9783589873202715
1787664524.035158, NoOp Chain Depth 128 Size 0 Mode ref, Ref Stage 125, run, start, 9783589873217051
1787664524.035180, NoOp Chain Depth 128 Size 0 Mode ref, Ref Stage 125, run, end, 9783589873239515
1787664524.035197, NoOp Chain Depth 128 Size 0 Mode ref, Ref Stage 126, run, start, 9783589873255899
1787664524.035219, NoOp Chain Depth 128 Size 0 Mode ref, Ref Stage 126, run, end, 9783589873278379
1787664524.035236, NoOp Chain Depth 128 Size 0 Mode ref, Ref Stage 127, run, start, 9783589873295387
1787664524.035257, NoOp Chain Depth 128 Size 0 Mode ref, Ref Stage 127, run, end, 9783589873316219
1787664524.035272, NoOp Chain Depth 128 Size 0 Mode ref, pipeline - train, run, end, 154843388469444187290145831991036475985, 1787664524.028709, 47, 1, 9783589873331211
1787664524.035309, NoOp Chain Depth 128 Size 0 Mode ref, pipeline - train, run, start, 15178396055154629875732214221826187659, 1787664524.035298, 48, 1, 9783589873367851
1787664524.035334, NoOp Chain Depth 128 Size 0 Mode ref, Ref Stage 0, run, start, 9783589873393563
1787664524.035355, NoOp Chain Depth 128 Size 0 Mode ref, Ref Stage 0, run, end, 9783589873414715
1787664524.035370, NoOp Chain Depth 128 Size 0 Mode ref, Ref Stage 1, run, start, 9783589873429419
1787664524.035392, NoOp Chain Depth 128 Size 0 Mode ref, Ref Stage 1, run, end, 9783589873450603
1787664524.035406, NoOp Chain Depth 128 Size 0 Mode ref, Ref Stage 2, run, start, 9783589873465051
1787664524.035429, NoOp Chain Depth 128 Size 0 Mode ref, Ref Stage 2, run, end, 9783589873488395
1787664524.035444, NoOp Chain Depth 128 Size 0 Mode ref, Ref Stage 3, run, start, 9783589873502795
1787664524.035465, NoOp Chain Depth 128 Size 0 Mode ref, Ref Stage 3, run, end, 9783589873523755
1787664524.035479, NoOp Chain Depth 128 Size 0 Mode ref, Ref Stage 4, run, start, 9783589873538299
1787664524.035501, NoOp Chain Depth 128 Size 0 Mode ref, Ref Stage 4, run, end, 9783589873560715
1787664524.035513, NoOp Chain Depth 128 Size 0 Mode ref, Ref Stage 5, run, start, 9783589873572491
1787664524.035544, NoOp Chain Depth 128 Size 0 Mode ref, Ref Stage 5, run, end, 9783589873603499
1787664524.035559, NoOp Chain Depth 128 Size 0 Mode ref, Ref Stage 6, run, start, 9783589873617915
1787664524.035579, NoOp Chain Depth 128 Size 0 Mode ref, Ref Stage 6, run, end, 9783589873640075
1787664524.035596, NoOp Chain Depth 128 Size 0 Mode ref, Ref Stage 7, run, start, 9783589873655179
1787664524.035616, NoOp Chain Depth 128 Size 0 Mode ref, Ref Stage 7, run, end, 9783589873675723
1787664524.035631, NoOp Chain Depth 128 Size 0 Mode ref, Ref Stage 8, run, start, 9783589873689931
1787664524.035652, NoOp Chain Depth 128 Size 0 Mode ref, Ref Stage 8, run, end, 9783589873711643
1787664524.035667, NoOp Chain Depth 128 Size 0 Mode ref, Ref Stage 9, run, start, 9783589873725802
1787664524.035687, NoOp Chain Depth 128 Size 0 Mode ref, Ref Stage 9, run, end, 9783589873746138
1787664524.035701, NoOp Chain Depth 128 Size 0 Mode ref, Ref Stage 10, run, start, 9783589873760730
1787664524.035723, NoOp Chain Depth 128 Size 0 Mode ref, Ref Stage 10, run, end, 9783589873782730
1787664524.035738, NoOp Chain Depth 128 Size 0 Mode ref, Ref Stage 11, run, start, 9783589873796826
1787664524.035758, NoOp Chain Depth 128 Size 0 Mode ref, Ref Stage 11, run, end, 9783589873817322
1787664524.035772, NoOp Chain Depth 128 Size 0 Mode ref, Ref Stage 12, run, start, 9783589873831562
1787664524.035793, NoOp Chain Depth 128 Size 0 Mode ref, Ref Stage 12, run, end, 9783589873852090
1787664524.035809, NoOp Chain Depth 128 Size 0 Mode ref, Ref Stage 13, run, start, 9783589873867930
1787664524.035830, NoOp Chain Depth 128 Size 0 Mode ref, Ref Stage 13, run, end, 9783589873889722
1787664524.035845, NoOp Chain Depth 128 Size 0 Mode ref, Ref Stage 14, run, start, 9783589873904058
1787664524.035865, NoOp Chain Depth 128 Size 0 Mode ref, Ref Stage 14, run, end, 9783589873924538
1787664524.035880, NoOp Chain Depth 128 Size 0 Mode ref, Ref Stage 15, run, start, 9783589873938794
1787664524.035903, NoOp Chain Depth 128 Size 0 Mode ref, Ref Stage 15, run, end, 9783589873961866
1787664524.035914, NoOp Chain Depth 128 Size 0 Mode ref, Ref Stage 16, run, start, 9783589873973546
1787664524.035947, NoOp Chain Depth 128 Size 0 Mode ref, Ref Stage 16, run, end, 9783589874006394
1787664524.035966, NoOp Chain Depth 128 Size 0 Mode ref, Ref Stage 17, run, start, 9783589874025466
1787664524.035988, NoOp Chain Depth 128 Size 0 Mode ref, Ref Stage 17, run, end, 9783589874046970
1787664524.036002, NoOp Chain Depth 128 Size 0 Mode ref, Ref Stage 18, run, start, 9783589874061114
1787664524.036028, NoOp Chain Depth 128 Size 0 Mode ref, Ref Stage 18, run, end, 9783589874086730
1787664524.036042, NoOp Chain Depth 128 Size 0 Mode ref, Ref Stage 19, run, start, 9783589874101002
1787664524.036063, NoOp Chain Depth 128 Size 0 Mode ref, Ref Stage 19, run, end, 9783589874121770
1787664524.036077, NoOp Chain Depth 128 Size 0 Mode ref, Ref Stage 20, run, start, 9783589874136282
1787664524.036098, NoOp Chain Depth 128 Size 0 Mode ref, Ref Stage 20, run, end, 9783589874157194
1787664524.036114, NoOp Chain Depth 128 Size 0 Mode ref, Ref Stage 21, run, start, 9783589874173066
1787664524.036135, NoOp Chain Depth 128 Size 0 Mode ref, Ref Stage 21, run, end, 9783589874193722
1787664524.036149, NoOp Chain Depth 128 Size 0 Mode ref, Ref Stage 22, run, start, 9783589874208410
1787664524.036170, NoOp Chain Depth 128 Size 0 Mode ref, Ref Stage 22, run, end, 9783589874229402
1787664524.036185, NoOp Chain Depth 128 Size 0 Mode ref, Ref Stage 23, run, start, 9783589874243866
1787664524.036205, NoOp Chain Depth 128 Size 0 Mode ref, Ref Stage 23, run, end, 9783589874264426
1787664524.036220, NoOp Chain Depth 128 Size 0 Mode ref, Ref Stage 24, run, start, 9783589874279786
1787664524.036241, NoOp Chain Depth 128 Size 0 Mode ref, Ref Stage 24, run, end, 9783589874300122
1787664524.036256, NoOp Chain Depth 128 Size 0 Mode ref, Ref Stage 25, run, start, 9783589874315418
1787664524.036277, NoOp Chain Depth 128 Size 0 Mode ref, Ref Stage 25, run, end, 9783589874336330
1787664524.036291, NoOp Chain Depth 128 Size 0 Mode ref, Ref Stage 26, run, start, 9783589874350522
1787664524.036312, NoOp Chain Depth 128 Size 0 Mode ref, Ref Stage 26, run, end, 9783589874370762
1787664524.036326, NoOp Chain Depth 128 Size 0 Mode ref, Ref Stage 27, run, start, 9783589874385402
1787664524.036347, NoOp Chain Depth 128 Size 0 Mode ref, Ref Stage 27, run, end, 9783589874405834
1787664524.036361, NoOp Chain Depth 128 Size 0 Mode ref, Ref Stage 28, run, start, 9783589874420154
1787664524.036381, NoOp Chain Depth 128 Size 0 Mode ref, Ref Stage 28, run, end, 9783589874440778
1787664524.036396, NoOp Chain Depth 128 Size 0 Mode ref, Ref Stage 29, run, start, 9783589874455338
1787664524.036419, NoOp Chain Depth 128 Size 0 Mode ref, Ref Stage 29, run, end, 9783589874478442
1787664524.036435, NoOp Chain Depth 128 Size 0 Mode ref, Ref Stage 30, run, start, 9783589874493994
1787664524.036455, NoOp Chain Depth 128 Size 0 Mode ref, Ref Stage 30, run, end, 9783589874514346
1787664524.036469, NoOp Chain Depth 128 Size 0 Mode ref, Ref Stage 31, run, start, 9783589874528474
1787664524.036489, NoOp Chain Depth 128 Size 0 Mode ref, Ref Stage 31, run, end, 9783589874548698
1787664524.036504, NoOp Chain Depth 128 Size 0 Mode ref, Ref Stage 32, run, start, 9783589874563050
1787664524.036524, NoOp Chain Depth 128 Size 0 Mode ref, Ref Stage 32, run, end, 9783589874583418
1787664524.036538, NoOp Chain Depth 128 Size 0 Mode ref, Ref Stage 33, run, start, 9783589874597690
1787664524.036559, NoOp Chain Depth 128 Size 0 Mode ref, Ref Stage 33, run, end, 9783589874618506
1787664524.036573, NoOp Chain Depth 128 Size 0 Mode ref, Ref Stage 34, run, start, 9783589874632682
1787664524.036597, NoOp Chain Depth 128 Size 0 Mode ref, Ref Stage 34, run, end, 9783589874655626
1787664524.036612, NoOp Chain Depth 128 Size 0 Mode ref, Ref Stage 35, run, start, 9783589874671530
1787664524.036633, NoOp Chain Depth 128 Size 0 Mode ref, Ref Stage 35, run, end, 9783589874692042
1787664524.036647, NoOp Chain Depth 128 Size 0 Mode ref, Ref Stage 36, run, start, 9783589874706634
1787664524.036668, NoOp Chain Depth 128 Size 0 Mode ref, Ref Stage 36, run, end, 9783589874727082
1787664524.036682, NoOp Chain Depth 128 Size 0 Mode ref, Ref Stage 37, run, start, 9783589874741274
1787664524.036704, NoOp Chain Depth 128 Size 0 Mode ref, Ref Stage 37, run, end, 9783589874763450
1787664524.036719, NoOp Chain Depth 128 Size 0 Mode ref, Ref Stage 38, run, start, 9783589874778682
1787664524.036741, NoOp Chain Depth 128 Size 0 Mode ref, Ref Stage 38, run, end, 9783589874800378
1787664524.036754, NoOp Chain Depth 128 Size 0 Mode ref, Ref Stage 39, run, start, 9783589874813514
1787664524.036786, NoOp Chain Depth 128 Size 0 Mode ref, Ref Stage 39, run, end, 9783589874845322
1787664524.036798, NoOp Chain Depth 128 Size 0 Mode ref, Ref Stage 40, run, start, 9783589874857690
1787664524.036829, NoOp Chain Depth 128 Size 0 Mode ref, Ref Stage 40, run, end, 9783589874888282
1787664524.036844, NoOp Chain Depth 128 Size 0 Mode ref, Ref Stage 41, run, start, 9783589874903866
1787664524.036865, NoOp Chain Depth 128 Size 0 Mode ref, Ref Stage 41, run, end, 9783589874924234
1787664524.036880, NoOp Chain Depth 128 Size 0 Mode ref, Ref Stage 42, run, start, 9783589874939386
1787664524.036902, NoOp Chain Depth 128 Size 0 Mode ref, Ref Stage 42, run, end, 9783589874960970
1787664524.036917, NoOp Chain Depth 128 Size 0 Mode ref, Ref Stage 43, run, start, 9783589874976298
1787664524.037122, NoOp Chain Depth 128 Size 0 Mode ref, Ref Stage 43, run, end, 9783589875182874
1787664524.037138, NoOp Chain Depth 128 Size 0 Mode ref, Ref Stage 44, run, start, 9783589875197178
1787664524.037285, NoOp Chain Depth 128 Size 0 Mode ref, Ref Stage 44, run, end, 9783589875344681
1787664524.037301, NoOp Chain Depth 128 Size 0 Mode ref, Ref Stage 45, run, start, 9783589875359881
1787664524.037323, NoOp Chain Depth 128 Size 0 Mode ref, Ref Stage 45, run, end, 9783589875382777
1787664524.037335, NoOp Chain Depth 128 Size 0 Mode ref, Ref Stage 46, run, start, 9783589875394393
1787664524.037366, NoOp Chain Depth 128 Size 0 Mode ref, Ref Stage 46, run, end, 9783589875425385
1787664524.037381, NoOp Chain Depth 128 Size 0 Mode ref, Ref Stage 47, run, start, 9783589875440009
1787664524.037402, NoOp Chain Depth 128 Size 0 Mode ref, Ref Stage 47, run, end, 9783589875460921
1787664524.037416, NoOp Chain Depth 128 Size 0 Mode ref, Ref Stage 48, run, start, 9783589875475241
1787664524.037437, NoOp Chain Depth 128 Size 0 Mode ref, Ref Stage 48, run, end, 9783589875496409
1787664524.037452, NoOp Chain Depth 128 Size 0 Mode ref, Ref Stage 49, run, start, 9783589875511017
1787664524.037473, NoOp Chain Depth 128 Size 0 Mode ref, Ref Stage 49, run, end, 9783589875532025
1787664524.037487, NoOp Chain Depth 128 Size 0 Mode ref, Ref Stage 50, run, start, 9783589875546441
1787664524.037510, NoOp Chain Depth 128 Size 0 Mode ref, Ref Stage 50, run, end, 9783589875569177
1787664524.037524, NoOp Chain Depth 128 Size 0 Mode ref, Ref Stage 51, run, start, 9783589875583641
1787664524.037545, NoOp Chain Depth 128 Size 0 Mode ref, Ref Stage 51, run, end, 9783589875604281
1787664524.037559, NoOp Chain Depth 128 Size 0 Mode ref, Ref Stage 52, run, start, 9783589875618617
1787664524.037580, NoOp Chain Depth 128 Size 0 Mode ref, Ref Stage 52, run, end, 9783589875639417
1787664524.037594, NoOp Chain Depth 128 Size 0 Mode ref, Ref Stage 53, run, start, 9783589875653801
1787664524.037615, NoOp Chain Depth 128 Size 0 Mode ref, Ref Stage 53, run, end, 9783589875674505
1787664524.037630, NoOp Chain Depth 128 Size 0 Mode ref, Ref Stage 54, run, start, 9783589875690665
1787664524.037652, NoOp Chain Depth 128 Size 0 Mode ref, Ref Stage 54, run, end, 9783589875711321
1787664524.037666, NoOp Chain Depth 128 Size 0 Mode ref, Ref Stage 55, run, start, 9783589875725369
1787664524.037688, NoOp Chain Depth 128 Size 0 Mode ref, Ref Stage 55, run, end, 9783589875747161
1787664524.037702, NoOp Chain Depth 128 Size 0 Mode ref, Ref Stage 56, run, start, 9783589875761433
1787664524.037724, NoOp Chain Depth 128 Size 0 Mode ref, Ref Stage 56, run, end, 9783589875783113
1787664524.037738, NoOp Chain Depth 128 Size 0 Mode ref, Ref Stage 57, run, start, 9783589875797481
1787664524.037759, NoOp Chain Depth 128 Size 0 Mode ref, Ref Stage 57, run, end, 9783589875817961
1787664524.037776, NoOp Chain Depth 128 Size 0 Mode ref, Ref Stage 58, run, start, 9783589875835497
1787664524.037798, NoOp Chain Depth 128 Size 0 Mode ref, Ref Stage 58, run, end, 9783589875857593
1787664524.037815, NoOp Chain Depth 128 Size 0 Mode ref, Ref Stage 59, run, start, 9783589875874505
1787664524.037838, NoOp Chain Depth 128 Size 0 Mode ref, Ref Stage 59, run, end, 9783589875896745
1787664524.037849, NoOp Chain Depth 128 Size 0 Mode ref, Ref Stage 60, run, start, 9783589875908505
1787664524.037883, NoOp Chain Depth 128 Size 0 Mode ref, Ref Stage 60, run, end, 9783589875942297
1787664524.037898, NoOp Chain Depth 128 Size 0 Mode ref, Ref Stage 61, run, start, 9783589875957561
1787664524.037919, NoOp Chain Depth 128 Size 0 Mode ref, Ref Stage 61, run, end, 9783589875978217
1787664524.037933, NoOp Chain Depth 128 Size 0 Mode ref, Ref Stage 62, run, start, 9783589875992521
1787664524.037956, NoOp Chain Depth 128 Size 0 Mode ref, Ref Stage 62, run, end, 9783589876015369
1787664524.037971, NoOp Chain Depth 128 Size 0 Mode ref, Ref Stage 63, run, start, 9783589876030441
1787664524.037992, NoOp Chain Depth 128 Size 0 Mode ref, Ref Stage 63, run, end, 9783589876051017
1787664524.038006, NoOp Chain Depth 128 Size 0 Mode ref, Ref Stage 64, run, start, 9783589876065177
1787664524.038027, NoOp Chain Depth 128 Size 0 Mode ref, Ref Stage 64, run, end, 9783589876085897
1787664524.038041, NoOp Chain Depth 128 Size 0 Mode ref, Ref Stage 65, run, start, 9783589876100137
1787664524.038062, NoOp Chain Depth 128 Size 0 Mode ref, Ref Stage 65, run, end, 9783589876121049
1787664524.038076, NoOp Chain Depth 128 Size 0 Mode ref, Ref Stage 66, run, start, 9783589876135465
1787664524.038098, NoOp Chain Depth 128 Size 0 Mode ref, Ref Stage 66, run, end, 9783589876157577
1787664524.038113, NoOp Chain Depth 128 Size 0 Mode ref, Ref Stage 67, run, start, 9783589876171897
1787664524.038133, NoOp Chain Depth 128 Size 0 Mode ref, Ref Stage 67, run, end, 9783589876192473
1787664524.038148, NoOp Chain Depth 128 Size 0 Mode ref, Ref Stage 68, run, start, 9783589876207433
1787664524.038170, NoOp Chain Depth 128 Size 0 Mode ref, Ref Stage 68, run, end, 9783589876229129
1787664524.038185, NoOp Chain Depth 128 Size 0 Mode ref, Ref Stage 69, run, start, 9783589876244681
1787664524.038211, NoOp Chain Depth 128 Size 0 Mode ref, Ref Stage 69, run, end, 9783589876270441
1787664524.038223, NoOp Chain Depth 128 Size 0 Mode ref, Ref Stage 70, run, start, 9783589876282713
1787664524.038254, NoOp Chain Depth 128 Size 0 Mode ref, Ref Stage 70, run, end, 9783589876313433
1787664524.038269, NoOp Chain Depth 128 Size 0 Mode ref, Ref Stage 71, run, start, 9783589876327817
1787664524.038291, NoOp Chain Depth 128 Size 0 Mode ref, Ref Stage 71, run, end, 9783589876349753
1787664524.038305, NoOp Chain Depth 128 Size 0 Mode ref, Ref Stage 72, run, start, 9783589876364153
1787664524.038728, NoOp Chain Depth 128 Size 0 Mode ref, Ref Stage 72, run, end, 9783589876788200
1787664524.038861, NoOp Chain Depth 128 Size 0 Mode ref, Ref Stage 73, run, start, 9783589876921144
1787664524.038886, NoOp Chain Depth 128 Size 0 Mode ref, Ref Stage 73, run, end, 9783589876945096
1787664524.038901, NoOp Chain Depth 128 Size 0 Mode ref, Ref Stage 74, run, start, 9783589876960152
1787664524.038922, NoOp Chain Depth 128 Size 0 Mode ref, Ref Stage 74, run, end, 9783589876981528
1787664524.038937, NoOp Chain Depth 128 Size 0 Mode ref, Ref Stage 75, run, start, 9783589876996008
1787664524.038960, NoOp Chain Depth 128 Size 0 Mode ref, Ref Stage 75, run, end, 9783589877018808
1787664524.038975, NoOp Chain Depth 128 Size 0 Mode ref, Ref Stage 76, run, start, 9783589877034424
1787664524.038997, NoOp Chain Depth 128 Size 0 Mode ref, Ref Stage 76, run, end, 9783589877056600
1787664524.039009, NoOp Chain Depth 128 Size 0 Mode ref, Ref Stage 77, run, start, 9783589877068376
1787664524.039040, NoOp Chain Depth 128 Size 0 Mode ref, Ref Stage 77, run, end, 9783589877099288
1787664524.039055, NoOp Chain Depth 128 Size 0 Mode ref, Ref Stage 78, run, start, 9783589877114104
1787664524.039082, NoOp Chain Depth 128 Size 0 Mode ref, Ref Stage 78, run, end, 9783589877141272
1787664524.039099, NoOp Chain Depth 128 Size 0 Mode ref, Ref Stage 79, run, start, 9783589877157976
1787664524.039120, NoOp Chain Depth 128 Size 0 Mode ref, Ref Stage 79, run, end, 9783589877178872
1787664524.039134, NoOp Chain Depth 128 Size 0 Mode ref, Ref Stage 80, run, start, 9783589877193448
1787664524.039155, NoOp Chain Depth 128 Size 0 Mode ref, Ref Stage 80, run, end, 9783589877214504
1787664524.039169, NoOp Chain Depth 128 Size 0 Mode ref, Ref Stage 81, run, start, 9783589877228600
1787664524.039190, NoOp Chain Depth 128 Size 0 Mode ref, Ref Stage 81, run, end, 9783589877249224
1787664524.039206, NoOp Chain Depth 128 Size 0 Mode ref, Ref Stage 82, run, start, 9783589877264808
1787664524.039226, NoOp Chain Depth 128 Size 0 Mode ref, Ref Stage 82, run, end, 9783589877285448
1787664524.039240, NoOp Chain Depth 128 Size 0 Mode ref, Ref Stage 83, run, start, 9783589877299720
1787664524.039261, NoOp Chain Depth 128 Size 0 Mode ref, Ref Stage 83, run, end, 9783589877320072
1787664524.039276, NoOp Chain Depth 128 Size 0 Mode ref, Ref Stage 84, run, start, 9783589877334920
1787664524.039297, NoOp Chain Depth 128 Size 0 Mode ref, Ref Stage 84, run, end, 9783589877355608
1787664524.039311, NoOp Chain Depth 128 Size 0 Mode ref, Ref Stage 85, run, start, 9783589877369896
1787664524.039332, NoOp Chain Depth 128 Size 0 Mode ref, Ref Stage 85, run, end, 9783589877390728
1787664524.039347, NoOp Chain Depth 128 Size 0 Mode ref, Ref Stage 86, run, start, 9783589877406824
1787664524.039368, NoOp Chain Depth 128 Size 0 Mode ref, Ref Stage 86, run, end, 9783589877427784
1787664524.039383, NoOp Chain Depth 128 Size 0 Mode ref, Ref Stage 87, run, start, 9783589877442088
1787664524.039408, NoOp Chain Depth 128 Size 0 Mode ref, Ref Stage 87, run, end, 9783589877467400
1787664524.039420, NoOp Chain Depth 128 Size 0 Mode ref, Ref Stage 88, run, start, 9783589877479304
1787664524.039451, NoOp Chain Depth 128 Size 0 Mode ref, Ref Stage 88, run, end, 9783589877510648
1787664524.039466, NoOp Chain Depth 128 Size 0 Mode ref, Ref Stage 89, run, start, 9783589877525208
1787664524.039487, NoOp Chain Depth 128 Size 0 Mode ref, Ref Stage 89, run, end, 9783589877546504
1787664524.039502, NoOp Chain Depth 128 Size 0 Mode ref, Ref Stage 90, run, start, 9783589877561112
1787664524.039523, NoOp Chain Depth 128 Size 0 Mode ref, Ref Stage 90, run, end, 9783589877582552
1787664524.039538, NoOp Chain Depth 128 Size 0 Mode ref, Ref Stage 91, run, start, 9783589877597352
1787664524.039560, NoOp Chain Depth 128 Size 0 Mode ref, Ref Stage 91, run, end, 9783589877619224
1787664524.039574, NoOp Chain Depth 128 Size 0 Mode ref, Ref Stage 92, run, start, 9783589877633544
1787664524.039597, NoOp Chain Depth 128 Size 0 Mode ref, Ref Stage 92, run, end, 9783589877656552
1787664524.039612, NoOp Chain Depth 128 Size 0 Mode ref, Ref Stage 93, run, start, 9783589877670984
1787664524.039632, NoOp Chain Depth 128 Size 0 Mode ref, Ref Stage 93, run, end, 9783589877691576
1787664524.039647, NoOp Chain Depth 128 Size 0 Mode ref, Ref Stage 94, run, start, 9783589877705864
1787664524.039667, NoOp Chain Depth 128 Size 0 Mode ref, Ref Stage 94, run, end, 9783589877726296
1787664524.039681, NoOp Chain Depth 128 Size 0 Mode ref, Ref Stage 95, run, start, 9783589877740584
1787664524.039703, NoOp Chain Depth 128 Size 0 Mode ref, Ref Stage 95, run, end, 9783589877762440
1787664524.039717, NoOp Chain Depth 128 Size 0 Mode ref, Ref Stage 96, run, start, 9783589877776696
1787664524.039738, NoOp Chain Depth 128 Size 0 Mode ref, Ref Stage 96, run, end, 9783589877797080
1787664524.039753, NoOp Chain Depth 128 Size 0 Mode ref, Ref Stage 97, run, start, 9783589877812632
1787664524.039776, NoOp Chain Depth 128 Size 0 Mode ref, Ref Stage 97, run, end, 9783589877834856
1787664524.039790, NoOp Chain Depth 128 Size 0 Mode ref, Ref Stage 98, run, start, 9783589877849160
1787664524.039811, NoOp Chain Depth 128 Size 0 Mode ref, Ref Stage 98, run, end, 9783589877869992
1787664524.039825, NoOp Chain Depth 128 Size 0 Mode ref, Ref Stage 99, run, start, 9783589877884264
1787664524.039847, NoOp Chain Depth 128 Size 0 Mode ref, Ref Stage 99, run, end, 9783589877906424
1787664524.039862, NoOp Chain Depth 128 Size 0 Mode ref, Ref Stage 100, run, start, 9783589877921016
1787664524.039884, NoOp Chain Depth 128 Size 0 Mode ref, Ref Stage 100, run, end, 9783589877943336
1787664524.039896, NoOp Chain Depth 128 Size 0 Mode ref, Ref Stage 101, run, start, 9783589877955096
1787664524.039928, NoOp Chain Depth 128 Size 0 Mode ref, Ref Stage 101, run, end, 9783589877987320
1787664524.039943, NoOp Chain Depth 128 Size 0 Mode ref, Ref Stage 102, run, start, 9783589878003256
1787664524.039968, NoOp Chain Depth 128 Size 0 Mode ref, Ref Stage 102, run, end, 9783589878026936
1787664524.039979, NoOp Chain Depth 128 Size 0 Mode ref, Ref Stage 103, run, start, 9783589878038504
1787664524.040011, NoOp Chain Depth 128 Size 0 Mode ref, Ref Stage 103, run, end, 9783589878070584
1787664524.040026, NoOp Chain Depth 128 Size 0 Mode ref, Ref Stage 104, run, start, 9783589878085016
1787664524.040046, NoOp Chain Depth 128 Size 0 Mode ref, Ref Stage 104, run, end, 9783589878105656
1787664524.040061, NoOp Chain Depth 128 Size 0 Mode ref, Ref Stage 105, run, start, 9783589878120184
1787664524.040084, NoOp Chain Depth 128 Size 0 Mode ref, Ref Stage 105, run, end, 9783589878143288
1787664524.040098, NoOp Chain Depth 128 Size 0 Mode ref, Ref Stage 106, run, start, 9783589878157576
1787664524.040119, NoOp Chain Depth 128 Size 0 Mode ref, Ref Stage 106, run, end, 9783589878178328
1787664524.040133, NoOp Chain Depth 128 Size 0 Mode ref, Ref Stage 107, run, start, 9783589878192600
1787664524.040154, NoOp Chain Depth 128 Size 0 Mode ref, Ref Stage 107, run, end, 9783589878213464
1787664524.040169, NoOp Chain Depth 128 Size 0 Mode ref, Ref Stage 108, run, start, 9783589878227560
1787664524.040190, NoOp Chain Depth 128 Size 0 Mode ref, Ref Stage 108, run, end, 9783589878249176
1787664524.040205, NoOp Chain Depth 128 Size 0 Mode ref, Ref Stage 109, run, start, 9783589878264904
1787664524.040226, NoOp Chain Depth 128 Size 0 Mode ref, Ref Stage 109, run, end, 9783589878285672
1787664524.040241, NoOp Chain Depth 128 Size 0 Mode ref, Ref Stage 110, run, start, 9783589878299943
1787664524.040261, NoOp Chain Depth 128 Size 0 Mode ref, Ref Stage 110, run, end, 9783589878320551
1787664524.040277, NoOp Chain Depth 128 Size 0 Mode ref, Ref Stage 111, run, start, 9783589878336535
1787664524.040298, NoOp Chain Depth 128 Size 0 Mode ref, Ref Stage 111, run, end, 9783589878357095
1787664524.040312, NoOp Chain Depth 128 Size 0 Mode ref, Ref Stage 112, run, start, 9783589878371383
1787664524.040334, NoOp Chain Depth 128 Size 0 Mode ref, Ref Stage 112, run, end, 9783589878393447
1787664524.040349, NoOp Chain Depth 128 Size 0 Mode ref, Ref Stage 113, run, start, 9783589878408663
1787664524.040371, NoOp Chain Depth 128 Size 0 Mode ref, Ref Stage 113, run, end, 9783589878430151
1787664524.040385, NoOp Chain Depth 128 Size 0 Mode ref, Ref Stage 114, run, start, 9783589878444263
1787664524.040407, NoOp Chain Depth 128 Size 0 Mode ref, Ref Stage 114, run, end, 9783589878466599
1787664524.040750, NoOp Chain Depth 128 Size 0 Mode ref, Ref Stage 115, run, start, 9783589878810455
1787664524.040775, NoOp Chain Depth 128 Size 0 Mode ref, Ref Stage 115, run, end, 9783589878835991
1787664524.040907, NoOp Chain Depth 128 Size 0 Mode ref, Ref Stage 116, run, start, 9783589878966375
1787664524.040930, NoOp Chain Depth 128 Size 0 Mode ref, Ref Stage 116, run, end, 9783589878989095
1787664524.040947, NoOp Chain Depth 128 Size 0 Mode ref, Ref Stage 117, run, start, 9783589879006167
1787664524.040969, NoOp Chain Depth 128 Size 0 Mode ref, Ref Stage 117, run, end, 9783589879028407
1787664524.040983, NoOp Chain Depth 128 Size 0 Mode ref, Ref Stage 118, run, start, 9783589879043015
1787664524.041005, NoOp Chain Depth 128 Size 0 Mode ref, Ref Stage 118, run, end, 9783589879063783
1787664524.041019, NoOp Chain Depth 128 Size 0 Mode ref, Ref Stage 119, run, start, 9783589879078263
1787664524.041042, NoOp Chain Depth 128 Size 0 Mode ref, Ref Stage 119, run, end, 9783589879101015
1787664524.041054, NoOp Chain Depth 128 Size 0 Mode ref, Ref Stage 120, run, start, 9783589879112743
1787664524.041088, NoOp Chain Depth 128 Size 0 Mode ref, Ref Stage 120, run, end, 9783589879147223
1787664524.041100, NoOp Chain Depth 128 Size 0 Mode ref, Ref Stage 121, run, start, 9783589879158919
1787664524.041131, NoOp Chain Depth 128 Size 0 Mode ref, Ref Stage 121, run, end, 9783589879190215
1787664524.041145, NoOp Chain Depth 128 Size 0 Mode ref, Ref Stage 122, run, start, 9783589879204679
1787664524.041166, NoOp Chain Depth 128 Size 0 Mode ref, Ref Stage 122, run, end, 9783589879225511
1787664524.041181, NoOp Chain Depth 128 Size 0 Mode ref, Ref Stage 123, run, start, 9783589879239911
1787664524.041203, NoOp Chain Depth 128 Size 0 Mode ref, Ref Stage 123, run, end, 9783589879261879
1787664524.041218, NoOp Chain Depth 128 Size 0 Mode ref, Ref Stage 124, run, start, 9783589879277239
1787664524.041239, NoOp Chain Depth 128 Size 0 Mode ref, Ref Stage 124, run, end, 9783589879297799
1787664524.041255, NoOp Chain Depth 128 Size 0 Mode ref, Ref Stage 125, run, start, 9783589879313911
1787664524.041277, NoOp Chain Depth 128 Size 0 Mode ref, Ref Stage 125, run, end, 9783589879335735
1787664524.041291, NoOp Chain Depth 128 Size 0 Mode ref, Ref Stage 126, run, start, 9783589879350199
1787664524.041312, NoOp Chain Depth 128 Size 0 Mode ref, Ref Stage 126, run, end, 9783589879370647
1787664524.041326, NoOp Chain Depth 128 Size 0 Mode ref, Ref Stage 127, run, start, 9783589879385767
1787664524.041347, NoOp Chain Depth 128 Size 0 Mode ref, Ref Stage 127, run, end, 9783589879406231
1787664524.041362, NoOp Chain Depth 128 Size 0 Mode ref, pipeline - train, run, end, 15178396055154629875732214221826187659, 1787664524.035298, 48, 1, 9783589879421479
1787664524.041399, NoOp Chain Depth 128 Size 0 Mode ref, pipeline - train, run, start, 229663131443562221684969070984654221832, 1787664524.041388, 49, 1, 9783589879458439
1787664524.041423, NoOp Chain Depth 128 Size 0 Mode ref, Ref Stage 0, run, start, 9783589879482167
1787664524.041444, NoOp Chain Depth 128 Size 0 Mode ref, Ref Stage 0, run, end, 9783589879503223
1787664524.041458, NoOp Chain Depth 128 Size 0 Mode ref, Ref Stage 1, run, start, 9783589879517703
1787664524.041479, NoOp Chain Depth 128 Size 0 Mode ref, Ref Stage 1, run, end, 9783589879538791
1787664524.041494, NoOp Chain Depth 128 Size 0 Mode ref, Ref Stage 2, run, start, 9783589879553255
1787664524.041515, NoOp Chain Depth 128 Size 0 Mode ref, Ref Stage 2, run, end, 9783589879573959
1787664524.041529, NoOp Chain Depth 128 Size 0 Mode ref, Ref Stage 3, run, start, 9783589879588279
1787664524.041550, NoOp Chain Depth 128 Size 0 Mode ref, Ref Stage 3, run, end, 9783589879608967
1787664524.041564, NoOp Chain Depth 128 Size 0 Mode ref, Ref Stage 4, run, start, 9783589879623303
1787664524.041657, NoOp Chain Depth 128 Size 0 Mode ref, Ref Stage 4, run, end, 9783589879716743
1787664524.041670, NoOp Chain Depth 128 Size 0 Mode ref, Ref Stage 5, run, start, 9783589879729383
1787664524.041705, NoOp Chain Depth 128 Size 0 Mode ref, Ref Stage 5, run, end, 9783589879768343
1787664524.041724, NoOp Chain Depth 128 Size 0 Mode ref, Ref Stage 6, run, start, 9783589879783399
1787664524.041745, NoOp Chain Depth 128 Size 0 Mode ref, Ref Stage 6, run, end, 9783589879804231
1787664524.041759, NoOp Chain Depth 128 Size 0 Mode ref, Ref Stage 7, run, start, 9783589879818551
1787664524.041780, NoOp Chain Depth 128 Size 0 Mode ref, Ref Stage 7, run, end, 9783589879839366
1787664524.041794, NoOp Chain Depth 128 Size 0 Mode ref, Ref Stage 8, run, start, 9783589879853670
1787664524.041816, NoOp Chain Depth 128 Size 0 Mode ref, Ref Stage 8, run, end, 9783589879875782
1787664524.041831, NoOp Chain Depth 128 Size 0 Mode ref, Ref Stage 9, run, start, 9783589879889942
1787664524.041854, NoOp Chain Depth 128 Size 0 Mode ref, Ref Stage 9, run, end, 9783589879913190
1787664524.041868, NoOp Chain Depth 128 Size 0 Mode ref, Ref Stage 10, run, start, 9783589879927414
1787664524.041891, NoOp Chain Depth 128 Size 0 Mode ref, Ref Stage 10, run, end, 9783589879949782
1787664524.041906, NoOp Chain Depth 128 Size 0 Mode ref, Ref Stage 11, run, start, 9783589879965862
1787664524.041927, NoOp Chain Depth 128 Size 0 Mode ref, Ref Stage 11, run, end, 9783589879986550
1787664524.041942, NoOp Chain Depth 128 Size 0 Mode ref, Ref Stage 12, run, start, 9783589880002518
1787664524.041965, NoOp Chain Depth 128 Size 0 Mode ref, Ref Stage 12, run, end, 9783589880024054
1787664524.041979, NoOp Chain Depth 128 Size 0 Mode ref, Ref Stage 13, run, start, 9783589880038582
1787664524.042000, NoOp Chain Depth 128 Size 0 Mode ref, Ref Stage 13, run, end, 9783589880059382
1787664524.042015, NoOp Chain Depth 128 Size 0 Mode ref, Ref Stage 14, run, start, 9783589880074598
1787664524.042036, NoOp Chain Depth 128 Size 0 Mode ref, Ref Stage 14, run, end, 9783589880095206
1787664524.042051, NoOp Chain Depth 128 Size 0 Mode ref, Ref Stage 15, run, start, 9783589880109878
1787664524.042072, NoOp Chain Depth 128 Size 0 Mode ref, Ref Stage 15, run, end, 9783589880131286
1787664524.042086, NoOp Chain Depth 128 Size 0 Mode ref, Ref Stage 16, run, start, 9783589880145670
1787664524.042107, NoOp Chain Depth 128 Size 0 Mode ref, Ref Stage 16, run, end, 9783589880166406
1787664524.042121, NoOp Chain Depth 128 Size 0 Mode ref, Ref Stage 17, run, start, 9783589880180822
1787664524.042142, NoOp Chain Depth 128 Size 0 Mode ref, Ref Stage 17, run, end, 9783589880201590
1787664524.044956, NoOp Chain Depth 128 Size 0 Mode ref, Ref Stage 18, run, start, 9783589883017316
1787664524.044987, NoOp Chain Depth 128 Size 0 Mode ref, Ref Stage 18, run, end, 9783589883046516
1787664524.045797, NoOp Chain Depth 128 Size 0 Mode ref, Ref Stage 19, run, start, 9783589883857220
1787664524.045822, NoOp Chain Depth 128 Size 0 Mode ref, Ref Stage 19, run, end, 9783589883881700
1787664524.045838, NoOp Chain Depth 128 Size 0 Mode ref, Ref Stage 20, run, start, 9783589883897156
1787664524.045860, NoOp Chain Depth 128 Size 0 Mode ref, Ref Stage 20, run, end, 9783589883918788
1787664524.045874, NoOp Chain Depth 128 Size 0 Mode ref, Ref Stage 21, run, start, 9783589883933556
1787664524.045895, NoOp Chain Depth 128 Size 0 Mode ref, Ref Stage 21, run, end, 9783589883954500
1787664524.045910, NoOp Chain Depth 128 Size 0 Mode ref, Ref Stage 22, run, start, 9783589883969380
1787664524.045931, NoOp Chain Depth 128 Size 0 Mode ref, Ref Stage 22, run, end, 9783589883990212
1787664524.045947, NoOp Chain Depth 128 Size 0 Mode ref, Ref Stage 23, run, start, 9783589884006644
1787664524.045969, NoOp Chain Depth 128 Size 0 Mode ref, Ref Stage 23, run, end, 9783589884028532
1787664524.045984, NoOp Chain Depth 128 Size 0 Mode ref, Ref Stage 24, run, start, 9783589884042948
1787664524.046005, NoOp Chain Depth 128 Size 0 Mode ref, Ref Stage 24, run, end, 9783589884064116
1787664524.046019, NoOp Chain Depth 128 Size 0 Mode ref, Ref Stage 25, run, start, 9783589884078356
1787664524.046040, NoOp Chain Depth 128 Size 0 Mode ref, Ref Stage 25, run, end, 9783589884099236
1787664524.046054, NoOp Chain Depth 128 Size 0 Mode ref, Ref Stage 26, run, start, 9783589884113540
1787664524.046075, NoOp Chain Depth 128 Size 0 Mode ref, Ref Stage 26, run, end, 9783589884134308
1787664524.046089, NoOp Chain Depth 128 Size 0 Mode ref, Ref Stage 27, run, start, 9783589884148660
1787664524.046110, NoOp Chain Depth 128 Size 0 Mode ref, Ref Stage 27, run, end, 9783589884169476
1787664524.046124, NoOp Chain Depth 128 Size 0 Mode ref, Ref Stage 28, run, start, 9783589884183636
1787664524.046145, NoOp Chain Depth 128 Size 0 Mode ref, Ref Stage 28, run, end, 9783589884203924
1787664524.046159, NoOp Chain Depth 128 Size 0 Mode ref, Ref Stage 29, run, start, 9783589884218196
1787664524.046179, NoOp Chain Depth 128 Size 0 Mode ref, Ref Stage 29, run, end, 9783589884238596
1787664524.046193, NoOp Chain Depth 128 Size 0 Mode ref, Ref Stage 30, run, start, 9783589884252772
1787664524.046214, NoOp Chain Depth 128 Size 0 Mode ref, Ref Stage 30, run, end, 9783589884273188
1787664524.046228, NoOp Chain Depth 128 Size 0 Mode ref, Ref Stage 31, run, start, 9783589884287684
1787664524.046252, NoOp Chain Depth 128 Size 0 Mode ref, Ref Stage 31, run, end, 9783589884310644
1787664524.046266, NoOp Chain Depth 128 Size 0 Mode ref, Ref Stage 32, run, start, 9783589884324932
1787664524.046286, NoOp Chain Depth 128 Size 0 Mode ref, Ref Stage 32, run, end, 9783589884345412
1787664524.046300, NoOp Chain Depth 128 Size 0 Mode ref, Ref Stage 33, run, start, 9783589884359668
1787664524.046321, NoOp Chain Depth 128 Size 0 Mode ref, Ref Stage 33, run, end, 9783589884380244
1787664524.046335, NoOp Chain Depth 128 Size 0 Mode ref, Ref Stage 34, run, start, 9783589884394403
1787664524.046356, NoOp Chain Depth 128 Size 0 Mode ref, Ref Stage 34, run, end, 9783589884415139
1787664524.046370, NoOp Chain Depth 128 Size 0 Mode ref, Ref Stage 35, run, start, 9783589884429363
1787664524.046391, NoOp Chain Depth 128 Size 0 Mode ref, Ref Stage 35, run, end, 9783589884450083
1787664524.046405, NoOp Chain Depth 128 Size 0 Mode ref, Ref Stage 36, run, start, 9783589884464547
1787664524.046426, NoOp Chain Depth 128 Size 0 Mode ref, Ref Stage 36, run, end, 9783589884485187
1787664524.046440, NoOp Chain Depth 128 Size 0 Mode ref, Ref Stage 37, run, start, 9783589884499475
1787664524.046461, NoOp Chain Depth 128 Size 0 Mode ref, Ref Stage 37, run, end, 9783589884520051
1787664524.046475, NoOp Chain Depth 128 Size 0 Mode ref, Ref Stage 38, run, start, 9783589884534403
1787664524.046496, NoOp Chain Depth 128 Size 0 Mode ref, Ref Stage 38, run, end, 9783589884555091
1787664524.046510, NoOp Chain Depth 128 Size 0 Mode ref, Ref Stage 39, run, start, 9783589884569235
1787664524.046532, NoOp Chain Depth 128 Size 0 Mode ref, Ref Stage 39, run, end, 9783589884591555
1787664524.046544, NoOp Chain Depth 128 Size 0 Mode ref, Ref Stage 40, run, start, 9783589884603299
1787664524.047060, NoOp Chain Depth 128 Size 0 Mode ref, Ref Stage 40, run, end, 9783589885120515
1787664524.047077, NoOp Chain Depth 128 Size 0 Mode ref, Ref Stage 41, run, start, 9783589885137011
1787664524.047100, NoOp Chain Depth 128 Size 0 Mode ref, Ref Stage 41, run, end, 9783589885158867
1787664524.047114, NoOp Chain Depth 128 Size 0 Mode ref, Ref Stage 42, run, start, 9783589885173283
1787664524.047134, NoOp Chain Depth 128 Size 0 Mode ref, Ref Stage 42, run, end, 9783589885193699
1787664524.047149, NoOp Chain Depth 128 Size 0 Mode ref, Ref Stage 43, run, start, 9783589885208259
1787664524.047469, NoOp Chain Depth 128 Size 0 Mode ref, Ref Stage 43, run, end, 9783589885529107
1787664524.047593, NoOp Chain Depth 128 Size 0 Mode ref, Ref Stage 44, run, start, 9783589885653059
1787664524.047616, NoOp Chain Depth 128 Size 0 Mode ref, Ref Stage 44, run, end, 9783589885675443
1787664524.047631, NoOp Chain Depth 128 Size 0 Mode ref, Ref Stage 45, run, start, 9783589885690467
1787664524.047654, NoOp Chain Depth 128 Size 0 Mode ref, Ref Stage 45, run, end, 9783589885712867
1787664524.047665, NoOp Chain Depth 128 Size 0 Mode ref, Ref Stage 46, run, start, 9783589885724691
1787664524.047697, NoOp Chain Depth 128 Size 0 Mode ref, Ref Stage 46, run, end, 9783589885756115
1787664524.047711, NoOp Chain Depth 128 Size 0 Mode ref, Ref Stage 47, run, start, 9783589885770739
1787664524.047733, NoOp Chain Depth 128 Size 0 Mode ref, Ref Stage 47, run, end, 9783589885791619
1787664524.047747, NoOp Chain Depth 128 Size 0 Mode ref, Ref Stage 48, run, start, 9783589885806083
1787664524.047767, NoOp Chain Depth 128 Size 0 Mode ref, Ref Stage 48, run, end, 9783589885826515
1787664524.047782, NoOp Chain Depth 128 Size 0 Mode ref, Ref Stage 49, run, start, 9783589885840771
1787664524.047802, NoOp Chain Depth 128 Size 0 Mode ref, Ref Stage 49, run, end, 9783589885861603
1787664524.047817, NoOp Chain Depth 128 Size 0 Mode ref, Ref Stage 50, run, start, 9783589885876035
1787664524.047838, NoOp Chain Depth 128 Size 0 Mode ref, Ref Stage 50, run, end, 9783589885896723
1787664524.047852, NoOp Chain Depth 128 Size 0 Mode ref, Ref Stage 51, run, start, 9783589885910867
1787664524.047872, NoOp Chain Depth 128 Size 0 Mode ref, Ref Stage 51, run, end, 9783589885931571
1787664524.047887, NoOp Chain Depth 128 Size 0 Mode ref, Ref Stage 52, run, start, 9783589885946130
1787664524.047910, NoOp Chain Depth 128 Size 0 Mode ref, Ref Stage 52, run, end, 9783589885969522
1787664524.047925, NoOp Chain Depth 128 Size 0 Mode ref, Ref Stage 53, run, start, 9783589885983698
1787664524.047946, NoOp Chain Depth 128 Size 0 Mode ref, Ref Stage 53, run, end, 9783589886005810
1787664524.047963, NoOp Chain Depth 128 Size 0 Mode ref, Ref Stage 54, run, start, 9783589886021938
1787664524.047985, NoOp Chain Depth 128 Size 0 Mode ref, Ref Stage 54, run, end, 9783589886044434
1787664524.047997, NoOp Chain Depth 128 Size 0 Mode ref, Ref Stage 55, run, start, 9783589886056130
1787664524.048027, NoOp Chain Depth 128 Size 0 Mode ref, Ref Stage 55, run, end, 9783589886086546
1787664524.048043, NoOp Chain Depth 128 Size 0 Mode ref, Ref Stage 56, run, start, 9783589886101650
1787664524.048063, NoOp Chain Depth 128 Size 0 Mode ref, Ref Stage 56, run, end, 9783589886122514
1787664524.048078, NoOp Chain Depth 128 Size 0 Mode ref, Ref Stage 57, run, start, 9783589886137186
1787664524.048099, NoOp Chain Depth 128 Size 0 Mode ref, Ref Stage 57, run, end, 9783589886158034
1787664524.048113, NoOp Chain Depth 128 Size 0 Mode ref, Ref Stage 58, run, start, 9783589886172402
1787664524.048134, NoOp Chain Depth 128 Size 0 Mode ref, Ref Stage 58, run, end, 9783589886192930
1787664524.048148, NoOp Chain Depth 128 Size 0 Mode ref, Ref Stage 59, run, start, 9783589886207538
1787664524.048171, NoOp Chain Depth 128 Size 0 Mode ref, Ref Stage 59, run, end, 9783589886229730
1787664524.048182, NoOp Chain Depth 128 Size 0 Mode ref, Ref Stage 60, run, start, 9783589886241154
1787664524.048213, NoOp Chain Depth 128 Size 0 Mode ref, Ref Stage 60, run, end, 9783589886271762
1787664524.048227, NoOp Chain Depth 128 Size 0 Mode ref, Ref Stage 61, run, start, 9783589886286242
1787664524.048248, NoOp Chain Depth 128 Size 0 Mode ref, Ref Stage 61, run, end, 9783589886307074
1787664524.048262, NoOp Chain Depth 128 Size 0 Mode ref, Ref Stage 62, run, start, 9783589886321442
1787664524.048283, NoOp Chain Depth 128 Size 0 Mode ref, Ref Stage 62, run, end, 9783589886342210
1787664524.048297, NoOp Chain Depth 128 Size 0 Mode ref, Ref Stage 63, run, start, 9783589886356834
1787664524.048318, NoOp Chain Depth 128 Size 0 Mode ref, Ref Stage 63, run, end, 9783589886377618
1787664524.048333, NoOp Chain Depth 128 Size 0 Mode ref, Ref Stage 64, run, start, 9783589886392130
1787664524.048354, NoOp Chain Depth 128 Size 0 Mode ref, Ref Stage 64, run, end, 9783589886412882
1787664524.048368, NoOp Chain Depth 128 Size 0 Mode ref, Ref Stage 65, run, start, 9783589886427282
1787664524.048389, NoOp Chain Depth 128 Size 0 Mode ref, Ref Stage 65, run, end, 9783589886448098
1787664524.048403, NoOp Chain Depth 128 Size 0 Mode ref, Ref Stage 66, run, start, 9783589886462434
1787664524.048424, NoOp Chain Depth 128 Size 0 Mode ref, Ref Stage 66, run, end, 9783589886483314
1787664524.048438, NoOp Chain Depth 128 Size 0 Mode ref, Ref Stage 67, run, start, 9783589886497602
1787664524.048459, NoOp Chain Depth 128 Size 0 Mode ref, Ref Stage 67, run, end, 9783589886518210
1787664524.048473, NoOp Chain Depth 128 Size 0 Mode ref, Ref Stage 68, run, start, 9783589886532594
1787664524.048495, NoOp Chain Depth 128 Size 0 Mode ref, Ref Stage 68, run, end, 9783589886554130
1787664524.048510, NoOp Chain Depth 128 Size 0 Mode ref, Ref Stage 69, run, start, 9783589886569650
1787664524.048532, NoOp Chain Depth 128 Size 0 Mode ref, Ref Stage 69, run, end, 9783589886591170
1787664524.048549, NoOp Chain Depth 128 Size 0 Mode ref, Ref Stage 70, run, start, 9783589886608146
1787664524.048572, NoOp Chain Depth 128 Size 0 Mode ref, Ref Stage 70, run, end, 9783589886630770
1787664524.048587, NoOp Chain Depth 128 Size 0 Mode ref, Ref Stage 71, run, start, 9783589886646562
1787664524.048610, NoOp Chain Depth 128 Size 0 Mode ref, Ref Stage 71, run, end, 9783589886668930
1787664524.048621, NoOp Chain Depth 128 Size 0 Mode ref, Ref Stage 72, run, start, 9783589886680594
1787664524.049157, NoOp Chain Depth 128 Size 0 Mode ref, Ref Stage 72, run, end, 9783589887217634
1787664524.049171, NoOp Chain Depth 128 Size 0 Mode ref, Ref Stage 73, run, start, 9783589887230274
1787664524.049205, NoOp Chain Depth 128 Size 0 Mode ref, Ref Stage 73, run, end, 9783589887264738
1787664524.049220, NoOp Chain Depth 128 Size 0 Mode ref, Ref Stage 74, run, start, 9783589887279810
1787664524.049242, NoOp Chain Depth 128 Size 0 Mode ref, Ref Stage 74, run, end, 9783589887300946
1787664524.049257, NoOp Chain Depth 128 Size 0 Mode ref, Ref Stage 75, run, start, 9783589887315634
1787664524.049278, NoOp Chain Depth 128 Size 0 Mode ref, Ref Stage 75, run, end, 9783589887336994
1787664524.049292, NoOp Chain Depth 128 Size 0 Mode ref, Ref Stage 76, run, start, 9783589887351474
1787664524.049314, NoOp Chain Depth 128 Size 0 Mode ref, Ref Stage 76, run, end, 9783589887372674
1787664524.049328, NoOp Chain Depth 128 Size 0 Mode ref, Ref Stage 77, run, start, 9783589887387442
1787664524.049350, NoOp Chain Depth 128 Size 0 Mode ref, Ref Stage 77, run, end, 9783589887409090
1787664524.049365, NoOp Chain Depth 128 Size 0 Mode ref, Ref Stage 78, run, start, 9783589887423825
1787664524.049388, NoOp Chain Depth 128 Size 0 Mode ref, Ref Stage 78, run, end, 9783589887446977
1787664524.049402, NoOp Chain Depth 128 Size 0 Mode ref, Ref Stage 79, run, start, 9783589887461665
1787664524.049424, NoOp Chain Depth 128 Size 0 Mode ref, Ref Stage 79, run, end, 9783589887482833
1787664524.049438, NoOp Chain Depth 128 Size 0 Mode ref, Ref Stage 80, run, start, 9783589887497201
1787664524.049459, NoOp Chain Depth 128 Size 0 Mode ref, Ref Stage 80, run, end, 9783589887518049
1787664524.049473, NoOp Chain Depth 128 Size 0 Mode ref, Ref Stage 81, run, start, 9783589887532657
1787664524.049495, NoOp Chain Depth 128 Size 0 Mode ref, Ref Stage 81, run, end, 9783589887554465
1787664524.049510, NoOp Chain Depth 128 Size 0 Mode ref, Ref Stage 82, run, start, 9783589887569025
1787664524.049531, NoOp Chain Depth 128 Size 0 Mode ref, Ref Stage 82, run, end, 9783589887589969
1787664524.049545, NoOp Chain Depth 128 Size 0 Mode ref, Ref Stage 83, run, start, 9783589887604465
1787664524.049566, NoOp Chain Depth 128 Size 0 Mode ref, Ref Stage 83, run, end, 9783589887624961
1787664524.049580, NoOp Chain Depth 128 Size 0 Mode ref, Ref Stage 84, run, start, 9783589887639329
1787664524.049601, NoOp Chain Depth 128 Size 0 Mode ref, Ref Stage 84, run, end, 9783589887659761
1787664524.049616, NoOp Chain Depth 128 Size 0 Mode ref, Ref Stage 85, run, start, 9783589887674865
1787664524.049638, NoOp Chain Depth 128 Size 0 Mode ref, Ref Stage 85, run, end, 9783589887696897
1787664524.049652, NoOp Chain Depth 128 Size 0 Mode ref, Ref Stage 86, run, start, 9783589887711297
1787664524.049674, NoOp Chain Depth 128 Size 0 Mode ref, Ref Stage 86, run, end, 9783589887733297
1787664524.049688, NoOp Chain Depth 128 Size 0 Mode ref, Ref Stage 87, run, start, 9783589887747777
1787664524.049711, NoOp Chain Depth 128 Size 0 Mode ref, Ref Stage 87, run, end, 9783589887770097
1787664524.049723, NoOp Chain Depth 128 Size 0 Mode ref, Ref Stage 88, run, start, 9783589887781937
1787664524.050165, NoOp Chain Depth 128 Size 0 Mode ref, Ref Stage 88, run, end, 9783589888225121
1787664524.050181, NoOp Chain Depth 128 Size 0 Mode ref, Ref Stage 89, run, start, 9783589888240609
1787664524.050203, NoOp Chain Depth 128 Size 0 Mode ref, Ref Stage 89, run, end, 9783589888262545
1787664524.050218, NoOp Chain Depth 128 Size 0 Mode ref, Ref Stage 90, run, start, 9783589888277265
1787664524.050241, NoOp Chain Depth 128 Size 0 Mode ref, Ref Stage 90, run, end, 9783589888300081
1787664524.050252, NoOp Chain Depth 128 Size 0 Mode ref, Ref Stage 91, run, start, 9783589888311857
1787664524.050283, NoOp Chain Depth 128 Size 0 Mode ref, Ref Stage 91, run, end, 9783589888342529
1787664524.050297, NoOp Chain Depth 128 Size 0 Mode ref, Ref Stage 92, run, start, 9783589888356913
1787664524.050319, NoOp Chain Depth 128 Size 0 Mode ref, Ref Stage 92, run, end, 9783589888378097
1787664524.050333, NoOp Chain Depth 128 Size 0 Mode ref, Ref Stage 93, run, start, 9783589888392721
1787664524.050357, NoOp Chain Depth 128 Size 0 Mode ref, Ref Stage 93, run, end, 9783589888415905
1787664524.050374, NoOp Chain Depth 128 Size 0 Mode ref, Ref Stage 94, run, start, 9783589888433521
1787664524.050395, NoOp Chain Depth 128 Size 0 Mode ref, Ref Stage 94, run, end, 9783589888454561
1787664524.050410, NoOp Chain Depth 128 Size 0 Mode ref, Ref Stage 95, run, start, 9783589888469137
1787664524.050431, NoOp Chain Depth 128 Size 0 Mode ref, Ref Stage 95, run, end, 9783589888489809
1787664524.050445, NoOp Chain Depth 128 Size 0 Mode ref, Ref Stage 96, run, start, 9783589888504273
1787664524.050467, NoOp Chain Depth 128 Size 0 Mode ref, Ref Stage 96, run, end, 9783589888525953
1787664524.050481, NoOp Chain Depth 128 Size 0 Mode ref, Ref Stage 97, run, start, 9783589888540465
1787664524.050503, NoOp Chain Depth 128 Size 0 Mode ref, Ref Stage 97, run, end, 9783589888562737
1787664524.050519, NoOp Chain Depth 128 Size 0 Mode ref, Ref Stage 98, run, start, 9783589888577969
1787664524.050541, NoOp Chain Depth 128 Size 0 Mode ref, Ref Stage 98, run, end, 9783589888600129
1787664524.050555, NoOp Chain Depth 128 Size 0 Mode ref, Ref Stage 99, run, start, 9783589888614433
1787664524.050576, NoOp Chain Depth 128 Size 0 Mode ref, Ref Stage 99, run, end, 9783589888635345
1787664524.050591, NoOp Chain Depth 128 Size 0 Mode ref, Ref Stage 100, run, start, 9783589888649889
1787664524.050613, NoOp Chain Depth 128 Size 0 Mode ref, Ref Stage 100, run, end, 9783589888672513
1787664524.050625, NoOp Chain Depth 128 Size 0 Mode ref, Ref Stage 101, run, start, 9783589888683921
1787664524.050655, NoOp Chain Depth 128 Size 0 Mode ref, Ref Stage 101, run, end, 9783589888714385
1787664524.050675, NoOp Chain Depth 128 Size 0 Mode ref, Ref Stage 102, run, start, 9783589888734417
1787664524.050698, NoOp Chain Depth 128 Size 0 Mode ref, Ref Stage 102, run, end, 9783589888757537
1787664524.050710, NoOp Chain Depth 128 Size 0 Mode ref, Ref Stage 103, run, start, 9783589888769009
1787664524.050740, NoOp Chain Depth 128 Size 0 Mode ref, Ref Stage 103, run, end, 9783589888799249
1787664524.050754, NoOp Chain Depth 128 Size 0 Mode ref, Ref Stage 104, run, start, 9783589888813649
1787664524.050775, NoOp Chain Depth 128 Size 0 Mode ref, Ref Stage 104, run, end, 9783589888834481
1787664524.050789, NoOp Chain Depth 128 Size 0 Mode ref, Ref Stage 105, run, start, 9783589888848689
1787664524.050810, NoOp Chain Depth 128 Size 0 Mode ref, Ref Stage 105, run, end, 9783589888869169
1787664524.050824, NoOp Chain Depth 128 Size 0 Mode ref, Ref Stage 106, run, start, 9783589888883553
1787664524.050847, NoOp Chain Depth 128 Size 0 Mode ref, Ref Stage 106, run, end, 9783589888905681
1787664524.050861, NoOp Chain Depth 128 Size 0 Mode ref, Ref Stage 107, run, start, 9783589888920224
1787664524.050883, NoOp Chain Depth 128 Size 0 Mode ref, Ref Stage 107, run, end, 9783589888942160
1787664524.050897, NoOp Chain Depth 128 Size 0 Mode ref, Ref Stage 108, run, start, 9783589888956352
1787664524.050919, NoOp Chain Depth 128 Size 0 Mode ref, Ref Stage 108, run, end, 9783589888978320
1787664524.050934, NoOp Chain Depth 128 Size 0 Mode ref, Ref Stage 109, run, start, 9783589888992672
1787664524.050956, NoOp Chain Depth 128 Size 0 Mode ref, Ref Stage 109, run, end, 9783589889015696
1787664524.050972, NoOp Chain Depth 128 Size 0 Mode ref, Ref Stage 110, run, start, 9783589889030816
1787664524.050992, NoOp Chain Depth 128 Size 0 Mode ref, Ref Stage 110, run, end, 9783589889051376
1787664524.051010, NoOp Chain Depth 128 Size 0 Mode ref, Ref Stage 111, run, start, 9783589889068768
1787664524.051031, NoOp Chain Depth 128 Size 0 Mode ref, Ref Stage 111, run, end, 9783589889089664
1787664524.051046, NoOp Chain Depth 128 Size 0 Mode ref, Ref Stage 112, run, start, 9783589889105632
1787664524.051068, NoOp Chain Depth 128 Size 0 Mode ref, Ref Stage 112, run, end, 9783589889127168
1787664524.051082, NoOp Chain Depth 128 Size 0 Mode ref, Ref Stage 113, run, start, 9783589889141472
1787664524.051106, NoOp Chain Depth 128 Size 0 Mode ref, Ref Stage 113, run, end, 9783589889165248
1787664524.051516, NoOp Chain Depth 128 Size 0 Mode ref, Ref Stage 114, run, start, 9783589889576064
1787664524.051541, NoOp Chain Depth 128 Size 0 Mode ref, Ref Stage 114, run, end, 9783589889600688
1787664524.051659, NoOp Chain Depth 128 Size 0 Mode ref, Ref Stage 115, run, start, 9783589889718192
1787664524.051681, NoOp Chain Depth 128 Size 0 Mode ref, Ref Stage 115, run, end, 9783589889740512
1787664524.051696, NoOp Chain Depth 128 Size 0 Mode ref, Ref Stage 116, run, start, 9783589889755520
1787664524.051718, NoOp Chain Depth 128 Size 0 Mode ref, Ref Stage 116, run, end, 9783589889777296
1787664524.051733, NoOp Chain Depth 128 Size 0 Mode ref, Ref Stage 117, run, start, 9783589889791808
1787664524.051753, NoOp Chain Depth 128 Size 0 Mode ref, Ref Stage 117, run, end, 9783589889812512
1787664524.051768, NoOp Chain Depth 128 Size 0 Mode ref, Ref Stage 118, run, start, 9783589889826832
1787664524.051790, NoOp Chain Depth 128 Size 0 Mode ref, Ref Stage 118, run, end, 9783589889849200
1787664524.051802, NoOp Chain Depth 128 Size 0 Mode ref, Ref Stage 119, run, start, 9783589889860784
1787664524.051832, NoOp Chain Depth 128 Size 0 Mode ref, Ref Stage 119, run, end, 9783589889891552
1787664524.051847, NoOp Chain Depth 128 Size 0 Mode ref, Ref Stage 120, run, start, 9783589889905984
1787664524.051869, NoOp Chain Depth 128 Size 0 Mode ref, Ref Stage 120, run, end, 9783589889928624
1787664524.051884, NoOp Chain Depth 128 Size 0 Mode ref, Ref Stage 121, run, start, 9783589889942896
1787664524.051904, NoOp Chain Depth 128 Size 0 Mode ref, Ref Stage 121, run, end, 9783589889963552
1787664524.051919, NoOp Chain Depth 128 Size 0 Mode ref, Ref Stage 122, run, start, 9783589889977872
1787664524.051939, NoOp Chain Depth 128 Size 0 Mode ref, Ref Stage 122, run, end, 9783589889998080
1787664524.051957, NoOp Chain Depth 128 Size 0 Mode ref, Ref Stage 123, run, start, 9783589890016016
1787664524.051977, NoOp Chain Depth 128 Size 0 Mode ref, Ref Stage 123, run, end, 9783589890036464
1787664524.051991, NoOp Chain Depth 128 Size 0 Mode ref, Ref Stage 124, run, start, 9783589890050592
1787664524.052013, NoOp Chain Depth 128 Size 0 Mode ref, Ref Stage 124, run, end, 9783589890072208
1787664524.052027, NoOp Chain Depth 128 Size 0 Mode ref, Ref Stage 125, run, start, 9783589890086352
1787664524.052048, NoOp Chain Depth 128 Size 0 Mode ref, Ref Stage 125, run, end, 9783589890106704
1787664524.052062, NoOp Chain Depth 128 Size 0 Mode ref, Ref Stage 126, run, start, 9783589890120896
1787664524.052082, NoOp Chain Depth 128 Size 0 Mode ref, Ref Stage 126, run, end, 9783589890141232
1787664524.052097, NoOp Chain Depth 128 Size 0 Mode ref, Ref Stage 127, run, start, 9783589890155840
1787664524.052118, NoOp Chain Depth 128 Size 0 Mode ref, Ref Stage 127, run, end, 9783589890177552
1787664524.052133, NoOp Chain Depth 128 Size 0 Mode ref, pipeline - train, run, end, 229663131443562221684969070984654221832, 1787664524.041388, 49, 1, 9783589890192624
1787664524.052173, NoOp Chain Depth 128 Size 0 Mode ref, pipeline - train, run, start, 286730945447611771811711653642325647620, 1787664524.052160, 50, 1, 9783589890232192
1787664524.052199, NoOp Chain Depth 128 Size 0 Mode ref, Ref Stage 0, run, start, 9783589890258672
1787664524.052223, NoOp Chain Depth 128 Size 0 Mode ref, Ref Stage 0, run, end, 9783589890281888
1787664524.052234, NoOp Chain Depth 128 Size 0 Mode ref, Ref Stage 1, run, start, 9783589890293600
1787664524.052267, NoOp Chain Depth 128 Size 0 Mode ref, Ref Stage 1, run, end, 9783589890326224
1787664524.052281, NoOp Chain Depth 128 Size 0 Mode ref, Ref Stage 2, run, start, 9783589890340672
1787664524.052303, NoOp Chain Depth 128 Size 0 Mode ref, Ref Stage 2, run, end, 9783589890361808
1787664524.052317, NoOp Chain Depth 128 Size 0 Mode ref, Ref Stage 3, run, start, 9783589890376832
1787664524.052339, NoOp Chain Depth 128 Size 0 Mode ref, Ref Stage 3, run, end, 9783589890397856
1787664524.052354, NoOp Chain Depth 128 Size 0 Mode ref, Ref Stage 4, run, start, 9783589890412880
1787664524.052376, NoOp Chain Depth 128 Size 0 Mode ref, Ref Stage 4, run, end, 9783589890434832
1787664524.052393, NoOp Chain Depth 128 Size 0 Mode ref, Ref Stage 5, run, start, 9783589890451872
1787664524.052415, NoOp Chain Depth 128 Size 0 Mode ref, Ref Stage 5, run, end, 9783589890474528
1787664524.052427, NoOp Chain Depth 128 Size 0 Mode ref, Ref Stage 6, run, start, 9783589890485951
1787664524.052458, NoOp Chain Depth 128 Size 0 Mode ref, Ref Stage 6, run, end, 9783589890516687
1787664524.052472, NoOp Chain Depth 128 Size 0 Mode ref, Ref Stage 7, run, start, 9783589890531439
1787664524.052494, NoOp Chain Depth 128 Size 0 Mode ref, Ref Stage 7, run, end, 9783589890553183
1787664524.052508, NoOp Chain Depth 128 Size 0 Mode ref, Ref Stage 8, run, start, 9783589890567583
1787664524.052529, NoOp Chain Depth 128 Size 0 Mode ref, Ref Stage 8, run, end, 9783589890588271
1787664524.052543, NoOp Chain Depth 128 Size 0 Mode ref, Ref Stage 9, run, start, 9783589890602511
1787664524.052565, NoOp Chain Depth 128 Size 0 Mode ref, Ref Stage 9, run, end, 9783589890624383
1787664524.052579, NoOp Chain Depth 128 Size 0 Mode ref, Ref Stage 10, run, start, 9783589890638703
1787664524.052600, NoOp Chain Depth 128 Size 0 Mode ref, Ref Stage 10, run, end, 9783589890659615
1787664524.052615, NoOp Chain Depth 128 Size 0 Mode ref, Ref Stage 11, run, start, 9783589890673887
1787664524.052635, NoOp Chain Depth 128 Size 0 Mode ref, Ref Stage 11, run, end, 9783589890694319
1787664524.052649, NoOp Chain Depth 128 Size 0 Mode ref, Ref Stage 12, run, start, 9783589890708591
1787664524.052671, NoOp Chain Depth 128 Size 0 Mode ref, Ref Stage 12, run, end, 9783589890730271
1787664524.052688, NoOp Chain Depth 128 Size 0 Mode ref, Ref Stage 13, run, start, 9783589890747215
1787664524.052709, NoOp Chain Depth 128 Size 0 Mode ref, Ref Stage 13, run, end, 9783589890768095
1787664524.052723, NoOp Chain Depth 128 Size 0 Mode ref, Ref Stage 14, run, start, 9783589890782319
1787664524.052745, NoOp Chain Depth 128 Size 0 Mode ref, Ref Stage 14, run, end, 9783589890803887
1787664524.052759, NoOp Chain Depth 128 Size 0 Mode ref, Ref Stage 15, run, start, 9783589890818447
1787664524.052783, NoOp Chain Depth 128 Size 0 Mode ref, Ref Stage 15, run, end, 9783589890842287
1787664524.052795, NoOp Chain Depth 128 Size 0 Mode ref, Ref Stage 16, run, start, 9783589890853903
1787664524.053245, NoOp Chain Depth 128 Size 0 Mode ref, Ref Stage 16, run, end, 9783589891304911
1787664524.053261, NoOp Chain Depth 128 Size 0 Mode ref, Ref Stage 17, run, start, 9783589891320831
1787664524.053284, NoOp Chain Depth 128 Size 0 Mode ref, Ref Stage 17, run, end, 9783589891343743
1787664524.053296, NoOp Chain Depth 128 Size 0 Mode ref, Ref Stage 18, run, start, 9783589891355503
1787664524.053327, NoOp Chain Depth 128 Size 0 Mode ref, Ref Stage 18, run, end, 9783589891386479
1787664524.053341, NoOp Chain Depth 128 Size 0 Mode ref, Ref Stage 19, run, start, 9783589891400783
1787664524.053363, NoOp Chain Depth 128 Size 0 Mode ref, Ref Stage 19, run, end, 9783589891421839
1787664524.053377, NoOp Chain Depth 128 Size 0 Mode ref, Ref Stage 20, run, start, 9783589891436367
1787664524.053398, NoOp Chain Depth 128 Size 0 Mode ref, Ref Stage 20, run, end, 9783589891457455
1787664524.053413, NoOp Chain Depth 128 Size 0 Mode ref, Ref Stage 21, run, start, 9783589891472111
1787664524.053546, NoOp Chain Depth 128 Size 0 Mode ref, Ref Stage 21, run, end, 9783589891606175
1787664524.053564, NoOp Chain Depth 128 Size 0 Mode ref, Ref Stage 22, run, start, 9783589891624015
1787664524.053587, NoOp Chain Depth 128 Size 0 Mode ref, Ref Stage 22, run, end, 9783589891646687
1787664524.053602, NoOp Chain Depth 128 Size 0 Mode ref, Ref Stage 23, run, start, 9783589891661439
1787664524.053623, NoOp Chain Depth 128 Size 0 Mode ref, Ref Stage 23, run, end, 9783589891682559
1787664524.053638, NoOp Chain Depth 128 Size 0 Mode ref, Ref Stage 24, run, start, 9783589891696879
1787664524.053659, NoOp Chain Depth 128 Size 0 Mode ref, Ref Stage 24, run, end, 9783589891717967
1787664524.053673, NoOp Chain Depth 128 Size 0 Mode ref, Ref Stage 25, run, start, 9783589891732223
1787664524.053697, NoOp Chain Depth 128 Size 0 Mode ref, Ref Stage 25, run, end, 9783589891756191
1787664524.053713, NoOp Chain Depth 128 Size 0 Mode ref, Ref Stage 26, run, start, 9783589891772495
1787664524.053734, NoOp Chain Depth 128 Size 0 Mode ref, Ref Stage 26, run, end, 9783589891793119
1787664524.053748, NoOp Chain Depth 128 Size 0 Mode ref, Ref Stage 27, run, start, 9783589891807247
1787664524.053768, NoOp Chain Depth 128 Size 0 Mode ref, Ref Stage 27, run, end, 9783589891827695
1787664524.053782, NoOp Chain Depth 128 Size 0 Mode ref, Ref Stage 28, run, start, 9783589891841839
1787664524.053803, NoOp Chain Depth 128 Size 0 Mode ref, Ref Stage 28, run, end, 9783589891862527
1787664524.053818, NoOp Chain Depth 128 Size 0 Mode ref, Ref Stage 29, run, start, 9783589891876895
1787664524.053839, NoOp Chain Depth 128 Size 0 Mode ref, Ref Stage 29, run, end, 9783589891898111
1787664524.053853, NoOp Chain Depth 128 Size 0 Mode ref, Ref Stage 30, run, start, 9783589891912287
1787664524.053874, NoOp Chain Depth 128 Size 0 Mode ref, Ref Stage 30, run, end, 9783589891933759
1787664524.053889, NoOp Chain Depth 128 Size 0 Mode ref, Ref Stage 31, run, start, 9783589891948143
1787664524.053914, NoOp Chain Depth 128 Size 0 Mode ref, Ref Stage 31, run, end, 9783589891973327
1787664524.053928, NoOp Chain Depth 128 Size 0 Mode ref, Ref Stage 32, run, start, 9783589891987519
1787664524.053952, NoOp Chain Depth 128 Size 0 Mode ref, Ref Stage 32, run, end, 9783589892011007
1787664524.053967, NoOp Chain Depth 128 Size 0 Mode ref, Ref Stage 33, run, start, 9783589892025967
1787664524.053987, NoOp Chain Depth 128 Size 0 Mode ref, Ref Stage 33, run, end, 9783589892046622
1787664524.054001, NoOp Chain Depth 128 Size 0 Mode ref, Ref Stage 34, run, start, 9783589892060766
1787664524.054022, NoOp Chain Depth 128 Size 0 Mode ref, Ref Stage 34, run, end, 9783589892081470
1787664524.054039, NoOp Chain Depth 128 Size 0 Mode ref, Ref Stage 35, run, start, 9783589892097806
1787664524.054062, NoOp Chain Depth 128 Size 0 Mode ref, Ref Stage 35, run, end, 9783589892121118
1787664524.054076, NoOp Chain Depth 128 Size 0 Mode ref, Ref Stage 36, run, start, 9783589892135470
1787664524.054097, NoOp Chain Depth 128 Size 0 Mode ref, Ref Stage 36, run, end, 9783589892156350
1787664524.054111, NoOp Chain Depth 128 Size 0 Mode ref, Ref Stage 37, run, start, 9783589892170398
1787664524.054132, NoOp Chain Depth 128 Size 0 Mode ref, Ref Stage 37, run, end, 9783589892190878
1787664524.054146, NoOp Chain Depth 128 Size 0 Mode ref, Ref Stage 38, run, start, 9783589892205102
1787664524.054169, NoOp Chain Depth 128 Size 0 Mode ref, Ref Stage 38, run, end, 9783589892228078
1787664524.054180, NoOp Chain Depth 128 Size 0 Mode ref, Ref Stage 39, run, start, 9783589892239662
1787664524.054211, NoOp Chain Depth 128 Size 0 Mode ref, Ref Stage 39, run, end, 9783589892270574
1787664524.054226, NoOp Chain Depth 128 Size 0 Mode ref, Ref Stage 40, run, start, 9783589892284750
1787664524.054246, NoOp Chain Depth 128 Size 0 Mode ref, Ref Stage 40, run, end, 9783589892305678
1787664524.054263, NoOp Chain Depth 128 Size 0 Mode ref, Ref Stage 41, run, start, 9783589892322318
1787664524.054284, NoOp Chain Depth 128 Size 0 Mode ref, Ref Stage 41, run, end, 9783589892343182
1787664524.054300, NoOp Chain Depth 128 Size 0 Mode ref, Ref Stage 42, run, start, 9783589892359070
1787664524.054322, NoOp Chain Depth 128 Size 0 Mode ref, Ref Stage 42, run, end, 9783589892381294
1787664524.054334, NoOp Chain Depth 128 Size 0 Mode ref, Ref Stage 43, run, start, 9783589892393262
1787664524.054365, NoOp Chain Depth 128 Size 0 Mode ref, Ref Stage 43, run, end, 9783589892424254
1787664524.054379, NoOp Chain Depth 128 Size 0 Mode ref, Ref Stage 44, run, start, 9783589892438414
1787664524.054400, NoOp Chain Depth 128 Size 0 Mode ref, Ref Stage 44, run, end, 9783589892459182
1787664524.054414, NoOp Chain Depth 128 Size 0 Mode ref, Ref Stage 45, run, start, 9783589892473438
1787664524.054438, NoOp Chain Depth 128 Size 0 Mode ref, Ref Stage 45, run, end, 9783589892497054
1787664524.054449, NoOp Chain Depth 128 Size 0 Mode ref, Ref Stage 46, run, start, 9783589892508702
1787664524.054483, NoOp Chain Depth 128 Size 0 Mode ref, Ref Stage 46, run, end, 9783589892542142
1787664524.054497, NoOp Chain Depth 128 Size 0 Mode ref, Ref Stage 47, run, start, 9783589892556318
1787664524.054518, NoOp Chain Depth 128 Size 0 Mode ref, Ref Stage 47, run, end, 9783589892577102
1787664524.054532, NoOp Chain Depth 128 Size 0 Mode ref, Ref Stage 48, run, start, 9783589892591214
1787664524.054553, NoOp Chain Depth 128 Size 0 Mode ref, Ref Stage 48, run, end, 9783589892612158
1787664524.054567, NoOp Chain Depth 128 Size 0 Mode ref, Ref Stage 49, run, start, 9783589892626750
1787664524.054590, NoOp Chain Depth 128 Size 0 Mode ref, Ref Stage 49, run, end, 9783589892649038
1787664524.054604, NoOp Chain Depth 128 Size 0 Mode ref, Ref Stage 50, run, start, 9783589892663470
1787664524.054625, NoOp Chain Depth 128 Size 0 Mode ref, Ref Stage 50, run, end, 9783589892684430
1787664524.054640, NoOp Chain Depth 128 Size 0 Mode ref, Ref Stage 51, run, start, 9783589892699006
1787664524.054663, NoOp Chain Depth 128 Size 0 Mode ref, Ref Stage 51, run, end, 9783589892722286
1787664524.054680, NoOp Chain Depth 128 Size 0 Mode ref, Ref Stage 52, run, start, 9783589892739134
1787664524.054701, NoOp Chain Depth 128 Size 0 Mode ref, Ref Stage 52, run, end, 9783589892760286
1787664524.054716, NoOp Chain Depth 128 Size 0 Mode ref, Ref Stage 53, run, start, 9783589892774862
1787664524.054736, NoOp Chain Depth 128 Size 0 Mode ref, Ref Stage 53, run, end, 9783589892795438
1787664524.054750, NoOp Chain Depth 128 Size 0 Mode ref, Ref Stage 54, run, start, 9783589892809534
1787664524.054771, NoOp Chain Depth 128 Size 0 Mode ref, Ref Stage 54, run, end, 9783589892829886
1787664524.054785, NoOp Chain Depth 128 Size 0 Mode ref, Ref Stage 55, run, start, 9783589892844158
1787664524.054806, NoOp Chain Depth 128 Size 0 Mode ref, Ref Stage 55, run, end, 9783589892864878
1787664524.054821, NoOp Chain Depth 128 Size 0 Mode ref, Ref Stage 56, run, start, 9783589892879774
1787664524.054843, NoOp Chain Depth 128 Size 0 Mode ref, Ref Stage 56, run, end, 9783589892902494
1787664524.054860, NoOp Chain Depth 128 Size 0 Mode ref, Ref Stage 57, run, start, 9783589892919102
1787664524.055295, NoOp Chain Depth 128 Size 0 Mode ref, Ref Stage 57, run, end, 9783589893356046
1787664524.055426, NoOp Chain Depth 128 Size 0 Mode ref, Ref Stage 58, run, start, 9783589893485326
1787664524.055450, NoOp Chain Depth 128 Size 0 Mode ref, Ref Stage 58, run, end, 9783589893509614
1787664524.055465, NoOp Chain Depth 128 Size 0 Mode ref, Ref Stage 59, run, start, 9783589893524846
1787664524.055487, NoOp Chain Depth 128 Size 0 Mode ref, Ref Stage 59, run, end, 9783589893545853
1787664524.055501, NoOp Chain Depth 128 Size 0 Mode ref, Ref Stage 60, run, start, 9783589893560701
1787664524.055524, NoOp Chain Depth 128 Size 0 Mode ref, Ref Stage 60, run, end, 9783589893583277
1787664524.055536, NoOp Chain Depth 128 Size 0 Mode ref, Ref Stage 61, run, start, 9783589893594957
1787664524.055569, NoOp Chain Depth 128 Size 0 Mode ref, Ref Stage 61, run, end, 9783589893627917
1787664524.055580, NoOp Chain Depth 128 Size 0 Mode ref, Ref Stage 62, run, start, 9783589893639677
1787664524.055612, NoOp Chain Depth 128 Size 0 Mode ref, Ref Stage 62, run, end, 9783589893670797
1787664524.055626, NoOp Chain Depth 128 Size 0 Mode ref, Ref Stage 63, run, start, 9783589893685693
1787664524.055648, NoOp Chain Depth 128 Size 0 Mode ref, Ref Stage 63, run, end, 9783589893707165
1787664524.055662, NoOp Chain Depth 128 Size 0 Mode ref, Ref Stage 64, run, start, 9783589893721725
1787664524.055684, NoOp Chain Depth 128 Size 0 Mode ref, Ref Stage 64, run, end, 9783589893744717
1787664524.055700, NoOp Chain Depth 128 Size 0 Mode ref, Ref Stage 65, run, start, 9783589893759277
1787664524.055721, NoOp Chain Depth 128 Size 0 Mode ref, Ref Stage 65, run, end, 9783589893780461
1787664524.055736, NoOp Chain Depth 128 Size 0 Mode ref, Ref Stage 66, run, start, 9783589893795165
1787664524.055757, NoOp Chain Depth 128 Size 0 Mode ref, Ref Stage 66, run, end, 9783589893816109
1787664524.055771, NoOp Chain Depth 128 Size 0 Mode ref, Ref Stage 67, run, start, 9783589893830605
1787664524.055795, NoOp Chain Depth 128 Size 0 Mode ref, Ref Stage 67, run, end, 9783589893854461
1787664524.055810, NoOp Chain Depth 128 Size 0 Mode ref, Ref Stage 68, run, start, 9783589893869645
1787664524.055832, NoOp Chain Depth 128 Size 0 Mode ref, Ref Stage 68, run, end, 9783589893891389
1787664524.055849, NoOp Chain Depth 128 Size 0 Mode ref, Ref Stage 69, run, start, 9783589893907965
1787664524.055870, NoOp Chain Depth 128 Size 0 Mode ref, Ref Stage 69, run, end, 9783589893928909
1787664524.055884, NoOp Chain Depth 128 Size 0 Mode ref, Ref Stage 70, run, start, 9783589893943501
1787664524.055907, NoOp Chain Depth 128 Size 0 Mode ref, Ref Stage 70, run, end, 9783589893966925
1787664524.055919, NoOp Chain Depth 128 Size 0 Mode ref, Ref Stage 71, run, start, 9783589893978541
1787664524.055952, NoOp Chain Depth 128 Size 0 Mode ref, Ref Stage 71, run, end, 9783589894011549
1787664524.055968, NoOp Chain Depth 128 Size 0 Mode ref, Ref Stage 72, run, start, 9783589894026861
1787664524.055990, NoOp Chain Depth 128 Size 0 Mode ref, Ref Stage 72, run, end, 9783589894049309
1787664524.056005, NoOp Chain Depth 128 Size 0 Mode ref, Ref Stage 73, run, start, 9783589894063789
1787664524.056025, NoOp Chain Depth 128 Size 0 Mode ref, Ref Stage 73, run, end, 9783589894084621
1787664524.056041, NoOp Chain Depth 128 Size 0 Mode ref, Ref Stage 74, run, start, 9783589894100285
1787664524.056062, NoOp Chain Depth 128 Size 0 Mode ref, Ref Stage 74, run, end, 9783589894120861
1787664524.056076, NoOp Chain Depth 128 Size 0 Mode ref, Ref Stage 75, run, start, 9783589894135197
1787664524.056097, NoOp Chain Depth 128 Size 0 Mode ref, Ref Stage 75, run, end, 9783589894156045
1787664524.056111, NoOp Chain Depth 128 Size 0 Mode ref, Ref Stage 76, run, start, 9783589894170525
1787664524.056132, NoOp Chain Depth 128 Size 0 Mode ref, Ref Stage 76, run, end, 9783589894191149
1787664524.056146, NoOp Chain Depth 128 Size 0 Mode ref, Ref Stage 77, run, start, 9783589894205565
1787664524.056167, NoOp Chain Depth 128 Size 0 Mode ref, Ref Stage 77, run, end, 9783589894226605
1787664524.056183, NoOp Chain Depth 128 Size 0 Mode ref, Ref Stage 78, run, start, 9783589894242365
1787664524.056204, NoOp Chain Depth 128 Size 0 Mode ref, Ref Stage 78, run, end, 9783589894263357
1787664524.056220, NoOp Chain Depth 128 Size 0 Mode ref, Ref Stage 79, run, start, 9783589894278989
1787664524.056241, NoOp Chain Depth 128 Size 0 Mode ref, Ref Stage 79, run, end, 9783589894299805
1787664524.056255, NoOp Chain Depth 128 Size 0 Mode ref, Ref Stage 80, run, start, 9783589894314013
1787664524.056277, NoOp Chain Depth 128 Size 0 Mode ref, Ref Stage 80, run, end, 9783589894336045
1787664524.056291, NoOp Chain Depth 128 Size 0 Mode ref, Ref Stage 81, run, start, 9783589894350333
1787664524.056312, NoOp Chain Depth 128 Size 0 Mode ref, Ref Stage 81, run, end, 9783589894370941
1787664524.056326, NoOp Chain Depth 128 Size 0 Mode ref, Ref Stage 82, run, start, 9783589894385165
1787664524.056348, NoOp Chain Depth 128 Size 0 Mode ref, Ref Stage 82, run, end, 9783589894407021
1787664524.056362, NoOp Chain Depth 128 Size 0 Mode ref, Ref Stage 83, run, start, 9783589894421373
1787664524.056385, NoOp Chain Depth 128 Size 0 Mode ref, Ref Stage 83, run, end, 9783589894444317
1787664524.056399, NoOp Chain Depth 128 Size 0 Mode ref, Ref Stage 84, run, start, 9783589894458413
1787664524.056420, NoOp Chain Depth 128 Size 0 Mode ref, Ref Stage 84, run, end, 9783589894478781
1787664524.056434, NoOp Chain Depth 128 Size 0 Mode ref, Ref Stage 85, run, start, 9783589894492941
1787664524.056454, NoOp Chain Depth 128 Size 0 Mode ref, Ref Stage 85, run, end, 9783589894513517
1787664524.056469, NoOp Chain Depth 128 Size 0 Mode ref, Ref Stage 86, run, start, 9783589894527997
1787664524.056491, NoOp Chain Depth 128 Size 0 Mode ref, Ref Stage 86, run, end, 9783589894550413
1787664524.056503, NoOp Chain Depth 128 Size 0 Mode ref, Ref Stage 87, run, start, 9783589894562237
1787664524.056534, NoOp Chain Depth 128 Size 0 Mode ref, Ref Stage 87, run, end, 9783589894593245
1787664524.056553, NoOp Chain Depth 128 Size 0 Mode ref, Ref Stage 88, run, start, 9783589894612637
1787664524.056575, NoOp Chain Depth 128 Size 0 Mode ref, Ref Stage 88, run, end, 9783589894634589
1787664524.056590, NoOp Chain Depth 128 Size 0 Mode ref, Ref Stage 89, run, start, 9783589894648781
1787664524.056610, NoOp Chain Depth 128 Size 0 Mode ref, Ref Stage 89, run, end, 9783589894669437
1787664524.056625, NoOp Chain Depth 128 Size 0 Mode ref, Ref Stage 90, run, start, 9783589894683965
1787664524.056647, NoOp Chain Depth 128 Size 0 Mode ref, Ref Stage 90, run, end, 9783589894706061
1787664524.056659, NoOp Chain Depth 128 Size 0 Mode ref, Ref Stage 91, run, start, 9783589894717741
1787664524.056690, NoOp Chain Depth 128 Size 0 Mode ref, Ref Stage 91, run, end, 9783589894749549
1787664524.056705, NoOp Chain Depth 128 Size 0 Mode ref, Ref Stage 92, run, start, 9783589894764749
1787664524.056726, NoOp Chain Depth 128 Size 0 Mode ref, Ref Stage 92, run, end, 9783589894785453
1787664524.056742, NoOp Chain Depth 128 Size 0 Mode ref, Ref Stage 93, run, start, 9783589894801469
1787664524.056763, NoOp Chain Depth 128 Size 0 Mode ref, Ref Stage 93, run, end, 9783589894822141
1787664524.056778, NoOp Chain Depth 128 Size 0 Mode ref, Ref Stage 94, run, start, 9783589894837533
1787664524.056799, NoOp Chain Depth 128 Size 0 Mode ref, Ref Stage 94, run, end, 9783589894858237
1787664524.056813, NoOp Chain Depth 128 Size 0 Mode ref, Ref Stage 95, run, start, 9783589894872701
1787664524.056834, NoOp Chain Depth 128 Size 0 Mode ref, Ref Stage 95, run, end, 9783589894893165
1787664524.056848, NoOp Chain Depth 128 Size 0 Mode ref, Ref Stage 96, run, start, 9783589894907453
1787664524.056871, NoOp Chain Depth 128 Size 0 Mode ref, Ref Stage 96, run, end, 9783589894930605
1787664524.056885, NoOp Chain Depth 128 Size 0 Mode ref, Ref Stage 97, run, start, 9783589894944829
1787664524.056906, NoOp Chain Depth 128 Size 0 Mode ref, Ref Stage 97, run, end, 9783589894965453
1787664524.056922, NoOp Chain Depth 128 Size 0 Mode ref, Ref Stage 98, run, start, 9783589894981245
1787664524.056946, NoOp Chain Depth 128 Size 0 Mode ref, Ref Stage 98, run, end, 9783589895004893
1787664524.056958, NoOp Chain Depth 128 Size 0 Mode ref, Ref Stage 99, run, start, 9783589895017724
1787664524.056991, NoOp Chain Depth 128 Size 0 Mode ref, Ref Stage 99, run, end, 9783589895050172
1787664524.057005, NoOp Chain Depth 128 Size 0 Mode ref, Ref Stage 100, run, start, 9783589895064556
1787664524.057028, NoOp Chain Depth 128 Size 0 Mode ref, Ref Stage 100, run, end, 9783589895086684
1787664524.057039, NoOp Chain Depth 128 Size 0 Mode ref, Ref Stage 101, run, start, 9783589895099020
1787664524.057070, NoOp Chain Depth 128 Size 0 Mode ref, Ref Stage 101, run, end, 9783589895129404
1787664524.057084, NoOp Chain Depth 128 Size 0 Mode ref, Ref Stage 102, run, start, 9783589895143580
1787664524.057106, NoOp Chain Depth 128 Size 0 Mode ref, Ref Stage 102, run, end, 9783589895165916
1787664524.057119, NoOp Chain Depth 128 Size 0 Mode ref, Ref Stage 103, run, start, 9783589895178604
1787664524.057211, NoOp Chain Depth 128 Size 0 Mode ref, Ref Stage 103, run, end, 9783589895271068
1787664524.057227, NoOp Chain Depth 128 Size 0 Mode ref, Ref Stage 104, run, start, 9783589895286716
1787664524.057250, NoOp Chain Depth 128 Size 0 Mode ref, Ref Stage 104, run, end, 9783589895309340
1787664524.057265, NoOp Chain Depth 128 Size 0 Mode ref, Ref Stage 105, run, start, 9783589895323932
1787664524.057285, NoOp Chain Depth 128 Size 0 Mode ref, Ref Stage 105, run, end, 9783589895344524
1787664524.057299, NoOp Chain Depth 128 Size 0 Mode ref, Ref Stage 106, run, start, 9783589895358844
1787664524.057320, NoOp Chain Depth 128 Size 0 Mode ref, Ref Stage 106, run, end, 9783589895379580
1787664524.057335, NoOp Chain Depth 128 Size 0 Mode ref, Ref Stage 107, run, start, 9783589895394092
1787664524.057357, NoOp Chain Depth 128 Size 0 Mode ref, Ref Stage 107, run, end, 9783589895415852
1787664524.057371, NoOp Chain Depth 128 Size 0 Mode ref, Ref Stage 108, run, start, 9783589895430380
1787664524.057395, NoOp Chain Depth 128 Size 0 Mode ref, Ref Stage 108, run, end, 9783589895454156
1787664524.057410, NoOp Chain Depth 128 Size 0 Mode ref, Ref Stage 109, run, start, 9783589895468748
1787664524.057433, NoOp Chain Depth 128 Size 0 Mode ref, Ref Stage 109, run, end, 9783589895492044
1787664524.057447, NoOp Chain Depth 128 Size 0 Mode ref, Ref Stage 110, run, start, 9783589895506444
1787664524.057468, NoOp Chain Depth 128 Size 0 Mode ref, Ref Stage 110, run, end, 9783589895527292
1787664524.057484, NoOp Chain Depth 128 Size 0 Mode ref, Ref Stage 111, run, start, 9783589895543068
1787664524.057506, NoOp Chain Depth 128 Size 0 Mode ref, Ref Stage 111, run, end, 9783589895564876
1787664524.057520, NoOp Chain Depth 128 Size 0 Mode ref, Ref Stage 112, run, start, 9783589895579292
1787664524.057544, NoOp Chain Depth 128 Size 0 Mode ref, Ref Stage 112, run, end, 9783589895603052
1787664524.057555, NoOp Chain Depth 128 Size 0 Mode ref, Ref Stage 113, run, start, 9783589895614572
1787664524.057902, NoOp Chain Depth 128 Size 0 Mode ref, Ref Stage 113, run, end, 9783589895962076
1787664524.058024, NoOp Chain Depth 128 Size 0 Mode ref, Ref Stage 114, run, start, 9783589896084220
1787664524.058048, NoOp Chain Depth 128 Size 0 Mode ref, Ref Stage 114, run, end, 9783589896107452
1787664524.058063, NoOp Chain Depth 128 Size 0 Mode ref, Ref Stage 115, run, start, 9783589896122236
1787664524.058084, NoOp Chain Depth 128 Size 0 Mode ref, Ref Stage 115, run, end, 9783589896143212
1787664524.058098, NoOp Chain Depth 128 Size 0 Mode ref, Ref Stage 116, run, start, 9783589896157756
1787664524.058120, NoOp Chain Depth 128 Size 0 Mode ref, Ref Stage 116, run, end, 9783589896178764
1787664524.058134, NoOp Chain Depth 128 Size 0 Mode ref, Ref Stage 117, run, start, 9783589896193196
1787664524.058155, NoOp Chain Depth 128 Size 0 Mode ref, Ref Stage 117, run, end, 9783589896213804
1787664524.058169, NoOp Chain Depth 128 Size 0 Mode ref, Ref Stage 118, run, start, 9783589896228140
1787664524.058192, NoOp Chain Depth 128 Size 0 Mode ref, Ref Stage 118, run, end, 9783589896250732
1787664524.058203, NoOp Chain Depth 128 Size 0 Mode ref, Ref Stage 119, run, start, 9783589896262476
1787664524.058234, NoOp Chain Depth 128 Size 0 Mode ref, Ref Stage 119, run, end, 9783589896293596
1787664524.058249, NoOp Chain Depth 128 Size 0 Mode ref, Ref Stage 120, run, start, 9783589896307932
1787664524.058274, NoOp Chain Depth 128 Size 0 Mode ref, Ref Stage 120, run, end, 9783589896333068
1787664524.058288, NoOp Chain Depth 128 Size 0 Mode ref, Ref Stage 121, run, start, 9783589896347404
1787664524.058309, NoOp Chain Depth 128 Size 0 Mode ref, Ref Stage 121, run, end, 9783589896368156
1787664524.058323, NoOp Chain Depth 128 Size 0 Mode ref, Ref Stage 122, run, start, 9783589896382476
1787664524.058343, NoOp Chain Depth 128 Size 0 Mode ref, Ref Stage 122, run, end, 9783589896402764
1787664524.058358, NoOp Chain Depth 128 Size 0 Mode ref, Ref Stage 123, run, start, 9783589896417052
1787664524.058378, NoOp Chain Depth 128 Size 0 Mode ref, Ref Stage 123, run, end, 9783589896437404
1787664524.058393, NoOp Chain Depth 128 Size 0 Mode ref, Ref Stage 124, run, start, 9783589896451740
1787664524.058413, NoOp Chain Depth 128 Size 0 Mode ref, Ref Stage 124, run, end, 9783589896472124
1787664524.058427, NoOp Chain Depth 128 Size 0 Mode ref, Ref Stage 125, run, start, 9783589896486444
1787664524.058449, NoOp Chain Depth 128 Size 0 Mode ref, Ref Stage 125, run, end, 9783589896507851
1787664524.058463, NoOp Chain Depth 128 Size 0 Mode ref, Ref Stage 126, run, start, 9783589896522123
1787664524.058485, NoOp Chain Depth 128 Size 0 Mode ref, Ref Stage 126, run, end, 9783589896543867
1787664524.058499, NoOp Chain Depth 128 Size 0 Mode ref, Ref Stage 127, run, start, 9783589896558395
1787664524.058520, NoOp Chain Depth 128 Size 0 Mode ref, Ref Stage 127, run, end, 9783589896579067
1787664524.058534, NoOp Chain Depth 128 Size 0 Mode ref, pipeline - train, run, end, 286730945447611771811711653642325647620, 1787664524.052160, 50, 1, 9783589896593819
1787664524.058572, NoOp Chain Depth 128 Size 0 Mode ref, pipeline - train, run, start, 251380764099486351610117691182627344637, 1787664524.058561, 51, 1, 9783589896631419
1787664524.058597, NoOp Chain Depth 128 Size 0 Mode ref, Ref Stage 0, run, start, 9783589896655915
1787664524.058621, NoOp Chain Depth 128 Size 0 Mode ref, Ref Stage 0, run, end, 9783589896679899
1787664524.058632, NoOp Chain Depth 128 Size 0 Mode ref, Ref Stage 1, run, start, 9783589896691659
1787664524.058665, NoOp Chain Depth 128 Size 0 Mode ref, Ref Stage 1, run, end, 9783589896724187
1787664524.058680, NoOp Chain Depth 128 Size 0 Mode ref, Ref Stage 2, run, start, 9783589896738811
1787664524.058700, NoOp Chain Depth 128 Size 0 Mode ref, Ref Stage 2, run, end, 9783589896759691
1787664524.058717, NoOp Chain Depth 128 Size 0 Mode ref, Ref Stage 3, run, start, 9783589896776395
1787664524.058738, NoOp Chain Depth 128 Size 0 Mode ref, Ref Stage 3, run, end, 9783589896797467
1787664524.058753, NoOp Chain Depth 128 Size 0 Mode ref, Ref Stage 4, run, start, 9783589896811675
1787664524.058773, NoOp Chain Depth 128 Size 0 Mode ref, Ref Stage 4, run, end, 9783589896832219
1787664524.058789, NoOp Chain Depth 128 Size 0 Mode ref, Ref Stage 5, run, start, 9783589896848155
1787664524.058811, NoOp Chain Depth 128 Size 0 Mode ref, Ref Stage 5, run, end, 9783589896870491
1787664524.058823, NoOp Chain Depth 128 Size 0 Mode ref, Ref Stage 6, run, start, 9783589896882043
1787664524.058858, NoOp Chain Depth 128 Size 0 Mode ref, Ref Stage 6, run, end, 9783589896916907
1787664524.058869, NoOp Chain Depth 128 Size 0 Mode ref, Ref Stage 7, run, start, 9783589896928411
1787664524.058900, NoOp Chain Depth 128 Size 0 Mode ref, Ref Stage 7, run, end, 9783589896959099
1787664524.058914, NoOp Chain Depth 128 Size 0 Mode ref, Ref Stage 8, run, start, 9783589896973323
1787664524.058935, NoOp Chain Depth 128 Size 0 Mode ref, Ref Stage 8, run, end, 9783589896993947
1787664524.058950, NoOp Chain Depth 128 Size 0 Mode ref, Ref Stage 9, run, start, 9783589897009643
1787664524.058972, NoOp Chain Depth 128 Size 0 Mode ref, Ref Stage 9, run, end, 9783589897030987
1787664524.058986, NoOp Chain Depth 128 Size 0 Mode ref, Ref Stage 10, run, start, 9783589897045307
1787664524.059010, NoOp Chain Depth 128 Size 0 Mode ref, Ref Stage 10, run, end, 9783589897069131
1787664524.059024, NoOp Chain Depth 128 Size 0 Mode ref, Ref Stage 11, run, start, 9783589897083419
1787664524.059046, NoOp Chain Depth 128 Size 0 Mode ref, Ref Stage 11, run, end, 9783589897105499
1787664524.059062, NoOp Chain Depth 128 Size 0 Mode ref, Ref Stage 12, run, start, 9783589897120779
1787664524.059083, NoOp Chain Depth 128 Size 0 Mode ref, Ref Stage 12, run, end, 9783589897141835
1787664524.059098, NoOp Chain Depth 128 Size 0 Mode ref, Ref Stage 13, run, start, 9783589897157035
1787664524.059119, NoOp Chain Depth 128 Size 0 Mode ref, Ref Stage 13, run, end, 9783589897177819
1787664524.059133, NoOp Chain Depth 128 Size 0 Mode ref, Ref Stage 14, run, start, 9783589897192235
1787664524.059156, NoOp Chain Depth 128 Size 0 Mode ref, Ref Stage 14, run, end, 9783589897215563
1787664524.059171, NoOp Chain Depth 128 Size 0 Mode ref, Ref Stage 15, run, start, 9783589897229979
1787664524.059191, NoOp Chain Depth 128 Size 0 Mode ref, Ref Stage 15, run, end, 9783589897250523
1787664524.059206, NoOp Chain Depth 128 Size 0 Mode ref, Ref Stage 16, run, start, 9783589897264779
1787664524.059226, NoOp Chain Depth 128 Size 0 Mode ref, Ref Stage 16, run, end, 9783589897285451
1787664524.059242, NoOp Chain Depth 128 Size 0 Mode ref, Ref Stage 17, run, start, 9783589897300795
1787664524.059265, NoOp Chain Depth 128 Size 0 Mode ref, Ref Stage 17, run, end, 9783589897324331
1787664524.059277, NoOp Chain Depth 128 Size 0 Mode ref, Ref Stage 18, run, start, 9783589897336043
1787664524.059307, NoOp Chain Depth 128 Size 0 Mode ref, Ref Stage 18, run, end, 9783589897366395
1787664524.059322, NoOp Chain Depth 128 Size 0 Mode ref, Ref Stage 19, run, start, 9783589897380811
1787664524.059342, NoOp Chain Depth 128 Size 0 Mode ref, Ref Stage 19, run, end, 9783589897401499
1787664524.059358, NoOp Chain Depth 128 Size 0 Mode ref, Ref Stage 20, run, start, 9783589897417227
1787664524.059379, NoOp Chain Depth 128 Size 0 Mode ref, Ref Stage 20, run, end, 9783589897438155
1787664524.059393, NoOp Chain Depth 128 Size 0 Mode ref, Ref Stage 21, run, start, 9783589897452507
1787664524.059414, NoOp Chain Depth 128 Size 0 Mode ref, Ref Stage 21, run, end, 9783589897473147
1787664524.059428, NoOp Chain Depth 128 Size 0 Mode ref, Ref Stage 22, run, start, 9783589897487675
1787664524.059451, NoOp Chain Depth 128 Size 0 Mode ref, Ref Stage 22, run, end, 9783589897510715
1787664524.059466, NoOp Chain Depth 128 Size 0 Mode ref, Ref Stage 23, run, start, 9783589897525323
1787664524.059488, NoOp Chain Depth 128 Size 0 Mode ref, Ref Stage 23, run, end, 9783589897547339
1787664524.059502, NoOp Chain Depth 128 Size 0 Mode ref, Ref Stage 24, run, start, 9783589897561499
1787664524.059523, NoOp Chain Depth 128 Size 0 Mode ref, Ref Stage 24, run, end, 9783589897581963
1787664524.059537, NoOp Chain Depth 128 Size 0 Mode ref, Ref Stage 25, run, start, 9783589897596203
1787664524.059560, NoOp Chain Depth 128 Size 0 Mode ref, Ref Stage 25, run, end, 9783589897619291
1787664524.059575, NoOp Chain Depth 128 Size 0 Mode ref, Ref Stage 26, run, start, 9783589897633915
1787664524.059596, NoOp Chain Depth 128 Size 0 Mode ref, Ref Stage 26, run, end, 9783589897655483
1787664524.059610, NoOp Chain Depth 128 Size 0 Mode ref, Ref Stage 27, run, start, 9783589897669707
1787664524.059632, NoOp Chain Depth 128 Size 0 Mode ref, Ref Stage 27, run, end, 9783589897691339
1787664524.059647, NoOp Chain Depth 128 Size 0 Mode ref, Ref Stage 28, run, start, 9783589897706315
1787664524.059670, NoOp Chain Depth 128 Size 0 Mode ref, Ref Stage 28, run, end, 9783589897729451
1787664524.059964, NoOp Chain Depth 128 Size 0 Mode ref, Ref Stage 29, run, start, 9783589898024538
1787664524.059989, NoOp Chain Depth 128 Size 0 Mode ref, Ref Stage 29, run, end, 9783589898048970
1787664524.060005, NoOp Chain Depth 128 Size 0 Mode ref, Ref Stage 30, run, start, 9783589898064410
1787664524.060028, NoOp Chain Depth 128 Size 0 Mode ref, Ref Stage 30, run, end, 9783589898087386
1787664524.060040, NoOp Chain Depth 128 Size 0 Mode ref, Ref Stage 31, run, start, 9783589898099466
1787664524.060072, NoOp Chain Depth 128 Size 0 Mode ref, Ref Stage 31, run, end, 9783589898131738
1787664524.060087, NoOp Chain Depth 128 Size 0 Mode ref, Ref Stage 32, run, start, 9783589898146634
1787664524.060109, NoOp Chain Depth 128 Size 0 Mode ref, Ref Stage 32, run, end, 9783589898167754
1787664524.060123, NoOp Chain Depth 128 Size 0 Mode ref, Ref Stage 33, run, start, 9783589898182554
1787664524.060152, NoOp Chain Depth 128 Size 0 Mode ref, Ref Stage 33, run, end, 9783589898211274
1787664524.060166, NoOp Chain Depth 128 Size 0 Mode ref, Ref Stage 34, run, start, 9783589898225706
1787664524.060187, NoOp Chain Depth 128 Size 0 Mode ref, Ref Stage 34, run, end, 9783589898246410
1787664524.060201, NoOp Chain Depth 128 Size 0 Mode ref, Ref Stage 35, run, start, 9783589898260874
1787664524.060222, NoOp Chain Depth 128 Size 0 Mode ref, Ref Stage 35, run, end, 9783589898281738
1787664524.060237, NoOp Chain Depth 128 Size 0 Mode ref, Ref Stage 36, run, start, 9783589898296298
1787664524.060259, NoOp Chain Depth 128 Size 0 Mode ref, Ref Stage 36, run, end, 9783589898318266
1787664524.060273, NoOp Chain Depth 128 Size 0 Mode ref, Ref Stage 37, run, start, 9783589898332634
1787664524.060295, NoOp Chain Depth 128 Size 0 Mode ref, Ref Stage 37, run, end, 9783589898354634
1787664524.060311, NoOp Chain Depth 128 Size 0 Mode ref, Ref Stage 38, run, start, 9783589898369818
1787664524.060333, NoOp Chain Depth 128 Size 0 Mode ref, Ref Stage 38, run, end, 9783589898391642
1787664524.060347, NoOp Chain Depth 128 Size 0 Mode ref, Ref Stage 39, run, start, 9783589898406282
1787664524.060370, NoOp Chain Depth 128 Size 0 Mode ref, Ref Stage 39, run, end, 9783589898429610
1787664524.060385, NoOp Chain Depth 128 Size 0 Mode ref, Ref Stage 40, run, start, 9783589898444154
1787664524.060405, NoOp Chain Depth 128 Size 0 Mode ref, Ref Stage 40, run, end, 9783589898464810
1787664524.060422, NoOp Chain Depth 128 Size 0 Mode ref, Ref Stage 41, run, start, 9783589898480858
1787664524.060442, NoOp Chain Depth 128 Size 0 Mode ref, Ref Stage 41, run, end, 9783589898501498
1787664524.060457, NoOp Chain Depth 128 Size 0 Mode ref, Ref Stage 42, run, start, 9783589898515786
1787664524.060479, NoOp Chain Depth 128 Size 0 Mode ref, Ref Stage 42, run, end, 9783589898538170
1787664524.060492, NoOp Chain Depth 128 Size 0 Mode ref, Ref Stage 43, run, start, 9783589898551434
1787664524.060524, NoOp Chain Depth 128 Size 0 Mode ref, Ref Stage 43, run, end, 9783589898583594
1787664524.060539, NoOp Chain Depth 128 Size 0 Mode ref, Ref Stage 44, run, start, 9783589898598074
1787664524.060560, NoOp Chain Depth 128 Size 0 Mode ref, Ref Stage 44, run, end, 9783589898619306
1787664524.060575, NoOp Chain Depth 128 Size 0 Mode ref, Ref Stage 45, run, start, 9783589898634394
1787664524.060597, NoOp Chain Depth 128 Size 0 Mode ref, Ref Stage 45, run, end, 9783589898656490
1787664524.060609, NoOp Chain Depth 128 Size 0 Mode ref, Ref Stage 46, run, start, 9783589898668090
1787664524.060641, NoOp Chain Depth 128 Size 0 Mode ref, Ref Stage 46, run, end, 9783589898700538
1787664524.060653, NoOp Chain Depth 128 Size 0 Mode ref, Ref Stage 47, run, start, 9783589898712442
1787664524.060685, NoOp Chain Depth 128 Size 0 Mode ref, Ref Stage 47, run, end, 9783589898744394
1787664524.060700, NoOp Chain Depth 128 Size 0 Mode ref, Ref Stage 48, run, start, 9783589898758906
1787664524.060720, NoOp Chain Depth 128 Size 0 Mode ref, Ref Stage 48, run, end, 9783589898779658
1787664524.060737, NoOp Chain Depth 128 Size 0 Mode ref, Ref Stage 49, run, start, 9783589898796378
1787664524.060758, NoOp Chain Depth 128 Size 0 Mode ref, Ref Stage 49, run, end, 9783589898817242
1787664524.060772, NoOp Chain Depth 128 Size 0 Mode ref, Ref Stage 50, run, start, 9783589898831626
1787664524.060794, NoOp Chain Depth 128 Size 0 Mode ref, Ref Stage 50, run, end, 9783589898853562
1787664524.060809, NoOp Chain Depth 128 Size 0 Mode ref, Ref Stage 51, run, start, 9783589898868234
1787664524.060830, NoOp Chain Depth 128 Size 0 Mode ref, Ref Stage 51, run, end, 9783589898888874
1787664524.060844, NoOp Chain Depth 128 Size 0 Mode ref, Ref Stage 52, run, start, 9783589898903498
1787664524.060865, NoOp Chain Depth 128 Size 0 Mode ref, Ref Stage 52, run, end, 9783589898924074
1787664524.060879, NoOp Chain Depth 128 Size 0 Mode ref, Ref Stage 53, run, start, 9783589898938698
1787664524.060900, NoOp Chain Depth 128 Size 0 Mode ref, Ref Stage 53, run, end, 9783589898960010
1787664524.060916, NoOp Chain Depth 128 Size 0 Mode ref, Ref Stage 54, run, start, 9783589898975258
1787664524.060938, NoOp Chain Depth 128 Size 0 Mode ref, Ref Stage 54, run, end, 9783589898996922
1787664524.060954, NoOp Chain Depth 128 Size 0 Mode ref, Ref Stage 55, run, start, 9783589899013626
1787664524.060976, NoOp Chain Depth 128 Size 0 Mode ref, Ref Stage 55, run, end, 9783589899034938
1787664524.060990, NoOp Chain Depth 128 Size 0 Mode ref, Ref Stage 56, run, start, 9783589899049226
1787664524.061230, NoOp Chain Depth 128 Size 0 Mode ref, Ref Stage 56, run, end, 9783589899290314
1787664524.061372, NoOp Chain Depth 128 Size 0 Mode ref, Ref Stage 57, run, start, 9783589899431546
1787664524.061396, NoOp Chain Depth 128 Size 0 Mode ref, Ref Stage 57, run, end, 9783589899455754
1787664524.061411, NoOp Chain Depth 128 Size 0 Mode ref, Ref Stage 58, run, start, 9783589899470634
1787664524.061433, NoOp Chain Depth 128 Size 0 Mode ref, Ref Stage 58, run, end, 9783589899491786
1787664524.061447, NoOp Chain Depth 128 Size 0 Mode ref, Ref Stage 59, run, start, 9783589899506298
1787664524.061468, NoOp Chain Depth 128 Size 0 Mode ref, Ref Stage 59, run, end, 9783589899527610
1787664524.061483, NoOp Chain Depth 128 Size 0 Mode ref, Ref Stage 60, run, start, 9783589899542281
1787664524.061506, NoOp Chain Depth 128 Size 0 Mode ref, Ref Stage 60, run, end, 9783589899564889
1787664524.061518, NoOp Chain Depth 128 Size 0 Mode ref, Ref Stage 61, run, start, 9783589899577625
1787664524.061553, NoOp Chain Depth 128 Size 0 Mode ref, Ref Stage 61, run, end, 9783589899612729
1787664524.061565, NoOp Chain Depth 128 Size 0 Mode ref, Ref Stage 62, run, start, 9783589899624537
1787664524.061597, NoOp Chain Depth 128 Size 0 Mode ref, Ref Stage 62, run, end, 9783589899655977
1787664524.061611, NoOp Chain Depth 128 Size 0 Mode ref, Ref Stage 63, run, start, 9783589899670649
1787664524.061632, NoOp Chain Depth 128 Size 0 Mode ref, Ref Stage 63, run, end, 9783589899691529
1787664524.061647, NoOp Chain Depth 128 Size 0 Mode ref, Ref Stage 64, run, start, 9783589899706153
1787664524.061669, NoOp Chain Depth 128 Size 0 Mode ref, Ref Stage 64, run, end, 9783589899728281
1787664524.061684, NoOp Chain Depth 128 Size 0 Mode ref, Ref Stage 65, run, start, 9783589899742937
1787664524.061704, NoOp Chain Depth 128 Size 0 Mode ref, Ref Stage 65, run, end, 9783589899763801
1787664524.061719, NoOp Chain Depth 128 Size 0 Mode ref, Ref Stage 66, run, start, 9783589899778169
1787664524.061739, NoOp Chain Depth 128 Size 0 Mode ref, Ref Stage 66, run, end, 9783589899798745
1787664524.061754, NoOp Chain Depth 128 Size 0 Mode ref, Ref Stage 67, run, start, 9783589899813225
1787664524.061774, NoOp Chain Depth 128 Size 0 Mode ref, Ref Stage 67, run, end, 9783589899833657
1787664524.061789, NoOp Chain Depth 128 Size 0 Mode ref, Ref Stage 68, run, start, 9783589899848025
1787664524.061811, NoOp Chain Depth 128 Size 0 Mode ref, Ref Stage 68, run, end, 9783589899869785
1787664524.061826, NoOp Chain Depth 128 Size 0 Mode ref, Ref Stage 69, run, start, 9783589899885097
1787664524.061847, NoOp Chain Depth 128 Size 0 Mode ref, Ref Stage 69, run, end, 9783589899906041
1787664524.061863, NoOp Chain Depth 128 Size 0 Mode ref, Ref Stage 70, run, start, 9783589899922441
1787664524.061886, NoOp Chain Depth 128 Size 0 Mode ref, Ref Stage 70, run, end, 9783589899945049
1787664524.061898, NoOp Chain Depth 128 Size 0 Mode ref, Ref Stage 71, run, start, 9783589899956921
1787664524.065857, NoOp Chain Depth 128 Size 0 Mode ref, Ref Stage 71, run, end, 9783589903917767
1787664524.065875, NoOp Chain Depth 128 Size 0 Mode ref, Ref Stage 72, run, start, 9783589903934743
1787664524.065897, NoOp Chain Depth 128 Size 0 Mode ref, Ref Stage 72, run, end, 9783589903956743
1787664524.065912, NoOp Chain Depth 128 Size 0 Mode ref, Ref Stage 73, run, start, 9783589903971575
1787664524.065934, NoOp Chain Depth 128 Size 0 Mode ref, Ref Stage 73, run, end, 9783589903992983
1787664524.065950, NoOp Chain Depth 128 Size 0 Mode ref, Ref Stage 74, run, start, 9783589904009511
1787664524.065972, NoOp Chain Depth 128 Size 0 Mode ref, Ref Stage 74, run, end, 9783589904031223
1787664524.065987, NoOp Chain Depth 128 Size 0 Mode ref, Ref Stage 75, run, start, 9783589904045767
1787664524.066008, NoOp Chain Depth 128 Size 0 Mode ref, Ref Stage 75, run, end, 9783589904066727
1787664524.066022, NoOp Chain Depth 128 Size 0 Mode ref, Ref Stage 76, run, start, 9783589904081302
1787664524.066043, NoOp Chain Depth 128 Size 0 Mode ref, Ref Stage 76, run, end, 9783589904102150
1787664524.066057, NoOp Chain Depth 128 Size 0 Mode ref, Ref Stage 77, run, start, 9783589904116438
1787664524.066078, NoOp Chain Depth 128 Size 0 Mode ref, Ref Stage 77, run, end, 9783589904137334
1787664524.066093, NoOp Chain Depth 128 Size 0 Mode ref, Ref Stage 78, run, start, 9783589904152070
1787664524.066116, NoOp Chain Depth 128 Size 0 Mode ref, Ref Stage 78, run, end, 9783589904174950
1787664524.066127, NoOp Chain Depth 128 Size 0 Mode ref, Ref Stage 79, run, start, 9783589904186758
1787664524.066159, NoOp Chain Depth 128 Size 0 Mode ref, Ref Stage 79, run, end, 9783589904217622
1787664524.066173, NoOp Chain Depth 128 Size 0 Mode ref, Ref Stage 80, run, start, 9783589904232534
1787664524.066195, NoOp Chain Depth 128 Size 0 Mode ref, Ref Stage 80, run, end, 9783589904254038
1787664524.066209, NoOp Chain Depth 128 Size 0 Mode ref, Ref Stage 81, run, start, 9783589904268422
1787664524.066230, NoOp Chain Depth 128 Size 0 Mode ref, Ref Stage 81, run, end, 9783589904289350
1787664524.066247, NoOp Chain Depth 128 Size 0 Mode ref, Ref Stage 82, run, start, 9783589904305974
1787664524.066267, NoOp Chain Depth 128 Size 0 Mode ref, Ref Stage 82, run, end, 9783589904326598
1787664524.066282, NoOp Chain Depth 128 Size 0 Mode ref, Ref Stage 83, run, start, 9783589904341030
1787664524.066303, NoOp Chain Depth 128 Size 0 Mode ref, Ref Stage 83, run, end, 9783589904361558
1787664524.066317, NoOp Chain Depth 128 Size 0 Mode ref, Ref Stage 84, run, start, 9783589904375766
1787664524.066337, NoOp Chain Depth 128 Size 0 Mode ref, Ref Stage 84, run, end, 9783589904396086
1787664524.066351, NoOp Chain Depth 128 Size 0 Mode ref, Ref Stage 85, run, start, 9783589904410198
1787664524.066372, NoOp Chain Depth 128 Size 0 Mode ref, Ref Stage 85, run, end, 9783589904431094
1787664524.066387, NoOp Chain Depth 128 Size 0 Mode ref, Ref Stage 86, run, start, 9783589904446150
1787664524.066408, NoOp Chain Depth 128 Size 0 Mode ref, Ref Stage 86, run, end, 9783589904466854
1787664524.066422, NoOp Chain Depth 128 Size 0 Mode ref, Ref Stage 87, run, start, 9783589904481398
1787664524.066443, NoOp Chain Depth 128 Size 0 Mode ref, Ref Stage 87, run, end, 9783589904502086
1787664524.066457, NoOp Chain Depth 128 Size 0 Mode ref, Ref Stage 88, run, start, 9783589904516566
1787664524.066478, NoOp Chain Depth 128 Size 0 Mode ref, Ref Stage 88, run, end, 9783589904537702
1787664524.066493, NoOp Chain Depth 128 Size 0 Mode ref, Ref Stage 89, run, start, 9783589904552310
1787664524.066514, NoOp Chain Depth 128 Size 0 Mode ref, Ref Stage 89, run, end, 9783589904572918
1787664524.066528, NoOp Chain Depth 128 Size 0 Mode ref, Ref Stage 90, run, start, 9783589904587046
1787664524.066550, NoOp Chain Depth 128 Size 0 Mode ref, Ref Stage 90, run, end, 9783589904609446
1787664524.066561, NoOp Chain Depth 128 Size 0 Mode ref, Ref Stage 91, run, start, 9783589904620902
1787664524.066594, NoOp Chain Depth 128 Size 0 Mode ref, Ref Stage 91, run, end, 9783589904652950
1787664524.066605, NoOp Chain Depth 128 Size 0 Mode ref, Ref Stage 92, run, start, 9783589904664662
1787664524.066636, NoOp Chain Depth 128 Size 0 Mode ref, Ref Stage 92, run, end, 9783589904695270
1787664524.066650, NoOp Chain Depth 128 Size 0 Mode ref, Ref Stage 93, run, start, 9783589904709670
1787664524.066671, NoOp Chain Depth 128 Size 0 Mode ref, Ref Stage 93, run, end, 9783589904730502
1787664524.066685, NoOp Chain Depth 128 Size 0 Mode ref, Ref Stage 94, run, start, 9783589904744678
1787664524.066706, NoOp Chain Depth 128 Size 0 Mode ref, Ref Stage 94, run, end, 9783589904765414
1787664524.066720, NoOp Chain Depth 128 Size 0 Mode ref, Ref Stage 95, run, start, 9783589904779734
1787664524.066741, NoOp Chain Depth 128 Size 0 Mode ref, Ref Stage 95, run, end, 9783589904800342
1787664524.066756, NoOp Chain Depth 128 Size 0 Mode ref, Ref Stage 96, run, start, 9783589904814854
1787664524.066776, NoOp Chain Depth 128 Size 0 Mode ref, Ref Stage 96, run, end, 9783589904835270
1787664524.066790, NoOp Chain Depth 128 Size 0 Mode ref, Ref Stage 97, run, start, 9783589904849590
1787664524.066811, NoOp Chain Depth 128 Size 0 Mode ref, Ref Stage 97, run, end, 9783589904870086
1787664524.066826, NoOp Chain Depth 128 Size 0 Mode ref, Ref Stage 98, run, start, 9783589904885110
1787664524.066846, NoOp Chain Depth 128 Size 0 Mode ref, Ref Stage 98, run, end, 9783589904905750
1787664524.066861, NoOp Chain Depth 128 Size 0 Mode ref, Ref Stage 99, run, start, 9783589904920262
1787664524.066882, NoOp Chain Depth 128 Size 0 Mode ref, Ref Stage 99, run, end, 9783589904940854
1787664524.066896, NoOp Chain Depth 128 Size 0 Mode ref, Ref Stage 100, run, start, 9783589904955142
1787664524.066918, NoOp Chain Depth 128 Size 0 Mode ref, Ref Stage 100, run, end, 9783589904977286
1787664524.067181, NoOp Chain Depth 128 Size 0 Mode ref, Ref Stage 101, run, start, 9783589905240854
1787664524.067312, NoOp Chain Depth 128 Size 0 Mode ref, Ref Stage 101, run, end, 9783589905371526
1787664524.067328, NoOp Chain Depth 128 Size 0 Mode ref, Ref Stage 102, run, start, 9783589905387046
1787664524.067349, NoOp Chain Depth 128 Size 0 Mode ref, Ref Stage 102, run, end, 9783589905408390
1787664524.067366, NoOp Chain Depth 128 Size 0 Mode ref, Ref Stage 103, run, start, 9783589905425238
1787664524.067389, NoOp Chain Depth 128 Size 0 Mode ref, Ref Stage 103, run, end, 9783589905447926
1787664524.067400, NoOp Chain Depth 128 Size 0 Mode ref, Ref Stage 104, run, start, 9783589905459526
1787664524.067431, NoOp Chain Depth 128 Size 0 Mode ref, Ref Stage 104, run, end, 9783589905490518
1787664524.067446, NoOp Chain Depth 128 Size 0 Mode ref, Ref Stage 105, run, start, 9783589905504902
1787664524.067466, NoOp Chain Depth 128 Size 0 Mode ref, Ref Stage 105, run, end, 9783589905525718
1787664524.067481, NoOp Chain Depth 128 Size 0 Mode ref, Ref Stage 106, run, start, 9783589905540038
1787664524.067502, NoOp Chain Depth 128 Size 0 Mode ref, Ref Stage 106, run, end, 9783589905560678
1787664524.067516, NoOp Chain Depth 128 Size 0 Mode ref, Ref Stage 107, run, start, 9783589905575206
1787664524.067537, NoOp Chain Depth 128 Size 0 Mode ref, Ref Stage 107, run, end, 9783589905595942
1787664524.067551, NoOp Chain Depth 128 Size 0 Mode ref, Ref Stage 108, run, start, 9783589905610230
1787664524.067572, NoOp Chain Depth 128 Size 0 Mode ref, Ref Stage 108, run, end, 9783589905631045
1787664524.067586, NoOp Chain Depth 128 Size 0 Mode ref, Ref Stage 109, run, start, 9783589905645477
1787664524.067607, NoOp Chain Depth 128 Size 0 Mode ref, Ref Stage 109, run, end, 9783589905666245
1787664524.067621, NoOp Chain Depth 128 Size 0 Mode ref, Ref Stage 110, run, start, 9783589905680517
1787664524.067642, NoOp Chain Depth 128 Size 0 Mode ref, Ref Stage 110, run, end, 9783589905701365
1787664524.067657, NoOp Chain Depth 128 Size 0 Mode ref, Ref Stage 111, run, start, 9783589905715797
1787664524.067677, NoOp Chain Depth 128 Size 0 Mode ref, Ref Stage 111, run, end, 9783589905736677
1787664524.067692, NoOp Chain Depth 128 Size 0 Mode ref, Ref Stage 112, run, start, 9783589905751141
1787664524.067713, NoOp Chain Depth 128 Size 0 Mode ref, Ref Stage 112, run, end, 9783589905771685
1787664524.067727, NoOp Chain Depth 128 Size 0 Mode ref, Ref Stage 113, run, start, 9783589905786229
1787664524.067748, NoOp Chain Depth 128 Size 0 Mode ref, Ref Stage 113, run, end, 9783589905806917
1787664524.067762, NoOp Chain Depth 128 Size 0 Mode ref, Ref Stage 114, run, start, 9783589905821317
1787664524.067785, NoOp Chain Depth 128 Size 0 Mode ref, Ref Stage 114, run, end, 9783589905843797
1787664524.067796, NoOp Chain Depth 128 Size 0 Mode ref, Ref Stage 115, run, start, 9783589905855397
1787664524.067827, NoOp Chain Depth 128 Size 0 Mode ref, Ref Stage 115, run, end, 9783589905886197
1787664524.067841, NoOp Chain Depth 128 Size 0 Mode ref, Ref Stage 116, run, start, 9783589905900501
1787664524.067862, NoOp Chain Depth 128 Size 0 Mode ref, Ref Stage 116, run, end, 9783589905920933
1787664524.067876, NoOp Chain Depth 128 Size 0 Mode ref, Ref Stage 117, run, start, 9783589905935061
1787664524.067896, NoOp Chain Depth 128 Size 0 Mode ref, Ref Stage 117, run, end, 9783589905955461
1787664524.067911, NoOp Chain Depth 128 Size 0 Mode ref, Ref Stage 118, run, start, 9783589905970421
1787664524.067934, NoOp Chain Depth 128 Size 0 Mode ref, Ref Stage 118, run, end, 9783589905993525
1787664524.067948, NoOp Chain Depth 128 Size 0 Mode ref, Ref Stage 119, run, start, 9783589906007269
1787664524.067979, NoOp Chain Depth 128 Size 0 Mode ref, Ref Stage 119, run, end, 9783589906038325
1787664524.067993, NoOp Chain Depth 128 Size 0 Mode ref, Ref Stage 120, run, start, 9783589906052629
1787664524.068014, NoOp Chain Depth 128 Size 0 Mode ref, Ref Stage 120, run, end, 9783589906073765
1787664524.068029, NoOp Chain Depth 128 Size 0 Mode ref, Ref Stage 121, run, start, 9783589906088197
1787664524.068050, NoOp Chain Depth 128 Size 0 Mode ref, Ref Stage 121, run, end, 9783589906109109
1787664524.068064, NoOp Chain Depth 128 Size 0 Mode ref, Ref Stage 122, run, start, 9783589906123429
1787664524.068085, NoOp Chain Depth 128 Size 0 Mode ref, Ref Stage 122, run, end, 9783589906144069
1787664524.068101, NoOp Chain Depth 128 Size 0 Mode ref, Ref Stage 123, run, start, 9783589906160789
1787664524.068126, NoOp Chain Depth 128 Size 0 Mode ref, Ref Stage 123, run, end, 9783589906185413
1787664524.068141, NoOp Chain Depth 128 Size 0 Mode ref, Ref Stage 124, run, start, 9783589906199877
1787664524.068161, NoOp Chain Depth 128 Size 0 Mode ref, Ref Stage 124, run, end, 9783589906220773
1787664524.068176, NoOp Chain Depth 128 Size 0 Mode ref, Ref Stage 125, run, start, 9783589906235429
1787664524.068198, NoOp Chain Depth 128 Size 0 Mode ref, Ref Stage 125, run, end, 9783589906257749
1787664524.068213, NoOp Chain Depth 128 Size 0 Mode ref, Ref Stage 126, run, start, 9783589906272261
1787664524.068236, NoOp Chain Depth 128 Size 0 Mode ref, Ref Stage 126, run, end, 9783589906295333
1787664524.068251, NoOp Chain Depth 128 Size 0 Mode ref, Ref Stage 127, run, start, 9783589906310277
1787664524.068272, NoOp Chain Depth 128 Size 0 Mode ref, Ref Stage 127, run, end, 9783589906331109
1787664524.068286, NoOp Chain Depth 128 Size 0 Mode ref, pipeline - train, run, end, 251380764099486351610117691182627344637, 1787664524.058561, 51, 1, 9783589906345861
1787664524.068323, NoOp Chain Depth 128 Size 0 Mode ref, pipeline - train, run, start, 97649454757526928318218143522217350623, 1787664524.068312, 52, 1, 9783589906382341
1787664524.068345, NoOp Chain Depth 128 Size 0 Mode ref, Ref Stage 0, run, start, 9783589906404709
1787664524.068370, NoOp Chain Depth 128 Size 0 Mode ref, Ref Stage 0, run, end, 9783589906428773
1787664524.068381, NoOp Chain Depth 128 Size 0 Mode ref, Ref Stage 1, run, start, 9783589906440533
1787664524.068413, NoOp Chain Depth 128 Size 0 Mode ref, Ref Stage 1, run, end, 9783589906472693
1787664524.068428, NoOp Chain Depth 128 Size 0 Mode ref, Ref Stage 2, run, start, 9783589906487525
1787664524.068449, NoOp Chain Depth 128 Size 0 Mode ref, Ref Stage 2, run, end, 9783589906508453
1787664524.068464, NoOp Chain Depth 128 Size 0 Mode ref, Ref Stage 3, run, start, 9783589906523253
1787664524.068485, NoOp Chain Depth 128 Size 0 Mode ref, Ref Stage 3, run, end, 9783589906543877
1787664524.068499, NoOp Chain Depth 128 Size 0 Mode ref, Ref Stage 4, run, start, 9783589906558485
1787664524.068520, NoOp Chain Depth 128 Size 0 Mode ref, Ref Stage 4, run, end, 9783589906579045
1787664524.068535, NoOp Chain Depth 128 Size 0 Mode ref, Ref Stage 5, run, start, 9783589906593733
1787664524.068555, NoOp Chain Depth 128 Size 0 Mode ref, Ref Stage 5, run, end, 9783589906614261
1787664524.068569, NoOp Chain Depth 128 Size 0 Mode ref, Ref Stage 6, run, start, 9783589906628533
1787664524.068593, NoOp Chain Depth 128 Size 0 Mode ref, Ref Stage 6, run, end, 9783589906652037
1787664524.068604, NoOp Chain Depth 128 Size 0 Mode ref, Ref Stage 7, run, start, 9783589906663573
1787664524.068635, NoOp Chain Depth 128 Size 0 Mode ref, Ref Stage 7, run, end, 9783589906695525
1787664524.068651, NoOp Chain Depth 128 Size 0 Mode ref, Ref Stage 8, run, start, 9783589906710165
1787664524.068671, NoOp Chain Depth 128 Size 0 Mode ref, Ref Stage 8, run, end, 9783589906730645
1787664524.068686, NoOp Chain Depth 128 Size 0 Mode ref, Ref Stage 9, run, start, 9783589906744821
1787664524.068706, NoOp Chain Depth 128 Size 0 Mode ref, Ref Stage 9, run, end, 9783589906765333
1787664524.068722, NoOp Chain Depth 128 Size 0 Mode ref, Ref Stage 10, run, start, 9783589906780933
1787664524.068743, NoOp Chain Depth 128 Size 0 Mode ref, Ref Stage 10, run, end, 9783589906801797
1787664524.068758, NoOp Chain Depth 128 Size 0 Mode ref, Ref Stage 11, run, start, 9783589906817749
1787664524.068782, NoOp Chain Depth 128 Size 0 Mode ref, Ref Stage 11, run, end, 9783589906840869
1787664524.068796, NoOp Chain Depth 128 Size 0 Mode ref, Ref Stage 12, run, start, 9783589906855093
1787664524.068816, NoOp Chain Depth 128 Size 0 Mode ref, Ref Stage 12, run, end, 9783589906875557
1787664524.068831, NoOp Chain Depth 128 Size 0 Mode ref, Ref Stage 13, run, start, 9783589906889845
1787664524.068852, NoOp Chain Depth 128 Size 0 Mode ref, Ref Stage 13, run, end, 9783589906911413
1787664524.068869, NoOp Chain Depth 128 Size 0 Mode ref, Ref Stage 14, run, start, 9783589906927957
1787664524.068893, NoOp Chain Depth 128 Size 0 Mode ref, Ref Stage 14, run, end, 9783589906952005
1787664524.068904, NoOp Chain Depth 128 Size 0 Mode ref, Ref Stage 15, run, start, 9783589906963653
1787664524.069381, NoOp Chain Depth 128 Size 0 Mode ref, Ref Stage 15, run, end, 9783589907441556
1787664524.069399, NoOp Chain Depth 128 Size 0 Mode ref, Ref Stage 16, run, start, 9783589907458036
1787664524.069421, NoOp Chain Depth 128 Size 0 Mode ref, Ref Stage 16, run, end, 9783589907480084
1787664524.069436, NoOp Chain Depth 128 Size 0 Mode ref, Ref Stage 17, run, start, 9783589907494900
1787664524.069459, NoOp Chain Depth 128 Size 0 Mode ref, Ref Stage 17, run, end, 9783589907517812
1787664524.069470, NoOp Chain Depth 128 Size 0 Mode ref, Ref Stage 18, run, start, 9783589907529556
1787664524.069503, NoOp Chain Depth 128 Size 0 Mode ref, Ref Stage 18, run, end, 9783589907562068
1787664524.069515, NoOp Chain Depth 128 Size 0 Mode ref, Ref Stage 19, run, start, 9783589907573716
1787664524.069546, NoOp Chain Depth 128 Size 0 Mode ref, Ref Stage 19, run, end, 9783589907604724
1787664524.069560, NoOp Chain Depth 128 Size 0 Mode ref, Ref Stage 20, run, start, 9783589907619188
1787664524.069581, NoOp Chain Depth 128 Size 0 Mode ref, Ref Stage 20, run, end, 9783589907640276
1787664524.069595, NoOp Chain Depth 128 Size 0 Mode ref, Ref Stage 21, run, start, 9783589907654708
1787664524.069617, NoOp Chain Depth 128 Size 0 Mode ref, Ref Stage 21, run, end, 9783589907676084
1787664524.069633, NoOp Chain Depth 128 Size 0 Mode ref, Ref Stage 22, run, start, 9783589907692452
1787664524.069654, NoOp Chain Depth 128 Size 0 Mode ref, Ref Stage 22, run, end, 9783589907713636
1787664524.069669, NoOp Chain Depth 128 Size 0 Mode ref, Ref Stage 23, run, start, 9783589907728436
1787664524.069690, NoOp Chain Depth 128 Size 0 Mode ref, Ref Stage 23, run, end, 9783589907748804
1787664524.069704, NoOp Chain Depth 128 Size 0 Mode ref, Ref Stage 24, run, start, 9783589907763092
1787664524.069724, NoOp Chain Depth 128 Size 0 Mode ref, Ref Stage 24, run, end, 9783589907783524
1787664524.069738, NoOp Chain Depth 128 Size 0 Mode ref, Ref Stage 25, run, start, 9783589907797604
1787664524.069759, NoOp Chain Depth 128 Size 0 Mode ref, Ref Stage 25, run, end, 9783589907818324
1787664524.069774, NoOp Chain Depth 128 Size 0 Mode ref, Ref Stage 26, run, start, 9783589907833636
1787664524.069797, NoOp Chain Depth 128 Size 0 Mode ref, Ref Stage 26, run, end, 9783589907855780
1787664524.069812, NoOp Chain Depth 128 Size 0 Mode ref, Ref Stage 27, run, start, 9783589907871300
1787664524.069834, NoOp Chain Depth 128 Size 0 Mode ref, Ref Stage 27, run, end, 9783589907893364
1787664524.069849, NoOp Chain Depth 128 Size 0 Mode ref, Ref Stage 28, run, start, 9783589907907844
1787664524.069869, NoOp Chain Depth 128 Size 0 Mode ref, Ref Stage 28, run, end, 9783589907928276
1787664524.069884, NoOp Chain Depth 128 Size 0 Mode ref, Ref Stage 29, run, start, 9783589907943540
1787664524.069905, NoOp Chain Depth 128 Size 0 Mode ref, Ref Stage 29, run, end, 9783589907964276
1787664524.069920, NoOp Chain Depth 128 Size 0 Mode ref, Ref Stage 30, run, start, 9783589907978708
1787664524.069942, NoOp Chain Depth 128 Size 0 Mode ref, Ref Stage 30, run, end, 9783589908003220
1787664524.069959, NoOp Chain Depth 128 Size 0 Mode ref, Ref Stage 31, run, start, 9783589908018324
1787664524.069980, NoOp Chain Depth 128 Size 0 Mode ref, Ref Stage 31, run, end, 9783589908039460
1787664524.069995, NoOp Chain Depth 128 Size 0 Mode ref, Ref Stage 32, run, start, 9783589908053924
1787664524.070018, NoOp Chain Depth 128 Size 0 Mode ref, Ref Stage 32, run, end, 9783589908077412
1787664524.070032, NoOp Chain Depth 128 Size 0 Mode ref, Ref Stage 33, run, start, 9783589908091732
1787664524.070053, NoOp Chain Depth 128 Size 0 Mode ref, Ref Stage 33, run, end, 9783589908112436
1787664524.070068, NoOp Chain Depth 128 Size 0 Mode ref, Ref Stage 34, run, start, 9783589908126948
1787664524.070088, NoOp Chain Depth 128 Size 0 Mode ref, Ref Stage 34, run, end, 9783589908147684
1787664524.070105, NoOp Chain Depth 128 Size 0 Mode ref, Ref Stage 35, run, start, 9783589908163732
1787664524.070125, NoOp Chain Depth 128 Size 0 Mode ref, Ref Stage 35, run, end, 9783589908184372
1787664524.070139, NoOp Chain Depth 128 Size 0 Mode ref, Ref Stage 36, run, start, 9783589908198628
1787664524.070160, NoOp Chain Depth 128 Size 0 Mode ref, Ref Stage 36, run, end, 9783589908219220
1787664524.070174, NoOp Chain Depth 128 Size 0 Mode ref, Ref Stage 37, run, start, 9783589908233684
1787664524.070199, NoOp Chain Depth 128 Size 0 Mode ref, Ref Stage 37, run, end, 9783589908258452
1787664524.070216, NoOp Chain Depth 128 Size 0 Mode ref, Ref Stage 38, run, start, 9783589908275028
1787664524.070237, NoOp Chain Depth 128 Size 0 Mode ref, Ref Stage 38, run, end, 9783589908295796
1787664524.070251, NoOp Chain Depth 128 Size 0 Mode ref, Ref Stage 39, run, start, 9783589908310388
1787664524.070272, NoOp Chain Depth 128 Size 0 Mode ref, Ref Stage 39, run, end, 9783589908331476
1787664524.070287, NoOp Chain Depth 128 Size 0 Mode ref, Ref Stage 40, run, start, 9783589908345956
1787664524.070307, NoOp Chain Depth 128 Size 0 Mode ref, Ref Stage 40, run, end, 9783589908366916
1787664524.070322, NoOp Chain Depth 128 Size 0 Mode ref, Ref Stage 41, run, start, 9783589908382708
1787664524.070344, NoOp Chain Depth 128 Size 0 Mode ref, Ref Stage 41, run, end, 9783589908403652
1787664524.070359, NoOp Chain Depth 128 Size 0 Mode ref, Ref Stage 42, run, start, 9783589908418340
1787664524.070380, NoOp Chain Depth 128 Size 0 Mode ref, Ref Stage 42, run, end, 9783589908439524
1787664524.070395, NoOp Chain Depth 128 Size 0 Mode ref, Ref Stage 43, run, start, 9783589908454244
1787664524.070417, NoOp Chain Depth 128 Size 0 Mode ref, Ref Stage 43, run, end, 9783589908476148
1787664524.070431, NoOp Chain Depth 128 Size 0 Mode ref, Ref Stage 44, run, start, 9783589908490772
1787664524.070453, NoOp Chain Depth 128 Size 0 Mode ref, Ref Stage 44, run, end, 9783589908512772
1787664524.070468, NoOp Chain Depth 128 Size 0 Mode ref, Ref Stage 45, run, start, 9783589908527124
1787664524.070492, NoOp Chain Depth 128 Size 0 Mode ref, Ref Stage 45, run, end, 9783589908550788
1787664524.070503, NoOp Chain Depth 128 Size 0 Mode ref, Ref Stage 46, run, start, 9783589908562548
1787664524.070536, NoOp Chain Depth 128 Size 0 Mode ref, Ref Stage 46, run, end, 9783589908594948
1787664524.070547, NoOp Chain Depth 128 Size 0 Mode ref, Ref Stage 47, run, start, 9783589908606548
1787664524.070578, NoOp Chain Depth 128 Size 0 Mode ref, Ref Stage 47, run, end, 9783589908637204
1787664524.070592, NoOp Chain Depth 128 Size 0 Mode ref, Ref Stage 48, run, start, 9783589908651524
1787664524.070615, NoOp Chain Depth 128 Size 0 Mode ref, Ref Stage 48, run, end, 9783589908673732
1787664524.070630, NoOp Chain Depth 128 Size 0 Mode ref, Ref Stage 49, run, start, 9783589908689348
1787664524.070651, NoOp Chain Depth 128 Size 0 Mode ref, Ref Stage 49, run, end, 9783589908709972
1787664524.070665, NoOp Chain Depth 128 Size 0 Mode ref, Ref Stage 50, run, start, 9783589908724419
1787664524.070686, NoOp Chain Depth 128 Size 0 Mode ref, Ref Stage 50, run, end, 9783589908744851
1787664524.070700, NoOp Chain Depth 128 Size 0 Mode ref, Ref Stage 51, run, start, 9783589908759267
1787664524.070721, NoOp Chain Depth 128 Size 0 Mode ref, Ref Stage 51, run, end, 9783589908779987
1787664524.070735, NoOp Chain Depth 128 Size 0 Mode ref, Ref Stage 52, run, start, 9783589908794563
1787664524.070756, NoOp Chain Depth 128 Size 0 Mode ref, Ref Stage 52, run, end, 9783589908815683
1787664524.070771, NoOp Chain Depth 128 Size 0 Mode ref, Ref Stage 53, run, start, 9783589908830243
1787664524.070792, NoOp Chain Depth 128 Size 0 Mode ref, Ref Stage 53, run, end, 9783589908851171
1787664524.070808, NoOp Chain Depth 128 Size 0 Mode ref, Ref Stage 54, run, start, 9783589908867507
1787664524.070829, NoOp Chain Depth 128 Size 0 Mode ref, Ref Stage 54, run, end, 9783589908888387
1787664524.070843, NoOp Chain Depth 128 Size 0 Mode ref, Ref Stage 55, run, start, 9783589908902483
1787664524.070865, NoOp Chain Depth 128 Size 0 Mode ref, Ref Stage 55, run, end, 9783589908924387
1787664524.070881, NoOp Chain Depth 128 Size 0 Mode ref, Ref Stage 56, run, start, 9783589908940291
1787664524.070904, NoOp Chain Depth 128 Size 0 Mode ref, Ref Stage 56, run, end, 9783589908963235
1787664524.070916, NoOp Chain Depth 128 Size 0 Mode ref, Ref Stage 57, run, start, 9783589908975603
1787664524.071469, NoOp Chain Depth 128 Size 0 Mode ref, Ref Stage 57, run, end, 9783589909529267
1787664524.071486, NoOp Chain Depth 128 Size 0 Mode ref, Ref Stage 58, run, start, 9783589909546067
1787664524.071509, NoOp Chain Depth 128 Size 0 Mode ref, Ref Stage 58, run, end, 9783589909567971
1787664524.071523, NoOp Chain Depth 128 Size 0 Mode ref, Ref Stage 59, run, start, 9783589909582675
1787664524.071545, NoOp Chain Depth 128 Size 0 Mode ref, Ref Stage 59, run, end, 9783589909603763
1787664524.071559, NoOp Chain Depth 128 Size 0 Mode ref, Ref Stage 60, run, start, 9783589909618243
1787664524.071580, NoOp Chain Depth 128 Size 0 Mode ref, Ref Stage 60, run, end, 9783589909638931
1787664524.071594, NoOp Chain Depth 128 Size 0 Mode ref, Ref Stage 61, run, start, 9783589909653187
1787664524.071616, NoOp Chain Depth 128 Size 0 Mode ref, Ref Stage 61, run, end, 9783589909675747
1787664524.071628, NoOp Chain Depth 128 Size 0 Mode ref, Ref Stage 62, run, start, 9783589909687571
1787664524.071661, NoOp Chain Depth 128 Size 0 Mode ref, Ref Stage 62, run, end, 9783589909720627
1787664524.071673, NoOp Chain Depth 128 Size 0 Mode ref, Ref Stage 63, run, start, 9783589909732451
1787664524.071814, NoOp Chain Depth 128 Size 0 Mode ref, Ref Stage 63, run, end, 9783589909874179
1787664524.071831, NoOp Chain Depth 128 Size 0 Mode ref, Ref Stage 64, run, start, 9783589909890931
1787664524.071857, NoOp Chain Depth 128 Size 0 Mode ref, Ref Stage 64, run, end, 9783589909916099
1787664524.071873, NoOp Chain Depth 128 Size 0 Mode ref, Ref Stage 65, run, start, 9783589909932099
1787664524.071895, NoOp Chain Depth 128 Size 0 Mode ref, Ref Stage 65, run, end, 9783589909953715
1787664524.071910, NoOp Chain Depth 128 Size 0 Mode ref, Ref Stage 66, run, start, 9783589909969635
1787664524.071931, NoOp Chain Depth 128 Size 0 Mode ref, Ref Stage 66, run, end, 9783589909990611
1787664524.071948, NoOp Chain Depth 128 Size 0 Mode ref, Ref Stage 67, run, start, 9783589910007251
1787664524.071970, NoOp Chain Depth 128 Size 0 Mode ref, Ref Stage 67, run, end, 9783589910029123
1787664524.071984, NoOp Chain Depth 128 Size 0 Mode ref, Ref Stage 68, run, start, 9783589910043219
1787664524.072005, NoOp Chain Depth 128 Size 0 Mode ref, Ref Stage 68, run, end, 9783589910063859
1787664524.072019, NoOp Chain Depth 128 Size 0 Mode ref, Ref Stage 69, run, start, 9783589910078771
1787664524.072043, NoOp Chain Depth 128 Size 0 Mode ref, Ref Stage 69, run, end, 9783589910102707
1787664524.072055, NoOp Chain Depth 128 Size 0 Mode ref, Ref Stage 70, run, start, 9783589910114387
1787664524.072086, NoOp Chain Depth 128 Size 0 Mode ref, Ref Stage 70, run, end, 9783589910145123
1787664524.072100, NoOp Chain Depth 128 Size 0 Mode ref, Ref Stage 71, run, start, 9783589910159395
1787664524.072121, NoOp Chain Depth 128 Size 0 Mode ref, Ref Stage 71, run, end, 9783589910180403
1787664524.072135, NoOp Chain Depth 128 Size 0 Mode ref, Ref Stage 72, run, start, 9783589910194770
1787664524.072156, NoOp Chain Depth 128 Size 0 Mode ref, Ref Stage 72, run, end, 9783589910215682
1787664524.072171, NoOp Chain Depth 128 Size 0 Mode ref, Ref Stage 73, run, start, 9783589910230082
1787664524.072192, NoOp Chain Depth 128 Size 0 Mode ref, Ref Stage 73, run, end, 9783589910250914
1787664524.072206, NoOp Chain Depth 128 Size 0 Mode ref, Ref Stage 74, run, start, 9783589910265202
1787664524.072228, NoOp Chain Depth 128 Size 0 Mode ref, Ref Stage 74, run, end, 9783589910287490
1787664524.072244, NoOp Chain Depth 128 Size 0 Mode ref, Ref Stage 75, run, start, 9783589910303394
1787664524.072265, NoOp Chain Depth 128 Size 0 Mode ref, Ref Stage 75, run, end, 9783589910324386
1787664524.072279, NoOp Chain Depth 128 Size 0 Mode ref, Ref Stage 76, run, start, 9783589910338802
1787664524.072304, NoOp Chain Depth 128 Size 0 Mode ref, Ref Stage 76, run, end, 9783589910362994
1787664524.072318, NoOp Chain Depth 128 Size 0 Mode ref, Ref Stage 77, run, start, 9783589910377330
1787664524.072341, NoOp Chain Depth 128 Size 0 Mode ref, Ref Stage 77, run, end, 9783589910400658
1787664524.072357, NoOp Chain Depth 128 Size 0 Mode ref, Ref Stage 78, run, start, 9783589910415922
1787664524.072378, NoOp Chain Depth 128 Size 0 Mode ref, Ref Stage 78, run, end, 9783589910436770
1787664524.072392, NoOp Chain Depth 128 Size 0 Mode ref, Ref Stage 79, run, start, 9783589910451090
1787664524.072414, NoOp Chain Depth 128 Size 0 Mode ref, Ref Stage 79, run, end, 9783589910473746
1787664524.072426, NoOp Chain Depth 128 Size 0 Mode ref, Ref Stage 80, run, start, 9783589910485346
1787664524.072459, NoOp Chain Depth 128 Size 0 Mode ref, Ref Stage 80, run, end, 9783589910517666
1787664524.072473, NoOp Chain Depth 128 Size 0 Mode ref, Ref Stage 81, run, start, 9783589910531778
1787664524.072494, NoOp Chain Depth 128 Size 0 Mode ref, Ref Stage 81, run, end, 9783589910553650
1787664524.072509, NoOp Chain Depth 128 Size 0 Mode ref, Ref Stage 82, run, start, 9783589910567970
1787664524.072529, NoOp Chain Depth 128 Size 0 Mode ref, Ref Stage 82, run, end, 9783589910588514
1787664524.072543, NoOp Chain Depth 128 Size 0 Mode ref, Ref Stage 83, run, start, 9783589910602690
1787664524.072564, NoOp Chain Depth 128 Size 0 Mode ref, Ref Stage 83, run, end, 9783589910623122
1787664524.072578, NoOp Chain Depth 128 Size 0 Mode ref, Ref Stage 84, run, start, 9783589910637202
1787664524.072598, NoOp Chain Depth 128 Size 0 Mode ref, Ref Stage 84, run, end, 9783589910657522
1787664524.072613, NoOp Chain Depth 128 Size 0 Mode ref, Ref Stage 85, run, start, 9783589910671810
1787664524.072636, NoOp Chain Depth 128 Size 0 Mode ref, Ref Stage 85, run, end, 9783589910695442
1787664524.072652, NoOp Chain Depth 128 Size 0 Mode ref, Ref Stage 86, run, start, 9783589910711298
1787664524.072673, NoOp Chain Depth 128 Size 0 Mode ref, Ref Stage 86, run, end, 9783589910732258
1787664524.072687, NoOp Chain Depth 128 Size 0 Mode ref, Ref Stage 87, run, start, 9783589910746466
1787664524.072708, NoOp Chain Depth 128 Size 0 Mode ref, Ref Stage 87, run, end, 9783589910767154
1787664524.072722, NoOp Chain Depth 128 Size 0 Mode ref, Ref Stage 88, run, start, 9783589910781650
1787664524.072745, NoOp Chain Depth 128 Size 0 Mode ref, Ref Stage 88, run, end, 9783589910803938
1787664524.072760, NoOp Chain Depth 128 Size 0 Mode ref, Ref Stage 89, run, start, 9783589910819474
1787664524.072781, NoOp Chain Depth 128 Size 0 Mode ref, Ref Stage 89, run, end, 9783589910840338
1787664524.072795, NoOp Chain Depth 128 Size 0 Mode ref, Ref Stage 90, run, start, 9783589910854402
1787664524.073150, NoOp Chain Depth 128 Size 0 Mode ref, Ref Stage 90, run, end, 9783589911210898
1787664524.073286, NoOp Chain Depth 128 Size 0 Mode ref, Ref Stage 91, run, start, 9783589911346322
1787664524.073312, NoOp Chain Depth 128 Size 0 Mode ref, Ref Stage 91, run, end, 9783589911370898
1787664524.073327, NoOp Chain Depth 128 Size 0 Mode ref, Ref Stage 92, run, start, 9783589911386242
1787664524.073350, NoOp Chain Depth 128 Size 0 Mode ref, Ref Stage 92, run, end, 9783589911409426
1787664524.073363, NoOp Chain Depth 128 Size 0 Mode ref, Ref Stage 93, run, start, 9783589911422322
1787664524.073396, NoOp Chain Depth 128 Size 0 Mode ref, Ref Stage 93, run, end, 9783589911455602
1787664524.073412, NoOp Chain Depth 128 Size 0 Mode ref, Ref Stage 94, run, start, 9783589911471026
1787664524.073434, NoOp Chain Depth 128 Size 0 Mode ref, Ref Stage 94, run, end, 9783589911493138
1787664524.073449, NoOp Chain Depth 128 Size 0 Mode ref, Ref Stage 95, run, start, 9783589911508242
1787664524.073470, NoOp Chain Depth 128 Size 0 Mode ref, Ref Stage 95, run, end, 9783589911529874
1787664524.073485, NoOp Chain Depth 128 Size 0 Mode ref, Ref Stage 96, run, start, 9783589911544738
1787664524.073507, NoOp Chain Depth 128 Size 0 Mode ref, Ref Stage 96, run, end, 9783589911566082
1787664524.073525, NoOp Chain Depth 128 Size 0 Mode ref, Ref Stage 97, run, start, 9783589911584114
1787664524.073546, NoOp Chain Depth 128 Size 0 Mode ref, Ref Stage 97, run, end, 9783589911604962
1787664524.073560, NoOp Chain Depth 128 Size 0 Mode ref, Ref Stage 98, run, start, 9783589911619490
1787664524.073581, NoOp Chain Depth 128 Size 0 Mode ref, Ref Stage 98, run, end, 9783589911640290
1787664524.073596, NoOp Chain Depth 128 Size 0 Mode ref, Ref Stage 99, run, start, 9783589911655570
1787664524.073617, NoOp Chain Depth 128 Size 0 Mode ref, Ref Stage 99, run, end, 9783589911676258
1787664524.073631, NoOp Chain Depth 128 Size 0 Mode ref, Ref Stage 100, run, start, 9783589911690546
1787664524.073652, NoOp Chain Depth 128 Size 0 Mode ref, Ref Stage 100, run, end, 9783589911711458
1787664524.073667, NoOp Chain Depth 128 Size 0 Mode ref, Ref Stage 101, run, start, 9783589911725857
1787664524.073689, NoOp Chain Depth 128 Size 0 Mode ref, Ref Stage 101, run, end, 9783589911748161
1787664524.073704, NoOp Chain Depth 128 Size 0 Mode ref, Ref Stage 102, run, start, 9783589911762545
1787664524.073724, NoOp Chain Depth 128 Size 0 Mode ref, Ref Stage 102, run, end, 9783589911783089
1787664524.073738, NoOp Chain Depth 128 Size 0 Mode ref, Ref Stage 103, run, start, 9783589911797473
1787664524.073762, NoOp Chain Depth 128 Size 0 Mode ref, Ref Stage 103, run, end, 9783589911821057
1787664524.073773, NoOp Chain Depth 128 Size 0 Mode ref, Ref Stage 104, run, start, 9783589911832737
1787664524.073804, NoOp Chain Depth 128 Size 0 Mode ref, Ref Stage 104, run, end, 9783589911863393
1787664524.073820, NoOp Chain Depth 128 Size 0 Mode ref, Ref Stage 105, run, start, 9783589911879265
1787664524.073840, NoOp Chain Depth 128 Size 0 Mode ref, Ref Stage 105, run, end, 9783589911899681
1787664524.073855, NoOp Chain Depth 128 Size 0 Mode ref, Ref Stage 106, run, start, 9783589911913985
1787664524.073877, NoOp Chain Depth 128 Size 0 Mode ref, Ref Stage 106, run, end, 9783589911935889
1787664524.073891, NoOp Chain Depth 128 Size 0 Mode ref, Ref Stage 107, run, start, 9783589911950769
1787664524.073912, NoOp Chain Depth 128 Size 0 Mode ref, Ref Stage 107, run, end, 9783589911972769
1787664524.073928, NoOp Chain Depth 128 Size 0 Mode ref, Ref Stage 108, run, start, 9783589911987105
1787664524.073956, NoOp Chain Depth 128 Size 0 Mode ref, Ref Stage 108, run, end, 9783589912015057
1787664524.073971, NoOp Chain Depth 128 Size 0 Mode ref, Ref Stage 109, run, start, 9783589912030433
1787664524.073992, NoOp Chain Depth 128 Size 0 Mode ref, Ref Stage 109, run, end, 9783589912051249
1787664524.074006, NoOp Chain Depth 128 Size 0 Mode ref, Ref Stage 110, run, start, 9783589912065489
1787664524.074027, NoOp Chain Depth 128 Size 0 Mode ref, Ref Stage 110, run, end, 9783589912086257
1787664524.074043, NoOp Chain Depth 128 Size 0 Mode ref, Ref Stage 111, run, start, 9783589912102321
1787664524.074066, NoOp Chain Depth 128 Size 0 Mode ref, Ref Stage 111, run, end, 9783589912125537
1787664524.074081, NoOp Chain Depth 128 Size 0 Mode ref, Ref Stage 112, run, start, 9783589912139937
1787664524.074101, NoOp Chain Depth 128 Size 0 Mode ref, Ref Stage 112, run, end, 9783589912160529
1787664524.074116, NoOp Chain Depth 128 Size 0 Mode ref, Ref Stage 113, run, start, 9783589912174865
1787664524.074136, NoOp Chain Depth 128 Size 0 Mode ref, Ref Stage 113, run, end, 9783589912195601
1787664524.074151, NoOp Chain Depth 128 Size 0 Mode ref, Ref Stage 114, run, start, 9783589912209985
1787664524.074174, NoOp Chain Depth 128 Size 0 Mode ref, Ref Stage 114, run, end, 9783589912233249
1787664524.074185, NoOp Chain Depth 128 Size 0 Mode ref, Ref Stage 115, run, start, 9783589912244689
1787664524.074720, NoOp Chain Depth 128 Size 0 Mode ref, Ref Stage 115, run, end, 9783589912780193
1787664524.074737, NoOp Chain Depth 128 Size 0 Mode ref, Ref Stage 116, run, start, 9783589912796433
1787664524.074759, NoOp Chain Depth 128 Size 0 Mode ref, Ref Stage 116, run, end, 9783589912817825
1787664524.074773, NoOp Chain Depth 128 Size 0 Mode ref, Ref Stage 117, run, start, 9783589912832433
1787664524.074797, NoOp Chain Depth 128 Size 0 Mode ref, Ref Stage 117, run, end, 9783589912856609
1787664524.074812, NoOp Chain Depth 128 Size 0 Mode ref, Ref Stage 118, run, start, 9783589912871073
1787664524.074835, NoOp Chain Depth 128 Size 0 Mode ref, Ref Stage 118, run, end, 9783589912893921
1787664524.074846, NoOp Chain Depth 128 Size 0 Mode ref, Ref Stage 119, run, start, 9783589912905521
1787664524.074877, NoOp Chain Depth 128 Size 0 Mode ref, Ref Stage 119, run, end, 9783589912936305
1787664524.074892, NoOp Chain Depth 128 Size 0 Mode ref, Ref Stage 120, run, start, 9783589912950705
1787664524.074912, NoOp Chain Depth 128 Size 0 Mode ref, Ref Stage 120, run, end, 9783589912971393
1787664524.074927, NoOp Chain Depth 128 Size 0 Mode ref, Ref Stage 121, run, start, 9783589912985777
1787664524.074949, NoOp Chain Depth 128 Size 0 Mode ref, Ref Stage 121, run, end, 9783589913008689
1787664524.074967, NoOp Chain Depth 128 Size 0 Mode ref, Ref Stage 122, run, start, 9783589913026209
1787664524.074987, NoOp Chain Depth 128 Size 0 Mode ref, Ref Stage 122, run, end, 9783589913046673
1787664524.075002, NoOp Chain Depth 128 Size 0 Mode ref, Ref Stage 123, run, start, 9783589913060945
1787664524.075024, NoOp Chain Depth 128 Size 0 Mode ref, Ref Stage 123, run, end, 9783589913083585
1787664524.075036, NoOp Chain Depth 128 Size 0 Mode ref, Ref Stage 124, run, start, 9783589913095249
1787664524.075067, NoOp Chain Depth 128 Size 0 Mode ref, Ref Stage 124, run, end, 9783589913126097
1787664524.075081, NoOp Chain Depth 128 Size 0 Mode ref, Ref Stage 125, run, start, 9783589913140497
1787664524.075104, NoOp Chain Depth 128 Size 0 Mode ref, Ref Stage 125, run, end, 9783589913162689
1787664524.075118, NoOp Chain Depth 128 Size 0 Mode ref, Ref Stage 126, run, start, 9783589913177073
1787664524.075140, NoOp Chain Depth 128 Size 0 Mode ref, Ref Stage 126, run, end, 9783589913199057
1787664524.075156, NoOp Chain Depth 128 Size 0 Mode ref, Ref Stage 127, run, start, 9783589913215169
1787664524.075178, NoOp Chain Depth 128 Size 0 Mode ref, Ref Stage 127, run, end, 9783589913237377
1787664524.075193, NoOp Chain Depth 128 Size 0 Mode ref, pipeline - train, run, end, 97649454757526928318218143522217350623, 1787664524.068312, 52, 1, 9783589913252353
1787664524.075229, NoOp Chain Depth 128 Size 0 Mode ref, pipeline - train, run, start, 144661977013065232801167336020273387297, 1787664524.075218, 53, 1, 9783589913288672
1787664524.075253, NoOp Chain Depth 128 Size 0 Mode ref, Ref Stage 0, run, start, 9783589913311824
1787664524.075275, NoOp Chain Depth 128 Size 0 Mode ref, Ref Stage 0, run, end, 9783589913334672
1787664524.075291, NoOp Chain Depth 128 Size 0 Mode ref, Ref Stage 1, run, start, 9783589913350032
1787664524.075313, NoOp Chain Depth 128 Size 0 Mode ref, Ref Stage 1, run, end, 9783589913372352
1787664524.075325, NoOp Chain Depth 128 Size 0 Mode ref, Ref Stage 2, run, start, 9783589913383920
1787664524.075670, NoOp Chain Depth 128 Size 0 Mode ref, Ref Stage 2, run, end, 9783589913729456
1787664524.075685, NoOp Chain Depth 128 Size 0 Mode ref, Ref Stage 3, run, start, 9783589913744752
1787664524.075708, NoOp Chain Depth 128 Size 0 Mode ref, Ref Stage 3, run, end, 9783589913767712
1787664524.075832, NoOp Chain Depth 128 Size 0 Mode ref, Ref Stage 4, run, start, 9783589913890928
1787664524.075854, NoOp Chain Depth 128 Size 0 Mode ref, Ref Stage 4, run, end, 9783589913912736
1787664524.075868, NoOp Chain Depth 128 Size 0 Mode ref, Ref Stage 5, run, start, 9783589913927280
1787664524.075889, NoOp Chain Depth 128 Size 0 Mode ref, Ref Stage 5, run, end, 9783589913948336
1787664524.075903, NoOp Chain Depth 128 Size 0 Mode ref, Ref Stage 6, run, start, 9783589913962608
1787664524.075926, NoOp Chain Depth 128 Size 0 Mode ref, Ref Stage 6, run, end, 9783589913985456
1787664524.075938, NoOp Chain Depth 128 Size 0 Mode ref, Ref Stage 7, run, start, 9783589913997232
1787664524.075972, NoOp Chain Depth 128 Size 0 Mode ref, Ref Stage 7, run, end, 9783589914030896
1787664524.075986, NoOp Chain Depth 128 Size 0 Mode ref, Ref Stage 8, run, start, 9783589914045232
1787664524.076009, NoOp Chain Depth 128 Size 0 Mode ref, Ref Stage 8, run, end, 9783589914068288
1787664524.076023, NoOp Chain Depth 128 Size 0 Mode ref, Ref Stage 9, run, start, 9783589914082656
1787664524.076046, NoOp Chain Depth 128 Size 0 Mode ref, Ref Stage 9, run, end, 9783589914104816
1787664524.076060, NoOp Chain Depth 128 Size 0 Mode ref, Ref Stage 10, run, start, 9783589914119008
1787664524.076081, NoOp Chain Depth 128 Size 0 Mode ref, Ref Stage 10, run, end, 9783589914140032
1787664524.076095, NoOp Chain Depth 128 Size 0 Mode ref, Ref Stage 11, run, start, 9783589914154304
1787664524.076116, NoOp Chain Depth 128 Size 0 Mode ref, Ref Stage 11, run, end, 9783589914174992
1787664524.076130, NoOp Chain Depth 128 Size 0 Mode ref, Ref Stage 12, run, start, 9783589914189328
1787664524.076151, NoOp Chain Depth 128 Size 0 Mode ref, Ref Stage 12, run, end, 9783589914210208
1787664524.076165, NoOp Chain Depth 128 Size 0 Mode ref, Ref Stage 13, run, start, 9783589914224384
1787664524.076188, NoOp Chain Depth 128 Size 0 Mode ref, Ref Stage 13, run, end, 9783589914247504
1787664524.076202, NoOp Chain Depth 128 Size 0 Mode ref, Ref Stage 14, run, start, 9783589914261776
1787664524.076223, NoOp Chain Depth 128 Size 0 Mode ref, Ref Stage 14, run, end, 9783589914282320
1787664524.076237, NoOp Chain Depth 128 Size 0 Mode ref, Ref Stage 15, run, start, 9783589914296624
1787664524.076258, NoOp Chain Depth 128 Size 0 Mode ref, Ref Stage 15, run, end, 9783589914317296
1787664524.076272, NoOp Chain Depth 128 Size 0 Mode ref, Ref Stage 16, run, start, 9783589914331664
1787664524.076293, NoOp Chain Depth 128 Size 0 Mode ref, Ref Stage 16, run, end, 9783589914353152
1787664524.076309, NoOp Chain Depth 128 Size 0 Mode ref, Ref Stage 17, run, start, 9783589914368464
1787664524.076332, NoOp Chain Depth 128 Size 0 Mode ref, Ref Stage 17, run, end, 9783589914390704
1787664524.076343, NoOp Chain Depth 128 Size 0 Mode ref, Ref Stage 18, run, start, 9783589914402304
1787664524.076376, NoOp Chain Depth 128 Size 0 Mode ref, Ref Stage 18, run, end, 9783589914435600
1787664524.076388, NoOp Chain Depth 128 Size 0 Mode ref, Ref Stage 19, run, start, 9783589914447184
1787664524.076420, NoOp Chain Depth 128 Size 0 Mode ref, Ref Stage 19, run, end, 9783589914479232
1787664524.076434, NoOp Chain Depth 128 Size 0 Mode ref, Ref Stage 20, run, start, 9783589914493520
1787664524.076455, NoOp Chain Depth 128 Size 0 Mode ref, Ref Stage 20, run, end, 9783589914514704
1787664524.076470, NoOp Chain Depth 128 Size 0 Mode ref, Ref Stage 21, run, start, 9783589914529072
1787664524.076492, NoOp Chain Depth 128 Size 0 Mode ref, Ref Stage 21, run, end, 9783589914551296
1787664524.076506, NoOp Chain Depth 128 Size 0 Mode ref, Ref Stage 22, run, start, 9783589914565728
1787664524.076527, NoOp Chain Depth 128 Size 0 Mode ref, Ref Stage 22, run, end, 9783589914586224
1787664524.076541, NoOp Chain Depth 128 Size 0 Mode ref, Ref Stage 23, run, start, 9783589914600752
1787664524.076566, NoOp Chain Depth 128 Size 0 Mode ref, Ref Stage 23, run, end, 9783589914625616
1787664524.076581, NoOp Chain Depth 128 Size 0 Mode ref, Ref Stage 24, run, start, 9783589914640112
1787664524.076603, NoOp Chain Depth 128 Size 0 Mode ref, Ref Stage 24, run, end, 9783589914661872
1787664524.076617, NoOp Chain Depth 128 Size 0 Mode ref, Ref Stage 25, run, start, 9783589914676112
1787664524.076638, NoOp Chain Depth 128 Size 0 Mode ref, Ref Stage 25, run, end, 9783589914696560
1787664524.076652, NoOp Chain Depth 128 Size 0 Mode ref, Ref Stage 26, run, start, 9783589914710752
1787664524.076741, NoOp Chain Depth 128 Size 0 Mode ref, Ref Stage 26, run, end, 9783589914801040
1787664524.076758, NoOp Chain Depth 128 Size 0 Mode ref, Ref Stage 27, run, start, 9783589914817648
1787664524.076781, NoOp Chain Depth 128 Size 0 Mode ref, Ref Stage 27, run, end, 9783589914839967
1787664524.076795, NoOp Chain Depth 128 Size 0 Mode ref, Ref Stage 28, run, start, 9783589914854367
1787664524.076815, NoOp Chain Depth 128 Size 0 Mode ref, Ref Stage 28, run, end, 9783589914874719
1787664524.076830, NoOp Chain Depth 128 Size 0 Mode ref, Ref Stage 29, run, start, 9783589914889743
1787664524.076854, NoOp Chain Depth 128 Size 0 Mode ref, Ref Stage 29, run, end, 9783589914913503
1787664524.076869, NoOp Chain Depth 128 Size 0 Mode ref, Ref Stage 30, run, start, 9783589914927919
1787664524.076891, NoOp Chain Depth 128 Size 0 Mode ref, Ref Stage 30, run, end, 9783589914949839
1787664524.076904, NoOp Chain Depth 128 Size 0 Mode ref, Ref Stage 31, run, start, 9783589914963119
1787664524.076937, NoOp Chain Depth 128 Size 0 Mode ref, Ref Stage 31, run, end, 9783589914996415
1787664524.076950, NoOp Chain Depth 128 Size 0 Mode ref, Ref Stage 32, run, start, 9783589915009519
1787664524.076985, NoOp Chain Depth 128 Size 0 Mode ref, Ref Stage 32, run, end, 9783589915043807
1787664524.076996, NoOp Chain Depth 128 Size 0 Mode ref, Ref Stage 33, run, start, 9783589915055583
1787664524.077027, NoOp Chain Depth 128 Size 0 Mode ref, Ref Stage 33, run, end, 9783589915086335
1787664524.077043, NoOp Chain Depth 128 Size 0 Mode ref, Ref Stage 34, run, start, 9783589915102031
1787664524.077065, NoOp Chain Depth 128 Size 0 Mode ref, Ref Stage 34, run, end, 9783589915123839
1787664524.077079, NoOp Chain Depth 128 Size 0 Mode ref, Ref Stage 35, run, start, 9783589915138143
1787664524.077099, NoOp Chain Depth 128 Size 0 Mode ref, Ref Stage 35, run, end, 9783589915158447
1787664524.077113, NoOp Chain Depth 128 Size 0 Mode ref, Ref Stage 36, run, start, 9783589915172751
1787664524.077134, NoOp Chain Depth 128 Size 0 Mode ref, Ref Stage 36, run, end, 9783589915193327
1787664524.077148, NoOp Chain Depth 128 Size 0 Mode ref, Ref Stage 37, run, start, 9783589915207711
1787664524.077169, NoOp Chain Depth 128 Size 0 Mode ref, Ref Stage 37, run, end, 9783589915228303
1787664524.077183, NoOp Chain Depth 128 Size 0 Mode ref, Ref Stage 38, run, start, 9783589915242431
1787664524.077204, NoOp Chain Depth 128 Size 0 Mode ref, Ref Stage 38, run, end, 9783589915262847
1787664524.077219, NoOp Chain Depth 128 Size 0 Mode ref, Ref Stage 39, run, start, 9783589915277855
1787664524.077239, NoOp Chain Depth 128 Size 0 Mode ref, Ref Stage 39, run, end, 9783589915298319
1787664524.077256, NoOp Chain Depth 128 Size 0 Mode ref, Ref Stage 40, run, start, 9783589915314879
1787664524.077277, NoOp Chain Depth 128 Size 0 Mode ref, Ref Stage 40, run, end, 9783589915336399
1787664524.077292, NoOp Chain Depth 128 Size 0 Mode ref, Ref Stage 41, run, start, 9783589915351119
1787664524.077312, NoOp Chain Depth 128 Size 0 Mode ref, Ref Stage 41, run, end, 9783589915371743
1787664524.077328, NoOp Chain Depth 128 Size 0 Mode ref, Ref Stage 42, run, start, 9783589915387103
1787664524.077351, NoOp Chain Depth 128 Size 0 Mode ref, Ref Stage 42, run, end, 9783589915409775
1787664524.077868, NoOp Chain Depth 128 Size 0 Mode ref, Ref Stage 43, run, start, 9783589915928175
1787664524.077894, NoOp Chain Depth 128 Size 0 Mode ref, Ref Stage 43, run, end, 9783589915953679
1787664524.077910, NoOp Chain Depth 128 Size 0 Mode ref, Ref Stage 44, run, start, 9783589915969055
1787664524.077931, NoOp Chain Depth 128 Size 0 Mode ref, Ref Stage 44, run, end, 9783589915990159
1787664524.077947, NoOp Chain Depth 128 Size 0 Mode ref, Ref Stage 45, run, start, 9783589916006511
1787664524.077969, NoOp Chain Depth 128 Size 0 Mode ref, Ref Stage 45, run, end, 9783589916028127
1787664524.077983, NoOp Chain Depth 128 Size 0 Mode ref, Ref Stage 46, run, start, 9783589916042783
1787664524.078004, NoOp Chain Depth 128 Size 0 Mode ref, Ref Stage 46, run, end, 9783589916063439
1787664524.078019, NoOp Chain Depth 128 Size 0 Mode ref, Ref Stage 47, run, start, 9783589916077791
1787664524.078041, NoOp Chain Depth 128 Size 0 Mode ref, Ref Stage 47, run, end, 9783589916100159
1787664524.078053, NoOp Chain Depth 128 Size 0 Mode ref, Ref Stage 48, run, start, 9783589916112351
1787664524.078084, NoOp Chain Depth 128 Size 0 Mode ref, Ref Stage 48, run, end, 9783589916143343
1787664524.078099, NoOp Chain Depth 128 Size 0 Mode ref, Ref Stage 49, run, start, 9783589916157823
1787664524.078119, NoOp Chain Depth 128 Size 0 Mode ref, Ref Stage 49, run, end, 9783589916179711
1787664524.078139, NoOp Chain Depth 128 Size 0 Mode ref, Ref Stage 50, run, start, 9783589916197823
1787664524.078160, NoOp Chain Depth 128 Size 0 Mode ref, Ref Stage 50, run, end, 9783589916219519
1787664524.078175, NoOp Chain Depth 128 Size 0 Mode ref, Ref Stage 51, run, start, 9783589916233967
1787664524.078195, NoOp Chain Depth 128 Size 0 Mode ref, Ref Stage 51, run, end, 9783589916254543
1787664524.078210, NoOp Chain Depth 128 Size 0 Mode ref, Ref Stage 52, run, start, 9783589916269215
1787664524.078231, NoOp Chain Depth 128 Size 0 Mode ref, Ref Stage 52, run, end, 9783589916290127
1787664524.078245, NoOp Chain Depth 128 Size 0 Mode ref, Ref Stage 53, run, start, 9783589916304478
1787664524.078267, NoOp Chain Depth 128 Size 0 Mode ref, Ref Stage 53, run, end, 9783589916326446
1787664524.078281, NoOp Chain Depth 128 Size 0 Mode ref, Ref Stage 54, run, start, 9783589916340702
1787664524.078302, NoOp Chain Depth 128 Size 0 Mode ref, Ref Stage 54, run, end, 9783589916361326
1787664524.078317, NoOp Chain Depth 128 Size 0 Mode ref, Ref Stage 55, run, start, 9783589916376494
1787664524.078337, NoOp Chain Depth 128 Size 0 Mode ref, Ref Stage 55, run, end, 9783589916396798
1787664524.078353, NoOp Chain Depth 128 Size 0 Mode ref, Ref Stage 56, run, start, 9783589916412094
1787664524.078374, NoOp Chain Depth 128 Size 0 Mode ref, Ref Stage 56, run, end, 9783589916432750
1787664524.078388, NoOp Chain Depth 128 Size 0 Mode ref, Ref Stage 57, run, start, 9783589916447262
1787664524.078409, NoOp Chain Depth 128 Size 0 Mode ref, Ref Stage 57, run, end, 9783589916467918
1787664524.078423, NoOp Chain Depth 128 Size 0 Mode ref, Ref Stage 58, run, start, 9783589916482446
1787664524.078445, NoOp Chain Depth 128 Size 0 Mode ref, Ref Stage 58, run, end, 9783589916504638
1787664524.078460, NoOp Chain Depth 128 Size 0 Mode ref, Ref Stage 59, run, start, 9783589916519022
1787664524.078481, NoOp Chain Depth 128 Size 0 Mode ref, Ref Stage 59, run, end, 9783589916539822
1787664524.078498, NoOp Chain Depth 128 Size 0 Mode ref, Ref Stage 60, run, start, 9783589916557214
1787664524.078520, NoOp Chain Depth 128 Size 0 Mode ref, Ref Stage 60, run, end, 9783589916579246
1787664524.078535, NoOp Chain Depth 128 Size 0 Mode ref, Ref Stage 61, run, start, 9783589916593758
1787664524.078558, NoOp Chain Depth 128 Size 0 Mode ref, Ref Stage 61, run, end, 9783589916617294
1787664524.078570, NoOp Chain Depth 128 Size 0 Mode ref, Ref Stage 62, run, start, 9783589916628894
1787664524.078602, NoOp Chain Depth 128 Size 0 Mode ref, Ref Stage 62, run, end, 9783589916660926
1787664524.078614, NoOp Chain Depth 128 Size 0 Mode ref, Ref Stage 63, run, start, 9783589916672766
1787664524.078646, NoOp Chain Depth 128 Size 0 Mode ref, Ref Stage 63, run, end, 9783589916705134
1787664524.078659, NoOp Chain Depth 128 Size 0 Mode ref, Ref Stage 64, run, start, 9783589916717886
1787664524.078689, NoOp Chain Depth 128 Size 0 Mode ref, Ref Stage 64, run, end, 9783589916748446
1787664524.078703, NoOp Chain Depth 128 Size 0 Mode ref, Ref Stage 65, run, start, 9783589916762702
1787664524.078724, NoOp Chain Depth 128 Size 0 Mode ref, Ref Stage 65, run, end, 9783589916783582
1787664524.078739, NoOp Chain Depth 128 Size 0 Mode ref, Ref Stage 66, run, start, 9783589916797950
1787664524.078760, NoOp Chain Depth 128 Size 0 Mode ref, Ref Stage 66, run, end, 9783589916819774
1787664524.078775, NoOp Chain Depth 128 Size 0 Mode ref, Ref Stage 67, run, start, 9783589916834254
1787664524.078797, NoOp Chain Depth 128 Size 0 Mode ref, Ref Stage 67, run, end, 9783589916855854
1787664524.078811, NoOp Chain Depth 128 Size 0 Mode ref, Ref Stage 68, run, start, 9783589916870174
1787664524.078831, NoOp Chain Depth 128 Size 0 Mode ref, Ref Stage 68, run, end, 9783589916890734
1787664524.078846, NoOp Chain Depth 128 Size 0 Mode ref, Ref Stage 69, run, start, 9783589916905790
1787664524.078868, NoOp Chain Depth 128 Size 0 Mode ref, Ref Stage 69, run, end, 9783589916927742
1787664524.078880, NoOp Chain Depth 128 Size 0 Mode ref, Ref Stage 70, run, start, 9783589916939214
1787664524.078912, NoOp Chain Depth 128 Size 0 Mode ref, Ref Stage 70, run, end, 9783589916971086
1787664524.078926, NoOp Chain Depth 128 Size 0 Mode ref, Ref Stage 71, run, start, 9783589916985310
1787664524.078949, NoOp Chain Depth 128 Size 0 Mode ref, Ref Stage 71, run, end, 9783589917008318
1787664524.078965, NoOp Chain Depth 128 Size 0 Mode ref, Ref Stage 72, run, start, 9783589917024526
1787664524.078986, NoOp Chain Depth 128 Size 0 Mode ref, Ref Stage 72, run, end, 9783589917045118
1787664524.079000, NoOp Chain Depth 128 Size 0 Mode ref, Ref Stage 73, run, start, 9783589917059454
1787664524.079022, NoOp Chain Depth 128 Size 0 Mode ref, Ref Stage 73, run, end, 9783589917081454
1787664524.079037, NoOp Chain Depth 128 Size 0 Mode ref, Ref Stage 74, run, start, 9783589917095870
1787664524.079058, NoOp Chain Depth 128 Size 0 Mode ref, Ref Stage 74, run, end, 9783589917116798
1787664524.079072, NoOp Chain Depth 128 Size 0 Mode ref, Ref Stage 75, run, start, 9783589917131262
1787664524.079093, NoOp Chain Depth 128 Size 0 Mode ref, Ref Stage 75, run, end, 9783589917151998
1787664524.079107, NoOp Chain Depth 128 Size 0 Mode ref, Ref Stage 76, run, start, 9783589917166350
1787664524.079128, NoOp Chain Depth 128 Size 0 Mode ref, Ref Stage 76, run, end, 9783589917186942
1787664524.079146, NoOp Chain Depth 128 Size 0 Mode ref, Ref Stage 77, run, start, 9783589917205758
1787664524.079168, NoOp Chain Depth 128 Size 0 Mode ref, Ref Stage 77, run, end, 9783589917227198
1787664524.079185, NoOp Chain Depth 128 Size 0 Mode ref, Ref Stage 78, run, start, 9783589917244542
1787664524.079206, NoOp Chain Depth 128 Size 0 Mode ref, Ref Stage 78, run, end, 9783589917265262
1787664524.079221, NoOp Chain Depth 128 Size 0 Mode ref, Ref Stage 79, run, start, 9783589917279662
1787664524.079244, NoOp Chain Depth 128 Size 0 Mode ref, Ref Stage 79, run, end, 9783589917303150
1787664524.079255, NoOp Chain Depth 128 Size 0 Mode ref, Ref Stage 80, run, start, 9783589917314846
1787664524.079286, NoOp Chain Depth 128 Size 0 Mode ref, Ref Stage 80, run, end, 9783589917345070
1787664524.079300, NoOp Chain Depth 128 Size 0 Mode ref, Ref Stage 81, run, start, 9783589917359406
1787664524.079322, NoOp Chain Depth 128 Size 0 Mode ref, Ref Stage 81, run, end, 9783589917381278
1787664524.079336, NoOp Chain Depth 128 Size 0 Mode ref, Ref Stage 82, run, start, 9783589917395566
1787664524.079359, NoOp Chain Depth 128 Size 0 Mode ref, Ref Stage 82, run, end, 9783589917418238
1787664524.079373, NoOp Chain Depth 128 Size 0 Mode ref, Ref Stage 83, run, start, 9783589917432478
1787664524.079394, NoOp Chain Depth 128 Size 0 Mode ref, Ref Stage 83, run, end, 9783589917453022
1787664524.079408, NoOp Chain Depth 128 Size 0 Mode ref, Ref Stage 84, run, start, 9783589917467198
1787664524.079429, NoOp Chain Depth 128 Size 0 Mode ref, Ref Stage 84, run, end, 9783589917487790
1787664524.079443, NoOp Chain Depth 128 Size 0 Mode ref, Ref Stage 85, run, start, 9783589917502174
1787664524.079464, NoOp Chain Depth 128 Size 0 Mode ref, Ref Stage 85, run, end, 9783589917522894
1787664524.079479, NoOp Chain Depth 128 Size 0 Mode ref, Ref Stage 86, run, start, 9783589917538606
1787664524.079502, NoOp Chain Depth 128 Size 0 Mode ref, Ref Stage 86, run, end, 9783589917561662
1787664524.079514, NoOp Chain Depth 128 Size 0 Mode ref, Ref Stage 87, run, start, 9783589917573214
1787664524.081383, NoOp Chain Depth 128 Size 0 Mode ref, Ref Stage 87, run, end, 9783589919443020
1787664524.081400, NoOp Chain Depth 128 Size 0 Mode ref, Ref Stage 88, run, start, 9783589919459532
1787664524.081422, NoOp Chain Depth 128 Size 0 Mode ref, Ref Stage 88, run, end, 9783589919480972
1787664524.081436, NoOp Chain Depth 128 Size 0 Mode ref, Ref Stage 89, run, start, 9783589919495484
1787664524.081457, NoOp Chain Depth 128 Size 0 Mode ref, Ref Stage 89, run, end, 9783589919516396
1787664524.081471, NoOp Chain Depth 128 Size 0 Mode ref, Ref Stage 90, run, start, 9783589919530636
1787664524.081492, NoOp Chain Depth 128 Size 0 Mode ref, Ref Stage 90, run, end, 9783589919551420
1787664524.081506, NoOp Chain Depth 128 Size 0 Mode ref, Ref Stage 91, run, start, 9783589919565740
1787664524.081529, NoOp Chain Depth 128 Size 0 Mode ref, Ref Stage 91, run, end, 9783589919588604
1787664524.081544, NoOp Chain Depth 128 Size 0 Mode ref, Ref Stage 92, run, start, 9783589919603164
1787664524.081565, NoOp Chain Depth 128 Size 0 Mode ref, Ref Stage 92, run, end, 9783589919624044
1787664524.081579, NoOp Chain Depth 128 Size 0 Mode ref, Ref Stage 93, run, start, 9783589919638444
1787664524.081602, NoOp Chain Depth 128 Size 0 Mode ref, Ref Stage 93, run, end, 9783589919661276
1787664524.081614, NoOp Chain Depth 128 Size 0 Mode ref, Ref Stage 94, run, start, 9783589919672972
1787664524.081645, NoOp Chain Depth 128 Size 0 Mode ref, Ref Stage 94, run, end, 9783589919703916
1787664524.081659, NoOp Chain Depth 128 Size 0 Mode ref, Ref Stage 95, run, start, 9783589919718252
1787664524.081680, NoOp Chain Depth 128 Size 0 Mode ref, Ref Stage 95, run, end, 9783589919738892
1787664524.081694, NoOp Chain Depth 128 Size 0 Mode ref, Ref Stage 96, run, start, 9783589919753196
1787664524.081714, NoOp Chain Depth 128 Size 0 Mode ref, Ref Stage 96, run, end, 9783589919773724
1787664524.081729, NoOp Chain Depth 128 Size 0 Mode ref, Ref Stage 97, run, start, 9783589919788044
1787664524.081749, NoOp Chain Depth 128 Size 0 Mode ref, Ref Stage 97, run, end, 9783589919808732
1787664524.081764, NoOp Chain Depth 128 Size 0 Mode ref, Ref Stage 98, run, start, 9783589919823084
1787664524.081785, NoOp Chain Depth 128 Size 0 Mode ref, Ref Stage 98, run, end, 9783589919843916
1787664524.081800, NoOp Chain Depth 128 Size 0 Mode ref, Ref Stage 99, run, start, 9783589919859004
1787664524.081820, NoOp Chain Depth 128 Size 0 Mode ref, Ref Stage 99, run, end, 9783589919879708
1787664524.081835, NoOp Chain Depth 128 Size 0 Mode ref, Ref Stage 100, run, start, 9783589919893964
1787664524.081855, NoOp Chain Depth 128 Size 0 Mode ref, Ref Stage 100, run, end, 9783589919914524
1787664524.081869, NoOp Chain Depth 128 Size 0 Mode ref, Ref Stage 101, run, start, 9783589919928684
1787664524.081890, NoOp Chain Depth 128 Size 0 Mode ref, Ref Stage 101, run, end, 9783589919949420
1787664524.081905, NoOp Chain Depth 128 Size 0 Mode ref, Ref Stage 102, run, start, 9783589919963852
1787664524.081925, NoOp Chain Depth 128 Size 0 Mode ref, Ref Stage 102, run, end, 9783589919984604
1787664524.081940, NoOp Chain Depth 128 Size 0 Mode ref, Ref Stage 103, run, start, 9783589919998860
1787664524.081967, NoOp Chain Depth 128 Size 0 Mode ref, Ref Stage 103, run, end, 9783589920026476
1787664524.081982, NoOp Chain Depth 128 Size 0 Mode ref, Ref Stage 104, run, start, 9783589920040876
1787664524.082002, NoOp Chain Depth 128 Size 0 Mode ref, Ref Stage 104, run, end, 9783589920061564
1787664524.082016, NoOp Chain Depth 128 Size 0 Mode ref, Ref Stage 105, run, start, 9783589920075820
1787664524.082039, NoOp Chain Depth 128 Size 0 Mode ref, Ref Stage 105, run, end, 9783589920098524
1787664524.082051, NoOp Chain Depth 128 Size 0 Mode ref, Ref Stage 106, run, start, 9783589920110092
1787664524.082082, NoOp Chain Depth 128 Size 0 Mode ref, Ref Stage 106, run, end, 9783589920140972
1787664524.082096, NoOp Chain Depth 128 Size 0 Mode ref, Ref Stage 107, run, start, 9783589920155484
1787664524.082120, NoOp Chain Depth 128 Size 0 Mode ref, Ref Stage 107, run, end, 9783589920179788
1787664524.082135, NoOp Chain Depth 128 Size 0 Mode ref, Ref Stage 108, run, start, 9783589920194284
1787664524.082156, NoOp Chain Depth 128 Size 0 Mode ref, Ref Stage 108, run, end, 9783589920215228
1787664524.082170, NoOp Chain Depth 128 Size 0 Mode ref, Ref Stage 109, run, start, 9783589920229580
1787664524.082191, NoOp Chain Depth 128 Size 0 Mode ref, Ref Stage 109, run, end, 9783589920250156
1787664524.082205, NoOp Chain Depth 128 Size 0 Mode ref, Ref Stage 110, run, start, 9783589920264460
1787664524.082226, NoOp Chain Depth 128 Size 0 Mode ref, Ref Stage 110, run, end, 9783589920285500
1787664524.082241, NoOp Chain Depth 128 Size 0 Mode ref, Ref Stage 111, run, start, 9783589920299772
1787664524.082263, NoOp Chain Depth 128 Size 0 Mode ref, Ref Stage 111, run, end, 9783589920322220
1787664524.082279, NoOp Chain Depth 128 Size 0 Mode ref, Ref Stage 112, run, start, 9783589920339948
1787664524.082301, NoOp Chain Depth 128 Size 0 Mode ref, Ref Stage 112, run, end, 9783589920360828
1787664524.082317, NoOp Chain Depth 128 Size 0 Mode ref, Ref Stage 113, run, start, 9783589920376188
1787664524.082341, NoOp Chain Depth 128 Size 0 Mode ref, Ref Stage 113, run, end, 9783589920399964
1787664524.082352, NoOp Chain Depth 128 Size 0 Mode ref, Ref Stage 114, run, start, 9783589920411500
1787664524.082385, NoOp Chain Depth 128 Size 0 Mode ref, Ref Stage 114, run, end, 9783589920443868
1787664524.082399, NoOp Chain Depth 128 Size 0 Mode ref, Ref Stage 115, run, start, 9783589920458188
1787664524.082420, NoOp Chain Depth 128 Size 0 Mode ref, Ref Stage 115, run, end, 9783589920479180
1787664524.082436, NoOp Chain Depth 128 Size 0 Mode ref, Ref Stage 116, run, start, 9783589920495132
1787664524.082457, NoOp Chain Depth 128 Size 0 Mode ref, Ref Stage 116, run, end, 9783589920516444
1787664524.082472, NoOp Chain Depth 128 Size 0 Mode ref, Ref Stage 117, run, start, 9783589920530908
1787664524.082492, NoOp Chain Depth 128 Size 0 Mode ref, Ref Stage 117, run, end, 9783589920551628
1787664524.082507, NoOp Chain Depth 128 Size 0 Mode ref, Ref Stage 118, run, start, 9783589920566012
1787664524.082531, NoOp Chain Depth 128 Size 0 Mode ref, Ref Stage 118, run, end, 9783589920590508
1787664524.082543, NoOp Chain Depth 128 Size 0 Mode ref, Ref Stage 119, run, start, 9783589920602236
1787664524.082574, NoOp Chain Depth 128 Size 0 Mode ref, Ref Stage 119, run, end, 9783589920632956
1787664524.082588, NoOp Chain Depth 128 Size 0 Mode ref, Ref Stage 120, run, start, 9783589920647020
1787664524.082609, NoOp Chain Depth 128 Size 0 Mode ref, Ref Stage 120, run, end, 9783589920668492
1787664524.082624, NoOp Chain Depth 128 Size 0 Mode ref, Ref Stage 121, run, start, 9783589920682876
1787664524.082644, NoOp Chain Depth 128 Size 0 Mode ref, Ref Stage 121, run, end, 9783589920703260
1787664524.082658, NoOp Chain Depth 128 Size 0 Mode ref, Ref Stage 122, run, start, 9783589920717596
1787664524.082679, NoOp Chain Depth 128 Size 0 Mode ref, Ref Stage 122, run, end, 9783589920737836
1787664524.082693, NoOp Chain Depth 128 Size 0 Mode ref, Ref Stage 123, run, start, 9783589920751964
1787664524.082716, NoOp Chain Depth 128 Size 0 Mode ref, Ref Stage 123, run, end, 9783589920774924
1787664524.082730, NoOp Chain Depth 128 Size 0 Mode ref, Ref Stage 124, run, start, 9783589920789132
1787664524.082752, NoOp Chain Depth 128 Size 0 Mode ref, Ref Stage 124, run, end, 9783589920810956
1787664524.082763, NoOp Chain Depth 128 Size 0 Mode ref, Ref Stage 125, run, start, 9783589920822316
1787664524.082793, NoOp Chain Depth 128 Size 0 Mode ref, Ref Stage 125, run, end, 9783589920852540
1787664524.082809, NoOp Chain Depth 128 Size 0 Mode ref, Ref Stage 126, run, start, 9783589920868300
1787664524.082830, NoOp Chain Depth 128 Size 0 Mode ref, Ref Stage 126, run, end, 9783589920889676
1787664524.082845, NoOp Chain Depth 128 Size 0 Mode ref, Ref Stage 127, run, start, 9783589920904652
1787664524.082866, NoOp Chain Depth 128 Size 0 Mode ref, Ref Stage 127, run, end, 9783589920925452
1787664524.082881, NoOp Chain Depth 128 Size 0 Mode ref, pipeline - train, run, end, 144661977013065232801167336020273387297, 1787664524.075218, 53, 1, 9783589920940267
1787664524.082993, NoOp Chain Depth 128 Size 0 Mode ref, pipeline - train, run, start, 255118626782527426471750252782236481532, 1787664524.082981, 54, 1, 9783589921052971
1787664524.083021, NoOp Chain Depth 128 Size 0 Mode ref, Ref Stage 0, run, start, 9783589921080507
1787664524.083045, NoOp Chain Depth 128 Size 0 Mode ref, Ref Stage 0, run, end, 9783589921104587
1787664524.083060, NoOp Chain Depth 128 Size 0 Mode ref, Ref Stage 1, run, start, 9783589921119387
1787664524.083081, NoOp Chain Depth 128 Size 0 Mode ref, Ref Stage 1, run, end, 9783589921140619
1787664524.083096, NoOp Chain Depth 128 Size 0 Mode ref, Ref Stage 2, run, start, 9783589921155115
1787664524.083120, NoOp Chain Depth 128 Size 0 Mode ref, Ref Stage 2, run, end, 9783589921179387
1787664524.083132, NoOp Chain Depth 128 Size 0 Mode ref, Ref Stage 3, run, start, 9783589921191259
1787664524.083165, NoOp Chain Depth 128 Size 0 Mode ref, Ref Stage 3, run, end, 9783589921223867
1787664524.083179, NoOp Chain Depth 128 Size 0 Mode ref, Ref Stage 4, run, start, 9783589921238219
1787664524.083200, NoOp Chain Depth 128 Size 0 Mode ref, Ref Stage 4, run, end, 9783589921259083
1787664524.083215, NoOp Chain Depth 128 Size 0 Mode ref, Ref Stage 5, run, start, 9783589921274603
1787664524.083236, NoOp Chain Depth 128 Size 0 Mode ref, Ref Stage 5, run, end, 9783589921295499
1787664524.083251, NoOp Chain Depth 128 Size 0 Mode ref, Ref Stage 6, run, start, 9783589921309899
1787664524.083272, NoOp Chain Depth 128 Size 0 Mode ref, Ref Stage 6, run, end, 9783589921330603
1787664524.083286, NoOp Chain Depth 128 Size 0 Mode ref, Ref Stage 7, run, start, 9783589921344923
1787664524.083307, NoOp Chain Depth 128 Size 0 Mode ref, Ref Stage 7, run, end, 9783589921365627
1787664524.083321, NoOp Chain Depth 128 Size 0 Mode ref, Ref Stage 8, run, start, 9783589921380315
1787664524.083342, NoOp Chain Depth 128 Size 0 Mode ref, Ref Stage 8, run, end, 9783589921401227
1787664524.083357, NoOp Chain Depth 128 Size 0 Mode ref, Ref Stage 9, run, start, 9783589921416683
1787664524.083378, NoOp Chain Depth 128 Size 0 Mode ref, Ref Stage 9, run, end, 9783589921437419
1787664524.083392, NoOp Chain Depth 128 Size 0 Mode ref, Ref Stage 10, run, start, 9783589921451595
1787664524.083414, NoOp Chain Depth 128 Size 0 Mode ref, Ref Stage 10, run, end, 9783589921473163
1787664524.083428, NoOp Chain Depth 128 Size 0 Mode ref, Ref Stage 11, run, start, 9783589921487563
1787664524.083450, NoOp Chain Depth 128 Size 0 Mode ref, Ref Stage 11, run, end, 9783589921509291
1787664524.083464, NoOp Chain Depth 128 Size 0 Mode ref, Ref Stage 12, run, start, 9783589921523451
1787664524.083489, NoOp Chain Depth 128 Size 0 Mode ref, Ref Stage 12, run, end, 9783589921548027
1787664524.083503, NoOp Chain Depth 128 Size 0 Mode ref, Ref Stage 13, run, start, 9783589921562267
1787664524.083523, NoOp Chain Depth 128 Size 0 Mode ref, Ref Stage 13, run, end, 9783589921582555
1787664524.083537, NoOp Chain Depth 128 Size 0 Mode ref, Ref Stage 14, run, start, 9783589921596747
1787664524.083560, NoOp Chain Depth 128 Size 0 Mode ref, Ref Stage 14, run, end, 9783589921618587
1787664524.083574, NoOp Chain Depth 128 Size 0 Mode ref, Ref Stage 15, run, start, 9783589921633179
1787664524.083597, NoOp Chain Depth 128 Size 0 Mode ref, Ref Stage 15, run, end, 9783589921655931
1787664524.083611, NoOp Chain Depth 128 Size 0 Mode ref, Ref Stage 16, run, start, 9783589921670587
1787664524.083632, NoOp Chain Depth 128 Size 0 Mode ref, Ref Stage 16, run, end, 9783589921690939
1787664524.083646, NoOp Chain Depth 128 Size 0 Mode ref, Ref Stage 17, run, start, 9783589921705435
1787664524.083667, NoOp Chain Depth 128 Size 0 Mode ref, Ref Stage 17, run, end, 9783589921726027
1787664524.083681, NoOp Chain Depth 128 Size 0 Mode ref, Ref Stage 18, run, start, 9783589921740523
1787664524.083702, NoOp Chain Depth 128 Size 0 Mode ref, Ref Stage 18, run, end, 9783589921761163
1787664524.083716, NoOp Chain Depth 128 Size 0 Mode ref, Ref Stage 19, run, start, 9783589921775755
1787664524.083737, NoOp Chain Depth 128 Size 0 Mode ref, Ref Stage 19, run, end, 9783589921796427
1787664524.083753, NoOp Chain Depth 128 Size 0 Mode ref, Ref Stage 20, run, start, 9783589921812155
1787664524.083776, NoOp Chain Depth 128 Size 0 Mode ref, Ref Stage 20, run, end, 9783589921835227
1787664524.083790, NoOp Chain Depth 128 Size 0 Mode ref, Ref Stage 21, run, start, 9783589921849563
1787664524.083811, NoOp Chain Depth 128 Size 0 Mode ref, Ref Stage 21, run, end, 9783589921870299
1787664524.083825, NoOp Chain Depth 128 Size 0 Mode ref, Ref Stage 22, run, start, 9783589921884731
1787664524.083846, NoOp Chain Depth 128 Size 0 Mode ref, Ref Stage 22, run, end, 9783589921905323
1787664524.083860, NoOp Chain Depth 128 Size 0 Mode ref, Ref Stage 23, run, start, 9783589921919515
1787664524.083883, NoOp Chain Depth 128 Size 0 Mode ref, Ref Stage 23, run, end, 9783589921941627
1787664524.083897, NoOp Chain Depth 128 Size 0 Mode ref, Ref Stage 24, run, start, 9783589921955931
1787664524.083918, NoOp Chain Depth 128 Size 0 Mode ref, Ref Stage 24, run, end, 9783589921976731
1787664524.083932, NoOp Chain Depth 128 Size 0 Mode ref, Ref Stage 25, run, start, 9783589921991051
1787664524.083955, NoOp Chain Depth 128 Size 0 Mode ref, Ref Stage 25, run, end, 9783589922014187
1787664524.083970, NoOp Chain Depth 128 Size 0 Mode ref, Ref Stage 26, run, start, 9783589922029083
1787664524.083992, NoOp Chain Depth 128 Size 0 Mode ref, Ref Stage 26, run, end, 9783589922051403
1787664524.084007, NoOp Chain Depth 128 Size 0 Mode ref, Ref Stage 27, run, start, 9783589922065915
1787664524.084027, NoOp Chain Depth 128 Size 0 Mode ref, Ref Stage 27, run, end, 9783589922086667
1787664524.084042, NoOp Chain Depth 128 Size 0 Mode ref, Ref Stage 28, run, start, 9783589922100971
1787664524.084064, NoOp Chain Depth 128 Size 0 Mode ref, Ref Stage 28, run, end, 9783589922123019
1787664524.084078, NoOp Chain Depth 128 Size 0 Mode ref, Ref Stage 29, run, start, 9783589922137483
1787664524.084103, NoOp Chain Depth 128 Size 0 Mode ref, Ref Stage 29, run, end, 9783589922162491
1787664524.084117, NoOp Chain Depth 128 Size 0 Mode ref, Ref Stage 30, run, start, 9783589922176891
1787664524.084138, NoOp Chain Depth 128 Size 0 Mode ref, Ref Stage 30, run, end, 9783589922197451
1787664524.084486, NoOp Chain Depth 128 Size 0 Mode ref, Ref Stage 31, run, start, 9783589922546698
1787664524.084513, NoOp Chain Depth 128 Size 0 Mode ref, Ref Stage 31, run, end, 9783589922572874
1787664524.084529, NoOp Chain Depth 128 Size 0 Mode ref, Ref Stage 32, run, start, 9783589922588538
1787664524.084553, NoOp Chain Depth 128 Size 0 Mode ref, Ref Stage 32, run, end, 9783589922612298
1787664524.084565, NoOp Chain Depth 128 Size 0 Mode ref, Ref Stage 33, run, start, 9783589922624138
1787664524.084596, NoOp Chain Depth 128 Size 0 Mode ref, Ref Stage 33, run, end, 9783589922655754
1787664524.084611, NoOp Chain Depth 128 Size 0 Mode ref, Ref Stage 34, run, start, 9783589922670490
1787664524.084632, NoOp Chain Depth 128 Size 0 Mode ref, Ref Stage 34, run, end, 9783589922691546
1787664524.084647, NoOp Chain Depth 128 Size 0 Mode ref, Ref Stage 35, run, start, 9783589922706186
1787664524.084668, NoOp Chain Depth 128 Size 0 Mode ref, Ref Stage 35, run, end, 9783589922727466
1787664524.084683, NoOp Chain Depth 128 Size 0 Mode ref, Ref Stage 36, run, start, 9783589922742282
1787664524.084706, NoOp Chain Depth 128 Size 0 Mode ref, Ref Stage 36, run, end, 9783589922765002
1787664524.084720, NoOp Chain Depth 128 Size 0 Mode ref, Ref Stage 37, run, start, 9783589922779546
1787664524.084741, NoOp Chain Depth 128 Size 0 Mode ref, Ref Stage 37, run, end, 9783589922800602
1787664524.084756, NoOp Chain Depth 128 Size 0 Mode ref, Ref Stage 38, run, start, 9783589922815194
1787664524.084778, NoOp Chain Depth 128 Size 0 Mode ref, Ref Stage 38, run, end, 9783589922837578
1787664524.084794, NoOp Chain Depth 128 Size 0 Mode ref, Ref Stage 39, run, start, 9783589922853082
1787664524.084815, NoOp Chain Depth 128 Size 0 Mode ref, Ref Stage 39, run, end, 9783589922874138
1787664524.084829, NoOp Chain Depth 128 Size 0 Mode ref, Ref Stage 40, run, start, 9783589922888762
1787664524.084851, NoOp Chain Depth 128 Size 0 Mode ref, Ref Stage 40, run, end, 9783589922909962
1787664524.084865, NoOp Chain Depth 128 Size 0 Mode ref, Ref Stage 41, run, start, 9783589922924330
1787664524.084887, NoOp Chain Depth 128 Size 0 Mode ref, Ref Stage 41, run, end, 9783589922946106
1787664524.084901, NoOp Chain Depth 128 Size 0 Mode ref, Ref Stage 42, run, start, 9783589922960666
1787664524.085455, NoOp Chain Depth 128 Size 0 Mode ref, Ref Stage 42, run, end, 9783589923515866
1787664524.085584, NoOp Chain Depth 128 Size 0 Mode ref, Ref Stage 43, run, start, 9783589923644042
1787664524.085609, NoOp Chain Depth 128 Size 0 Mode ref, Ref Stage 43, run, end, 9783589923668058
1787664524.085626, NoOp Chain Depth 128 Size 0 Mode ref, Ref Stage 44, run, start, 9783589923685322
1787664524.085648, NoOp Chain Depth 128 Size 0 Mode ref, Ref Stage 44, run, end, 9783589923706938
1787664524.085662, NoOp Chain Depth 128 Size 0 Mode ref, Ref Stage 45, run, start, 9783589923721530
1787664524.085684, NoOp Chain Depth 128 Size 0 Mode ref, Ref Stage 45, run, end, 9783589923742826
1787664524.085698, NoOp Chain Depth 128 Size 0 Mode ref, Ref Stage 46, run, start, 9783589923757530
1787664524.085721, NoOp Chain Depth 128 Size 0 Mode ref, Ref Stage 46, run, end, 9783589923780074
1787664524.085732, NoOp Chain Depth 128 Size 0 Mode ref, Ref Stage 47, run, start, 9783589923791642
1787664524.085765, NoOp Chain Depth 128 Size 0 Mode ref, Ref Stage 47, run, end, 9783589923824362
1787664524.085777, NoOp Chain Depth 128 Size 0 Mode ref, Ref Stage 48, run, start, 9783589923836042
1787664524.085809, NoOp Chain Depth 128 Size 0 Mode ref, Ref Stage 48, run, end, 9783589923868186
1787664524.085824, NoOp Chain Depth 128 Size 0 Mode ref, Ref Stage 49, run, start, 9783589923883370
1787664524.085848, NoOp Chain Depth 128 Size 0 Mode ref, Ref Stage 49, run, end, 9783589923906985
1787664524.085862, NoOp Chain Depth 128 Size 0 Mode ref, Ref Stage 50, run, start, 9783589923921833
1787664524.085884, NoOp Chain Depth 128 Size 0 Mode ref, Ref Stage 50, run, end, 9783589923942969
1787664524.085898, NoOp Chain Depth 128 Size 0 Mode ref, Ref Stage 51, run, start, 9783589923957753
1787664524.085919, NoOp Chain Depth 128 Size 0 Mode ref, Ref Stage 51, run, end, 9783589923978873
1787664524.085935, NoOp Chain Depth 128 Size 0 Mode ref, Ref Stage 52, run, start, 9783589923994473
1787664524.085960, NoOp Chain Depth 128 Size 0 Mode ref, Ref Stage 52, run, end, 9783589924019257
1787664524.085977, NoOp Chain Depth 128 Size 0 Mode ref, Ref Stage 53, run, start, 9783589924035929
1787664524.085999, NoOp Chain Depth 128 Size 0 Mode ref, Ref Stage 53, run, end, 9783589924057977
1787664524.086013, NoOp Chain Depth 128 Size 0 Mode ref, Ref Stage 54, run, start, 9783589924072329
1787664524.086034, NoOp Chain Depth 128 Size 0 Mode ref, Ref Stage 54, run, end, 9783589924093033
1787664524.086049, NoOp Chain Depth 128 Size 0 Mode ref, Ref Stage 55, run, start, 9783589924108041
1787664524.086071, NoOp Chain Depth 128 Size 0 Mode ref, Ref Stage 55, run, end, 9783589924129945
1787664524.086082, NoOp Chain Depth 128 Size 0 Mode ref, Ref Stage 56, run, start, 9783589924141705
1787664524.086113, NoOp Chain Depth 128 Size 0 Mode ref, Ref Stage 56, run, end, 9783589924172105
1787664524.086127, NoOp Chain Depth 128 Size 0 Mode ref, Ref Stage 57, run, start, 9783589924186585
1787664524.086149, NoOp Chain Depth 128 Size 0 Mode ref, Ref Stage 57, run, end, 9783589924208313
1787664524.086164, NoOp Chain Depth 128 Size 0 Mode ref, Ref Stage 58, run, start, 9783589924222649
1787664524.086184, NoOp Chain Depth 128 Size 0 Mode ref, Ref Stage 58, run, end, 9783589924243529
1787664524.086199, NoOp Chain Depth 128 Size 0 Mode ref, Ref Stage 59, run, start, 9783589924258041
1787664524.086220, NoOp Chain Depth 128 Size 0 Mode ref, Ref Stage 59, run, end, 9783589924278937
1787664524.086236, NoOp Chain Depth 128 Size 0 Mode ref, Ref Stage 60, run, start, 9783589924295001
1787664524.086257, NoOp Chain Depth 128 Size 0 Mode ref, Ref Stage 60, run, end, 9783589924315897
1787664524.086271, NoOp Chain Depth 128 Size 0 Mode ref, Ref Stage 61, run, start, 9783589924330281
1787664524.086293, NoOp Chain Depth 128 Size 0 Mode ref, Ref Stage 61, run, end, 9783589924352873
1787664524.086712, NoOp Chain Depth 128 Size 0 Mode ref, Ref Stage 62, run, start, 9783589924771497
1787664524.086737, NoOp Chain Depth 128 Size 0 Mode ref, Ref Stage 62, run, end, 9783589924796169
1787664524.086752, NoOp Chain Depth 128 Size 0 Mode ref, Ref Stage 63, run, start, 9783589924811705
1787664524.086776, NoOp Chain Depth 128 Size 0 Mode ref, Ref Stage 63, run, end, 9783589924834697
1787664524.086787, NoOp Chain Depth 128 Size 0 Mode ref, Ref Stage 64, run, start, 9783589924846553
1787664524.086818, NoOp Chain Depth 128 Size 0 Mode ref, Ref Stage 64, run, end, 9783589924877641
1787664524.086838, NoOp Chain Depth 128 Size 0 Mode ref, Ref Stage 65, run, start, 9783589924897657
1787664524.086859, NoOp Chain Depth 128 Size 0 Mode ref, Ref Stage 65, run, end, 9783589924918649
1787664524.086874, NoOp Chain Depth 128 Size 0 Mode ref, Ref Stage 66, run, start, 9783589924933033
1787664524.086895, NoOp Chain Depth 128 Size 0 Mode ref, Ref Stage 66, run, end, 9783589924954265
1787664524.086910, NoOp Chain Depth 128 Size 0 Mode ref, Ref Stage 67, run, start, 9783589924969113
1787664524.086932, NoOp Chain Depth 128 Size 0 Mode ref, Ref Stage 67, run, end, 9783589924991721
1787664524.086950, NoOp Chain Depth 128 Size 0 Mode ref, Ref Stage 68, run, start, 9783589925008905
1787664524.086971, NoOp Chain Depth 128 Size 0 Mode ref, Ref Stage 68, run, end, 9783589925032105
1787664524.086987, NoOp Chain Depth 128 Size 0 Mode ref, Ref Stage 69, run, start, 9783589925046697
1787664524.087011, NoOp Chain Depth 128 Size 0 Mode ref, Ref Stage 69, run, end, 9783589925070505
1787664524.087025, NoOp Chain Depth 128 Size 0 Mode ref, Ref Stage 70, run, start, 9783589925083881
1787664524.087058, NoOp Chain Depth 128 Size 0 Mode ref, Ref Stage 70, run, end, 9783589925117177
1787664524.087072, NoOp Chain Depth 128 Size 0 Mode ref, Ref Stage 71, run, start, 9783589925131449
1787664524.087093, NoOp Chain Depth 128 Size 0 Mode ref, Ref Stage 71, run, end, 9783589925152025
1787664524.087109, NoOp Chain Depth 128 Size 0 Mode ref, Ref Stage 72, run, start, 9783589925167833
1787664524.087130, NoOp Chain Depth 128 Size 0 Mode ref, Ref Stage 72, run, end, 9783589925188857
1787664524.087146, NoOp Chain Depth 128 Size 0 Mode ref, Ref Stage 73, run, start, 9783589925204857
1787664524.087166, NoOp Chain Depth 128 Size 0 Mode ref, Ref Stage 73, run, end, 9783589925225449
1787664524.087181, NoOp Chain Depth 128 Size 0 Mode ref, Ref Stage 74, run, start, 9783589925239705
1787664524.087201, NoOp Chain Depth 128 Size 0 Mode ref, Ref Stage 74, run, end, 9783589925260233
1787664524.087215, NoOp Chain Depth 128 Size 0 Mode ref, Ref Stage 75, run, start, 9783589925274569
1787664524.087236, NoOp Chain Depth 128 Size 0 Mode ref, Ref Stage 75, run, end, 9783589925294937
1787664524.087250, NoOp Chain Depth 128 Size 0 Mode ref, Ref Stage 76, run, start, 9783589925309337
1787664524.087271, NoOp Chain Depth 128 Size 0 Mode ref, Ref Stage 76, run, end, 9783589925330185
1787664524.087285, NoOp Chain Depth 128 Size 0 Mode ref, Ref Stage 77, run, start, 9783589925344601
1787664524.087306, NoOp Chain Depth 128 Size 0 Mode ref, Ref Stage 77, run, end, 9783589925365289
1787664524.087322, NoOp Chain Depth 128 Size 0 Mode ref, Ref Stage 78, run, start, 9783589925381161
1787664524.087344, NoOp Chain Depth 128 Size 0 Mode ref, Ref Stage 78, run, end, 9783589925403017
1787664524.087358, NoOp Chain Depth 128 Size 0 Mode ref, Ref Stage 79, run, start, 9783589925417305
1787664524.087380, NoOp Chain Depth 128 Size 0 Mode ref, Ref Stage 79, run, end, 9783589925439321
1787664524.087392, NoOp Chain Depth 128 Size 0 Mode ref, Ref Stage 80, run, start, 9783589925451065
1787664524.087422, NoOp Chain Depth 128 Size 0 Mode ref, Ref Stage 80, run, end, 9783589925481448
1787664524.087438, NoOp Chain Depth 128 Size 0 Mode ref, Ref Stage 81, run, start, 9783589925496856
1787664524.087458, NoOp Chain Depth 128 Size 0 Mode ref, Ref Stage 81, run, end, 9783589925517272
1787664524.087472, NoOp Chain Depth 128 Size 0 Mode ref, Ref Stage 82, run, start, 9783589925531592
1787664524.087493, NoOp Chain Depth 128 Size 0 Mode ref, Ref Stage 82, run, end, 9783589925552120
1787664524.087508, NoOp Chain Depth 128 Size 0 Mode ref, Ref Stage 83, run, start, 9783589925567704
1787664524.087531, NoOp Chain Depth 128 Size 0 Mode ref, Ref Stage 83, run, end, 9783589925590552
1787664524.087546, NoOp Chain Depth 128 Size 0 Mode ref, Ref Stage 84, run, start, 9783589925604808
1787664524.087566, NoOp Chain Depth 128 Size 0 Mode ref, Ref Stage 84, run, end, 9783589925625112
1787664524.087580, NoOp Chain Depth 128 Size 0 Mode ref, Ref Stage 85, run, start, 9783589925639336
1787664524.087604, NoOp Chain Depth 128 Size 0 Mode ref, Ref Stage 85, run, end, 9783589925663576
1787664524.087616, NoOp Chain Depth 128 Size 0 Mode ref, Ref Stage 86, run, start, 9783589925675240
1787664524.087650, NoOp Chain Depth 128 Size 0 Mode ref, Ref Stage 86, run, end, 9783589925708936
1787664524.087664, NoOp Chain Depth 128 Size 0 Mode ref, Ref Stage 87, run, start, 9783589925723224
1787664524.087685, NoOp Chain Depth 128 Size 0 Mode ref, Ref Stage 87, run, end, 9783589925743864
1787664524.087699, NoOp Chain Depth 128 Size 0 Mode ref, Ref Stage 88, run, start, 9783589925758264
1787664524.087720, NoOp Chain Depth 128 Size 0 Mode ref, Ref Stage 88, run, end, 9783589925779096
1787664524.087735, NoOp Chain Depth 128 Size 0 Mode ref, Ref Stage 89, run, start, 9783589925794536
1787664524.087756, NoOp Chain Depth 128 Size 0 Mode ref, Ref Stage 89, run, end, 9783589925815560
1787664524.087771, NoOp Chain Depth 128 Size 0 Mode ref, Ref Stage 90, run, start, 9783589925829864
1787664524.087793, NoOp Chain Depth 128 Size 0 Mode ref, Ref Stage 90, run, end, 9783589925852200
1787664524.087808, NoOp Chain Depth 128 Size 0 Mode ref, Ref Stage 91, run, start, 9783589925867576
1787664524.087894, NoOp Chain Depth 128 Size 0 Mode ref, Ref Stage 91, run, end, 9783589925953800
1787664524.087911, NoOp Chain Depth 128 Size 0 Mode ref, Ref Stage 92, run, start, 9783589925970344
1787664524.087934, NoOp Chain Depth 128 Size 0 Mode ref, Ref Stage 92, run, end, 9783589925993480
1787664524.087949, NoOp Chain Depth 128 Size 0 Mode ref, Ref Stage 93, run, start, 9783589926007864
1787664524.087983, NoOp Chain Depth 128 Size 0 Mode ref, Ref Stage 93, run, end, 9783589926041784
1787664524.087994, NoOp Chain Depth 128 Size 0 Mode ref, Ref Stage 94, run, start, 9783589926053512
1787664524.088026, NoOp Chain Depth 128 Size 0 Mode ref, Ref Stage 94, run, end, 9783589926085544
1787664524.088041, NoOp Chain Depth 128 Size 0 Mode ref, Ref Stage 95, run, start, 9783589926099912
1787664524.088061, NoOp Chain Depth 128 Size 0 Mode ref, Ref Stage 95, run, end, 9783589926120616
1787664524.088076, NoOp Chain Depth 128 Size 0 Mode ref, Ref Stage 96, run, start, 9783589926135032
1787664524.088097, NoOp Chain Depth 128 Size 0 Mode ref, Ref Stage 96, run, end, 9783589926155608
1787664524.088112, NoOp Chain Depth 128 Size 0 Mode ref, Ref Stage 97, run, start, 9783589926171192
1787664524.088134, NoOp Chain Depth 128 Size 0 Mode ref, Ref Stage 97, run, end, 9783589926193032
1787664524.088148, NoOp Chain Depth 128 Size 0 Mode ref, Ref Stage 98, run, start, 9783589926207608
1787664524.088169, NoOp Chain Depth 128 Size 0 Mode ref, Ref Stage 98, run, end, 9783589926228120
1787664524.088183, NoOp Chain Depth 128 Size 0 Mode ref, Ref Stage 99, run, start, 9783589926242552
1787664524.088205, NoOp Chain Depth 128 Size 0 Mode ref, Ref Stage 99, run, end, 9783589926264536
1787664524.088220, NoOp Chain Depth 128 Size 0 Mode ref, Ref Stage 100, run, start, 9783589926278872
1787664524.088242, NoOp Chain Depth 128 Size 0 Mode ref, Ref Stage 100, run, end, 9783589926301112
1787664524.088256, NoOp Chain Depth 128 Size 0 Mode ref, Ref Stage 101, run, start, 9783589926315512
1787664524.088277, NoOp Chain Depth 128 Size 0 Mode ref, Ref Stage 101, run, end, 9783589926336072
1787664524.088291, NoOp Chain Depth 128 Size 0 Mode ref, Ref Stage 102, run, start, 9783589926350536
1787664524.088312, NoOp Chain Depth 128 Size 0 Mode ref, Ref Stage 102, run, end, 9783589926371048
1787664524.088327, NoOp Chain Depth 128 Size 0 Mode ref, Ref Stage 103, run, start, 9783589926386232
1787664524.088349, NoOp Chain Depth 128 Size 0 Mode ref, Ref Stage 103, run, end, 9783589926407832
1787664524.091629, NoOp Chain Depth 128 Size 0 Mode ref, Ref Stage 104, run, start, 9783589929690054
1787664524.091659, NoOp Chain Depth 128 Size 0 Mode ref, Ref Stage 104, run, end, 9783589929718646
1787664524.091675, NoOp Chain Depth 128 Size 0 Mode ref, Ref Stage 105, run, start, 9783589929734838
1787664524.091697, NoOp Chain Depth 128 Size 0 Mode ref, Ref Stage 105, run, end, 9783589929756614
1787664524.091714, NoOp Chain Depth 128 Size 0 Mode ref, Ref Stage 106, run, start, 9783589929773398
1787664524.091736, NoOp Chain Depth 128 Size 0 Mode ref, Ref Stage 106, run, end, 9783589929795206
1787664524.091751, NoOp Chain Depth 128 Size 0 Mode ref, Ref Stage 107, run, start, 9783589929810006
1787664524.091772, NoOp Chain Depth 128 Size 0 Mode ref, Ref Stage 107, run, end, 9783589929830806
1787664524.091786, NoOp Chain Depth 128 Size 0 Mode ref, Ref Stage 108, run, start, 9783589929845190
1787664524.091808, NoOp Chain Depth 128 Size 0 Mode ref, Ref Stage 108, run, end, 9783589929866694
1787664524.091822, NoOp Chain Depth 128 Size 0 Mode ref, Ref Stage 109, run, start, 9783589929881254
1787664524.091843, NoOp Chain Depth 128 Size 0 Mode ref, Ref Stage 109, run, end, 9783589929902182
1787664524.091857, NoOp Chain Depth 128 Size 0 Mode ref, Ref Stage 110, run, start, 9783589929916838
1787664524.091878, NoOp Chain Depth 128 Size 0 Mode ref, Ref Stage 110, run, end, 9783589929937670
1787664524.091893, NoOp Chain Depth 128 Size 0 Mode ref, Ref Stage 111, run, start, 9783589929952150
1787664524.091914, NoOp Chain Depth 128 Size 0 Mode ref, Ref Stage 111, run, end, 9783589929972902
1787664524.091928, NoOp Chain Depth 128 Size 0 Mode ref, Ref Stage 112, run, start, 9783589929987494
1787664524.091951, NoOp Chain Depth 128 Size 0 Mode ref, Ref Stage 112, run, end, 9783589930010517
1787664524.091966, NoOp Chain Depth 128 Size 0 Mode ref, Ref Stage 113, run, start, 9783589930025797
1787664524.091989, NoOp Chain Depth 128 Size 0 Mode ref, Ref Stage 113, run, end, 9783589930048389
1787664524.092001, NoOp Chain Depth 128 Size 0 Mode ref, Ref Stage 114, run, start, 9783589930060117
1787664524.092032, NoOp Chain Depth 128 Size 0 Mode ref, Ref Stage 114, run, end, 9783589930091029
1787664524.092046, NoOp Chain Depth 128 Size 0 Mode ref, Ref Stage 115, run, start, 9783589930105653
1787664524.092067, NoOp Chain Depth 128 Size 0 Mode ref, Ref Stage 115, run, end, 9783589930126069
1787664524.092081, NoOp Chain Depth 128 Size 0 Mode ref, Ref Stage 116, run, start, 9783589930140389
1787664524.092102, NoOp Chain Depth 128 Size 0 Mode ref, Ref Stage 116, run, end, 9783589930161285
1787664524.092117, NoOp Chain Depth 128 Size 0 Mode ref, Ref Stage 117, run, start, 9783589930175653
1787664524.092137, NoOp Chain Depth 128 Size 0 Mode ref, Ref Stage 117, run, end, 9783589930196245
1787664524.092151, NoOp Chain Depth 128 Size 0 Mode ref, Ref Stage 118, run, start, 9783589930210485
1787664524.092175, NoOp Chain Depth 128 Size 0 Mode ref, Ref Stage 118, run, end, 9783589930233669
1787664524.092242, NoOp Chain Depth 128 Size 0 Mode ref, Ref Stage 119, run, start, 9783589930301301
1787664524.092385, NoOp Chain Depth 128 Size 0 Mode ref, Ref Stage 119, run, end, 9783589930444581
1787664524.096917, NoOp Chain Depth 128 Size 0 Mode ref, Ref Stage 120, run, start, 9783589934977506
1787664524.096946, NoOp Chain Depth 128 Size 0 Mode ref, Ref Stage 120, run, end, 9783589935005170
1787664524.096962, NoOp Chain Depth 128 Size 0 Mode ref, Ref Stage 121, run, start, 9783589935021282
1787664524.096984, NoOp Chain Depth 128 Size 0 Mode ref, Ref Stage 121, run, end, 9783589935042994
1787664524.096998, NoOp Chain Depth 128 Size 0 Mode ref, Ref Stage 122, run, start, 9783589935057698
1787664524.097019, NoOp Chain Depth 128 Size 0 Mode ref, Ref Stage 122, run, end, 9783589935078386
1787664524.097034, NoOp Chain Depth 128 Size 0 Mode ref, Ref Stage 123, run, start, 9783589935092706
1787664524.097055, NoOp Chain Depth 128 Size 0 Mode ref, Ref Stage 123, run, end, 9783589935113970
1787664524.097069, NoOp Chain Depth 128 Size 0 Mode ref, Ref Stage 124, run, start, 9783589935128322
1787664524.097090, NoOp Chain Depth 128 Size 0 Mode ref, Ref Stage 124, run, end, 9783589935149314
1787664524.097104, NoOp Chain Depth 128 Size 0 Mode ref, Ref Stage 125, run, start, 9783589935163666
1787664524.097126, NoOp Chain Depth 128 Size 0 Mode ref, Ref Stage 125, run, end, 9783589935184738
1787664524.097140, NoOp Chain Depth 128 Size 0 Mode ref, Ref Stage 126, run, start, 9783589935199234
1787664524.097163, NoOp Chain Depth 128 Size 0 Mode ref, Ref Stage 126, run, end, 9783589935222482
1787664524.097178, NoOp Chain Depth 128 Size 0 Mode ref, Ref Stage 127, run, start, 9783589935237330
1787664524.097199, NoOp Chain Depth 128 Size 0 Mode ref, Ref Stage 127, run, end, 9783589935257986
1787664524.097214, NoOp Chain Depth 128 Size 0 Mode ref, pipeline - train, run, end, 255118626782527426471750252782236481532, 1787664524.082981, 54, 1, 9783589935272722
1787664524.097250, NoOp Chain Depth 128 Size 0 Mode ref, pipeline - train, run, start, 9778957176653782207709953765161276925, 1787664524.097239, 55, 1, 9783589935309282
1787664524.097273, NoOp Chain Depth 128 Size 0 Mode ref, Ref Stage 0, run, start, 9783589935331906
1787664524.097294, NoOp Chain Depth 128 Size 0 Mode ref, Ref Stage 0, run, end, 9783589935353042
1787664524.097308, NoOp Chain Depth 128 Size 0 Mode ref, Ref Stage 1, run, start, 9783589935367650
1787664524.097329, NoOp Chain Depth 128 Size 0 Mode ref, Ref Stage 1, run, end, 9783589935388626
1787664524.097344, NoOp Chain Depth 128 Size 0 Mode ref, Ref Stage 2, run, start, 9783589935402946
1787664524.097364, NoOp Chain Depth 128 Size 0 Mode ref, Ref Stage 2, run, end, 9783589935423586
1787664524.097379, NoOp Chain Depth 128 Size 0 Mode ref, Ref Stage 3, run, start, 9783589935437906
1787664524.097401, NoOp Chain Depth 128 Size 0 Mode ref, Ref Stage 3, run, end, 9783589935460322
1787664524.097413, NoOp Chain Depth 128 Size 0 Mode ref, Ref Stage 4, run, start, 9783589935471986
1787664524.097444, NoOp Chain Depth 128 Size 0 Mode ref, Ref Stage 4, run, end, 9783589935503218
1787664524.097458, NoOp Chain Depth 128 Size 0 Mode ref, Ref Stage 5, run, start, 9783589935517634
1787664524.097479, NoOp Chain Depth 128 Size 0 Mode ref, Ref Stage 5, run, end, 9783589935538386
1787664524.097493, NoOp Chain Depth 128 Size 0 Mode ref, Ref Stage 6, run, start, 9783589935552610
1787664524.097514, NoOp Chain Depth 128 Size 0 Mode ref, Ref Stage 6, run, end, 9783589935573458
1787664524.097529, NoOp Chain Depth 128 Size 0 Mode ref, Ref Stage 7, run, start, 9783589935588722
1787664524.097552, NoOp Chain Depth 128 Size 0 Mode ref, Ref Stage 7, run, end, 9783589935611042
1787664524.097563, NoOp Chain Depth 128 Size 0 Mode ref, Ref Stage 8, run, start, 9783589935622338
1787664524.097594, NoOp Chain Depth 128 Size 0 Mode ref, Ref Stage 8, run, end, 9783589935652674
1787664524.097608, NoOp Chain Depth 128 Size 0 Mode ref, Ref Stage 9, run, start, 9783589935667202
1787664524.097629, NoOp Chain Depth 128 Size 0 Mode ref, Ref Stage 9, run, end, 9783589935687794
1787664524.097643, NoOp Chain Depth 128 Size 0 Mode ref, Ref Stage 10, run, start, 9783589935702146
1787664524.097663, NoOp Chain Depth 128 Size 0 Mode ref, Ref Stage 10, run, end, 9783589935722594
1787664524.097678, NoOp Chain Depth 128 Size 0 Mode ref, Ref Stage 11, run, start, 9783589935736946
1787664524.097698, NoOp Chain Depth 128 Size 0 Mode ref, Ref Stage 11, run, end, 9783589935757586
1787664524.097712, NoOp Chain Depth 128 Size 0 Mode ref, Ref Stage 12, run, start, 9783589935771746
1787664524.097733, NoOp Chain Depth 128 Size 0 Mode ref, Ref Stage 12, run, end, 9783589935792498
1787664524.097747, NoOp Chain Depth 128 Size 0 Mode ref, Ref Stage 13, run, start, 9783589935806546
1787664524.097768, NoOp Chain Depth 128 Size 0 Mode ref, Ref Stage 13, run, end, 9783589935827138
1787664524.097782, NoOp Chain Depth 128 Size 0 Mode ref, Ref Stage 14, run, start, 9783589935841250
1787664524.097802, NoOp Chain Depth 128 Size 0 Mode ref, Ref Stage 14, run, end, 9783589935861714
1787664524.097818, NoOp Chain Depth 128 Size 0 Mode ref, Ref Stage 15, run, start, 9783589935876834
1787664524.097838, NoOp Chain Depth 128 Size 0 Mode ref, Ref Stage 15, run, end, 9783589935897746
1787664524.097853, NoOp Chain Depth 128 Size 0 Mode ref, Ref Stage 16, run, start, 9783589935912066
1787664524.097873, NoOp Chain Depth 128 Size 0 Mode ref, Ref Stage 16, run, end, 9783589935932658
1787664524.097888, NoOp Chain Depth 128 Size 0 Mode ref, Ref Stage 17, run, start, 9783589935947090
1787664524.097909, NoOp Chain Depth 128 Size 0 Mode ref, Ref Stage 17, run, end, 9783589935967842
1787664524.097925, NoOp Chain Depth 128 Size 0 Mode ref, Ref Stage 18, run, start, 9783589935983922
1787664524.097949, NoOp Chain Depth 128 Size 0 Mode ref, Ref Stage 18, run, end, 9783589936007874
1787664524.098053, NoOp Chain Depth 128 Size 0 Mode ref, Ref Stage 19, run, start, 9783589936113009
1787664524.098189, NoOp Chain Depth 128 Size 0 Mode ref, Ref Stage 19, run, end, 9783589936248129
1787664524.098204, NoOp Chain Depth 128 Size 0 Mode ref, Ref Stage 20, run, start, 9783589936263057
1787664524.098225, NoOp Chain Depth 128 Size 0 Mode ref, Ref Stage 20, run, end, 9783589936284433
1787664524.098240, NoOp Chain Depth 128 Size 0 Mode ref, Ref Stage 21, run, start, 9783589936298993
1787664524.098261, NoOp Chain Depth 128 Size 0 Mode ref, Ref Stage 21, run, end, 9783589936319857
1787664524.098275, NoOp Chain Depth 128 Size 0 Mode ref, Ref Stage 22, run, start, 9783589936334337
1787664524.098296, NoOp Chain Depth 128 Size 0 Mode ref, Ref Stage 22, run, end, 9783589936354913
1787664524.098310, NoOp Chain Depth 128 Size 0 Mode ref, Ref Stage 23, run, start, 9783589936369425
1787664524.098331, NoOp Chain Depth 128 Size 0 Mode ref, Ref Stage 23, run, end, 9783589936390033
1787664524.098345, NoOp Chain Depth 128 Size 0 Mode ref, Ref Stage 24, run, start, 9783589936404401
1787664524.098366, NoOp Chain Depth 128 Size 0 Mode ref, Ref Stage 24, run, end, 9783589936425281
1787664524.098380, NoOp Chain Depth 128 Size 0 Mode ref, Ref Stage 25, run, start, 9783589936439585
1787664524.098401, NoOp Chain Depth 128 Size 0 Mode ref, Ref Stage 25, run, end, 9783589936460033
1787664524.098415, NoOp Chain Depth 128 Size 0 Mode ref, Ref Stage 26, run, start, 9783589936474353
1787664524.098436, NoOp Chain Depth 128 Size 0 Mode ref, Ref Stage 26, run, end, 9783589936495121
1787664524.098450, NoOp Chain Depth 128 Size 0 Mode ref, Ref Stage 27, run, start, 9783589936509313
1787664524.098471, NoOp Chain Depth 128 Size 0 Mode ref, Ref Stage 27, run, end, 9783589936529969
1787664524.098485, NoOp Chain Depth 128 Size 0 Mode ref, Ref Stage 28, run, start, 9783589936544369
1787664524.098505, NoOp Chain Depth 128 Size 0 Mode ref, Ref Stage 28, run, end, 9783589936564657
1787664524.098521, NoOp Chain Depth 128 Size 0 Mode ref, Ref Stage 29, run, start, 9783589936579745
1787664524.098541, NoOp Chain Depth 128 Size 0 Mode ref, Ref Stage 29, run, end, 9783589936600161
1787664524.098555, NoOp Chain Depth 128 Size 0 Mode ref, Ref Stage 30, run, start, 9783589936614529
1787664524.098577, NoOp Chain Depth 128 Size 0 Mode ref, Ref Stage 30, run, end, 9783589936636337
1787664524.098589, NoOp Chain Depth 128 Size 0 Mode ref, Ref Stage 31, run, start, 9783589936647937
1787664524.099022, NoOp Chain Depth 128 Size 0 Mode ref, Ref Stage 31, run, end, 9783589937081825
1787664524.099037, NoOp Chain Depth 128 Size 0 Mode ref, Ref Stage 32, run, start, 9783589937096801
1787664524.099059, NoOp Chain Depth 128 Size 0 Mode ref, Ref Stage 32, run, end, 9783589937117921
1787664524.099073, NoOp Chain Depth 128 Size 0 Mode ref, Ref Stage 33, run, start, 9783589937132289
1787664524.099096, NoOp Chain Depth 128 Size 0 Mode ref, Ref Stage 33, run, end, 9783589937154865
1787664524.099107, NoOp Chain Depth 128 Size 0 Mode ref, Ref Stage 34, run, start, 9783589937166417
1787664524.099138, NoOp Chain Depth 128 Size 0 Mode ref, Ref Stage 34, run, end, 9783589937197745
1787664524.099153, NoOp Chain Depth 128 Size 0 Mode ref, Ref Stage 35, run, start, 9783589937212241
1787664524.099174, NoOp Chain Depth 128 Size 0 Mode ref, Ref Stage 35, run, end, 9783589937232945
1787664524.099188, NoOp Chain Depth 128 Size 0 Mode ref, Ref Stage 36, run, start, 9783589937247457
1787664524.099209, NoOp Chain Depth 128 Size 0 Mode ref, Ref Stage 36, run, end, 9783589937268129
1787664524.099223, NoOp Chain Depth 128 Size 0 Mode ref, Ref Stage 37, run, start, 9783589937282561
1787664524.099244, NoOp Chain Depth 128 Size 0 Mode ref, Ref Stage 37, run, end, 9783589937302993
1787664524.099258, NoOp Chain Depth 128 Size 0 Mode ref, Ref Stage 38, run, start, 9783589937317313
1787664524.099281, NoOp Chain Depth 128 Size 0 Mode ref, Ref Stage 38, run, end, 9783589937340129
1787664524.099295, NoOp Chain Depth 128 Size 0 Mode ref, Ref Stage 39, run, start, 9783589937354545
1787664524.099316, NoOp Chain Depth 128 Size 0 Mode ref, Ref Stage 39, run, end, 9783589937375185
1787664524.099330, NoOp Chain Depth 128 Size 0 Mode ref, Ref Stage 40, run, start, 9783589937389457
1787664524.099350, NoOp Chain Depth 128 Size 0 Mode ref, Ref Stage 40, run, end, 9783589937409937
1787664524.099366, NoOp Chain Depth 128 Size 0 Mode ref, Ref Stage 41, run, start, 9783589937424865
1787664524.099388, NoOp Chain Depth 128 Size 0 Mode ref, Ref Stage 41, run, end, 9783589937446721
1787664524.099788, NoOp Chain Depth 128 Size 0 Mode ref, Ref Stage 42, run, start, 9783589937848128
1787664524.099923, NoOp Chain Depth 128 Size 0 Mode ref, Ref Stage 42, run, end, 9783589937982944
1787664524.099939, NoOp Chain Depth 128 Size 0 Mode ref, Ref Stage 43, run, start, 9783589937998144
1787664524.099963, NoOp Chain Depth 128 Size 0 Mode ref, Ref Stage 43, run, end, 9783589938021984
1787664524.099977, NoOp Chain Depth 128 Size 0 Mode ref, Ref Stage 44, run, start, 9783589938036560
1787664524.099998, NoOp Chain Depth 128 Size 0 Mode ref, Ref Stage 44, run, end, 9783589938057520
1787664524.100013, NoOp Chain Depth 128 Size 0 Mode ref, Ref Stage 45, run, start, 9783589938072096
1787664524.100034, NoOp Chain Depth 128 Size 0 Mode ref, Ref Stage 45, run, end, 9783589938093312
1787664524.100049, NoOp Chain Depth 128 Size 0 Mode ref, Ref Stage 46, run, start, 9783589938108016
1787664524.100070, NoOp Chain Depth 128 Size 0 Mode ref, Ref Stage 46, run, end, 9783589938128960
1787664524.100084, NoOp Chain Depth 128 Size 0 Mode ref, Ref Stage 47, run, start, 9783589938143504
1787664524.100106, NoOp Chain Depth 128 Size 0 Mode ref, Ref Stage 47, run, end, 9783589938165776
1787664524.100118, NoOp Chain Depth 128 Size 0 Mode ref, Ref Stage 48, run, start, 9783589938177440
1787664524.100151, NoOp Chain Depth 128 Size 0 Mode ref, Ref Stage 48, run, end, 9783589938210224
1787664524.100163, NoOp Chain Depth 128 Size 0 Mode ref, Ref Stage 49, run, start, 9783589938221920
1787664524.100194, NoOp Chain Depth 128 Size 0 Mode ref, Ref Stage 49, run, end, 9783589938253024
1787664524.100208, NoOp Chain Depth 128 Size 0 Mode ref, Ref Stage 50, run, start, 9783589938267488
1787664524.100229, NoOp Chain Depth 128 Size 0 Mode ref, Ref Stage 50, run, end, 9783589938288128
1787664524.100243, NoOp Chain Depth 128 Size 0 Mode ref, Ref Stage 51, run, start, 9783589938302400
1787664524.100264, NoOp Chain Depth 128 Size 0 Mode ref, Ref Stage 51, run, end, 9783589938322880
1787664524.100278, NoOp Chain Depth 128 Size 0 Mode ref, Ref Stage 52, run, start, 9783589938337056
1787664524.100299, NoOp Chain Depth 128 Size 0 Mode ref, Ref Stage 52, run, end, 9783589938358000
1787664524.100313, NoOp Chain Depth 128 Size 0 Mode ref, Ref Stage 53, run, start, 9783589938372144
1787664524.100333, NoOp Chain Depth 128 Size 0 Mode ref, Ref Stage 53, run, end, 9783589938392736
1787664524.100348, NoOp Chain Depth 128 Size 0 Mode ref, Ref Stage 54, run, start, 9783589938406816
1787664524.100368, NoOp Chain Depth 128 Size 0 Mode ref, Ref Stage 54, run, end, 9783589938427280
1787664524.100383, NoOp Chain Depth 128 Size 0 Mode ref, Ref Stage 55, run, start, 9783589938442240
1787664524.100404, NoOp Chain Depth 128 Size 0 Mode ref, Ref Stage 55, run, end, 9783589938463040
1787664524.100418, NoOp Chain Depth 128 Size 0 Mode ref, Ref Stage 56, run, start, 9783589938477488
1787664524.100439, NoOp Chain Depth 128 Size 0 Mode ref, Ref Stage 56, run, end, 9783589938498080
1787664524.100453, NoOp Chain Depth 128 Size 0 Mode ref, Ref Stage 57, run, start, 9783589938512304
1787664524.100474, NoOp Chain Depth 128 Size 0 Mode ref, Ref Stage 57, run, end, 9783589938532752
1787664524.100488, NoOp Chain Depth 128 Size 0 Mode ref, Ref Stage 58, run, start, 9783589938547840
1787664524.100509, NoOp Chain Depth 128 Size 0 Mode ref, Ref Stage 58, run, end, 9783589938568400
1787664524.100529, NoOp Chain Depth 128 Size 0 Mode ref, Ref Stage 59, run, start, 9783589938588048
1787664524.100550, NoOp Chain Depth 128 Size 0 Mode ref, Ref Stage 59, run, end, 9783589938608832
1787664524.100564, NoOp Chain Depth 128 Size 0 Mode ref, Ref Stage 60, run, start, 9783589938623328
1787664524.100585, NoOp Chain Depth 128 Size 0 Mode ref, Ref Stage 60, run, end, 9783589938643616
1787664524.101004, NoOp Chain Depth 128 Size 0 Mode ref, Ref Stage 61, run, start, 9783589939063776
1787664524.101029, NoOp Chain Depth 128 Size 0 Mode ref, Ref Stage 61, run, end, 9783589939088863
1787664524.101044, NoOp Chain Depth 128 Size 0 Mode ref, Ref Stage 62, run, start, 9783589939103887
1787664524.101066, NoOp Chain Depth 128 Size 0 Mode ref, Ref Stage 62, run, end, 9783589939125055
1787664524.101081, NoOp Chain Depth 128 Size 0 Mode ref, Ref Stage 63, run, start, 9783589939139791
1787664524.101102, NoOp Chain Depth 128 Size 0 Mode ref, Ref Stage 63, run, end, 9783589939160687
1787664524.101116, NoOp Chain Depth 128 Size 0 Mode ref, Ref Stage 64, run, start, 9783589939175263
1787664524.101139, NoOp Chain Depth 128 Size 0 Mode ref, Ref Stage 64, run, end, 9783589939197951
1787664524.101150, NoOp Chain Depth 128 Size 0 Mode ref, Ref Stage 65, run, start, 9783589939209647
1787664524.101182, NoOp Chain Depth 128 Size 0 Mode ref, Ref Stage 65, run, end, 9783589939240575
1787664524.101196, NoOp Chain Depth 128 Size 0 Mode ref, Ref Stage 66, run, start, 9783589939254847
1787664524.101217, NoOp Chain Depth 128 Size 0 Mode ref, Ref Stage 66, run, end, 9783589939275711
1787664524.101231, NoOp Chain Depth 128 Size 0 Mode ref, Ref Stage 67, run, start, 9783589939290063
1787664524.101251, NoOp Chain Depth 128 Size 0 Mode ref, Ref Stage 67, run, end, 9783589939310511
1787664524.101265, NoOp Chain Depth 128 Size 0 Mode ref, Ref Stage 68, run, start, 9783589939324863
1787664524.101286, NoOp Chain Depth 128 Size 0 Mode ref, Ref Stage 68, run, end, 9783589939345391
1787664524.101300, NoOp Chain Depth 128 Size 0 Mode ref, Ref Stage 69, run, start, 9783589939359775
1787664524.101321, NoOp Chain Depth 128 Size 0 Mode ref, Ref Stage 69, run, end, 9783589939380559
1787664524.101336, NoOp Chain Depth 128 Size 0 Mode ref, Ref Stage 70, run, start, 9783589939394943
1787664524.101357, NoOp Chain Depth 128 Size 0 Mode ref, Ref Stage 70, run, end, 9783589939416799
1787664524.101369, NoOp Chain Depth 128 Size 0 Mode ref, Ref Stage 71, run, start, 9783589939428335
1787664524.101399, NoOp Chain Depth 128 Size 0 Mode ref, Ref Stage 71, run, end, 9783589939458623
1787664524.101414, NoOp Chain Depth 128 Size 0 Mode ref, Ref Stage 72, run, start, 9783589939473263
1787664524.101435, NoOp Chain Depth 128 Size 0 Mode ref, Ref Stage 72, run, end, 9783589939494031
1787664524.101449, NoOp Chain Depth 128 Size 0 Mode ref, Ref Stage 73, run, start, 9783589939508399
1787664524.101470, NoOp Chain Depth 128 Size 0 Mode ref, Ref Stage 73, run, end, 9783589939529359
1787664524.101485, NoOp Chain Depth 128 Size 0 Mode ref, Ref Stage 74, run, start, 9783589939543903
1787664524.101506, NoOp Chain Depth 128 Size 0 Mode ref, Ref Stage 74, run, end, 9783589939565103
1787664524.101520, NoOp Chain Depth 128 Size 0 Mode ref, Ref Stage 75, run, start, 9783589939579663
1787664524.101541, NoOp Chain Depth 128 Size 0 Mode ref, Ref Stage 75, run, end, 9783589939600255
1787664524.101555, NoOp Chain Depth 128 Size 0 Mode ref, Ref Stage 76, run, start, 9783589939614383
1787664524.101576, NoOp Chain Depth 128 Size 0 Mode ref, Ref Stage 76, run, end, 9783589939634911
1787664524.101591, NoOp Chain Depth 128 Size 0 Mode ref, Ref Stage 77, run, start, 9783589939649743
1787664524.101611, NoOp Chain Depth 128 Size 0 Mode ref, Ref Stage 77, run, end, 9783589939670287
1787664524.101626, NoOp Chain Depth 128 Size 0 Mode ref, Ref Stage 78, run, start, 9783589939685311
1787664524.101647, NoOp Chain Depth 128 Size 0 Mode ref, Ref Stage 78, run, end, 9783589939705695
1787664524.101661, NoOp Chain Depth 128 Size 0 Mode ref, Ref Stage 79, run, start, 9783589939719983
1787664524.101681, NoOp Chain Depth 128 Size 0 Mode ref, Ref Stage 79, run, end, 9783589939740607
1787664524.101698, NoOp Chain Depth 128 Size 0 Mode ref, Ref Stage 80, run, start, 9783589939757263
1787664524.101718, NoOp Chain Depth 128 Size 0 Mode ref, Ref Stage 80, run, end, 9783589939777807
1787664524.101732, NoOp Chain Depth 128 Size 0 Mode ref, Ref Stage 81, run, start, 9783589939791871
1787664524.101753, NoOp Chain Depth 128 Size 0 Mode ref, Ref Stage 81, run, end, 9783589939812271
1787664524.101767, NoOp Chain Depth 128 Size 0 Mode ref, Ref Stage 82, run, start, 9783589939826319
1787664524.101787, NoOp Chain Depth 128 Size 0 Mode ref, Ref Stage 82, run, end, 9783589939846559
1787664524.101801, NoOp Chain Depth 128 Size 0 Mode ref, Ref Stage 83, run, start, 9783589939860479
1787664524.101822, NoOp Chain Depth 128 Size 0 Mode ref, Ref Stage 83, run, end, 9783589939881039
1787664524.101836, NoOp Chain Depth 128 Size 0 Mode ref, Ref Stage 84, run, start, 9783589939895471
1787664524.101857, NoOp Chain Depth 128 Size 0 Mode ref, Ref Stage 84, run, end, 9783589939916399
1787664524.101872, NoOp Chain Depth 128 Size 0 Mode ref, Ref Stage 85, run, start, 9783589939930991
1787664524.101897, NoOp Chain Depth 128 Size 0 Mode ref, Ref Stage 85, run, end, 9783589939956383
1787664524.101909, NoOp Chain Depth 128 Size 0 Mode ref, Ref Stage 86, run, start, 9783589939968271
1787664524.101941, NoOp Chain Depth 128 Size 0 Mode ref, Ref Stage 86, run, end, 9783589940000031
1787664524.101958, NoOp Chain Depth 128 Size 0 Mode ref, Ref Stage 87, run, start, 9783589940017007
1787664524.101979, NoOp Chain Depth 128 Size 0 Mode ref, Ref Stage 87, run, end, 9783589940037695
1787664524.101993, NoOp Chain Depth 128 Size 0 Mode ref, Ref Stage 88, run, start, 9783589940052047
1787664524.102013, NoOp Chain Depth 128 Size 0 Mode ref, Ref Stage 88, run, end, 9783589940072815
1787664524.102028, NoOp Chain Depth 128 Size 0 Mode ref, Ref Stage 89, run, start, 9783589940087071
1787664524.102048, NoOp Chain Depth 128 Size 0 Mode ref, Ref Stage 89, run, end, 9783589940107775
1787664524.102063, NoOp Chain Depth 128 Size 0 Mode ref, Ref Stage 90, run, start, 9783589940121935
1787664524.102086, NoOp Chain Depth 128 Size 0 Mode ref, Ref Stage 90, run, end, 9783589940145183
1787664524.102101, NoOp Chain Depth 128 Size 0 Mode ref, Ref Stage 91, run, start, 9783589940160255
1787664524.102122, NoOp Chain Depth 128 Size 0 Mode ref, Ref Stage 91, run, end, 9783589940180847
1787664524.102137, NoOp Chain Depth 128 Size 0 Mode ref, Ref Stage 92, run, start, 9783589940196495
1787664524.102159, NoOp Chain Depth 128 Size 0 Mode ref, Ref Stage 92, run, end, 9783589940218671
1787664524.102174, NoOp Chain Depth 128 Size 0 Mode ref, Ref Stage 93, run, start, 9783589940233055
1787664524.102196, NoOp Chain Depth 128 Size 0 Mode ref, Ref Stage 93, run, end, 9783589940255167
1787664524.102207, NoOp Chain Depth 128 Size 0 Mode ref, Ref Stage 94, run, start, 9783589940266767
1787664524.102238, NoOp Chain Depth 128 Size 0 Mode ref, Ref Stage 94, run, end, 9783589940297439
1787664524.102254, NoOp Chain Depth 128 Size 0 Mode ref, Ref Stage 95, run, start, 9783589940313503
1787664524.102276, NoOp Chain Depth 128 Size 0 Mode ref, Ref Stage 95, run, end, 9783589940335215
1787664524.102290, NoOp Chain Depth 128 Size 0 Mode ref, Ref Stage 96, run, start, 9783589940349423
1787664524.102312, NoOp Chain Depth 128 Size 0 Mode ref, Ref Stage 96, run, end, 9783589940371103
1787664524.102326, NoOp Chain Depth 128 Size 0 Mode ref, Ref Stage 97, run, start, 9783589940385343
1787664524.102346, NoOp Chain Depth 128 Size 0 Mode ref, Ref Stage 97, run, end, 9783589940405711
1787664524.102360, NoOp Chain Depth 128 Size 0 Mode ref, Ref Stage 98, run, start, 9783589940419887
1787664524.102381, NoOp Chain Depth 128 Size 0 Mode ref, Ref Stage 98, run, end, 9783589940440399
1787664524.102395, NoOp Chain Depth 128 Size 0 Mode ref, Ref Stage 99, run, start, 9783589940454527
1787664524.102416, NoOp Chain Depth 128 Size 0 Mode ref, Ref Stage 99, run, end, 9783589940475007
1787664524.102430, NoOp Chain Depth 128 Size 0 Mode ref, Ref Stage 100, run, start, 9783589940489247
1787664524.102452, NoOp Chain Depth 128 Size 0 Mode ref, Ref Stage 100, run, end, 9783589940511135
1787664524.102468, NoOp Chain Depth 128 Size 0 Mode ref, Ref Stage 101, run, start, 9783589940527503
1787664524.102489, NoOp Chain Depth 128 Size 0 Mode ref, Ref Stage 101, run, end, 9783589940548111
1787664524.102503, NoOp Chain Depth 128 Size 0 Mode ref, Ref Stage 102, run, start, 9783589940562351
1787664524.102524, NoOp Chain Depth 128 Size 0 Mode ref, Ref Stage 102, run, end, 9783589940582879
1787664524.102539, NoOp Chain Depth 128 Size 0 Mode ref, Ref Stage 103, run, start, 9783589940598319
1787664524.102563, NoOp Chain Depth 128 Size 0 Mode ref, Ref Stage 103, run, end, 9783589940621806
1787664524.102574, NoOp Chain Depth 128 Size 0 Mode ref, Ref Stage 104, run, start, 9783589940633534
1787664524.102605, NoOp Chain Depth 128 Size 0 Mode ref, Ref Stage 104, run, end, 9783589940663950
1787664524.102619, NoOp Chain Depth 128 Size 0 Mode ref, Ref Stage 105, run, start, 9783589940678126
1787664524.102640, NoOp Chain Depth 128 Size 0 Mode ref, Ref Stage 105, run, end, 9783589940698830
1787664524.102654, NoOp Chain Depth 128 Size 0 Mode ref, Ref Stage 106, run, start, 9783589940714078
1787664524.102677, NoOp Chain Depth 128 Size 0 Mode ref, Ref Stage 106, run, end, 9783589940736062
1787664524.102691, NoOp Chain Depth 128 Size 0 Mode ref, Ref Stage 107, run, start, 9783589940750366
1787664524.102713, NoOp Chain Depth 128 Size 0 Mode ref, Ref Stage 107, run, end, 9783589940771934
1787664524.102727, NoOp Chain Depth 128 Size 0 Mode ref, Ref Stage 108, run, start, 9783589940786302
1787664524.102748, NoOp Chain Depth 128 Size 0 Mode ref, Ref Stage 108, run, end, 9783589940806958
1787664524.102763, NoOp Chain Depth 128 Size 0 Mode ref, Ref Stage 109, run, start, 9783589940822654
1787664524.102784, NoOp Chain Depth 128 Size 0 Mode ref, Ref Stage 109, run, end, 9783589940843854
1787664524.102799, NoOp Chain Depth 128 Size 0 Mode ref, Ref Stage 110, run, start, 9783589940858174
1787664524.102820, NoOp Chain Depth 128 Size 0 Mode ref, Ref Stage 110, run, end, 9783589940878894
1787664524.102834, NoOp Chain Depth 128 Size 0 Mode ref, Ref Stage 111, run, start, 9783589940893134
1787664524.102855, NoOp Chain Depth 128 Size 0 Mode ref, Ref Stage 111, run, end, 9783589940914670
1787664524.102870, NoOp Chain Depth 128 Size 0 Mode ref, Ref Stage 112, run, start, 9783589940929134
1787664524.102890, NoOp Chain Depth 128 Size 0 Mode ref, Ref Stage 112, run, end, 9783589940949694
1787664524.102905, NoOp Chain Depth 128 Size 0 Mode ref, Ref Stage 113, run, start, 9783589940963966
1787664524.102929, NoOp Chain Depth 128 Size 0 Mode ref, Ref Stage 113, run, end, 9783589940987838
1787664524.102940, NoOp Chain Depth 128 Size 0 Mode ref, Ref Stage 114, run, start, 9783589940999422
1787664524.102973, NoOp Chain Depth 128 Size 0 Mode ref, Ref Stage 114, run, end, 9783589941032158
1787664524.102987, NoOp Chain Depth 128 Size 0 Mode ref, Ref Stage 115, run, start, 9783589941046574
1787664524.103008, NoOp Chain Depth 128 Size 0 Mode ref, Ref Stage 115, run, end, 9783589941066894
1787664524.103022, NoOp Chain Depth 128 Size 0 Mode ref, Ref Stage 116, run, start, 9783589941081102
1787664524.103044, NoOp Chain Depth 128 Size 0 Mode ref, Ref Stage 116, run, end, 9783589941102814
1787664524.103059, NoOp Chain Depth 128 Size 0 Mode ref, Ref Stage 117, run, start, 9783589941118430
1787664524.103079, NoOp Chain Depth 128 Size 0 Mode ref, Ref Stage 117, run, end, 9783589941138734
1787664524.103094, NoOp Chain Depth 128 Size 0 Mode ref, Ref Stage 118, run, start, 9783589941153230
1787664524.103119, NoOp Chain Depth 128 Size 0 Mode ref, Ref Stage 118, run, end, 9783589941178142
1787664524.103518, NoOp Chain Depth 128 Size 0 Mode ref, Ref Stage 119, run, start, 9783589941578510
1787664524.103666, NoOp Chain Depth 128 Size 0 Mode ref, Ref Stage 119, run, end, 9783589941725614
1787664524.103681, NoOp Chain Depth 128 Size 0 Mode ref, Ref Stage 120, run, start, 9783589941740702
1787664524.103702, NoOp Chain Depth 128 Size 0 Mode ref, Ref Stage 120, run, end, 9783589941761630
1787664524.103719, NoOp Chain Depth 128 Size 0 Mode ref, Ref Stage 121, run, start, 9783589941778382
1787664524.103740, NoOp Chain Depth 128 Size 0 Mode ref, Ref Stage 121, run, end, 9783589941799182
1787664524.103754, NoOp Chain Depth 128 Size 0 Mode ref, Ref Stage 122, run, start, 9783589941813502
1787664524.103775, NoOp Chain Depth 128 Size 0 Mode ref, Ref Stage 122, run, end, 9783589941834766
1787664524.103790, NoOp Chain Depth 128 Size 0 Mode ref, Ref Stage 123, run, start, 9783589941849310
1787664524.103812, NoOp Chain Depth 128 Size 0 Mode ref, Ref Stage 123, run, end, 9783589941870782
1787664524.103826, NoOp Chain Depth 128 Size 0 Mode ref, Ref Stage 124, run, start, 9783589941885534
1787664524.103850, NoOp Chain Depth 128 Size 0 Mode ref, Ref Stage 124, run, end, 9783589941908958
1787664524.103865, NoOp Chain Depth 128 Size 0 Mode ref, Ref Stage 125, run, start, 9783589941924190
1787664524.103887, NoOp Chain Depth 128 Size 0 Mode ref, Ref Stage 125, run, end, 9783589941946046
1787664524.103901, NoOp Chain Depth 128 Size 0 Mode ref, Ref Stage 126, run, start, 9783589941960462
1787664524.103922, NoOp Chain Depth 128 Size 0 Mode ref, Ref Stage 126, run, end, 9783589941981102
1787664524.103936, NoOp Chain Depth 128 Size 0 Mode ref, Ref Stage 127, run, start, 9783589941995982
1787664524.103961, NoOp Chain Depth 128 Size 0 Mode ref, Ref Stage 127, run, end, 9783589942019934
1787664524.103976, NoOp Chain Depth 128 Size 0 Mode ref, pipeline - train, run, end, 9778957176653782207709953765161276925, 1787664524.097239, 55, 1, 9783589942035582
1787664524.104014, NoOp Chain Depth 128 Size 0 Mode ref, pipeline - train, run, start, 221006104260233558184649663457577174948, 1787664524.104003, 56, 1, 9783589942073118
1787664524.104036, NoOp Chain Depth 128 Size 0 Mode ref, Ref Stage 0, run, start, 9783589942095694
1787664524.104057, NoOp Chain Depth 128 Size 0 Mode ref, Ref Stage 0, run, end, 9783589942116558
1787664524.104072, NoOp Chain Depth 128 Size 0 Mode ref, Ref Stage 1, run, start, 9783589942131038
1787664524.104093, NoOp Chain Depth 128 Size 0 Mode ref, Ref Stage 1, run, end, 9783589942151918
1787664524.104107, NoOp Chain Depth 128 Size 0 Mode ref, Ref Stage 2, run, start, 9783589942166590
1787664524.104128, NoOp Chain Depth 128 Size 0 Mode ref, Ref Stage 2, run, end, 9783589942187533
1787664524.104143, NoOp Chain Depth 128 Size 0 Mode ref, Ref Stage 3, run, start, 9783589942201917
1787664524.104167, NoOp Chain Depth 128 Size 0 Mode ref, Ref Stage 3, run, end, 9783589942225789
1787664524.104178, NoOp Chain Depth 128 Size 0 Mode ref, Ref Stage 4, run, start, 9783589942237437
1787664524.104210, NoOp Chain Depth 128 Size 0 Mode ref, Ref Stage 4, run, end, 9783589942269229
1787664524.104224, NoOp Chain Depth 128 Size 0 Mode ref, Ref Stage 5, run, start, 9783589942283821
1787664524.104246, NoOp Chain Depth 128 Size 0 Mode ref, Ref Stage 5, run, end, 9783589942305149
1787664524.104260, NoOp Chain Depth 128 Size 0 Mode ref, Ref Stage 6, run, start, 9783589942319437
1787664524.104281, NoOp Chain Depth 128 Size 0 Mode ref, Ref Stage 6, run, end, 9783589942339933
1787664524.104295, NoOp Chain Depth 128 Size 0 Mode ref, Ref Stage 7, run, start, 9783589942354685
1787664524.104323, NoOp Chain Depth 128 Size 0 Mode ref, Ref Stage 7, run, end, 9783589942382445
1787664524.104335, NoOp Chain Depth 128 Size 0 Mode ref, Ref Stage 8, run, start, 9783589942393933
1787664524.104366, NoOp Chain Depth 128 Size 0 Mode ref, Ref Stage 8, run, end, 9783589942425341
1787664524.104381, NoOp Chain Depth 128 Size 0 Mode ref, Ref Stage 9, run, start, 9783589942439837
1787664524.104401, NoOp Chain Depth 128 Size 0 Mode ref, Ref Stage 9, run, end, 9783589942460653
1787664524.104417, NoOp Chain Depth 128 Size 0 Mode ref, Ref Stage 10, run, start, 9783589942476205
1787664524.104438, NoOp Chain Depth 128 Size 0 Mode ref, Ref Stage 10, run, end, 9783589942497085
1787664524.104452, NoOp Chain Depth 128 Size 0 Mode ref, Ref Stage 11, run, start, 9783589942511389
1787664524.104473, NoOp Chain Depth 128 Size 0 Mode ref, Ref Stage 11, run, end, 9783589942531821
1787664524.104489, NoOp Chain Depth 128 Size 0 Mode ref, Ref Stage 12, run, start, 9783589942547885
1787664524.104630, NoOp Chain Depth 128 Size 0 Mode ref, Ref Stage 12, run, end, 9783589942689661
1787664524.104649, NoOp Chain Depth 128 Size 0 Mode ref, Ref Stage 13, run, start, 9783589942708189
1787664524.104672, NoOp Chain Depth 128 Size 0 Mode ref, Ref Stage 13, run, end, 9783589942731117
1787664524.104686, NoOp Chain Depth 128 Size 0 Mode ref, Ref Stage 14, run, start, 9783589942745565
1787664524.104707, NoOp Chain Depth 128 Size 0 Mode ref, Ref Stage 14, run, end, 9783589942766413
1787664524.104722, NoOp Chain Depth 128 Size 0 Mode ref, Ref Stage 15, run, start, 9783589942781773
1787664524.104744, NoOp Chain Depth 128 Size 0 Mode ref, Ref Stage 15, run, end, 9783589942803581
1787664524.104759, NoOp Chain Depth 128 Size 0 Mode ref, Ref Stage 16, run, start, 9783589942818205
1787664524.104780, NoOp Chain Depth 128 Size 0 Mode ref, Ref Stage 16, run, end, 9783589942838989
1787664524.104794, NoOp Chain Depth 128 Size 0 Mode ref, Ref Stage 17, run, start, 9783589942853517
1787664524.104817, NoOp Chain Depth 128 Size 0 Mode ref, Ref Stage 17, run, end, 9783589942875885
1787664524.104831, NoOp Chain Depth 128 Size 0 Mode ref, Ref Stage 18, run, start, 9783589942890573
1787664524.104852, NoOp Chain Depth 128 Size 0 Mode ref, Ref Stage 18, run, end, 9783589942911517
1787664524.104869, NoOp Chain Depth 128 Size 0 Mode ref, Ref Stage 19, run, start, 9783589942928141
1787664524.105204, NoOp Chain Depth 128 Size 0 Mode ref, Ref Stage 19, run, end, 9783589943263741
1787664524.105217, NoOp Chain Depth 128 Size 0 Mode ref, Ref Stage 20, run, start, 9783589943277085
1787664524.105354, NoOp Chain Depth 128 Size 0 Mode ref, Ref Stage 20, run, end, 9783589943413213
1787664524.105366, NoOp Chain Depth 128 Size 0 Mode ref, Ref Stage 21, run, start, 9783589943425069
1787664524.105397, NoOp Chain Depth 128 Size 0 Mode ref, Ref Stage 21, run, end, 9783589943456653
1787664524.105412, NoOp Chain Depth 128 Size 0 Mode ref, Ref Stage 22, run, start, 9783589943471421
1787664524.105434, NoOp Chain Depth 128 Size 0 Mode ref, Ref Stage 22, run, end, 9783589943492749
1787664524.105448, NoOp Chain Depth 128 Size 0 Mode ref, Ref Stage 23, run, start, 9783589943507293
1787664524.105469, NoOp Chain Depth 128 Size 0 Mode ref, Ref Stage 23, run, end, 9783589943528301
1787664524.105484, NoOp Chain Depth 128 Size 0 Mode ref, Ref Stage 24, run, start, 9783589943542909
1787664524.105505, NoOp Chain Depth 128 Size 0 Mode ref, Ref Stage 24, run, end, 9783589943564045
1787664524.105519, NoOp Chain Depth 128 Size 0 Mode ref, Ref Stage 25, run, start, 9783589943578413
1787664524.105540, NoOp Chain Depth 128 Size 0 Mode ref, Ref Stage 25, run, end, 9783589943599469
1787664524.105555, NoOp Chain Depth 128 Size 0 Mode ref, Ref Stage 26, run, start, 9783589943614013
1787664524.105575, NoOp Chain Depth 128 Size 0 Mode ref, Ref Stage 26, run, end, 9783589943634701
1787664524.105590, NoOp Chain Depth 128 Size 0 Mode ref, Ref Stage 27, run, start, 9783589943649293
1787664524.105611, NoOp Chain Depth 128 Size 0 Mode ref, Ref Stage 27, run, end, 9783589943669997
1787664524.105626, NoOp Chain Depth 128 Size 0 Mode ref, Ref Stage 28, run, start, 9783589943685085
1787664524.105646, NoOp Chain Depth 128 Size 0 Mode ref, Ref Stage 28, run, end, 9783589943705468
1787664524.105660, NoOp Chain Depth 128 Size 0 Mode ref, Ref Stage 29, run, start, 9783589943719756
1787664524.105686, NoOp Chain Depth 128 Size 0 Mode ref, Ref Stage 29, run, end, 9783589943744892
1787664524.105697, NoOp Chain Depth 128 Size 0 Mode ref, Ref Stage 30, run, start, 9783589943756588
1787664524.105728, NoOp Chain Depth 128 Size 0 Mode ref, Ref Stage 30, run, end, 9783589943787340
1787664524.105742, NoOp Chain Depth 128 Size 0 Mode ref, Ref Stage 31, run, start, 9783589943801724
1787664524.105763, NoOp Chain Depth 128 Size 0 Mode ref, Ref Stage 31, run, end, 9783589943822700
1787664524.105778, NoOp Chain Depth 128 Size 0 Mode ref, Ref Stage 32, run, start, 9783589943837004
1787664524.105803, NoOp Chain Depth 128 Size 0 Mode ref, Ref Stage 32, run, end, 9783589943862204
1787664524.105818, NoOp Chain Depth 128 Size 0 Mode ref, Ref Stage 33, run, start, 9783589943877468
1787664524.105839, NoOp Chain Depth 128 Size 0 Mode ref, Ref Stage 33, run, end, 9783589943898332
1787664524.105854, NoOp Chain Depth 128 Size 0 Mode ref, Ref Stage 34, run, start, 9783589943912732
1787664524.105877, NoOp Chain Depth 128 Size 0 Mode ref, Ref Stage 34, run, end, 9783589943936076
1787664524.105890, NoOp Chain Depth 128 Size 0 Mode ref, Ref Stage 35, run, start, 9783589943949148
1787664524.105923, NoOp Chain Depth 128 Size 0 Mode ref, Ref Stage 35, run, end, 9783589943982140
1787664524.105937, NoOp Chain Depth 128 Size 0 Mode ref, Ref Stage 36, run, start, 9783589943996700
1787664524.105960, NoOp Chain Depth 128 Size 0 Mode ref, Ref Stage 36, run, end, 9783589944019580
1787664524.105975, NoOp Chain Depth 128 Size 0 Mode ref, Ref Stage 37, run, start, 9783589944034412
1787664524.105997, NoOp Chain Depth 128 Size 0 Mode ref, Ref Stage 37, run, end, 9783589944056124
1787664524.106011, NoOp Chain Depth 128 Size 0 Mode ref, Ref Stage 38, run, start, 9783589944070348
1787664524.106032, NoOp Chain Depth 128 Size 0 Mode ref, Ref Stage 38, run, end, 9783589944090780
1787664524.106046, NoOp Chain Depth 128 Size 0 Mode ref, Ref Stage 39, run, start, 9783589944104940
1787664524.106066, NoOp Chain Depth 128 Size 0 Mode ref, Ref Stage 39, run, end, 9783589944125644
1787664524.106083, NoOp Chain Depth 128 Size 0 Mode ref, Ref Stage 40, run, start, 9783589944142076
1787664524.106105, NoOp Chain Depth 128 Size 0 Mode ref, Ref Stage 40, run, end, 9783589944164252
1787664524.106117, NoOp Chain Depth 128 Size 0 Mode ref, Ref Stage 41, run, start, 9783589944175980
1787664524.106147, NoOp Chain Depth 128 Size 0 Mode ref, Ref Stage 41, run, end, 9783589944206636
1787664524.106162, NoOp Chain Depth 128 Size 0 Mode ref, Ref Stage 42, run, start, 9783589944221052
1787664524.106183, NoOp Chain Depth 128 Size 0 Mode ref, Ref Stage 42, run, end, 9783589944241980
1787664524.106197, NoOp Chain Depth 128 Size 0 Mode ref, Ref Stage 43, run, start, 9783589944256348
1787664524.106219, NoOp Chain Depth 128 Size 0 Mode ref, Ref Stage 43, run, end, 9783589944278284
1787664524.106233, NoOp Chain Depth 128 Size 0 Mode ref, Ref Stage 44, run, start, 9783589944292556
1787664524.106254, NoOp Chain Depth 128 Size 0 Mode ref, Ref Stage 44, run, end, 9783589944313404
1787664524.106268, NoOp Chain Depth 128 Size 0 Mode ref, Ref Stage 45, run, start, 9783589944327772
1787664524.106290, NoOp Chain Depth 128 Size 0 Mode ref, Ref Stage 45, run, end, 9783589944349580
1787664524.106305, NoOp Chain Depth 128 Size 0 Mode ref, Ref Stage 46, run, start, 9783589944364012
1787664524.106327, NoOp Chain Depth 128 Size 0 Mode ref, Ref Stage 46, run, end, 9783589944386060
1787664524.106344, NoOp Chain Depth 128 Size 0 Mode ref, Ref Stage 47, run, start, 9783589944402780
1787664524.106364, NoOp Chain Depth 128 Size 0 Mode ref, Ref Stage 47, run, end, 9783589944423484
1787664524.106379, NoOp Chain Depth 128 Size 0 Mode ref, Ref Stage 48, run, start, 9783589944437756
1787664524.106405, NoOp Chain Depth 128 Size 0 Mode ref, Ref Stage 48, run, end, 9783589944463756
1787664524.106416, NoOp Chain Depth 128 Size 0 Mode ref, Ref Stage 49, run, start, 9783589944475372
1787664524.106447, NoOp Chain Depth 128 Size 0 Mode ref, Ref Stage 49, run, end, 9783589944506108
1787664524.106461, NoOp Chain Depth 128 Size 0 Mode ref, Ref Stage 50, run, start, 9783589944520412
1787664524.106483, NoOp Chain Depth 128 Size 0 Mode ref, Ref Stage 50, run, end, 9783589944541852
1787664524.106497, NoOp Chain Depth 128 Size 0 Mode ref, Ref Stage 51, run, start, 9783589944556236
1787664524.106518, NoOp Chain Depth 128 Size 0 Mode ref, Ref Stage 51, run, end, 9783589944576940
1787664524.106532, NoOp Chain Depth 128 Size 0 Mode ref, Ref Stage 52, run, start, 9783589944591148
1787664524.106553, NoOp Chain Depth 128 Size 0 Mode ref, Ref Stage 52, run, end, 9783589944611724
1787664524.106567, NoOp Chain Depth 128 Size 0 Mode ref, Ref Stage 53, run, start, 9783589944625948
1787664524.106589, NoOp Chain Depth 128 Size 0 Mode ref, Ref Stage 53, run, end, 9783589944647996
1787664524.106603, NoOp Chain Depth 128 Size 0 Mode ref, Ref Stage 54, run, start, 9783589944662300
1787664524.106626, NoOp Chain Depth 128 Size 0 Mode ref, Ref Stage 54, run, end, 9783589944685532
1787664524.106641, NoOp Chain Depth 128 Size 0 Mode ref, Ref Stage 55, run, start, 9783589944700204
1787664524.106662, NoOp Chain Depth 128 Size 0 Mode ref, Ref Stage 55, run, end, 9783589944721212
1787664524.106680, NoOp Chain Depth 128 Size 0 Mode ref, Ref Stage 56, run, start, 9783589944739708
1787664524.106701, NoOp Chain Depth 128 Size 0 Mode ref, Ref Stage 56, run, end, 9783589944760556
1787664524.106716, NoOp Chain Depth 128 Size 0 Mode ref, Ref Stage 57, run, start, 9783589944775228
1787664524.106737, NoOp Chain Depth 128 Size 0 Mode ref, Ref Stage 57, run, end, 9783589944797676
1787664524.106754, NoOp Chain Depth 128 Size 0 Mode ref, Ref Stage 58, run, start, 9783589944813260
1787664524.106776, NoOp Chain Depth 128 Size 0 Mode ref, Ref Stage 58, run, end, 9783589944835324
1787664524.106791, NoOp Chain Depth 128 Size 0 Mode ref, Ref Stage 59, run, start, 9783589944850156
1787664524.106811, NoOp Chain Depth 128 Size 0 Mode ref, Ref Stage 59, run, end, 9783589944870556
1787664524.107345, NoOp Chain Depth 128 Size 0 Mode ref, Ref Stage 60, run, start, 9783589945406027
1787664524.107373, NoOp Chain Depth 128 Size 0 Mode ref, Ref Stage 60, run, end, 9783589945432875
1787664524.107389, NoOp Chain Depth 128 Size 0 Mode ref, Ref Stage 61, run, start, 9783589945448667
1787664524.107411, NoOp Chain Depth 128 Size 0 Mode ref, Ref Stage 61, run, end, 9783589945470651
1787664524.107426, NoOp Chain Depth 128 Size 0 Mode ref, Ref Stage 62, run, start, 9783589945485243
1787664524.107448, NoOp Chain Depth 128 Size 0 Mode ref, Ref Stage 62, run, end, 9783589945506987
1787664524.107462, NoOp Chain Depth 128 Size 0 Mode ref, Ref Stage 63, run, start, 9783589945521723
1787664524.107483, NoOp Chain Depth 128 Size 0 Mode ref, Ref Stage 63, run, end, 9783589945542539
1787664524.107498, NoOp Chain Depth 128 Size 0 Mode ref, Ref Stage 64, run, start, 9783589945556891
1787664524.107519, NoOp Chain Depth 128 Size 0 Mode ref, Ref Stage 64, run, end, 9783589945578107
1787664524.107534, NoOp Chain Depth 128 Size 0 Mode ref, Ref Stage 65, run, start, 9783589945592971
1787664524.107557, NoOp Chain Depth 128 Size 0 Mode ref, Ref Stage 65, run, end, 9783589945616203
1787664524.107571, NoOp Chain Depth 128 Size 0 Mode ref, Ref Stage 66, run, start, 9783589945630571
1787664524.107593, NoOp Chain Depth 128 Size 0 Mode ref, Ref Stage 66, run, end, 9783589945652379
1787664524.107608, NoOp Chain Depth 128 Size 0 Mode ref, Ref Stage 67, run, start, 9783589945666731
1787664524.107629, NoOp Chain Depth 128 Size 0 Mode ref, Ref Stage 67, run, end, 9783589945688603
1787664524.107644, NoOp Chain Depth 128 Size 0 Mode ref, Ref Stage 68, run, start, 9783589945702907
1787664524.107664, NoOp Chain Depth 128 Size 0 Mode ref, Ref Stage 68, run, end, 9783589945723307
1787664524.107678, NoOp Chain Depth 128 Size 0 Mode ref, Ref Stage 69, run, start, 9783589945737515
1787664524.107699, NoOp Chain Depth 128 Size 0 Mode ref, Ref Stage 69, run, end, 9783589945758347
1787664524.107713, NoOp Chain Depth 128 Size 0 Mode ref, Ref Stage 70, run, start, 9783589945772571
1787664524.107736, NoOp Chain Depth 128 Size 0 Mode ref, Ref Stage 70, run, end, 9783589945794859
1787664524.107748, NoOp Chain Depth 128 Size 0 Mode ref, Ref Stage 71, run, start, 9783589945806955
1787664524.107780, NoOp Chain Depth 128 Size 0 Mode ref, Ref Stage 71, run, end, 9783589945839051
1787664524.107794, NoOp Chain Depth 128 Size 0 Mode ref, Ref Stage 72, run, start, 9783589945853483
1787664524.107815, NoOp Chain Depth 128 Size 0 Mode ref, Ref Stage 72, run, end, 9783589945874123
1787664524.107829, NoOp Chain Depth 128 Size 0 Mode ref, Ref Stage 73, run, start, 9783589945888235
1787664524.107850, NoOp Chain Depth 128 Size 0 Mode ref, Ref Stage 73, run, end, 9783589945909115
1787664524.107867, NoOp Chain Depth 128 Size 0 Mode ref, Ref Stage 74, run, start, 9783589945925819
1787664524.107887, NoOp Chain Depth 128 Size 0 Mode ref, Ref Stage 74, run, end, 9783589945946555
1787664524.107908, NoOp Chain Depth 128 Size 0 Mode ref, Ref Stage 75, run, start, 9783589945967547
1787664524.107929, NoOp Chain Depth 128 Size 0 Mode ref, Ref Stage 75, run, end, 9783589945988203
1787664524.107945, NoOp Chain Depth 128 Size 0 Mode ref, Ref Stage 76, run, start, 9783589946004619
1787664524.107969, NoOp Chain Depth 128 Size 0 Mode ref, Ref Stage 76, run, end, 9783589946029115
1787664524.107986, NoOp Chain Depth 128 Size 0 Mode ref, Ref Stage 77, run, start, 9783589946045147
1787664524.108007, NoOp Chain Depth 128 Size 0 Mode ref, Ref Stage 77, run, end, 9783589946066059
1787664524.108022, NoOp Chain Depth 128 Size 0 Mode ref, Ref Stage 78, run, start, 9783589946081403
1787664524.108043, NoOp Chain Depth 128 Size 0 Mode ref, Ref Stage 78, run, end, 9783589946102011
1787664524.108057, NoOp Chain Depth 128 Size 0 Mode ref, Ref Stage 79, run, start, 9783589946116171
1787664524.108079, NoOp Chain Depth 128 Size 0 Mode ref, Ref Stage 79, run, end, 9783589946138347
1787664524.108094, NoOp Chain Depth 128 Size 0 Mode ref, Ref Stage 80, run, start, 9783589946152891
1787664524.108117, NoOp Chain Depth 128 Size 0 Mode ref, Ref Stage 80, run, end, 9783589946176235
1787664524.108131, NoOp Chain Depth 128 Size 0 Mode ref, Ref Stage 81, run, start, 9783589946190635
1787664524.108152, NoOp Chain Depth 128 Size 0 Mode ref, Ref Stage 81, run, end, 9783589946211019
1787664524.108166, NoOp Chain Depth 128 Size 0 Mode ref, Ref Stage 82, run, start, 9783589946225419
1787664524.108190, NoOp Chain Depth 128 Size 0 Mode ref, Ref Stage 82, run, end, 9783589946248779
1787664524.108202, NoOp Chain Depth 128 Size 0 Mode ref, Ref Stage 83, run, start, 9783589946261099
1787664524.108232, NoOp Chain Depth 128 Size 0 Mode ref, Ref Stage 83, run, end, 9783589946291531
1787664524.108247, NoOp Chain Depth 128 Size 0 Mode ref, Ref Stage 84, run, start, 9783589946305755
1787664524.108267, NoOp Chain Depth 128 Size 0 Mode ref, Ref Stage 84, run, end, 9783589946326363
1787664524.108281, NoOp Chain Depth 128 Size 0 Mode ref, Ref Stage 85, run, start, 9783589946340603
1787664524.108302, NoOp Chain Depth 128 Size 0 Mode ref, Ref Stage 85, run, end, 9783589946361467
1787664524.108318, NoOp Chain Depth 128 Size 0 Mode ref, Ref Stage 86, run, start, 9783589946377227
1787664524.108339, NoOp Chain Depth 128 Size 0 Mode ref, Ref Stage 86, run, end, 9783589946397819
1787664524.108353, NoOp Chain Depth 128 Size 0 Mode ref, Ref Stage 87, run, start, 9783589946412075
1787664524.108375, NoOp Chain Depth 128 Size 0 Mode ref, Ref Stage 87, run, end, 9783589946433787
1787664524.108389, NoOp Chain Depth 128 Size 0 Mode ref, Ref Stage 88, run, start, 9783589946448139
1787664524.108409, NoOp Chain Depth 128 Size 0 Mode ref, Ref Stage 88, run, end, 9783589946468475
1787664524.108423, NoOp Chain Depth 128 Size 0 Mode ref, Ref Stage 89, run, start, 9783589946482619
1787664524.108444, NoOp Chain Depth 128 Size 0 Mode ref, Ref Stage 89, run, end, 9783589946502939
1787664524.108458, NoOp Chain Depth 128 Size 0 Mode ref, Ref Stage 90, run, start, 9783589946517035
1787664524.108478, NoOp Chain Depth 128 Size 0 Mode ref, Ref Stage 90, run, end, 9783589946537435
1787664524.108494, NoOp Chain Depth 128 Size 0 Mode ref, Ref Stage 91, run, start, 9783589946553019
1787664524.108514, NoOp Chain Depth 128 Size 0 Mode ref, Ref Stage 91, run, end, 9783589946573307
1787664524.108529, NoOp Chain Depth 128 Size 0 Mode ref, Ref Stage 92, run, start, 9783589946588299
1787664524.108551, NoOp Chain Depth 128 Size 0 Mode ref, Ref Stage 92, run, end, 9783589946610315
1787664524.108566, NoOp Chain Depth 128 Size 0 Mode ref, Ref Stage 93, run, start, 9783589946624619
1787664524.108590, NoOp Chain Depth 128 Size 0 Mode ref, Ref Stage 93, run, end, 9783589946648811
1787664524.108602, NoOp Chain Depth 128 Size 0 Mode ref, Ref Stage 94, run, start, 9783589946660795
1787664524.108635, NoOp Chain Depth 128 Size 0 Mode ref, Ref Stage 94, run, end, 9783589946694475
1787664524.108647, NoOp Chain Depth 128 Size 0 Mode ref, Ref Stage 95, run, start, 9783589946705915
1787664524.108677, NoOp Chain Depth 128 Size 0 Mode ref, Ref Stage 95, run, end, 9783589946736266
1787664524.108691, NoOp Chain Depth 128 Size 0 Mode ref, Ref Stage 96, run, start, 9783589946750810
1787664524.108712, NoOp Chain Depth 128 Size 0 Mode ref, Ref Stage 96, run, end, 9783589946771226
1787664524.108726, NoOp Chain Depth 128 Size 0 Mode ref, Ref Stage 97, run, start, 9783589946785466
1787664524.108747, NoOp Chain Depth 128 Size 0 Mode ref, Ref Stage 97, run, end, 9783589946805722
1787664524.108762, NoOp Chain Depth 128 Size 0 Mode ref, Ref Stage 98, run, start, 9783589946821546
1787664524.108784, NoOp Chain Depth 128 Size 0 Mode ref, Ref Stage 98, run, end, 9783589946843242
1787664524.108798, NoOp Chain Depth 128 Size 0 Mode ref, Ref Stage 99, run, start, 9783589946857434
1787664524.109184, NoOp Chain Depth 128 Size 0 Mode ref, Ref Stage 99, run, end, 9783589947245066
1787664524.109625, NoOp Chain Depth 128 Size 0 Mode ref, Ref Stage 100, run, start, 9783589947685994
1787664524.109654, NoOp Chain Depth 128 Size 0 Mode ref, Ref Stage 100, run, end, 9783589947713258
1787664524.109669, NoOp Chain Depth 128 Size 0 Mode ref, Ref Stage 101, run, start, 9783589947728602
1787664524.109691, NoOp Chain Depth 128 Size 0 Mode ref, Ref Stage 101, run, end, 9783589947749978
1787664524.109705, NoOp Chain Depth 128 Size 0 Mode ref, Ref Stage 102, run, start, 9783589947764682
1787664524.109728, NoOp Chain Depth 128 Size 0 Mode ref, Ref Stage 102, run, end, 9783589947787354
1787664524.109740, NoOp Chain Depth 128 Size 0 Mode ref, Ref Stage 103, run, start, 9783589947799114
1787664524.109772, NoOp Chain Depth 128 Size 0 Mode ref, Ref Stage 103, run, end, 9783589947831802
1787664524.109784, NoOp Chain Depth 128 Size 0 Mode ref, Ref Stage 104, run, start, 9783589947843562
1787664524.109816, NoOp Chain Depth 128 Size 0 Mode ref, Ref Stage 104, run, end, 9783589947874986
1787664524.109830, NoOp Chain Depth 128 Size 0 Mode ref, Ref Stage 105, run, start, 9783589947889562
1787664524.109852, NoOp Chain Depth 128 Size 0 Mode ref, Ref Stage 105, run, end, 9783589947910810
1787664524.109866, NoOp Chain Depth 128 Size 0 Mode ref, Ref Stage 106, run, start, 9783589947925162
1787664524.109889, NoOp Chain Depth 128 Size 0 Mode ref, Ref Stage 106, run, end, 9783589947947994
1787664524.109903, NoOp Chain Depth 128 Size 0 Mode ref, Ref Stage 107, run, start, 9783589947962282
1787664524.109924, NoOp Chain Depth 128 Size 0 Mode ref, Ref Stage 107, run, end, 9783589947983210
1787664524.109938, NoOp Chain Depth 128 Size 0 Mode ref, Ref Stage 108, run, start, 9783589947997690
1787664524.109963, NoOp Chain Depth 128 Size 0 Mode ref, Ref Stage 108, run, end, 9783589948022474
1787664524.109978, NoOp Chain Depth 128 Size 0 Mode ref, Ref Stage 109, run, start, 9783589948037242
1787664524.109999, NoOp Chain Depth 128 Size 0 Mode ref, Ref Stage 109, run, end, 9783589948058186
1787664524.110013, NoOp Chain Depth 128 Size 0 Mode ref, Ref Stage 110, run, start, 9783589948073626
1787664524.110035, NoOp Chain Depth 128 Size 0 Mode ref, Ref Stage 110, run, end, 9783589948094202
1787664524.110049, NoOp Chain Depth 128 Size 0 Mode ref, Ref Stage 111, run, start, 9783589948108346
1787664524.110071, NoOp Chain Depth 128 Size 0 Mode ref, Ref Stage 111, run, end, 9783589948130138
1787664524.110085, NoOp Chain Depth 128 Size 0 Mode ref, Ref Stage 112, run, start, 9783589948144618
1787664524.110106, NoOp Chain Depth 128 Size 0 Mode ref, Ref Stage 112, run, end, 9783589948165418
1787664524.110121, NoOp Chain Depth 128 Size 0 Mode ref, Ref Stage 113, run, start, 9783589948180714
1787664524.110143, NoOp Chain Depth 128 Size 0 Mode ref, Ref Stage 113, run, end, 9783589948202714
1787664524.110158, NoOp Chain Depth 128 Size 0 Mode ref, Ref Stage 114, run, start, 9783589948217690
1787664524.110182, NoOp Chain Depth 128 Size 0 Mode ref, Ref Stage 114, run, end, 9783589948240794
1787664524.110193, NoOp Chain Depth 128 Size 0 Mode ref, Ref Stage 115, run, start, 9783589948252346
1787664524.110230, NoOp Chain Depth 128 Size 0 Mode ref, Ref Stage 115, run, end, 9783589948289497
1787664524.110245, NoOp Chain Depth 128 Size 0 Mode ref, Ref Stage 116, run, start, 9783589948304553
1787664524.110266, NoOp Chain Depth 128 Size 0 Mode ref, Ref Stage 116, run, end, 9783589948324921
1787664524.110775, NoOp Chain Depth 128 Size 0 Mode ref, Ref Stage 117, run, start, 9783589948835721
1787664524.110801, NoOp Chain Depth 128 Size 0 Mode ref, Ref Stage 117, run, end, 9783589948860841
1787664524.110817, NoOp Chain Depth 128 Size 0 Mode ref, Ref Stage 118, run, start, 9783589948876585
1787664524.110840, NoOp Chain Depth 128 Size 0 Mode ref, Ref Stage 118, run, end, 9783589948899689
1787664524.110852, NoOp Chain Depth 128 Size 0 Mode ref, Ref Stage 119, run, start, 9783589948911721
1787664524.110884, NoOp Chain Depth 128 Size 0 Mode ref, Ref Stage 119, run, end, 9783589948942937
1787664524.110898, NoOp Chain Depth 128 Size 0 Mode ref, Ref Stage 120, run, start, 9783589948957481
1787664524.110919, NoOp Chain Depth 128 Size 0 Mode ref, Ref Stage 120, run, end, 9783589948978361
1787664524.110934, NoOp Chain Depth 128 Size 0 Mode ref, Ref Stage 121, run, start, 9783589948992889
1787664524.110956, NoOp Chain Depth 128 Size 0 Mode ref, Ref Stage 121, run, end, 9783589949015897
1787664524.110972, NoOp Chain Depth 128 Size 0 Mode ref, Ref Stage 122, run, start, 9783589949031497
1787664524.110993, NoOp Chain Depth 128 Size 0 Mode ref, Ref Stage 122, run, end, 9783589949052441
1787664524.111010, NoOp Chain Depth 128 Size 0 Mode ref, Ref Stage 123, run, start, 9783589949069657
1787664524.111032, NoOp Chain Depth 128 Size 0 Mode ref, Ref Stage 123, run, end, 9783589949090841
1787664524.111047, NoOp Chain Depth 128 Size 0 Mode ref, Ref Stage 124, run, start, 9783589949106265
1787664524.111068, NoOp Chain Depth 128 Size 0 Mode ref, Ref Stage 124, run, end, 9783589949126953
1787664524.111082, NoOp Chain Depth 128 Size 0 Mode ref, Ref Stage 125, run, start, 9783589949141081
1787664524.111103, NoOp Chain Depth 128 Size 0 Mode ref, Ref Stage 125, run, end, 9783589949161737
1787664524.111118, NoOp Chain Depth 128 Size 0 Mode ref, Ref Stage 126, run, start, 9783589949176841
1787664524.111138, NoOp Chain Depth 128 Size 0 Mode ref, Ref Stage 126, run, end, 9783589949197465
1787664524.111153, NoOp Chain Depth 128 Size 0 Mode ref, Ref Stage 127, run, start, 9783589949212249
1787664524.111174, NoOp Chain Depth 128 Size 0 Mode ref, Ref Stage 127, run, end, 9783589949232921
1787664524.111189, NoOp Chain Depth 128 Size 0 Mode ref, pipeline - train, run, end, 221006104260233558184649663457577174948, 1787664524.104003, 56, 1, 9783589949248041
1787664524.111225, NoOp Chain Depth 128 Size 0 Mode ref, pipeline - train, run, start, 265403247059868140927078492723641293146, 1787664524.111214, 57, 1, 9783589949284729
1787664524.111250, NoOp Chain Depth 128 Size 0 Mode ref, Ref Stage 0, run, start, 9783589949310969
1787664524.111274, NoOp Chain Depth 128 Size 0 Mode ref, Ref Stage 0, run, end, 9783589949332905
1787664524.111289, NoOp Chain Depth 128 Size 0 Mode ref, Ref Stage 1, run, start, 9783589949347641
1787664524.111310, NoOp Chain Depth 128 Size 0 Mode ref, Ref Stage 1, run, end, 9783589949368857
1787664524.111325, NoOp Chain Depth 128 Size 0 Mode ref, Ref Stage 2, run, start, 9783589949384553
1787664524.111347, NoOp Chain Depth 128 Size 0 Mode ref, Ref Stage 2, run, end, 9783589949406457
1787664524.111362, NoOp Chain Depth 128 Size 0 Mode ref, Ref Stage 3, run, start, 9783589949420809
1787664524.111382, NoOp Chain Depth 128 Size 0 Mode ref, Ref Stage 3, run, end, 9783589949441513
1787664524.111397, NoOp Chain Depth 128 Size 0 Mode ref, Ref Stage 4, run, start, 9783589949456057
1787664524.111418, NoOp Chain Depth 128 Size 0 Mode ref, Ref Stage 4, run, end, 9783589949476937
1787664524.111432, NoOp Chain Depth 128 Size 0 Mode ref, Ref Stage 5, run, start, 9783589949491529
1787664524.111454, NoOp Chain Depth 128 Size 0 Mode ref, Ref Stage 5, run, end, 9783589949513209
1787664524.111470, NoOp Chain Depth 128 Size 0 Mode ref, Ref Stage 6, run, start, 9783589949529417
1787664524.111490, NoOp Chain Depth 128 Size 0 Mode ref, Ref Stage 6, run, end, 9783589949549913
1787664524.111505, NoOp Chain Depth 128 Size 0 Mode ref, Ref Stage 7, run, start, 9783589949564569
1787664524.111526, NoOp Chain Depth 128 Size 0 Mode ref, Ref Stage 7, run, end, 9783589949585193
1787664524.111540, NoOp Chain Depth 128 Size 0 Mode ref, Ref Stage 8, run, start, 9783589949599337
1787664524.111562, NoOp Chain Depth 128 Size 0 Mode ref, Ref Stage 8, run, end, 9783589949621721
1787664524.111574, NoOp Chain Depth 128 Size 0 Mode ref, Ref Stage 9, run, start, 9783589949633369
1787664524.111605, NoOp Chain Depth 128 Size 0 Mode ref, Ref Stage 9, run, end, 9783589949664297
1787664524.111619, NoOp Chain Depth 128 Size 0 Mode ref, Ref Stage 10, run, start, 9783589949678409
1787664524.111641, NoOp Chain Depth 128 Size 0 Mode ref, Ref Stage 10, run, end, 9783589949700585
1787664524.111656, NoOp Chain Depth 128 Size 0 Mode ref, Ref Stage 11, run, start, 9783589949714905
1787664524.111677, NoOp Chain Depth 128 Size 0 Mode ref, Ref Stage 11, run, end, 9783589949735833
1787664524.111691, NoOp Chain Depth 128 Size 0 Mode ref, Ref Stage 12, run, start, 9783589949750009
1787664524.111715, NoOp Chain Depth 128 Size 0 Mode ref, Ref Stage 12, run, end, 9783589949773881
1787664524.111729, NoOp Chain Depth 128 Size 0 Mode ref, Ref Stage 13, run, start, 9783589949788297
1787664524.111751, NoOp Chain Depth 128 Size 0 Mode ref, Ref Stage 13, run, end, 9783589949810216
1787664524.111766, NoOp Chain Depth 128 Size 0 Mode ref, Ref Stage 14, run, start, 9783589949825464
1787664524.111787, NoOp Chain Depth 128 Size 0 Mode ref, Ref Stage 14, run, end, 9783589949845896
1787664524.111804, NoOp Chain Depth 128 Size 0 Mode ref, Ref Stage 15, run, start, 9783589949863864
1787664524.111827, NoOp Chain Depth 128 Size 0 Mode ref, Ref Stage 15, run, end, 9783589949886088
1787664524.111841, NoOp Chain Depth 128 Size 0 Mode ref, Ref Stage 16, run, start, 9783589949900840
1787664524.111862, NoOp Chain Depth 128 Size 0 Mode ref, Ref Stage 16, run, end, 9783589949921704
1787664524.111877, NoOp Chain Depth 128 Size 0 Mode ref, Ref Stage 17, run, start, 9783589949936392
1787664524.111898, NoOp Chain Depth 128 Size 0 Mode ref, Ref Stage 17, run, end, 9783589949957384
1787664524.111913, NoOp Chain Depth 128 Size 0 Mode ref, Ref Stage 18, run, start, 9783589949972040
1787664524.112247, NoOp Chain Depth 128 Size 0 Mode ref, Ref Stage 18, run, end, 9783589950306504
1787664524.112374, NoOp Chain Depth 128 Size 0 Mode ref, Ref Stage 19, run, start, 9783589950433032
1787664524.112398, NoOp Chain Depth 128 Size 0 Mode ref, Ref Stage 19, run, end, 9783589950457272
1787664524.112413, NoOp Chain Depth 128 Size 0 Mode ref, Ref Stage 20, run, start, 9783589950472472
1787664524.112437, NoOp Chain Depth 128 Size 0 Mode ref, Ref Stage 20, run, end, 9783589950495624
1787664524.112448, NoOp Chain Depth 128 Size 0 Mode ref, Ref Stage 21, run, start, 9783589950507704
1787664524.112480, NoOp Chain Depth 128 Size 0 Mode ref, Ref Stage 21, run, end, 9783589950538920
1787664524.112494, NoOp Chain Depth 128 Size 0 Mode ref, Ref Stage 22, run, start, 9783589950553512
1787664524.112515, NoOp Chain Depth 128 Size 0 Mode ref, Ref Stage 22, run, end, 9783589950574248
1787664524.112530, NoOp Chain Depth 128 Size 0 Mode ref, Ref Stage 23, run, start, 9783589950588696
1787664524.112551, NoOp Chain Depth 128 Size 0 Mode ref, Ref Stage 23, run, end, 9783589950609912
1787664524.112565, NoOp Chain Depth 128 Size 0 Mode ref, Ref Stage 24, run, start, 9783589950624472
1787664524.112586, NoOp Chain Depth 128 Size 0 Mode ref, Ref Stage 24, run, end, 9783589950645352
1787664524.112601, NoOp Chain Depth 128 Size 0 Mode ref, Ref Stage 25, run, start, 9783589950659704
1787664524.112622, NoOp Chain Depth 128 Size 0 Mode ref, Ref Stage 25, run, end, 9783589950680824
1787664524.112636, NoOp Chain Depth 128 Size 0 Mode ref, Ref Stage 26, run, start, 9783589950695208
1787664524.112660, NoOp Chain Depth 128 Size 0 Mode ref, Ref Stage 26, run, end, 9783589950719336
1787664524.112676, NoOp Chain Depth 128 Size 0 Mode ref, Ref Stage 27, run, start, 9783589950735704
1787664524.112697, NoOp Chain Depth 128 Size 0 Mode ref, Ref Stage 27, run, end, 9783589950756376
1787664524.112711, NoOp Chain Depth 128 Size 0 Mode ref, Ref Stage 28, run, start, 9783589950770712
1787664524.112732, NoOp Chain Depth 128 Size 0 Mode ref, Ref Stage 28, run, end, 9783589950791288
1787664524.112747, NoOp Chain Depth 128 Size 0 Mode ref, Ref Stage 29, run, start, 9783589950806776
1787664524.112768, NoOp Chain Depth 128 Size 0 Mode ref, Ref Stage 29, run, end, 9783589950827224
1787664524.112782, NoOp Chain Depth 128 Size 0 Mode ref, Ref Stage 30, run, start, 9783589950841960
1787664524.112806, NoOp Chain Depth 128 Size 0 Mode ref, Ref Stage 30, run, end, 9783589950865064
1787664524.112820, NoOp Chain Depth 128 Size 0 Mode ref, Ref Stage 31, run, start, 9783589950879736
1787664524.112843, NoOp Chain Depth 128 Size 0 Mode ref, Ref Stage 31, run, end, 9783589950901688
1787664524.112857, NoOp Chain Depth 128 Size 0 Mode ref, Ref Stage 32, run, start, 9783589950916040
1787664524.112877, NoOp Chain Depth 128 Size 0 Mode ref, Ref Stage 32, run, end, 9783589950936632
1787664524.112892, NoOp Chain Depth 128 Size 0 Mode ref, Ref Stage 33, run, start, 9783589950950776
1787664524.112913, NoOp Chain Depth 128 Size 0 Mode ref, Ref Stage 33, run, end, 9783589950972616
1787664524.112928, NoOp Chain Depth 128 Size 0 Mode ref, Ref Stage 34, run, start, 9783589950986888
1787664524.112952, NoOp Chain Depth 128 Size 0 Mode ref, Ref Stage 34, run, end, 9783589951011592
1787664524.112964, NoOp Chain Depth 128 Size 0 Mode ref, Ref Stage 35, run, start, 9783589951023256
1787664524.112997, NoOp Chain Depth 128 Size 0 Mode ref, Ref Stage 35, run, end, 9783589951056040
1787664524.113013, NoOp Chain Depth 128 Size 0 Mode ref, Ref Stage 36, run, start, 9783589951071896
1787664524.113034, NoOp Chain Depth 128 Size 0 Mode ref, Ref Stage 36, run, end, 9783589951093720
1787664524.113049, NoOp Chain Depth 128 Size 0 Mode ref, Ref Stage 37, run, start, 9783589951107752
1787664524.113069, NoOp Chain Depth 128 Size 0 Mode ref, Ref Stage 37, run, end, 9783589951128344
1787664524.113083, NoOp Chain Depth 128 Size 0 Mode ref, Ref Stage 38, run, start, 9783589951142616
1787664524.113104, NoOp Chain Depth 128 Size 0 Mode ref, Ref Stage 38, run, end, 9783589951163192
1787664524.113118, NoOp Chain Depth 128 Size 0 Mode ref, Ref Stage 39, run, start, 9783589951177448
1787664524.113139, NoOp Chain Depth 128 Size 0 Mode ref, Ref Stage 39, run, end, 9783589951197992
1787664524.113153, NoOp Chain Depth 128 Size 0 Mode ref, Ref Stage 40, run, start, 9783589951212280
1787664524.113173, NoOp Chain Depth 128 Size 0 Mode ref, Ref Stage 40, run, end, 9783589951232712
1787664524.113188, NoOp Chain Depth 128 Size 0 Mode ref, Ref Stage 41, run, start, 9783589951246872
1787664524.113208, NoOp Chain Depth 128 Size 0 Mode ref, Ref Stage 41, run, end, 9783589951267496
1787664524.113225, NoOp Chain Depth 128 Size 0 Mode ref, Ref Stage 42, run, start, 9783589951283944
1787664524.113245, NoOp Chain Depth 128 Size 0 Mode ref, Ref Stage 42, run, end, 9783589951304519
1787664524.113260, NoOp Chain Depth 128 Size 0 Mode ref, Ref Stage 43, run, start, 9783589951318695
1787664524.113282, NoOp Chain Depth 128 Size 0 Mode ref, Ref Stage 43, run, end, 9783589951341831
1787664524.113294, NoOp Chain Depth 128 Size 0 Mode ref, Ref Stage 44, run, start, 9783589951353383
1787664524.113325, NoOp Chain Depth 128 Size 0 Mode ref, Ref Stage 44, run, end, 9783589951384135
1787664524.113339, NoOp Chain Depth 128 Size 0 Mode ref, Ref Stage 45, run, start, 9783589951398263
1787664524.113360, NoOp Chain Depth 128 Size 0 Mode ref, Ref Stage 45, run, end, 9783589951418823
1787664524.113374, NoOp Chain Depth 128 Size 0 Mode ref, Ref Stage 46, run, start, 9783589951433143
1787664524.113394, NoOp Chain Depth 128 Size 0 Mode ref, Ref Stage 46, run, end, 9783589951453719
1787664524.113410, NoOp Chain Depth 128 Size 0 Mode ref, Ref Stage 47, run, start, 9783589951469159
1787664524.113439, NoOp Chain Depth 128 Size 0 Mode ref, Ref Stage 47, run, end, 9783589951498183
1787664524.113454, NoOp Chain Depth 128 Size 0 Mode ref, Ref Stage 48, run, start, 9783589951513591
1787664524.113863, NoOp Chain Depth 128 Size 0 Mode ref, Ref Stage 48, run, end, 9783589951923271
1787664524.113997, NoOp Chain Depth 128 Size 0 Mode ref, Ref Stage 49, run, start, 9783589952056903
1787664524.114024, NoOp Chain Depth 128 Size 0 Mode ref, Ref Stage 49, run, end, 9783589952082983
1787664524.114036, NoOp Chain Depth 128 Size 0 Mode ref, Ref Stage 50, run, start, 9783589952094967
1787664524.114067, NoOp Chain Depth 128 Size 0 Mode ref, Ref Stage 50, run, end, 9783589952126503
1787664524.114082, NoOp Chain Depth 128 Size 0 Mode ref, Ref Stage 51, run, start, 9783589952141127
1787664524.114103, NoOp Chain Depth 128 Size 0 Mode ref, Ref Stage 51, run, end, 9783589952162407
1787664524.114118, NoOp Chain Depth 128 Size 0 Mode ref, Ref Stage 52, run, start, 9783589952177111
1787664524.114139, NoOp Chain Depth 128 Size 0 Mode ref, Ref Stage 52, run, end, 9783589952198007
1787664524.114153, NoOp Chain Depth 128 Size 0 Mode ref, Ref Stage 53, run, start, 9783589952212263
1787664524.114174, NoOp Chain Depth 128 Size 0 Mode ref, Ref Stage 53, run, end, 9783589952232855
1787664524.114188, NoOp Chain Depth 128 Size 0 Mode ref, Ref Stage 54, run, start, 9783589952247351
1787664524.114209, NoOp Chain Depth 128 Size 0 Mode ref, Ref Stage 54, run, end, 9783589952268167
1787664524.114225, NoOp Chain Depth 128 Size 0 Mode ref, Ref Stage 55, run, start, 9783589952284535
1787664524.114246, NoOp Chain Depth 128 Size 0 Mode ref, Ref Stage 55, run, end, 9783589952305335
1787664524.114261, NoOp Chain Depth 128 Size 0 Mode ref, Ref Stage 56, run, start, 9783589952320343
1787664524.114283, NoOp Chain Depth 128 Size 0 Mode ref, Ref Stage 56, run, end, 9783589952342375
1787664524.114298, NoOp Chain Depth 128 Size 0 Mode ref, Ref Stage 57, run, start, 9783589952356775
1787664524.114319, NoOp Chain Depth 128 Size 0 Mode ref, Ref Stage 57, run, end, 9783589952378167
1787664524.114333, NoOp Chain Depth 128 Size 0 Mode ref, Ref Stage 58, run, start, 9783589952392647
1787664524.114356, NoOp Chain Depth 128 Size 0 Mode ref, Ref Stage 58, run, end, 9783589952414951
1787664524.114370, NoOp Chain Depth 128 Size 0 Mode ref, Ref Stage 59, run, start, 9783589952429175
1787664524.114392, NoOp Chain Depth 128 Size 0 Mode ref, Ref Stage 59, run, end, 9783589952451143
1787664524.114709, NoOp Chain Depth 128 Size 0 Mode ref, Ref Stage 60, run, start, 9783589952768727
1787664524.114732, NoOp Chain Depth 128 Size 0 Mode ref, Ref Stage 60, run, end, 9783589952791415
1787664524.114846, NoOp Chain Depth 128 Size 0 Mode ref, Ref Stage 61, run, start, 9783589952905430
1787664524.114868, NoOp Chain Depth 128 Size 0 Mode ref, Ref Stage 61, run, end, 9783589952927462
1787664524.114883, NoOp Chain Depth 128 Size 0 Mode ref, Ref Stage 62, run, start, 9783589952942294
1787664524.114904, NoOp Chain Depth 128 Size 0 Mode ref, Ref Stage 62, run, end, 9783589952963622
1787664524.114919, NoOp Chain Depth 128 Size 0 Mode ref, Ref Stage 63, run, start, 9783589952978358
1787664524.114940, NoOp Chain Depth 128 Size 0 Mode ref, Ref Stage 63, run, end, 9783589952999526
1787664524.114958, NoOp Chain Depth 128 Size 0 Mode ref, Ref Stage 64, run, start, 9783589953016870
1787664524.114979, NoOp Chain Depth 128 Size 0 Mode ref, Ref Stage 64, run, end, 9783589953037974
1787664524.114993, NoOp Chain Depth 128 Size 0 Mode ref, Ref Stage 65, run, start, 9783589953052534
1787664524.115016, NoOp Chain Depth 128 Size 0 Mode ref, Ref Stage 65, run, end, 9783589953075222
1787664524.115028, NoOp Chain Depth 128 Size 0 Mode ref, Ref Stage 66, run, start, 9783589953087094
1787664524.115059, NoOp Chain Depth 128 Size 0 Mode ref, Ref Stage 66, run, end, 9783589953118342
1787664524.115073, NoOp Chain Depth 128 Size 0 Mode ref, Ref Stage 67, run, start, 9783589953132902
1787664524.115096, NoOp Chain Depth 128 Size 0 Mode ref, Ref Stage 67, run, end, 9783589953155142
1787664524.115111, NoOp Chain Depth 128 Size 0 Mode ref, Ref Stage 68, run, start, 9783589953170726
1787664524.115134, NoOp Chain Depth 128 Size 0 Mode ref, Ref Stage 68, run, end, 9783589953193766
1787664524.115149, NoOp Chain Depth 128 Size 0 Mode ref, Ref Stage 69, run, start, 9783589953208198
1787664524.115170, NoOp Chain Depth 128 Size 0 Mode ref, Ref Stage 69, run, end, 9783589953228838
1787664524.115184, NoOp Chain Depth 128 Size 0 Mode ref, Ref Stage 70, run, start, 9783589953243030
1787664524.115283, NoOp Chain Depth 128 Size 0 Mode ref, Ref Stage 70, run, end, 9783589953343014
1787664524.115297, NoOp Chain Depth 128 Size 0 Mode ref, Ref Stage 71, run, start, 9783589953355990
1787664524.115330, NoOp Chain Depth 128 Size 0 Mode ref, Ref Stage 71, run, end, 9783589953390422
1787664524.115346, NoOp Chain Depth 128 Size 0 Mode ref, Ref Stage 72, run, start, 9783589953405222
1787664524.115367, NoOp Chain Depth 128 Size 0 Mode ref, Ref Stage 72, run, end, 9783589953425910
1787664524.115381, NoOp Chain Depth 128 Size 0 Mode ref, Ref Stage 73, run, start, 9783589953440198
1787664524.115408, NoOp Chain Depth 128 Size 0 Mode ref, Ref Stage 73, run, end, 9783589953466806
1787664524.115422, NoOp Chain Depth 128 Size 0 Mode ref, Ref Stage 74, run, start, 9783589953480886
1787664524.115444, NoOp Chain Depth 128 Size 0 Mode ref, Ref Stage 74, run, end, 9783589953503606
1787664524.115459, NoOp Chain Depth 128 Size 0 Mode ref, Ref Stage 75, run, start, 9783589953518198
1787664524.115479, NoOp Chain Depth 128 Size 0 Mode ref, Ref Stage 75, run, end, 9783589953538758
1787664524.115494, NoOp Chain Depth 128 Size 0 Mode ref, Ref Stage 76, run, start, 9783589953553078
1787664524.115514, NoOp Chain Depth 128 Size 0 Mode ref, Ref Stage 76, run, end, 9783589953573622
1787664524.115529, NoOp Chain Depth 128 Size 0 Mode ref, Ref Stage 77, run, start, 9783589953587974
1787664524.115549, NoOp Chain Depth 128 Size 0 Mode ref, Ref Stage 77, run, end, 9783589953608518
1787664524.115564, NoOp Chain Depth 128 Size 0 Mode ref, Ref Stage 78, run, start, 9783589953623174
1787664524.115588, NoOp Chain Depth 128 Size 0 Mode ref, Ref Stage 78, run, end, 9783589953647398
1787664524.115603, NoOp Chain Depth 128 Size 0 Mode ref, Ref Stage 79, run, start, 9783589953662822
1787664524.115624, NoOp Chain Depth 128 Size 0 Mode ref, Ref Stage 79, run, end, 9783589953683334
1787664524.115638, NoOp Chain Depth 128 Size 0 Mode ref, Ref Stage 80, run, start, 9783589953697702
1787664524.115660, NoOp Chain Depth 128 Size 0 Mode ref, Ref Stage 80, run, end, 9783589953719670
1787664524.115676, NoOp Chain Depth 128 Size 0 Mode ref, Ref Stage 81, run, start, 9783589953734902
1787664524.115696, NoOp Chain Depth 128 Size 0 Mode ref, Ref Stage 81, run, end, 9783589953755366
1787664524.115710, NoOp Chain Depth 128 Size 0 Mode ref, Ref Stage 82, run, start, 9783589953769750
1787664524.115733, NoOp Chain Depth 128 Size 0 Mode ref, Ref Stage 82, run, end, 9783589953791974
1787664524.115744, NoOp Chain Depth 128 Size 0 Mode ref, Ref Stage 83, run, start, 9783589953803542
1787664524.116182, NoOp Chain Depth 128 Size 0 Mode ref, Ref Stage 83, run, end, 9783589954242358
1787664524.116311, NoOp Chain Depth 128 Size 0 Mode ref, Ref Stage 84, run, start, 9783589954370133
1787664524.116333, NoOp Chain Depth 128 Size 0 Mode ref, Ref Stage 84, run, end, 9783589954392661
1787664524.116349, NoOp Chain Depth 128 Size 0 Mode ref, Ref Stage 85, run, start, 9783589954407637
1787664524.116370, NoOp Chain Depth 128 Size 0 Mode ref, Ref Stage 85, run, end, 9783589954428949
1787664524.116384, NoOp Chain Depth 128 Size 0 Mode ref, Ref Stage 86, run, start, 9783589954443733
1787664524.116407, NoOp Chain Depth 128 Size 0 Mode ref, Ref Stage 86, run, end, 9783589954466133
1787664524.116419, NoOp Chain Depth 128 Size 0 Mode ref, Ref Stage 87, run, start, 9783589954477829
1787664524.116450, NoOp Chain Depth 128 Size 0 Mode ref, Ref Stage 87, run, end, 9783589954508709
1787664524.116464, NoOp Chain Depth 128 Size 0 Mode ref, Ref Stage 88, run, start, 9783589954523157
1787664524.116485, NoOp Chain Depth 128 Size 0 Mode ref, Ref Stage 88, run, end, 9783589954544181
1787664524.116502, NoOp Chain Depth 128 Size 0 Mode ref, Ref Stage 89, run, start, 9783589954560789
1787664524.116523, NoOp Chain Depth 128 Size 0 Mode ref, Ref Stage 89, run, end, 9783589954582101
1787664524.116537, NoOp Chain Depth 128 Size 0 Mode ref, Ref Stage 90, run, start, 9783589954596581
1787664524.116558, NoOp Chain Depth 128 Size 0 Mode ref, Ref Stage 90, run, end, 9783589954618645
1787664524.116574, NoOp Chain Depth 128 Size 0 Mode ref, Ref Stage 91, run, start, 9783589954632981
1787664524.116596, NoOp Chain Depth 128 Size 0 Mode ref, Ref Stage 91, run, end, 9783589954654645
1787664524.116611, NoOp Chain Depth 128 Size 0 Mode ref, Ref Stage 92, run, start, 9783589954669909
1787664524.116631, NoOp Chain Depth 128 Size 0 Mode ref, Ref Stage 92, run, end, 9783589954690501
1787664524.116646, NoOp Chain Depth 128 Size 0 Mode ref, Ref Stage 93, run, start, 9783589954704997
1787664524.116668, NoOp Chain Depth 128 Size 0 Mode ref, Ref Stage 93, run, end, 9783589954726933
1787664524.116682, NoOp Chain Depth 128 Size 0 Mode ref, Ref Stage 94, run, start, 9783589954741269
1787664524.116704, NoOp Chain Depth 128 Size 0 Mode ref, Ref Stage 94, run, end, 9783589954762757
1787664524.116718, NoOp Chain Depth 128 Size 0 Mode ref, Ref Stage 95, run, start, 9783589954777093
1787664524.116738, NoOp Chain Depth 128 Size 0 Mode ref, Ref Stage 95, run, end, 9783589954797541
1787664524.116753, NoOp Chain Depth 128 Size 0 Mode ref, Ref Stage 96, run, start, 9783589954811829
1787664524.116773, NoOp Chain Depth 128 Size 0 Mode ref, Ref Stage 96, run, end, 9783589954832357
1787664524.116788, NoOp Chain Depth 128 Size 0 Mode ref, Ref Stage 97, run, start, 9783589954846869
1787664524.116808, NoOp Chain Depth 128 Size 0 Mode ref, Ref Stage 97, run, end, 9783589954867205
1787664524.116822, NoOp Chain Depth 128 Size 0 Mode ref, Ref Stage 98, run, start, 9783589954881461
1787664524.116844, NoOp Chain Depth 128 Size 0 Mode ref, Ref Stage 98, run, end, 9783589954903557
1787664524.116859, NoOp Chain Depth 128 Size 0 Mode ref, Ref Stage 99, run, start, 9783589954917973
1787664524.116880, NoOp Chain Depth 128 Size 0 Mode ref, Ref Stage 99, run, end, 9783589954939589
1787664524.116895, NoOp Chain Depth 128 Size 0 Mode ref, Ref Stage 100, run, start, 9783589954954021
1787664524.116918, NoOp Chain Depth 128 Size 0 Mode ref, Ref Stage 100, run, end, 9783589954976693
1787664524.116932, NoOp Chain Depth 128 Size 0 Mode ref, Ref Stage 101, run, start, 9783589954991061
1787664524.116955, NoOp Chain Depth 128 Size 0 Mode ref, Ref Stage 101, run, end, 9783589955014373
1787664524.116970, NoOp Chain Depth 128 Size 0 Mode ref, Ref Stage 102, run, start, 9783589955029493
1787664524.116991, NoOp Chain Depth 128 Size 0 Mode ref, Ref Stage 102, run, end, 9783589955049925
1787664524.117006, NoOp Chain Depth 128 Size 0 Mode ref, Ref Stage 103, run, start, 9783589955065205
1787664524.117029, NoOp Chain Depth 128 Size 0 Mode ref, Ref Stage 103, run, end, 9783589955088165
1787664524.117041, NoOp Chain Depth 128 Size 0 Mode ref, Ref Stage 104, run, start, 9783589955099989
1787664524.117075, NoOp Chain Depth 128 Size 0 Mode ref, Ref Stage 104, run, end, 9783589955134869
1787664524.117096, NoOp Chain Depth 128 Size 0 Mode ref, Ref Stage 105, run, start, 9783589955155029
1787664524.117117, NoOp Chain Depth 128 Size 0 Mode ref, Ref Stage 105, run, end, 9783589955176229
1787664524.117131, NoOp Chain Depth 128 Size 0 Mode ref, Ref Stage 106, run, start, 9783589955190709
1787664524.117152, NoOp Chain Depth 128 Size 0 Mode ref, Ref Stage 106, run, end, 9783589955211717
1787664524.117167, NoOp Chain Depth 128 Size 0 Mode ref, Ref Stage 107, run, start, 9783589955226309
1787664524.117189, NoOp Chain Depth 128 Size 0 Mode ref, Ref Stage 107, run, end, 9783589955248373
1787664524.117203, NoOp Chain Depth 128 Size 0 Mode ref, Ref Stage 108, run, start, 9783589955262869
1787664524.117225, NoOp Chain Depth 128 Size 0 Mode ref, Ref Stage 108, run, end, 9783589955284117
1787664524.117239, NoOp Chain Depth 128 Size 0 Mode ref, Ref Stage 109, run, start, 9783589955298741
1787664524.117262, NoOp Chain Depth 128 Size 0 Mode ref, Ref Stage 109, run, end, 9783589955321333
1787664524.117277, NoOp Chain Depth 128 Size 0 Mode ref, Ref Stage 110, run, start, 9783589955336133
1787664524.117301, NoOp Chain Depth 128 Size 0 Mode ref, Ref Stage 110, run, end, 9783589955360069
1787664524.117317, NoOp Chain Depth 128 Size 0 Mode ref, Ref Stage 111, run, start, 9783589955376389
1787664524.117339, NoOp Chain Depth 128 Size 0 Mode ref, Ref Stage 111, run, end, 9783589955398693
1787664524.117354, NoOp Chain Depth 128 Size 0 Mode ref, Ref Stage 112, run, start, 9783589955413365
1787664524.117375, NoOp Chain Depth 128 Size 0 Mode ref, Ref Stage 112, run, end, 9783589955434069
1787664524.117390, NoOp Chain Depth 128 Size 0 Mode ref, Ref Stage 113, run, start, 9783589955449509
1787664524.117411, NoOp Chain Depth 128 Size 0 Mode ref, Ref Stage 113, run, end, 9783589955470357
1787664524.117426, NoOp Chain Depth 128 Size 0 Mode ref, Ref Stage 114, run, start, 9783589955485125
1787664524.117447, NoOp Chain Depth 128 Size 0 Mode ref, Ref Stage 114, run, end, 9783589955506613
1787664524.117461, NoOp Chain Depth 128 Size 0 Mode ref, Ref Stage 115, run, start, 9783589955520805
1787664524.117484, NoOp Chain Depth 128 Size 0 Mode ref, Ref Stage 115, run, end, 9783589955542853
1787664524.117498, NoOp Chain Depth 128 Size 0 Mode ref, Ref Stage 116, run, start, 9783589955557029
1787664524.118955, NoOp Chain Depth 128 Size 0 Mode ref, Ref Stage 116, run, end, 9783589957015972
1787664524.119276, NoOp Chain Depth 128 Size 0 Mode ref, Ref Stage 117, run, start, 9783589957335780
1787664524.119302, NoOp Chain Depth 128 Size 0 Mode ref, Ref Stage 117, run, end, 9783589957361716
1787664524.119318, NoOp Chain Depth 128 Size 0 Mode ref, Ref Stage 118, run, start, 9783589957377140
1787664524.119340, NoOp Chain Depth 128 Size 0 Mode ref, Ref Stage 118, run, end, 9783589957398995
1787664524.119354, NoOp Chain Depth 128 Size 0 Mode ref, Ref Stage 119, run, start, 9783589957413715
1787664524.119377, NoOp Chain Depth 128 Size 0 Mode ref, Ref Stage 119, run, end, 9783589957436371
1787664524.119389, NoOp Chain Depth 128 Size 0 Mode ref, Ref Stage 120, run, start, 9783589957448195
1787664524.119420, NoOp Chain Depth 128 Size 0 Mode ref, Ref Stage 120, run, end, 9783589957479059
1787664524.119434, NoOp Chain Depth 128 Size 0 Mode ref, Ref Stage 121, run, start, 9783589957493555
1787664524.119455, NoOp Chain Depth 128 Size 0 Mode ref, Ref Stage 121, run, end, 9783589957514419
1787664524.119470, NoOp Chain Depth 128 Size 0 Mode ref, Ref Stage 122, run, start, 9783589957528739
1787664524.119490, NoOp Chain Depth 128 Size 0 Mode ref, Ref Stage 122, run, end, 9783589957549187
1787664524.119504, NoOp Chain Depth 128 Size 0 Mode ref, Ref Stage 123, run, start, 9783589957563187
1787664524.119524, NoOp Chain Depth 128 Size 0 Mode ref, Ref Stage 123, run, end, 9783589957583603
1787664524.119539, NoOp Chain Depth 128 Size 0 Mode ref, Ref Stage 124, run, start, 9783589957597827
1787664524.119560, NoOp Chain Depth 128 Size 0 Mode ref, Ref Stage 124, run, end, 9783589957618707
1787664524.119574, NoOp Chain Depth 128 Size 0 Mode ref, Ref Stage 125, run, start, 9783589957632963
1787664524.119594, NoOp Chain Depth 128 Size 0 Mode ref, Ref Stage 125, run, end, 9783589957653555
1787664524.119609, NoOp Chain Depth 128 Size 0 Mode ref, Ref Stage 126, run, start, 9783589957668483
1787664524.119630, NoOp Chain Depth 128 Size 0 Mode ref, Ref Stage 126, run, end, 9783589957688739
1787664524.119644, NoOp Chain Depth 128 Size 0 Mode ref, Ref Stage 127, run, start, 9783589957703603
1787664524.119665, NoOp Chain Depth 128 Size 0 Mode ref, Ref Stage 127, run, end, 9783589957724435
1787664524.119680, NoOp Chain Depth 128 Size 0 Mode ref, pipeline - train, run, end, 265403247059868140927078492723641293146, 1787664524.111214, 57, 1, 9783589957739443
1787664524.119716, NoOp Chain Depth 128 Size 0 Mode ref, pipeline - train, run, start, 38832090710872521486568904708943623000, 1787664524.119705, 58, 1, 9783589957775571
1787664524.119739, NoOp Chain Depth 128 Size 0 Mode ref, Ref Stage 0, run, start, 9783589957798163
1787664524.119762, NoOp Chain Depth 128 Size 0 Mode ref, Ref Stage 0, run, end, 9783589957821747
1787664524.119777, NoOp Chain Depth 128 Size 0 Mode ref, Ref Stage 1, run, start, 9783589957836547
1787664524.119798, NoOp Chain Depth 128 Size 0 Mode ref, Ref Stage 1, run, end, 9783589957857635
1787664524.119813, NoOp Chain Depth 128 Size 0 Mode ref, Ref Stage 2, run, start, 9783589957871891
1787664524.119834, NoOp Chain Depth 128 Size 0 Mode ref, Ref Stage 2, run, end, 9783589957893331
1787664524.119849, NoOp Chain Depth 128 Size 0 Mode ref, Ref Stage 3, run, start, 9783589957908435
1787664524.119870, NoOp Chain Depth 128 Size 0 Mode ref, Ref Stage 3, run, end, 9783589957929459
1787664524.119884, NoOp Chain Depth 128 Size 0 Mode ref, Ref Stage 4, run, start, 9783589957944099
1787664524.119906, NoOp Chain Depth 128 Size 0 Mode ref, Ref Stage 4, run, end, 9783589957966851
1787664524.119922, NoOp Chain Depth 128 Size 0 Mode ref, Ref Stage 5, run, start, 9783589957981459
1787664524.119943, NoOp Chain Depth 128 Size 0 Mode ref, Ref Stage 5, run, end, 9783589958004499
1787664524.119961, NoOp Chain Depth 128 Size 0 Mode ref, Ref Stage 6, run, start, 9783589958019843
1787664524.119982, NoOp Chain Depth 128 Size 0 Mode ref, Ref Stage 6, run, end, 9783589958041699
1787664524.119997, NoOp Chain Depth 128 Size 0 Mode ref, Ref Stage 7, run, start, 9783589958056195
1787664524.120020, NoOp Chain Depth 128 Size 0 Mode ref, Ref Stage 7, run, end, 9783589958079411
1787664524.120034, NoOp Chain Depth 128 Size 0 Mode ref, Ref Stage 8, run, start, 9783589958093955
1787664524.120057, NoOp Chain Depth 128 Size 0 Mode ref, Ref Stage 8, run, end, 9783589958116131
1787664524.120071, NoOp Chain Depth 128 Size 0 Mode ref, Ref Stage 9, run, start, 9783589958130515
1787664524.120095, NoOp Chain Depth 128 Size 0 Mode ref, Ref Stage 9, run, end, 9783589958153795
1787664524.120106, NoOp Chain Depth 128 Size 0 Mode ref, Ref Stage 10, run, start, 9783589958165395
1787664524.120139, NoOp Chain Depth 128 Size 0 Mode ref, Ref Stage 10, run, end, 9783589958198499
1787664524.120151, NoOp Chain Depth 128 Size 0 Mode ref, Ref Stage 11, run, start, 9783589958209923
1787664524.120183, NoOp Chain Depth 128 Size 0 Mode ref, Ref Stage 11, run, end, 9783589958241731
1787664524.120198, NoOp Chain Depth 128 Size 0 Mode ref, Ref Stage 12, run, start, 9783589958257299
1787664524.120219, NoOp Chain Depth 128 Size 0 Mode ref, Ref Stage 12, run, end, 9783589958277875
1787664524.120233, NoOp Chain Depth 128 Size 0 Mode ref, Ref Stage 13, run, start, 9783589958292099
1787664524.120254, NoOp Chain Depth 128 Size 0 Mode ref, Ref Stage 13, run, end, 9783589958312947
1787664524.120268, NoOp Chain Depth 128 Size 0 Mode ref, Ref Stage 14, run, start, 9783589958327139
1787664524.120289, NoOp Chain Depth 128 Size 0 Mode ref, Ref Stage 14, run, end, 9783589958347763
1787664524.120304, NoOp Chain Depth 128 Size 0 Mode ref, Ref Stage 15, run, start, 9783589958362851
1787664524.120324, NoOp Chain Depth 128 Size 0 Mode ref, Ref Stage 15, run, end, 9783589958383347
1787664524.120338, NoOp Chain Depth 128 Size 0 Mode ref, Ref Stage 16, run, start, 9783589958397731
1787664524.120359, NoOp Chain Depth 128 Size 0 Mode ref, Ref Stage 16, run, end, 9783589958418355
1787664524.120376, NoOp Chain Depth 128 Size 0 Mode ref, Ref Stage 17, run, start, 9783589958434835
1787664524.120425, NoOp Chain Depth 128 Size 0 Mode ref, Ref Stage 17, run, end, 9783589958484595
1787664524.120438, NoOp Chain Depth 128 Size 0 Mode ref, Ref Stage 18, run, start, 9783589958497267
1787664524.120981, NoOp Chain Depth 128 Size 0 Mode ref, Ref Stage 18, run, end, 9783589959040754
1787664524.120997, NoOp Chain Depth 128 Size 0 Mode ref, Ref Stage 19, run, start, 9783589959056546
1787664524.121019, NoOp Chain Depth 128 Size 0 Mode ref, Ref Stage 19, run, end, 9783589959078322
1787664524.121034, NoOp Chain Depth 128 Size 0 Mode ref, Ref Stage 20, run, start, 9783589959093138
1787664524.121057, NoOp Chain Depth 128 Size 0 Mode ref, Ref Stage 20, run, end, 9783589959116050
1787664524.121068, NoOp Chain Depth 128 Size 0 Mode ref, Ref Stage 21, run, start, 9783589959127906
1787664524.121102, NoOp Chain Depth 128 Size 0 Mode ref, Ref Stage 21, run, end, 9783589959161138
1787664524.121116, NoOp Chain Depth 128 Size 0 Mode ref, Ref Stage 22, run, start, 9783589959175826
1787664524.121138, NoOp Chain Depth 128 Size 0 Mode ref, Ref Stage 22, run, end, 9783589959197122
1787664524.121152, NoOp Chain Depth 128 Size 0 Mode ref, Ref Stage 23, run, start, 9783589959211634
1787664524.121174, NoOp Chain Depth 128 Size 0 Mode ref, Ref Stage 23, run, end, 9783589959232754
1787664524.121188, NoOp Chain Depth 128 Size 0 Mode ref, Ref Stage 24, run, start, 9783589959247138
1787664524.121209, NoOp Chain Depth 128 Size 0 Mode ref, Ref Stage 24, run, end, 9783589959267906
1787664524.121223, NoOp Chain Depth 128 Size 0 Mode ref, Ref Stage 25, run, start, 9783589959282402
1787664524.121244, NoOp Chain Depth 128 Size 0 Mode ref, Ref Stage 25, run, end, 9783589959303330
1787664524.121258, NoOp Chain Depth 128 Size 0 Mode ref, Ref Stage 26, run, start, 9783589959317650
1787664524.121279, NoOp Chain Depth 128 Size 0 Mode ref, Ref Stage 26, run, end, 9783589959338370
1787664524.121294, NoOp Chain Depth 128 Size 0 Mode ref, Ref Stage 27, run, start, 9783589959352690
1787664524.121315, NoOp Chain Depth 128 Size 0 Mode ref, Ref Stage 27, run, end, 9783589959374130
1787664524.121329, NoOp Chain Depth 128 Size 0 Mode ref, Ref Stage 28, run, start, 9783589959388802
1787664524.121351, NoOp Chain Depth 128 Size 0 Mode ref, Ref Stage 28, run, end, 9783589959410146
1787664524.121367, NoOp Chain Depth 128 Size 0 Mode ref, Ref Stage 29, run, start, 9783589959426610
1787664524.121388, NoOp Chain Depth 128 Size 0 Mode ref, Ref Stage 29, run, end, 9783589959447762
1787664524.121404, NoOp Chain Depth 128 Size 0 Mode ref, Ref Stage 30, run, start, 9783589959463010
1787664524.121425, NoOp Chain Depth 128 Size 0 Mode ref, Ref Stage 30, run, end, 9783589959483874
1787664524.121439, NoOp Chain Depth 128 Size 0 Mode ref, Ref Stage 31, run, start, 9783589959498466
1787664524.121461, NoOp Chain Depth 128 Size 0 Mode ref, Ref Stage 31, run, end, 9783589959520402
1787664524.121476, NoOp Chain Depth 128 Size 0 Mode ref, Ref Stage 32, run, start, 9783589959534802
1787664524.121499, NoOp Chain Depth 128 Size 0 Mode ref, Ref Stage 32, run, end, 9783589959557810
1787664524.121513, NoOp Chain Depth 128 Size 0 Mode ref, Ref Stage 33, run, start, 9783589959572098
1787664524.121534, NoOp Chain Depth 128 Size 0 Mode ref, Ref Stage 33, run, end, 9783589959592802
1787664524.121549, NoOp Chain Depth 128 Size 0 Mode ref, Ref Stage 34, run, start, 9783589959608226
1787664524.121571, NoOp Chain Depth 128 Size 0 Mode ref, Ref Stage 34, run, end, 9783589959630578
1787664524.122001, NoOp Chain Depth 128 Size 0 Mode ref, Ref Stage 35, run, start, 9783589960061202
1787664524.122026, NoOp Chain Depth 128 Size 0 Mode ref, Ref Stage 35, run, end, 9783589960085778
1787664524.122148, NoOp Chain Depth 128 Size 0 Mode ref, Ref Stage 36, run, start, 9783589960207058
1787664524.122170, NoOp Chain Depth 128 Size 0 Mode ref, Ref Stage 36, run, end, 9783589960229410
1787664524.122185, NoOp Chain Depth 128 Size 0 Mode ref, Ref Stage 37, run, start, 9783589960244242
1787664524.122206, NoOp Chain Depth 128 Size 0 Mode ref, Ref Stage 37, run, end, 9783589960265346
1787664524.122221, NoOp Chain Depth 128 Size 0 Mode ref, Ref Stage 38, run, start, 9783589960279746
1787664524.122242, NoOp Chain Depth 128 Size 0 Mode ref, Ref Stage 38, run, end, 9783589960301042
1787664524.122256, NoOp Chain Depth 128 Size 0 Mode ref, Ref Stage 39, run, start, 9783589960315490
1787664524.122277, NoOp Chain Depth 128 Size 0 Mode ref, Ref Stage 39, run, end, 9783589960336242
1787664524.122291, NoOp Chain Depth 128 Size 0 Mode ref, Ref Stage 40, run, start, 9783589960350610
1787664524.122313, NoOp Chain Depth 128 Size 0 Mode ref, Ref Stage 40, run, end, 9783589960371730
1787664524.122327, NoOp Chain Depth 128 Size 0 Mode ref, Ref Stage 41, run, start, 9783589960386242
1787664524.122348, NoOp Chain Depth 128 Size 0 Mode ref, Ref Stage 41, run, end, 9783589960407266
1787664524.122365, NoOp Chain Depth 128 Size 0 Mode ref, Ref Stage 42, run, start, 9783589960424082
1787664524.122391, NoOp Chain Depth 128 Size 0 Mode ref, Ref Stage 42, run, end, 9783589960449618
1787664524.122405, NoOp Chain Depth 128 Size 0 Mode ref, Ref Stage 43, run, start, 9783589960464513
1787664524.122427, NoOp Chain Depth 128 Size 0 Mode ref, Ref Stage 43, run, end, 9783589960486049
1787664524.122442, NoOp Chain Depth 128 Size 0 Mode ref, Ref Stage 44, run, start, 9783589960500817
1787664524.122464, NoOp Chain Depth 128 Size 0 Mode ref, Ref Stage 44, run, end, 9783589960523425
1787664524.122479, NoOp Chain Depth 128 Size 0 Mode ref, Ref Stage 45, run, start, 9783589960538161
1787664524.122500, NoOp Chain Depth 128 Size 0 Mode ref, Ref Stage 45, run, end, 9783589960559409
1787664524.122515, NoOp Chain Depth 128 Size 0 Mode ref, Ref Stage 46, run, start, 9783589960573937
1787664524.122536, NoOp Chain Depth 128 Size 0 Mode ref, Ref Stage 46, run, end, 9783589960595057
1787664524.122550, NoOp Chain Depth 128 Size 0 Mode ref, Ref Stage 47, run, start, 9783589960609761
1787664524.122571, NoOp Chain Depth 128 Size 0 Mode ref, Ref Stage 47, run, end, 9783589960630433
1787664524.122588, NoOp Chain Depth 128 Size 0 Mode ref, Ref Stage 48, run, start, 9783589960647041
1787664524.122611, NoOp Chain Depth 128 Size 0 Mode ref, Ref Stage 48, run, end, 9783589960669937
1787664524.122623, NoOp Chain Depth 128 Size 0 Mode ref, Ref Stage 49, run, start, 9783589960682033
1787664524.122654, NoOp Chain Depth 128 Size 0 Mode ref, Ref Stage 49, run, end, 9783589960713121
1787664524.122669, NoOp Chain Depth 128 Size 0 Mode ref, Ref Stage 50, run, start, 9783589960727761
1787664524.122695, NoOp Chain Depth 128 Size 0 Mode ref, Ref Stage 50, run, end, 9783589960753905
1787664524.122706, NoOp Chain Depth 128 Size 0 Mode ref, Ref Stage 51, run, start, 9783589960765601
1787664524.122737, NoOp Chain Depth 128 Size 0 Mode ref, Ref Stage 51, run, end, 9783589960796417
1787664524.122752, NoOp Chain Depth 128 Size 0 Mode ref, Ref Stage 52, run, start, 9783589960811009
1787664524.122860, NoOp Chain Depth 128 Size 0 Mode ref, Ref Stage 52, run, end, 9783589960919697
1787664524.122877, NoOp Chain Depth 128 Size 0 Mode ref, Ref Stage 53, run, start, 9783589960936577
1787664524.122901, NoOp Chain Depth 128 Size 0 Mode ref, Ref Stage 53, run, end, 9783589960959985
1787664524.122915, NoOp Chain Depth 128 Size 0 Mode ref, Ref Stage 54, run, start, 9783589960974497
1787664524.122936, NoOp Chain Depth 128 Size 0 Mode ref, Ref Stage 54, run, end, 9783589960995569
1787664524.122953, NoOp Chain Depth 128 Size 0 Mode ref, Ref Stage 55, run, start, 9783589961012673
1787664524.122976, NoOp Chain Depth 128 Size 0 Mode ref, Ref Stage 55, run, end, 9783589961034785
1787664524.122990, NoOp Chain Depth 128 Size 0 Mode ref, Ref Stage 56, run, start, 9783589961049265
1787664524.123011, NoOp Chain Depth 128 Size 0 Mode ref, Ref Stage 56, run, end, 9783589961070385
1787664524.123027, NoOp Chain Depth 128 Size 0 Mode ref, Ref Stage 57, run, start, 9783589961085985
1787664524.123047, NoOp Chain Depth 128 Size 0 Mode ref, Ref Stage 57, run, end, 9783589961106609
1787664524.123063, NoOp Chain Depth 128 Size 0 Mode ref, Ref Stage 58, run, start, 9783589961121857
1787664524.123085, NoOp Chain Depth 128 Size 0 Mode ref, Ref Stage 58, run, end, 9783589961143905
1787664524.123099, NoOp Chain Depth 128 Size 0 Mode ref, Ref Stage 59, run, start, 9783589961158241
1787664524.123120, NoOp Chain Depth 128 Size 0 Mode ref, Ref Stage 59, run, end, 9783589961179009
1787664524.123136, NoOp Chain Depth 128 Size 0 Mode ref, Ref Stage 60, run, start, 9783589961194737
1787664524.123158, NoOp Chain Depth 128 Size 0 Mode ref, Ref Stage 60, run, end, 9783589961217249
1787664524.123170, NoOp Chain Depth 128 Size 0 Mode ref, Ref Stage 61, run, start, 9783589961229137
1787664524.126770, NoOp Chain Depth 128 Size 0 Mode ref, Ref Stage 61, run, end, 9783589964830895
1787664524.126788, NoOp Chain Depth 128 Size 0 Mode ref, Ref Stage 62, run, start, 9783589964848015
1787664524.126814, NoOp Chain Depth 128 Size 0 Mode ref, Ref Stage 62, run, end, 9783589964873183
1787664524.126829, NoOp Chain Depth 128 Size 0 Mode ref, Ref Stage 63, run, start, 9783589964888303
1787664524.126851, NoOp Chain Depth 128 Size 0 Mode ref, Ref Stage 63, run, end, 9783589964910287
1787664524.126866, NoOp Chain Depth 128 Size 0 Mode ref, Ref Stage 64, run, start, 9783589964925391
1787664524.126887, NoOp Chain Depth 128 Size 0 Mode ref, Ref Stage 64, run, end, 9783589964946703
1787664524.126902, NoOp Chain Depth 128 Size 0 Mode ref, Ref Stage 65, run, start, 9783589964961439
1787664524.126924, NoOp Chain Depth 128 Size 0 Mode ref, Ref Stage 65, run, end, 9783589964983487
1787664524.126939, NoOp Chain Depth 128 Size 0 Mode ref, Ref Stage 66, run, start, 9783589964998302
1787664524.126965, NoOp Chain Depth 128 Size 0 Mode ref, Ref Stage 66, run, end, 9783589965023774
1787664524.126979, NoOp Chain Depth 128 Size 0 Mode ref, Ref Stage 67, run, start, 9783589965038670
1787664524.127001, NoOp Chain Depth 128 Size 0 Mode ref, Ref Stage 67, run, end, 9783589965060462
1787664524.127016, NoOp Chain Depth 128 Size 0 Mode ref, Ref Stage 68, run, start, 9783589965075534
1787664524.127038, NoOp Chain Depth 128 Size 0 Mode ref, Ref Stage 68, run, end, 9783589965097166
1787664524.127053, NoOp Chain Depth 128 Size 0 Mode ref, Ref Stage 69, run, start, 9783589965111918
1787664524.127074, NoOp Chain Depth 128 Size 0 Mode ref, Ref Stage 69, run, end, 9783589965133390
1787664524.127089, NoOp Chain Depth 128 Size 0 Mode ref, Ref Stage 70, run, start, 9783589965148558
1787664524.127111, NoOp Chain Depth 128 Size 0 Mode ref, Ref Stage 70, run, end, 9783589965170670
1787664524.127127, NoOp Chain Depth 128 Size 0 Mode ref, Ref Stage 71, run, start, 9783589965186062
1787664524.127151, NoOp Chain Depth 128 Size 0 Mode ref, Ref Stage 71, run, end, 9783589965210142
1787664524.127163, NoOp Chain Depth 128 Size 0 Mode ref, Ref Stage 72, run, start, 9783589965222350
1787664524.127195, NoOp Chain Depth 128 Size 0 Mode ref, Ref Stage 72, run, end, 9783589965254462
1787664524.127210, NoOp Chain Depth 128 Size 0 Mode ref, Ref Stage 73, run, start, 9783589965269006
1787664524.127231, NoOp Chain Depth 128 Size 0 Mode ref, Ref Stage 73, run, end, 9783589965289934
1787664524.127245, NoOp Chain Depth 128 Size 0 Mode ref, Ref Stage 74, run, start, 9783589965304494
1787664524.127266, NoOp Chain Depth 128 Size 0 Mode ref, Ref Stage 74, run, end, 9783589965325294
1787664524.127280, NoOp Chain Depth 128 Size 0 Mode ref, Ref Stage 75, run, start, 9783589965339662
1787664524.127301, NoOp Chain Depth 128 Size 0 Mode ref, Ref Stage 75, run, end, 9783589965360542
1787664524.127316, NoOp Chain Depth 128 Size 0 Mode ref, Ref Stage 76, run, start, 9783589965374766
1787664524.127336, NoOp Chain Depth 128 Size 0 Mode ref, Ref Stage 76, run, end, 9783589965395310
1787664524.127351, NoOp Chain Depth 128 Size 0 Mode ref, Ref Stage 77, run, start, 9783589965409726
1787664524.127371, NoOp Chain Depth 128 Size 0 Mode ref, Ref Stage 77, run, end, 9783589965430302
1787664524.127385, NoOp Chain Depth 128 Size 0 Mode ref, Ref Stage 78, run, start, 9783589965444654
1787664524.127406, NoOp Chain Depth 128 Size 0 Mode ref, Ref Stage 78, run, end, 9783589965465550
1787664524.127421, NoOp Chain Depth 128 Size 0 Mode ref, Ref Stage 79, run, start, 9783589965480558
1787664524.127442, NoOp Chain Depth 128 Size 0 Mode ref, Ref Stage 79, run, end, 9783589965501454
1787664524.127456, NoOp Chain Depth 128 Size 0 Mode ref, Ref Stage 80, run, start, 9783589965515854
1787664524.127477, NoOp Chain Depth 128 Size 0 Mode ref, Ref Stage 80, run, end, 9783589965536670
1787664524.127492, NoOp Chain Depth 128 Size 0 Mode ref, Ref Stage 81, run, start, 9783589965550974
1787664524.127514, NoOp Chain Depth 128 Size 0 Mode ref, Ref Stage 81, run, end, 9783589965573086
1787664524.127525, NoOp Chain Depth 128 Size 0 Mode ref, Ref Stage 82, run, start, 9783589965584750
1787664524.127556, NoOp Chain Depth 128 Size 0 Mode ref, Ref Stage 82, run, end, 9783589965615166
1787664524.127572, NoOp Chain Depth 128 Size 0 Mode ref, Ref Stage 83, run, start, 9783589965631214
1787664524.127594, NoOp Chain Depth 128 Size 0 Mode ref, Ref Stage 83, run, end, 9783589965653886
1787664524.127607, NoOp Chain Depth 128 Size 0 Mode ref, Ref Stage 84, run, start, 9783589965666270
1787664524.127641, NoOp Chain Depth 128 Size 0 Mode ref, Ref Stage 84, run, end, 9783589965700526
1787664524.127656, NoOp Chain Depth 128 Size 0 Mode ref, Ref Stage 85, run, start, 9783589965715662
1787664524.127678, NoOp Chain Depth 128 Size 0 Mode ref, Ref Stage 85, run, end, 9783589965736958
1787664524.127692, NoOp Chain Depth 128 Size 0 Mode ref, Ref Stage 86, run, start, 9783589965751758
1787664524.127714, NoOp Chain Depth 128 Size 0 Mode ref, Ref Stage 86, run, end, 9783589965773118
1787664524.127729, NoOp Chain Depth 128 Size 0 Mode ref, Ref Stage 87, run, start, 9783589965788030
1787664524.127750, NoOp Chain Depth 128 Size 0 Mode ref, Ref Stage 87, run, end, 9783589965809262
1787664524.127765, NoOp Chain Depth 128 Size 0 Mode ref, Ref Stage 88, run, start, 9783589965824302
1787664524.127786, NoOp Chain Depth 128 Size 0 Mode ref, Ref Stage 88, run, end, 9783589965845710
1787664524.127801, NoOp Chain Depth 128 Size 0 Mode ref, Ref Stage 89, run, start, 9783589965860270
1787664524.127822, NoOp Chain Depth 128 Size 0 Mode ref, Ref Stage 89, run, end, 9783589965880926
1787664524.127836, NoOp Chain Depth 128 Size 0 Mode ref, Ref Stage 90, run, start, 9783589965895406
1787664524.127857, NoOp Chain Depth 128 Size 0 Mode ref, Ref Stage 90, run, end, 9783589965916190
1787664524.127871, NoOp Chain Depth 128 Size 0 Mode ref, Ref Stage 91, run, start, 9783589965930558
1787664524.127892, NoOp Chain Depth 128 Size 0 Mode ref, Ref Stage 91, run, end, 9783589965951166
1787664524.127908, NoOp Chain Depth 128 Size 0 Mode ref, Ref Stage 92, run, start, 9783589965967166
1787664524.127928, NoOp Chain Depth 128 Size 0 Mode ref, Ref Stage 92, run, end, 9783589965987822
1787664524.127943, NoOp Chain Depth 128 Size 0 Mode ref, Ref Stage 93, run, start, 9783589966004318
1787664524.127968, NoOp Chain Depth 128 Size 0 Mode ref, Ref Stage 93, run, end, 9783589966027518
1787664524.127980, NoOp Chain Depth 128 Size 0 Mode ref, Ref Stage 94, run, start, 9783589966039102
1787664524.128011, NoOp Chain Depth 128 Size 0 Mode ref, Ref Stage 94, run, end, 9783589966069758
1787664524.128026, NoOp Chain Depth 128 Size 0 Mode ref, Ref Stage 95, run, start, 9783589966085198
1787664524.128048, NoOp Chain Depth 128 Size 0 Mode ref, Ref Stage 95, run, end, 9783589966107630
1787664524.128060, NoOp Chain Depth 128 Size 0 Mode ref, Ref Stage 96, run, start, 9783589966119182
1787664524.128092, NoOp Chain Depth 128 Size 0 Mode ref, Ref Stage 96, run, end, 9783589966150910
1787664524.128103, NoOp Chain Depth 128 Size 0 Mode ref, Ref Stage 97, run, start, 9783589966162430
1787664524.128134, NoOp Chain Depth 128 Size 0 Mode ref, Ref Stage 97, run, end, 9783589966193230
1787664524.128148, NoOp Chain Depth 128 Size 0 Mode ref, Ref Stage 98, run, start, 9783589966207566
1787664524.128169, NoOp Chain Depth 128 Size 0 Mode ref, Ref Stage 98, run, end, 9783589966228510
1787664524.128184, NoOp Chain Depth 128 Size 0 Mode ref, Ref Stage 99, run, start, 9783589966243230
1787664524.128205, NoOp Chain Depth 128 Size 0 Mode ref, Ref Stage 99, run, end, 9783589966263758
1787664524.128219, NoOp Chain Depth 128 Size 0 Mode ref, Ref Stage 100, run, start, 9783589966277982
1787664524.128240, NoOp Chain Depth 128 Size 0 Mode ref, Ref Stage 100, run, end, 9783589966299086
1787664524.128254, NoOp Chain Depth 128 Size 0 Mode ref, Ref Stage 101, run, start, 9783589966313774
1787664524.128276, NoOp Chain Depth 128 Size 0 Mode ref, Ref Stage 101, run, end, 9783589966341502
1787664524.128298, NoOp Chain Depth 128 Size 0 Mode ref, Ref Stage 102, run, start, 9783589966357790
1787664524.128321, NoOp Chain Depth 128 Size 0 Mode ref, Ref Stage 102, run, end, 9783589966380334
1787664524.128333, NoOp Chain Depth 128 Size 0 Mode ref, Ref Stage 103, run, start, 9783589966391966
1787664524.128365, NoOp Chain Depth 128 Size 0 Mode ref, Ref Stage 103, run, end, 9783589966424190
1787664524.128376, NoOp Chain Depth 128 Size 0 Mode ref, Ref Stage 104, run, start, 9783589966435758
1787664524.128410, NoOp Chain Depth 128 Size 0 Mode ref, Ref Stage 104, run, end, 9783589966469101
1787664524.128426, NoOp Chain Depth 128 Size 0 Mode ref, Ref Stage 105, run, start, 9783589966485053
1787664524.128448, NoOp Chain Depth 128 Size 0 Mode ref, Ref Stage 105, run, end, 9783589966507389
1787664524.128463, NoOp Chain Depth 128 Size 0 Mode ref, Ref Stage 106, run, start, 9783589966521789
1787664524.128485, NoOp Chain Depth 128 Size 0 Mode ref, Ref Stage 106, run, end, 9783589966543757
1787664524.128499, NoOp Chain Depth 128 Size 0 Mode ref, Ref Stage 107, run, start, 9783589966558205
1787664524.128520, NoOp Chain Depth 128 Size 0 Mode ref, Ref Stage 107, run, end, 9783589966579005
1787664524.128534, NoOp Chain Depth 128 Size 0 Mode ref, Ref Stage 108, run, start, 9783589966593293
1787664524.128555, NoOp Chain Depth 128 Size 0 Mode ref, Ref Stage 108, run, end, 9783589966614109
1787664524.128569, NoOp Chain Depth 128 Size 0 Mode ref, Ref Stage 109, run, start, 9783589966628413
1787664524.128592, NoOp Chain Depth 128 Size 0 Mode ref, Ref Stage 109, run, end, 9783589966650765
1787664524.128606, NoOp Chain Depth 128 Size 0 Mode ref, Ref Stage 110, run, start, 9783589966665165
1787664524.128626, NoOp Chain Depth 128 Size 0 Mode ref, Ref Stage 110, run, end, 9783589966685677
1787664524.128640, NoOp Chain Depth 128 Size 0 Mode ref, Ref Stage 111, run, start, 9783589966699789
1787664524.128662, NoOp Chain Depth 128 Size 0 Mode ref, Ref Stage 111, run, end, 9783589966721453
1787664524.128678, NoOp Chain Depth 128 Size 0 Mode ref, Ref Stage 112, run, start, 9783589966737277
1787664524.128698, NoOp Chain Depth 128 Size 0 Mode ref, Ref Stage 112, run, end, 9783589966757709
1787664524.128713, NoOp Chain Depth 128 Size 0 Mode ref, Ref Stage 113, run, start, 9783589966772045
1787664524.128733, NoOp Chain Depth 128 Size 0 Mode ref, Ref Stage 113, run, end, 9783589966792669
1787664524.128749, NoOp Chain Depth 128 Size 0 Mode ref, Ref Stage 114, run, start, 9783589966807757
1787664524.128770, NoOp Chain Depth 128 Size 0 Mode ref, Ref Stage 114, run, end, 9783589966829389
1787664524.128785, NoOp Chain Depth 128 Size 0 Mode ref, Ref Stage 115, run, start, 9783589966844253
1787664524.128808, NoOp Chain Depth 128 Size 0 Mode ref, Ref Stage 115, run, end, 9783589966866813
1787664524.128998, NoOp Chain Depth 128 Size 0 Mode ref, Ref Stage 116, run, start, 9783589967058381
1787664524.129141, NoOp Chain Depth 128 Size 0 Mode ref, Ref Stage 116, run, end, 9783589967200829
1787664524.129157, NoOp Chain Depth 128 Size 0 Mode ref, Ref Stage 117, run, start, 9783589967216333
1787664524.129179, NoOp Chain Depth 128 Size 0 Mode ref, Ref Stage 117, run, end, 9783589967238029
1787664524.129193, NoOp Chain Depth 128 Size 0 Mode ref, Ref Stage 118, run, start, 9783589967252637
1787664524.129215, NoOp Chain Depth 128 Size 0 Mode ref, Ref Stage 118, run, end, 9783589967273757
1787664524.129229, NoOp Chain Depth 128 Size 0 Mode ref, Ref Stage 119, run, start, 9783589967288253
1787664524.129250, NoOp Chain Depth 128 Size 0 Mode ref, Ref Stage 119, run, end, 9783589967309469
1787664524.129265, NoOp Chain Depth 128 Size 0 Mode ref, Ref Stage 120, run, start, 9783589967323885
1787664524.129286, NoOp Chain Depth 128 Size 0 Mode ref, Ref Stage 120, run, end, 9783589967344973
1787664524.129300, NoOp Chain Depth 128 Size 0 Mode ref, Ref Stage 121, run, start, 9783589967359597
1787664524.129321, NoOp Chain Depth 128 Size 0 Mode ref, Ref Stage 121, run, end, 9783589967380557
1787664524.129336, NoOp Chain Depth 128 Size 0 Mode ref, Ref Stage 122, run, start, 9783589967394957
1787664524.129357, NoOp Chain Depth 128 Size 0 Mode ref, Ref Stage 122, run, end, 9783589967415741
1787664524.129371, NoOp Chain Depth 128 Size 0 Mode ref, Ref Stage 123, run, start, 9783589967430157
1787664524.129392, NoOp Chain Depth 128 Size 0 Mode ref, Ref Stage 123, run, end, 9783589967450989
1787664524.129408, NoOp Chain Depth 128 Size 0 Mode ref, Ref Stage 124, run, start, 9783589967467117
1787664524.129432, NoOp Chain Depth 128 Size 0 Mode ref, Ref Stage 124, run, end, 9783589967491133
1787664524.129447, NoOp Chain Depth 128 Size 0 Mode ref, Ref Stage 125, run, start, 9783589967506637
1787664524.129468, NoOp Chain Depth 128 Size 0 Mode ref, Ref Stage 125, run, end, 9783589967527389
1787664524.129483, NoOp Chain Depth 128 Size 0 Mode ref, Ref Stage 126, run, start, 9783589967541853
1787664524.129503, NoOp Chain Depth 128 Size 0 Mode ref, Ref Stage 126, run, end, 9783589967562509
1787664524.129518, NoOp Chain Depth 128 Size 0 Mode ref, Ref Stage 127, run, start, 9783589967577613
1787664524.129539, NoOp Chain Depth 128 Size 0 Mode ref, Ref Stage 127, run, end, 9783589967598493
1787664524.129555, NoOp Chain Depth 128 Size 0 Mode ref, pipeline - train, run, end, 38832090710872521486568904708943623000, 1787664524.119705, 58, 1, 9783589967614029
1787664524.129595, NoOp Chain Depth 128 Size 0 Mode ref, pipeline - train, run, start, 82997384560660379045512478433965275586, 1787664524.129581, 59, 1, 9783589967654813
1787664524.129618, NoOp Chain Depth 128 Size 0 Mode ref, Ref Stage 0, run, start, 9783589967677357
1787664524.129640, NoOp Chain Depth 128 Size 0 Mode ref, Ref Stage 0, run, end, 9783589967699373
1787664524.129655, NoOp Chain Depth 128 Size 0 Mode ref, Ref Stage 1, run, start, 9783589967713885
1787664524.129676, NoOp Chain Depth 128 Size 0 Mode ref, Ref Stage 1, run, end, 9783589967735101
1787664524.129690, NoOp Chain Depth 128 Size 0 Mode ref, Ref Stage 2, run, start, 9783589967749437
1787664524.129711, NoOp Chain Depth 128 Size 0 Mode ref, Ref Stage 2, run, end, 9783589967770285
1787664524.129725, NoOp Chain Depth 128 Size 0 Mode ref, Ref Stage 3, run, start, 9783589967784525
1787664524.129746, NoOp Chain Depth 128 Size 0 Mode ref, Ref Stage 3, run, end, 9783589967805309
1787664524.129760, NoOp Chain Depth 128 Size 0 Mode ref, Ref Stage 4, run, start, 9783589967819421
1787664524.129782, NoOp Chain Depth 128 Size 0 Mode ref, Ref Stage 4, run, end, 9783589967841421
1787664524.129796, NoOp Chain Depth 128 Size 0 Mode ref, Ref Stage 5, run, start, 9783589967855661
1787664524.129817, NoOp Chain Depth 128 Size 0 Mode ref, Ref Stage 5, run, end, 9783589967876301
1787664524.129836, NoOp Chain Depth 128 Size 0 Mode ref, Ref Stage 6, run, start, 9783589967894733
1787664524.129860, NoOp Chain Depth 128 Size 0 Mode ref, Ref Stage 6, run, end, 9783589967919149
1787664524.129875, NoOp Chain Depth 128 Size 0 Mode ref, Ref Stage 7, run, start, 9783589967933869
1787664524.129896, NoOp Chain Depth 128 Size 0 Mode ref, Ref Stage 7, run, end, 9783589967955148
1787664524.129910, NoOp Chain Depth 128 Size 0 Mode ref, Ref Stage 8, run, start, 9783589967969532
1787664524.129933, NoOp Chain Depth 128 Size 0 Mode ref, Ref Stage 8, run, end, 9783589967991756
1787664524.129951, NoOp Chain Depth 128 Size 0 Mode ref, Ref Stage 9, run, start, 9783589968009932
1787664524.129974, NoOp Chain Depth 128 Size 0 Mode ref, Ref Stage 9, run, end, 9783589968033132
1787664524.129986, NoOp Chain Depth 128 Size 0 Mode ref, Ref Stage 10, run, start, 9783589968044924
1787664524.130018, NoOp Chain Depth 128 Size 0 Mode ref, Ref Stage 10, run, end, 9783589968077596
1787664524.130031, NoOp Chain Depth 128 Size 0 Mode ref, Ref Stage 11, run, start, 9783589968089932
1787664524.130062, NoOp Chain Depth 128 Size 0 Mode ref, Ref Stage 11, run, end, 9783589968121484
1787664524.130078, NoOp Chain Depth 128 Size 0 Mode ref, Ref Stage 12, run, start, 9783589968137180
1787664524.130099, NoOp Chain Depth 128 Size 0 Mode ref, Ref Stage 12, run, end, 9783589968158188
1787664524.130113, NoOp Chain Depth 128 Size 0 Mode ref, Ref Stage 13, run, start, 9783589968172300
1787664524.130133, NoOp Chain Depth 128 Size 0 Mode ref, Ref Stage 13, run, end, 9783589968192748
1787664524.130148, NoOp Chain Depth 128 Size 0 Mode ref, Ref Stage 14, run, start, 9783589968207084
1787664524.130169, NoOp Chain Depth 128 Size 0 Mode ref, Ref Stage 14, run, end, 9783589968227708
1787664524.130183, NoOp Chain Depth 128 Size 0 Mode ref, Ref Stage 15, run, start, 9783589968241804
1787664524.130204, NoOp Chain Depth 128 Size 0 Mode ref, Ref Stage 15, run, end, 9783589968263644
1787664524.130219, NoOp Chain Depth 128 Size 0 Mode ref, Ref Stage 16, run, start, 9783589968277948
1787664524.130243, NoOp Chain Depth 128 Size 0 Mode ref, Ref Stage 16, run, end, 9783589968302060
1787664524.130255, NoOp Chain Depth 128 Size 0 Mode ref, Ref Stage 17, run, start, 9783589968314124
1787664524.130286, NoOp Chain Depth 128 Size 0 Mode ref, Ref Stage 17, run, end, 9783589968344812
1787664524.130300, NoOp Chain Depth 128 Size 0 Mode ref, Ref Stage 18, run, start, 9783589968359244
1787664524.130321, NoOp Chain Depth 128 Size 0 Mode ref, Ref Stage 18, run, end, 9783589968380012
1787664524.130335, NoOp Chain Depth 128 Size 0 Mode ref, Ref Stage 19, run, start, 9783589968394540
1787664524.130357, NoOp Chain Depth 128 Size 0 Mode ref, Ref Stage 19, run, end, 9783589968416412
1787664524.130373, NoOp Chain Depth 128 Size 0 Mode ref, Ref Stage 20, run, start, 9783589968432188
1787664524.130394, NoOp Chain Depth 128 Size 0 Mode ref, Ref Stage 20, run, end, 9783589968452780
1787664524.130408, NoOp Chain Depth 128 Size 0 Mode ref, Ref Stage 21, run, start, 9783589968467228
1787664524.130429, NoOp Chain Depth 128 Size 0 Mode ref, Ref Stage 21, run, end, 9783589968487980
1787664524.130444, NoOp Chain Depth 128 Size 0 Mode ref, Ref Stage 22, run, start, 9783589968503532
1787664524.130465, NoOp Chain Depth 128 Size 0 Mode ref, Ref Stage 22, run, end, 9783589968524268
1787664524.130481, NoOp Chain Depth 128 Size 0 Mode ref, Ref Stage 23, run, start, 9783589968540060
1787664524.130504, NoOp Chain Depth 128 Size 0 Mode ref, Ref Stage 23, run, end, 9783589968563260
1787664524.130518, NoOp Chain Depth 128 Size 0 Mode ref, Ref Stage 24, run, start, 9783589968577660
1787664524.130540, NoOp Chain Depth 128 Size 0 Mode ref, Ref Stage 24, run, end, 9783589968599260
1787664524.130554, NoOp Chain Depth 128 Size 0 Mode ref, Ref Stage 25, run, start, 9783589968613628
1787664524.130575, NoOp Chain Depth 128 Size 0 Mode ref, Ref Stage 25, run, end, 9783589968634124
1787664524.130589, NoOp Chain Depth 128 Size 0 Mode ref, Ref Stage 26, run, start, 9783589968648588
1787664524.130610, NoOp Chain Depth 128 Size 0 Mode ref, Ref Stage 26, run, end, 9783589968669068
1787664524.130624, NoOp Chain Depth 128 Size 0 Mode ref, Ref Stage 27, run, start, 9783589968683244
1787664524.130646, NoOp Chain Depth 128 Size 0 Mode ref, Ref Stage 27, run, end, 9783589968705228
1787664524.130660, NoOp Chain Depth 128 Size 0 Mode ref, Ref Stage 28, run, start, 9783589968719244
1787664524.130680, NoOp Chain Depth 128 Size 0 Mode ref, Ref Stage 28, run, end, 9783589968739564
1787664524.130694, NoOp Chain Depth 128 Size 0 Mode ref, Ref Stage 29, run, start, 9783589968753676
1787664524.130715, NoOp Chain Depth 128 Size 0 Mode ref, Ref Stage 29, run, end, 9783589968774076
1787664524.130729, NoOp Chain Depth 128 Size 0 Mode ref, Ref Stage 30, run, start, 9783589968788364
1787664524.130749, NoOp Chain Depth 128 Size 0 Mode ref, Ref Stage 30, run, end, 9783589968808652
1787664524.130764, NoOp Chain Depth 128 Size 0 Mode ref, Ref Stage 31, run, start, 9783589968822812
1787664524.130784, NoOp Chain Depth 128 Size 0 Mode ref, Ref Stage 31, run, end, 9783589968843260
1787664524.130798, NoOp Chain Depth 128 Size 0 Mode ref, Ref Stage 32, run, start, 9783589968857452
1787664524.130821, NoOp Chain Depth 128 Size 0 Mode ref, Ref Stage 32, run, end, 9783589968880236
1787664524.130835, NoOp Chain Depth 128 Size 0 Mode ref, Ref Stage 33, run, start, 9783589968894540
1787664524.130858, NoOp Chain Depth 128 Size 0 Mode ref, Ref Stage 33, run, end, 9783589968917724
1787664524.131276, NoOp Chain Depth 128 Size 0 Mode ref, Ref Stage 34, run, start, 9783589969337900
1787664524.131418, NoOp Chain Depth 128 Size 0 Mode ref, Ref Stage 34, run, end, 9783589969478124
1787664524.131434, NoOp Chain Depth 128 Size 0 Mode ref, Ref Stage 35, run, start, 9783589969493900
1787664524.131456, NoOp Chain Depth 128 Size 0 Mode ref, Ref Stage 35, run, end, 9783589969515500
1787664524.131473, NoOp Chain Depth 128 Size 0 Mode ref, Ref Stage 36, run, start, 9783589969532155
1787664524.131494, NoOp Chain Depth 128 Size 0 Mode ref, Ref Stage 36, run, end, 9783589969553067
1787664524.131508, NoOp Chain Depth 128 Size 0 Mode ref, Ref Stage 37, run, start, 9783589969567515
1787664524.131529, NoOp Chain Depth 128 Size 0 Mode ref, Ref Stage 37, run, end, 9783589969588443
1787664524.131544, NoOp Chain Depth 128 Size 0 Mode ref, Ref Stage 38, run, start, 9783589969603371
1787664524.131565, NoOp Chain Depth 128 Size 0 Mode ref, Ref Stage 38, run, end, 9783589969624379
1787664524.131580, NoOp Chain Depth 128 Size 0 Mode ref, Ref Stage 39, run, start, 9783589969638987
1787664524.131601, NoOp Chain Depth 128 Size 0 Mode ref, Ref Stage 39, run, end, 9783589969660043
1787664524.131615, NoOp Chain Depth 128 Size 0 Mode ref, Ref Stage 40, run, start, 9783589969674555
1787664524.131636, NoOp Chain Depth 128 Size 0 Mode ref, Ref Stage 40, run, end, 9783589969695275
1787664524.131650, NoOp Chain Depth 128 Size 0 Mode ref, Ref Stage 41, run, start, 9783589969709643
1787664524.131671, NoOp Chain Depth 128 Size 0 Mode ref, Ref Stage 41, run, end, 9783589969730219
1787664524.131685, NoOp Chain Depth 128 Size 0 Mode ref, Ref Stage 42, run, start, 9783589969744459
1787664524.131707, NoOp Chain Depth 128 Size 0 Mode ref, Ref Stage 42, run, end, 9783589969766619
1787664524.131723, NoOp Chain Depth 128 Size 0 Mode ref, Ref Stage 43, run, start, 9783589969782027
1787664524.131743, NoOp Chain Depth 128 Size 0 Mode ref, Ref Stage 43, run, end, 9783589969802555
1787664524.131757, NoOp Chain Depth 128 Size 0 Mode ref, Ref Stage 44, run, start, 9783589969816875
1787664524.131780, NoOp Chain Depth 128 Size 0 Mode ref, Ref Stage 44, run, end, 9783589969839435
1787664524.131792, NoOp Chain Depth 128 Size 0 Mode ref, Ref Stage 45, run, start, 9783589969851243
1787664524.132233, NoOp Chain Depth 128 Size 0 Mode ref, Ref Stage 45, run, end, 9783589970294203
1787664524.132368, NoOp Chain Depth 128 Size 0 Mode ref, Ref Stage 46, run, start, 9783589970427307
1787664524.132392, NoOp Chain Depth 128 Size 0 Mode ref, Ref Stage 46, run, end, 9783589970451547
1787664524.132407, NoOp Chain Depth 128 Size 0 Mode ref, Ref Stage 47, run, start, 9783589970466635
1787664524.132429, NoOp Chain Depth 128 Size 0 Mode ref, Ref Stage 47, run, end, 9783589970487867
1787664524.132443, NoOp Chain Depth 128 Size 0 Mode ref, Ref Stage 48, run, start, 9783589970502619
1787664524.132464, NoOp Chain Depth 128 Size 0 Mode ref, Ref Stage 48, run, end, 9783589970523627
1787664524.132479, NoOp Chain Depth 128 Size 0 Mode ref, Ref Stage 49, run, start, 9783589970538283
1787664524.132500, NoOp Chain Depth 128 Size 0 Mode ref, Ref Stage 49, run, end, 9783589970559355
1787664524.132514, NoOp Chain Depth 128 Size 0 Mode ref, Ref Stage 50, run, start, 9783589970573931
1787664524.132538, NoOp Chain Depth 128 Size 0 Mode ref, Ref Stage 50, run, end, 9783589970596763
1787664524.132549, NoOp Chain Depth 128 Size 0 Mode ref, Ref Stage 51, run, start, 9783589970608811
1787664524.132581, NoOp Chain Depth 128 Size 0 Mode ref, Ref Stage 51, run, end, 9783589970640267
1787664524.132595, NoOp Chain Depth 128 Size 0 Mode ref, Ref Stage 52, run, start, 9783589970654587
1787664524.132616, NoOp Chain Depth 128 Size 0 Mode ref, Ref Stage 52, run, end, 9783589970675483
1787664524.132631, NoOp Chain Depth 128 Size 0 Mode ref, Ref Stage 53, run, start, 9783589970689787
1787664524.132653, NoOp Chain Depth 128 Size 0 Mode ref, Ref Stage 53, run, end, 9783589970712203
1787664524.132667, NoOp Chain Depth 128 Size 0 Mode ref, Ref Stage 54, run, start, 9783589970726507
1787664524.132688, NoOp Chain Depth 128 Size 0 Mode ref, Ref Stage 54, run, end, 9783589970747067
1787664524.132702, NoOp Chain Depth 128 Size 0 Mode ref, Ref Stage 55, run, start, 9783589970761787
1787664524.132725, NoOp Chain Depth 128 Size 0 Mode ref, Ref Stage 55, run, end, 9783589970783995
1787664524.132739, NoOp Chain Depth 128 Size 0 Mode ref, Ref Stage 56, run, start, 9783589970798475
1787664524.132764, NoOp Chain Depth 128 Size 0 Mode ref, Ref Stage 56, run, end, 9783589970823339
1787664524.132778, NoOp Chain Depth 128 Size 0 Mode ref, Ref Stage 57, run, start, 9783589970837707
1787664524.132799, NoOp Chain Depth 128 Size 0 Mode ref, Ref Stage 57, run, end, 9783589970858347
1787664524.132814, NoOp Chain Depth 128 Size 0 Mode ref, Ref Stage 58, run, start, 9783589970873691
1787664524.132843, NoOp Chain Depth 128 Size 0 Mode ref, Ref Stage 58, run, end, 9783589970902043
1787664524.133250, NoOp Chain Depth 128 Size 0 Mode ref, Ref Stage 59, run, start, 9783589971310314
1787664524.133384, NoOp Chain Depth 128 Size 0 Mode ref, Ref Stage 59, run, end, 9783589971443754
1787664524.133397, NoOp Chain Depth 128 Size 0 Mode ref, Ref Stage 60, run, start, 9783589971456250
1787664524.133429, NoOp Chain Depth 128 Size 0 Mode ref, Ref Stage 60, run, end, 9783589971487946
1787664524.133444, NoOp Chain Depth 128 Size 0 Mode ref, Ref Stage 61, run, start, 9783589971502874
1787664524.133465, NoOp Chain Depth 128 Size 0 Mode ref, Ref Stage 61, run, end, 9783589971524058
1787664524.133479, NoOp Chain Depth 128 Size 0 Mode ref, Ref Stage 62, run, start, 9783589971538634
1787664524.133500, NoOp Chain Depth 128 Size 0 Mode ref, Ref Stage 62, run, end, 9783589971559594
1787664524.133515, NoOp Chain Depth 128 Size 0 Mode ref, Ref Stage 63, run, start, 9783589971573978
1787664524.133536, NoOp Chain Depth 128 Size 0 Mode ref, Ref Stage 63, run, end, 9783589971595130
1787664524.133550, NoOp Chain Depth 128 Size 0 Mode ref, Ref Stage 64, run, start, 9783589971609722
1787664524.133572, NoOp Chain Depth 128 Size 0 Mode ref, Ref Stage 64, run, end, 9783589971630746
1787664524.133586, NoOp Chain Depth 128 Size 0 Mode ref, Ref Stage 65, run, start, 9783589971645082
1787664524.133607, NoOp Chain Depth 128 Size 0 Mode ref, Ref Stage 65, run, end, 9783589971666458
1787664524.133623, NoOp Chain Depth 128 Size 0 Mode ref, Ref Stage 66, run, start, 9783589971681690
1787664524.133645, NoOp Chain Depth 128 Size 0 Mode ref, Ref Stage 66, run, end, 9783589971703834
1787664524.133659, NoOp Chain Depth 128 Size 0 Mode ref, Ref Stage 67, run, start, 9783589971718234
1787664524.133681, NoOp Chain Depth 128 Size 0 Mode ref, Ref Stage 67, run, end, 9783589971740330
1787664524.133693, NoOp Chain Depth 128 Size 0 Mode ref, Ref Stage 68, run, start, 9783589971751834
1787664524.133723, NoOp Chain Depth 128 Size 0 Mode ref, Ref Stage 68, run, end, 9783589971782298
1787664524.133738, NoOp Chain Depth 128 Size 0 Mode ref, Ref Stage 69, run, start, 9783589971797546
1787664524.133759, NoOp Chain Depth 128 Size 0 Mode ref, Ref Stage 69, run, end, 9783589971818090
1787664524.133773, NoOp Chain Depth 128 Size 0 Mode ref, Ref Stage 70, run, start, 9783589971832410
1787664524.133794, NoOp Chain Depth 128 Size 0 Mode ref, Ref Stage 70, run, end, 9783589971853258
1787664524.133808, NoOp Chain Depth 128 Size 0 Mode ref, Ref Stage 71, run, start, 9783589971867482
1787664524.133829, NoOp Chain Depth 128 Size 0 Mode ref, Ref Stage 71, run, end, 9783589971888074
1787664524.133843, NoOp Chain Depth 128 Size 0 Mode ref, Ref Stage 72, run, start, 9783589971902570
1787664524.133865, NoOp Chain Depth 128 Size 0 Mode ref, Ref Stage 72, run, end, 9783589971924538
1787664524.133881, NoOp Chain Depth 128 Size 0 Mode ref, Ref Stage 73, run, start, 9783589971939994
1787664524.133902, NoOp Chain Depth 128 Size 0 Mode ref, Ref Stage 73, run, end, 9783589971960826
1787664524.133916, NoOp Chain Depth 128 Size 0 Mode ref, Ref Stage 74, run, start, 9783589971975130
1787664524.133939, NoOp Chain Depth 128 Size 0 Mode ref, Ref Stage 74, run, end, 9783589971998346
1787664524.133957, NoOp Chain Depth 128 Size 0 Mode ref, Ref Stage 75, run, start, 9783589972016538
1787664524.133978, NoOp Chain Depth 128 Size 0 Mode ref, Ref Stage 75, run, end, 9783589972037130
1787664524.133992, NoOp Chain Depth 128 Size 0 Mode ref, Ref Stage 76, run, start, 9783589972051834
1787664524.134013, NoOp Chain Depth 128 Size 0 Mode ref, Ref Stage 76, run, end, 9783589972072746
1787664524.134028, NoOp Chain Depth 128 Size 0 Mode ref, Ref Stage 77, run, start, 9783589972087018
1787664524.134052, NoOp Chain Depth 128 Size 0 Mode ref, Ref Stage 77, run, end, 9783589972110970
1787664524.134066, NoOp Chain Depth 128 Size 0 Mode ref, Ref Stage 78, run, start, 9783589972125402
1787664524.134087, NoOp Chain Depth 128 Size 0 Mode ref, Ref Stage 78, run, end, 9783589972146234
1787664524.134101, NoOp Chain Depth 128 Size 0 Mode ref, Ref Stage 79, run, start, 9783589972160554
1787664524.134123, NoOp Chain Depth 128 Size 0 Mode ref, Ref Stage 79, run, end, 9783589972182426
1787664524.134138, NoOp Chain Depth 128 Size 0 Mode ref, Ref Stage 80, run, start, 9783589972197146
1787664524.134160, NoOp Chain Depth 128 Size 0 Mode ref, Ref Stage 80, run, end, 9783589972218762
1787664524.134174, NoOp Chain Depth 128 Size 0 Mode ref, Ref Stage 81, run, start, 9783589972233114
1787664524.134197, NoOp Chain Depth 128 Size 0 Mode ref, Ref Stage 81, run, end, 9783589972256778
1787664524.134209, NoOp Chain Depth 128 Size 0 Mode ref, Ref Stage 82, run, start, 9783589972268282
1787664524.134239, NoOp Chain Depth 128 Size 0 Mode ref, Ref Stage 82, run, end, 9783589972298778
1787664524.134254, NoOp Chain Depth 128 Size 0 Mode ref, Ref Stage 83, run, start, 9783589972313610
1787664524.134275, NoOp Chain Depth 128 Size 0 Mode ref, Ref Stage 83, run, end, 9783589972334042
1787664524.134290, NoOp Chain Depth 128 Size 0 Mode ref, Ref Stage 84, run, start, 9783589972348714
1787664524.134311, NoOp Chain Depth 128 Size 0 Mode ref, Ref Stage 84, run, end, 9783589972370554
1787664524.134327, NoOp Chain Depth 128 Size 0 Mode ref, Ref Stage 85, run, start, 9783589972386042
1787664524.134347, NoOp Chain Depth 128 Size 0 Mode ref, Ref Stage 85, run, end, 9783589972406586
1787664524.134363, NoOp Chain Depth 128 Size 0 Mode ref, Ref Stage 86, run, start, 9783589972421914
1787664524.134383, NoOp Chain Depth 128 Size 0 Mode ref, Ref Stage 86, run, end, 9783589972442362
1787664524.134398, NoOp Chain Depth 128 Size 0 Mode ref, Ref Stage 87, run, start, 9783589972457178
1787664524.134734, NoOp Chain Depth 128 Size 0 Mode ref, Ref Stage 87, run, end, 9783589972793641
1787664524.134855, NoOp Chain Depth 128 Size 0 Mode ref, Ref Stage 88, run, start, 9783589972914809
1787664524.134878, NoOp Chain Depth 128 Size 0 Mode ref, Ref Stage 88, run, end, 9783589972937609
1787664524.134893, NoOp Chain Depth 128 Size 0 Mode ref, Ref Stage 89, run, start, 9783589972952313
1787664524.134914, NoOp Chain Depth 128 Size 0 Mode ref, Ref Stage 89, run, end, 9783589972973113
1787664524.134928, NoOp Chain Depth 128 Size 0 Mode ref, Ref Stage 90, run, start, 9783589972987273
1787664524.134951, NoOp Chain Depth 128 Size 0 Mode ref, Ref Stage 90, run, end, 9783589973009753
1787664524.134966, NoOp Chain Depth 128 Size 0 Mode ref, Ref Stage 91, run, start, 9783589973024953
1787664524.134986, NoOp Chain Depth 128 Size 0 Mode ref, Ref Stage 91, run, end, 9783589973045657
1787664524.135002, NoOp Chain Depth 128 Size 0 Mode ref, Ref Stage 92, run, start, 9783589973060745
1787664524.135022, NoOp Chain Depth 128 Size 0 Mode ref, Ref Stage 92, run, end, 9783589973081545
1787664524.135037, NoOp Chain Depth 128 Size 0 Mode ref, Ref Stage 93, run, start, 9783589973096137
1787664524.135058, NoOp Chain Depth 128 Size 0 Mode ref, Ref Stage 93, run, end, 9783589973117049
1787664524.135072, NoOp Chain Depth 128 Size 0 Mode ref, Ref Stage 94, run, start, 9783589973131369
1787664524.135093, NoOp Chain Depth 128 Size 0 Mode ref, Ref Stage 94, run, end, 9783589973151977
1787664524.135109, NoOp Chain Depth 128 Size 0 Mode ref, Ref Stage 95, run, start, 9783589973168441
1787664524.135133, NoOp Chain Depth 128 Size 0 Mode ref, Ref Stage 95, run, end, 9783589973191897
1787664524.135144, NoOp Chain Depth 128 Size 0 Mode ref, Ref Stage 96, run, start, 9783589973203353
1787664524.135178, NoOp Chain Depth 128 Size 0 Mode ref, Ref Stage 96, run, end, 9783589973236985
1787664524.135190, NoOp Chain Depth 128 Size 0 Mode ref, Ref Stage 97, run, start, 9783589973249241
1787664524.135603, NoOp Chain Depth 128 Size 0 Mode ref, Ref Stage 97, run, end, 9783589973663033
1787664524.135622, NoOp Chain Depth 128 Size 0 Mode ref, Ref Stage 98, run, start, 9783589973681513
1787664524.135644, NoOp Chain Depth 128 Size 0 Mode ref, Ref Stage 98, run, end, 9783589973703225
1787664524.135760, NoOp Chain Depth 128 Size 0 Mode ref, Ref Stage 99, run, start, 9783589973819369
1787664524.135782, NoOp Chain Depth 128 Size 0 Mode ref, Ref Stage 99, run, end, 9783589973841705
1787664524.135797, NoOp Chain Depth 128 Size 0 Mode ref, Ref Stage 100, run, start, 9783589973856617
1787664524.135819, NoOp Chain Depth 128 Size 0 Mode ref, Ref Stage 100, run, end, 9783589973878073
1787664524.135834, NoOp Chain Depth 128 Size 0 Mode ref, Ref Stage 101, run, start, 9783589973892953
1787664524.135855, NoOp Chain Depth 128 Size 0 Mode ref, Ref Stage 101, run, end, 9783589973914153
1787664524.135870, NoOp Chain Depth 128 Size 0 Mode ref, Ref Stage 102, run, start, 9783589973928617
1787664524.135890, NoOp Chain Depth 128 Size 0 Mode ref, Ref Stage 102, run, end, 9783589973949593
1787664524.135905, NoOp Chain Depth 128 Size 0 Mode ref, Ref Stage 103, run, start, 9783589973963993
1787664524.135927, NoOp Chain Depth 128 Size 0 Mode ref, Ref Stage 103, run, end, 9783589973986713
1787664524.135939, NoOp Chain Depth 128 Size 0 Mode ref, Ref Stage 104, run, start, 9783589973998233
1787664524.135974, NoOp Chain Depth 128 Size 0 Mode ref, Ref Stage 104, run, end, 9783589974033337
1787664524.135988, NoOp Chain Depth 128 Size 0 Mode ref, Ref Stage 105, run, start, 9783589974047833
1787664524.136012, NoOp Chain Depth 128 Size 0 Mode ref, Ref Stage 105, run, end, 9783589974070600
1787664524.136026, NoOp Chain Depth 128 Size 0 Mode ref, Ref Stage 106, run, start, 9783589974085000
1787664524.136046, NoOp Chain Depth 128 Size 0 Mode ref, Ref Stage 106, run, end, 9783589974105464
1787664524.136060, NoOp Chain Depth 128 Size 0 Mode ref, Ref Stage 107, run, start, 9783589974119768
1787664524.136081, NoOp Chain Depth 128 Size 0 Mode ref, Ref Stage 107, run, end, 9783589974140232
1787664524.136096, NoOp Chain Depth 128 Size 0 Mode ref, Ref Stage 108, run, start, 9783589974154664
1787664524.136116, NoOp Chain Depth 128 Size 0 Mode ref, Ref Stage 108, run, end, 9783589974175512
1787664524.136131, NoOp Chain Depth 128 Size 0 Mode ref, Ref Stage 109, run, start, 9783589974189880
1787664524.136151, NoOp Chain Depth 128 Size 0 Mode ref, Ref Stage 109, run, end, 9783589974210520
1787664524.136165, NoOp Chain Depth 128 Size 0 Mode ref, Ref Stage 110, run, start, 9783589974224648
1787664524.136189, NoOp Chain Depth 128 Size 0 Mode ref, Ref Stage 110, run, end, 9783589974247592
1787664524.136203, NoOp Chain Depth 128 Size 0 Mode ref, Ref Stage 111, run, start, 9783589974261816
1787664524.136223, NoOp Chain Depth 128 Size 0 Mode ref, Ref Stage 111, run, end, 9783589974282296
1787664524.136237, NoOp Chain Depth 128 Size 0 Mode ref, Ref Stage 112, run, start, 9783589974296536
1787664524.136259, NoOp Chain Depth 128 Size 0 Mode ref, Ref Stage 112, run, end, 9783589974317912
1787664524.136273, NoOp Chain Depth 128 Size 0 Mode ref, Ref Stage 113, run, start, 9783589974332136
1787664524.136293, NoOp Chain Depth 128 Size 0 Mode ref, Ref Stage 113, run, end, 9783589974352440
1787664524.136308, NoOp Chain Depth 128 Size 0 Mode ref, Ref Stage 114, run, start, 9783589974367464
1787664524.136330, NoOp Chain Depth 128 Size 0 Mode ref, Ref Stage 114, run, end, 9783589974389448
1787664524.136342, NoOp Chain Depth 128 Size 0 Mode ref, Ref Stage 115, run, start, 9783589974400920
1787664524.136372, NoOp Chain Depth 128 Size 0 Mode ref, Ref Stage 115, run, end, 9783589974432728
1787664524.136388, NoOp Chain Depth 128 Size 0 Mode ref, Ref Stage 116, run, start, 9783589974447032
1787664524.136412, NoOp Chain Depth 128 Size 0 Mode ref, Ref Stage 116, run, end, 9783589974471560
1787664524.136424, NoOp Chain Depth 128 Size 0 Mode ref, Ref Stage 117, run, start, 9783589974483096
1787664524.136455, NoOp Chain Depth 128 Size 0 Mode ref, Ref Stage 117, run, end, 9783589974514376
1787664524.136470, NoOp Chain Depth 128 Size 0 Mode ref, Ref Stage 118, run, start, 9783589974528648
1787664524.136492, NoOp Chain Depth 128 Size 0 Mode ref, Ref Stage 118, run, end, 9783589974551192
1787664524.136508, NoOp Chain Depth 128 Size 0 Mode ref, Ref Stage 119, run, start, 9783589974567064
1787664524.136529, NoOp Chain Depth 128 Size 0 Mode ref, Ref Stage 119, run, end, 9783589974587800
1787664524.136543, NoOp Chain Depth 128 Size 0 Mode ref, Ref Stage 120, run, start, 9783589974602072
1787664524.136563, NoOp Chain Depth 128 Size 0 Mode ref, Ref Stage 120, run, end, 9783589974622248
1787664524.136578, NoOp Chain Depth 128 Size 0 Mode ref, Ref Stage 121, run, start, 9783589974636760
1787664524.136603, NoOp Chain Depth 128 Size 0 Mode ref, Ref Stage 121, run, end, 9783589974661768
1787664524.136617, NoOp Chain Depth 128 Size 0 Mode ref, Ref Stage 122, run, start, 9783589974676120
1787664524.136637, NoOp Chain Depth 128 Size 0 Mode ref, Ref Stage 122, run, end, 9783589974696456
1787664524.136652, NoOp Chain Depth 128 Size 0 Mode ref, Ref Stage 123, run, start, 9783589974710872
1787664524.136672, NoOp Chain Depth 128 Size 0 Mode ref, Ref Stage 123, run, end, 9783589974731368
1787664524.136686, NoOp Chain Depth 128 Size 0 Mode ref, Ref Stage 124, run, start, 9783589974745560
1787664524.136708, NoOp Chain Depth 128 Size 0 Mode ref, Ref Stage 124, run, end, 9783589974767176
1787664524.136722, NoOp Chain Depth 128 Size 0 Mode ref, Ref Stage 125, run, start, 9783589974781512
1787664524.136743, NoOp Chain Depth 128 Size 0 Mode ref, Ref Stage 125, run, end, 9783589974802120
1787664524.136757, NoOp Chain Depth 128 Size 0 Mode ref, Ref Stage 126, run, start, 9783589974816296
1787664524.136779, NoOp Chain Depth 128 Size 0 Mode ref, Ref Stage 126, run, end, 9783589974837848
1787664524.136793, NoOp Chain Depth 128 Size 0 Mode ref, Ref Stage 127, run, start, 9783589974852504
1787664524.136814, NoOp Chain Depth 128 Size 0 Mode ref, Ref Stage 127, run, end, 9783589974873192
1787664524.136829, NoOp Chain Depth 128 Size 0 Mode ref, pipeline - train, run, end, 82997384560660379045512478433965275586, 1787664524.129581, 59, 1, 9783589974888008
1787664524.136866, NoOp Chain Depth 128 Size 0 Mode ref, pipeline - train, run, start, 233599938379188033009947458796190436274, 1787664524.136855, 60, 1, 9783589974925688
1787664524.136889, NoOp Chain Depth 128 Size 0 Mode ref, Ref Stage 0, run, start, 9783589974948024
1787664524.136910, NoOp Chain Depth 128 Size 0 Mode ref, Ref Stage 0, run, end, 9783589974970808
1787664524.136926, NoOp Chain Depth 128 Size 0 Mode ref, Ref Stage 1, run, start, 9783589974985560
1787664524.136949, NoOp Chain Depth 128 Size 0 Mode ref, Ref Stage 1, run, end, 9783589975008136
1787664524.136964, NoOp Chain Depth 128 Size 0 Mode ref, Ref Stage 2, run, start, 9783589975023432
1787664524.136986, NoOp Chain Depth 128 Size 0 Mode ref, Ref Stage 2, run, end, 9783589975045416
1787664524.137001, NoOp Chain Depth 128 Size 0 Mode ref, Ref Stage 3, run, start, 9783589975059768
1787664524.137024, NoOp Chain Depth 128 Size 0 Mode ref, Ref Stage 3, run, end, 9783589975082824
1787664524.137038, NoOp Chain Depth 128 Size 0 Mode ref, Ref Stage 4, run, start, 9783589975097112
1787664524.137058, NoOp Chain Depth 128 Size 0 Mode ref, Ref Stage 4, run, end, 9783589975117624
1787664524.137073, NoOp Chain Depth 128 Size 0 Mode ref, Ref Stage 5, run, start, 9783589975131832
1787664524.137093, NoOp Chain Depth 128 Size 0 Mode ref, Ref Stage 5, run, end, 9783589975152472
1787664524.137107, NoOp Chain Depth 128 Size 0 Mode ref, Ref Stage 6, run, start, 9783589975166616
1787664524.137129, NoOp Chain Depth 128 Size 0 Mode ref, Ref Stage 6, run, end, 9783589975188440
1787664524.137143, NoOp Chain Depth 128 Size 0 Mode ref, Ref Stage 7, run, start, 9783589975202696
1787664524.137164, NoOp Chain Depth 128 Size 0 Mode ref, Ref Stage 7, run, end, 9783589975223272
1787664524.137179, NoOp Chain Depth 128 Size 0 Mode ref, Ref Stage 8, run, start, 9783589975238552
1787664524.137202, NoOp Chain Depth 128 Size 0 Mode ref, Ref Stage 8, run, end, 9783589975261240
1787664524.137217, NoOp Chain Depth 128 Size 0 Mode ref, Ref Stage 9, run, start, 9783589975276008
1787664524.137239, NoOp Chain Depth 128 Size 0 Mode ref, Ref Stage 9, run, end, 9783589975298616
1787664524.137679, NoOp Chain Depth 128 Size 0 Mode ref, Ref Stage 10, run, start, 9783589975738983
1787664524.137704, NoOp Chain Depth 128 Size 0 Mode ref, Ref Stage 10, run, end, 9783589975763799
1787664524.137720, NoOp Chain Depth 128 Size 0 Mode ref, Ref Stage 11, run, start, 9783589975778999
1787664524.137741, NoOp Chain Depth 128 Size 0 Mode ref, Ref Stage 11, run, end, 9783589975800311
1787664524.137756, NoOp Chain Depth 128 Size 0 Mode ref, Ref Stage 12, run, start, 9783589975815015
1787664524.137777, NoOp Chain Depth 128 Size 0 Mode ref, Ref Stage 12, run, end, 9783589975836663
1787664524.137792, NoOp Chain Depth 128 Size 0 Mode ref, Ref Stage 13, run, start, 9783589975851255
1787664524.137813, NoOp Chain Depth 128 Size 0 Mode ref, Ref Stage 13, run, end, 9783589975871943
1787664524.137827, NoOp Chain Depth 128 Size 0 Mode ref, Ref Stage 14, run, start, 9783589975886423
1787664524.137848, NoOp Chain Depth 128 Size 0 Mode ref, Ref Stage 14, run, end, 9783589975907047
1787664524.137862, NoOp Chain Depth 128 Size 0 Mode ref, Ref Stage 15, run, start, 9783589975921655
1787664524.137883, NoOp Chain Depth 128 Size 0 Mode ref, Ref Stage 15, run, end, 9783589975942423
1787664524.137898, NoOp Chain Depth 128 Size 0 Mode ref, Ref Stage 16, run, start, 9783589975956967
1787664524.138002, NoOp Chain Depth 128 Size 0 Mode ref, Ref Stage 16, run, end, 9783589976062231
1787664524.138016, NoOp Chain Depth 128 Size 0 Mode ref, Ref Stage 17, run, start, 9783589976075175
1787664524.139188, NoOp Chain Depth 128 Size 0 Mode ref, Ref Stage 17, run, end, 9783589977247974
1787664524.139205, NoOp Chain Depth 128 Size 0 Mode ref, Ref Stage 18, run, start, 9783589977264470
1787664524.139227, NoOp Chain Depth 128 Size 0 Mode ref, Ref Stage 18, run, end, 9783589977286406
1787664524.139242, NoOp Chain Depth 128 Size 0 Mode ref, Ref Stage 19, run, start, 9783589977301062
1787664524.139263, NoOp Chain Depth 128 Size 0 Mode ref, Ref Stage 19, run, end, 9783589977322006
1787664524.139277, NoOp Chain Depth 128 Size 0 Mode ref, Ref Stage 20, run, start, 9783589977336422
1787664524.139298, NoOp Chain Depth 128 Size 0 Mode ref, Ref Stage 20, run, end, 9783589977357430
1787664524.139313, NoOp Chain Depth 128 Size 0 Mode ref, Ref Stage 21, run, start, 9783589977371974
1787664524.139334, NoOp Chain Depth 128 Size 0 Mode ref, Ref Stage 21, run, end, 9783589977393158
1787664524.139349, NoOp Chain Depth 128 Size 0 Mode ref, Ref Stage 22, run, start, 9783589977407910
1787664524.139370, NoOp Chain Depth 128 Size 0 Mode ref, Ref Stage 22, run, end, 9783589977428838
1787664524.139384, NoOp Chain Depth 128 Size 0 Mode ref, Ref Stage 23, run, start, 9783589977443270
1787664524.139407, NoOp Chain Depth 128 Size 0 Mode ref, Ref Stage 23, run, end, 9783589977465910
1787664524.139418, NoOp Chain Depth 128 Size 0 Mode ref, Ref Stage 24, run, start, 9783589977477686
1787664524.139449, NoOp Chain Depth 128 Size 0 Mode ref, Ref Stage 24, run, end, 9783589977508582
1787664524.139464, NoOp Chain Depth 128 Size 0 Mode ref, Ref Stage 25, run, start, 9783589977522822
1787664524.139484, NoOp Chain Depth 128 Size 0 Mode ref, Ref Stage 25, run, end, 9783589977543414
1787664524.139498, NoOp Chain Depth 128 Size 0 Mode ref, Ref Stage 26, run, start, 9783589977557718
1787664524.139519, NoOp Chain Depth 128 Size 0 Mode ref, Ref Stage 26, run, end, 9783589977578518
1787664524.139534, NoOp Chain Depth 128 Size 0 Mode ref, Ref Stage 27, run, start, 9783589977592934
1787664524.139555, NoOp Chain Depth 128 Size 0 Mode ref, Ref Stage 27, run, end, 9783589977613846
1787664524.139569, NoOp Chain Depth 128 Size 0 Mode ref, Ref Stage 28, run, start, 9783589977628262
1787664524.139592, NoOp Chain Depth 128 Size 0 Mode ref, Ref Stage 28, run, end, 9783589977651334
1787664524.139606, NoOp Chain Depth 128 Size 0 Mode ref, Ref Stage 29, run, start, 9783589977665798
1787664524.139627, NoOp Chain Depth 128 Size 0 Mode ref, Ref Stage 29, run, end, 9783589977686342
1787664524.139643, NoOp Chain Depth 128 Size 0 Mode ref, Ref Stage 30, run, start, 9783589977702326
1787664524.139666, NoOp Chain Depth 128 Size 0 Mode ref, Ref Stage 30, run, end, 9783589977725078
1787664524.139680, NoOp Chain Depth 128 Size 0 Mode ref, Ref Stage 31, run, start, 9783589977739334
1787664524.139700, NoOp Chain Depth 128 Size 0 Mode ref, Ref Stage 31, run, end, 9783589977759766
1787664524.139715, NoOp Chain Depth 128 Size 0 Mode ref, Ref Stage 32, run, start, 9783589977774054
1787664524.139739, NoOp Chain Depth 128 Size 0 Mode ref, Ref Stage 32, run, end, 9783589977798422
1787664524.139751, NoOp Chain Depth 128 Size 0 Mode ref, Ref Stage 33, run, start, 9783589977809830
1787664524.139782, NoOp Chain Depth 128 Size 0 Mode ref, Ref Stage 33, run, end, 9783589977841510
1787664524.139797, NoOp Chain Depth 128 Size 0 Mode ref, Ref Stage 34, run, start, 9783589977856294
1787664524.139819, NoOp Chain Depth 128 Size 0 Mode ref, Ref Stage 34, run, end, 9783589977878294
1787664524.139833, NoOp Chain Depth 128 Size 0 Mode ref, Ref Stage 35, run, start, 9783589977892630
1787664524.139854, NoOp Chain Depth 128 Size 0 Mode ref, Ref Stage 35, run, end, 9783589977913414
1787664524.139868, NoOp Chain Depth 128 Size 0 Mode ref, Ref Stage 36, run, start, 9783589977927702
1787664524.139889, NoOp Chain Depth 128 Size 0 Mode ref, Ref Stage 36, run, end, 9783589977948310
1787664524.139904, NoOp Chain Depth 128 Size 0 Mode ref, Ref Stage 37, run, start, 9783589977962694
1787664524.139927, NoOp Chain Depth 128 Size 0 Mode ref, Ref Stage 37, run, end, 9783589977986054
1787664524.139940, NoOp Chain Depth 128 Size 0 Mode ref, Ref Stage 38, run, start, 9783589977999382
1787664524.139975, NoOp Chain Depth 128 Size 0 Mode ref, Ref Stage 38, run, end, 9783589978034438
1787664524.139990, NoOp Chain Depth 128 Size 0 Mode ref, Ref Stage 39, run, start, 9783589978049046
1787664524.140011, NoOp Chain Depth 128 Size 0 Mode ref, Ref Stage 39, run, end, 9783589978070150
1787664524.140025, NoOp Chain Depth 128 Size 0 Mode ref, Ref Stage 40, run, start, 9783589978084550
1787664524.140046, NoOp Chain Depth 128 Size 0 Mode ref, Ref Stage 40, run, end, 9783589978105190
1787664524.140061, NoOp Chain Depth 128 Size 0 Mode ref, Ref Stage 41, run, start, 9783589978120774
1787664524.140082, NoOp Chain Depth 128 Size 0 Mode ref, Ref Stage 41, run, end, 9783589978141366
1787664524.140096, NoOp Chain Depth 128 Size 0 Mode ref, Ref Stage 42, run, start, 9783589978155718
1787664524.140117, NoOp Chain Depth 128 Size 0 Mode ref, Ref Stage 42, run, end, 9783589978176230
1787664524.140134, NoOp Chain Depth 128 Size 0 Mode ref, Ref Stage 43, run, start, 9783589978193398
1787664524.140157, NoOp Chain Depth 128 Size 0 Mode ref, Ref Stage 43, run, end, 9783589978215638
1787664524.140169, NoOp Chain Depth 128 Size 0 Mode ref, Ref Stage 44, run, start, 9783589978228598
1787664524.140201, NoOp Chain Depth 128 Size 0 Mode ref, Ref Stage 44, run, end, 9783589978260246
1787664524.140215, NoOp Chain Depth 128 Size 0 Mode ref, Ref Stage 45, run, start, 9783589978274646
1787664524.140236, NoOp Chain Depth 128 Size 0 Mode ref, Ref Stage 45, run, end, 9783589978294950
1787664524.140250, NoOp Chain Depth 128 Size 0 Mode ref, Ref Stage 46, run, start, 9783589978309158
1787664524.140272, NoOp Chain Depth 128 Size 0 Mode ref, Ref Stage 46, run, end, 9783589978331222
1787664524.140286, NoOp Chain Depth 128 Size 0 Mode ref, Ref Stage 47, run, start, 9783589978345526
1787664524.140308, NoOp Chain Depth 128 Size 0 Mode ref, Ref Stage 47, run, end, 9783589978367430
1787664524.140324, NoOp Chain Depth 128 Size 0 Mode ref, Ref Stage 48, run, start, 9783589978383302
1787664524.140345, NoOp Chain Depth 128 Size 0 Mode ref, Ref Stage 48, run, end, 9783589978403990
1787664524.140359, NoOp Chain Depth 128 Size 0 Mode ref, Ref Stage 49, run, start, 9783589978418422
1787664524.140526, NoOp Chain Depth 128 Size 0 Mode ref, Ref Stage 49, run, end, 9783589978586342
1787664524.140656, NoOp Chain Depth 128 Size 0 Mode ref, Ref Stage 50, run, start, 9783589978715269
1787664524.140681, NoOp Chain Depth 128 Size 0 Mode ref, Ref Stage 50, run, end, 9783589978740293
1787664524.140693, NoOp Chain Depth 128 Size 0 Mode ref, Ref Stage 51, run, start, 9783589978752117
1787664524.140727, NoOp Chain Depth 128 Size 0 Mode ref, Ref Stage 51, run, end, 9783589978786037
1787664524.140741, NoOp Chain Depth 128 Size 0 Mode ref, Ref Stage 52, run, start, 9783589978800533
1787664524.140762, NoOp Chain Depth 128 Size 0 Mode ref, Ref Stage 52, run, end, 9783589978821605
1787664524.140777, NoOp Chain Depth 128 Size 0 Mode ref, Ref Stage 53, run, start, 9783589978835813
1787664524.140798, NoOp Chain Depth 128 Size 0 Mode ref, Ref Stage 53, run, end, 9783589978857109
1787664524.140812, NoOp Chain Depth 128 Size 0 Mode ref, Ref Stage 54, run, start, 9783589978871637
1787664524.140834, NoOp Chain Depth 128 Size 0 Mode ref, Ref Stage 54, run, end, 9783589978892885
1787664524.140848, NoOp Chain Depth 128 Size 0 Mode ref, Ref Stage 55, run, start, 9783589978907557
1787664524.140870, NoOp Chain Depth 128 Size 0 Mode ref, Ref Stage 55, run, end, 9783589978928773
1787664524.140884, NoOp Chain Depth 128 Size 0 Mode ref, Ref Stage 56, run, start, 9783589978943045
1787664524.140904, NoOp Chain Depth 128 Size 0 Mode ref, Ref Stage 56, run, end, 9783589978963477
1787664524.140918, NoOp Chain Depth 128 Size 0 Mode ref, Ref Stage 57, run, start, 9783589978977877
1787664524.140939, NoOp Chain Depth 128 Size 0 Mode ref, Ref Stage 57, run, end, 9783589978998437
1787664524.140956, NoOp Chain Depth 128 Size 0 Mode ref, Ref Stage 58, run, start, 9783589979015573
1787664524.140977, NoOp Chain Depth 128 Size 0 Mode ref, Ref Stage 58, run, end, 9783589979036069
1787664524.140991, NoOp Chain Depth 128 Size 0 Mode ref, Ref Stage 59, run, start, 9783589979050293
1787664524.141018, NoOp Chain Depth 128 Size 0 Mode ref, Ref Stage 59, run, end, 9783589979077557
1787664524.141030, NoOp Chain Depth 128 Size 0 Mode ref, Ref Stage 60, run, start, 9783589979089333
1787664524.141061, NoOp Chain Depth 128 Size 0 Mode ref, Ref Stage 60, run, end, 9783589979119893
1787664524.141075, NoOp Chain Depth 128 Size 0 Mode ref, Ref Stage 61, run, start, 9783589979134085
1787664524.141095, NoOp Chain Depth 128 Size 0 Mode ref, Ref Stage 61, run, end, 9783589979154709
1787664524.141110, NoOp Chain Depth 128 Size 0 Mode ref, Ref Stage 62, run, start, 9783589979168981
1787664524.141130, NoOp Chain Depth 128 Size 0 Mode ref, Ref Stage 62, run, end, 9783589979189637
1787664524.141145, NoOp Chain Depth 128 Size 0 Mode ref, Ref Stage 63, run, start, 9783589979205093
1787664524.141169, NoOp Chain Depth 128 Size 0 Mode ref, Ref Stage 63, run, end, 9783589979228437
1787664524.141183, NoOp Chain Depth 128 Size 0 Mode ref, Ref Stage 64, run, start, 9783589979242853
1787664524.141205, NoOp Chain Depth 128 Size 0 Mode ref, Ref Stage 64, run, end, 9783589979263957
1787664524.141220, NoOp Chain Depth 128 Size 0 Mode ref, Ref Stage 65, run, start, 9783589979279269
1787664524.141241, NoOp Chain Depth 128 Size 0 Mode ref, Ref Stage 65, run, end, 9783589979299797
1787664524.141256, NoOp Chain Depth 128 Size 0 Mode ref, Ref Stage 66, run, start, 9783589979315637
1787664524.141279, NoOp Chain Depth 128 Size 0 Mode ref, Ref Stage 66, run, end, 9783589979338789
1787664524.141294, NoOp Chain Depth 128 Size 0 Mode ref, Ref Stage 67, run, start, 9783589979353925
1787664524.141315, NoOp Chain Depth 128 Size 0 Mode ref, Ref Stage 67, run, end, 9783589979374453
1787664524.141330, NoOp Chain Depth 128 Size 0 Mode ref, Ref Stage 68, run, start, 9783589979388757
1787664524.141350, NoOp Chain Depth 128 Size 0 Mode ref, Ref Stage 68, run, end, 9783589979409349
1787664524.141365, NoOp Chain Depth 128 Size 0 Mode ref, Ref Stage 69, run, start, 9783589979423653
1787664524.141385, NoOp Chain Depth 128 Size 0 Mode ref, Ref Stage 69, run, end, 9783589979444053
1787664524.141399, NoOp Chain Depth 128 Size 0 Mode ref, Ref Stage 70, run, start, 9783589979458165
1787664524.141421, NoOp Chain Depth 128 Size 0 Mode ref, Ref Stage 70, run, end, 9783589979479685
1787664524.141435, NoOp Chain Depth 128 Size 0 Mode ref, Ref Stage 71, run, start, 9783589979494197
1787664524.141460, NoOp Chain Depth 128 Size 0 Mode ref, Ref Stage 71, run, end, 9783589979518997
1787664524.141471, NoOp Chain Depth 128 Size 0 Mode ref, Ref Stage 72, run, start, 9783589979530437
1787664524.141504, NoOp Chain Depth 128 Size 0 Mode ref, Ref Stage 72, run, end, 9783589979562709
1787664524.141515, NoOp Chain Depth 128 Size 0 Mode ref, Ref Stage 73, run, start, 9783589979574197
1787664524.141546, NoOp Chain Depth 128 Size 0 Mode ref, Ref Stage 73, run, end, 9783589979604613
1787664524.141560, NoOp Chain Depth 128 Size 0 Mode ref, Ref Stage 74, run, start, 9783589979618725
1787664524.141580, NoOp Chain Depth 128 Size 0 Mode ref, Ref Stage 74, run, end, 9783589979639493
1787664524.141597, NoOp Chain Depth 128 Size 0 Mode ref, Ref Stage 75, run, start, 9783589979656181
1787664524.141618, NoOp Chain Depth 128 Size 0 Mode ref, Ref Stage 75, run, end, 9783589979677685
1787664524.141633, NoOp Chain Depth 128 Size 0 Mode ref, Ref Stage 76, run, start, 9783589979691973
1787664524.141653, NoOp Chain Depth 128 Size 0 Mode ref, Ref Stage 76, run, end, 9783589979712421
1787664524.141668, NoOp Chain Depth 128 Size 0 Mode ref, Ref Stage 77, run, start, 9783589979726725
1787664524.141689, NoOp Chain Depth 128 Size 0 Mode ref, Ref Stage 77, run, end, 9783589979748581
1787664524.141705, NoOp Chain Depth 128 Size 0 Mode ref, Ref Stage 78, run, start, 9783589979764373
1787664524.141726, NoOp Chain Depth 128 Size 0 Mode ref, Ref Stage 78, run, end, 9783589979784949
1787664524.141740, NoOp Chain Depth 128 Size 0 Mode ref, Ref Stage 79, run, start, 9783589979799237
1787664524.141762, NoOp Chain Depth 128 Size 0 Mode ref, Ref Stage 79, run, end, 9783589979821013
1787664524.141779, NoOp Chain Depth 128 Size 0 Mode ref, Ref Stage 80, run, start, 9783589979837845
1787664524.141799, NoOp Chain Depth 128 Size 0 Mode ref, Ref Stage 80, run, end, 9783589979858325
1787664524.141815, NoOp Chain Depth 128 Size 0 Mode ref, Ref Stage 81, run, start, 9783589979874613
1787664524.141836, NoOp Chain Depth 128 Size 0 Mode ref, Ref Stage 81, run, end, 9783589979895477
1787664524.141851, NoOp Chain Depth 128 Size 0 Mode ref, Ref Stage 82, run, start, 9783589979909829
1787664524.141871, NoOp Chain Depth 128 Size 0 Mode ref, Ref Stage 82, run, end, 9783589979930261
1787664524.141885, NoOp Chain Depth 128 Size 0 Mode ref, Ref Stage 83, run, start, 9783589979944517
1787664524.141906, NoOp Chain Depth 128 Size 0 Mode ref, Ref Stage 83, run, end, 9783589979965093
1787664524.141920, NoOp Chain Depth 128 Size 0 Mode ref, Ref Stage 84, run, start, 9783589979979317
1787664524.141942, NoOp Chain Depth 128 Size 0 Mode ref, Ref Stage 84, run, end, 9783589980002165
1787664524.141958, NoOp Chain Depth 128 Size 0 Mode ref, Ref Stage 85, run, start, 9783589980017125
1787664524.141981, NoOp Chain Depth 128 Size 0 Mode ref, Ref Stage 85, run, end, 9783589980040037
1787664524.141996, NoOp Chain Depth 128 Size 0 Mode ref, Ref Stage 86, run, start, 9783589980055269
1787664524.142020, NoOp Chain Depth 128 Size 0 Mode ref, Ref Stage 86, run, end, 9783589980078693
1787664524.142345, NoOp Chain Depth 128 Size 0 Mode ref, Ref Stage 87, run, start, 9783589980405012
1787664524.142371, NoOp Chain Depth 128 Size 0 Mode ref, Ref Stage 87, run, end, 9783589980430852
1787664524.142388, NoOp Chain Depth 128 Size 0 Mode ref, Ref Stage 88, run, start, 9783589980447236
1787664524.142409, NoOp Chain Depth 128 Size 0 Mode ref, Ref Stage 88, run, end, 9783589980468452
1787664524.142425, NoOp Chain Depth 128 Size 0 Mode ref, Ref Stage 89, run, start, 9783589980484356
1787664524.142446, NoOp Chain Depth 128 Size 0 Mode ref, Ref Stage 89, run, end, 9783589980505172
1787664524.142460, NoOp Chain Depth 128 Size 0 Mode ref, Ref Stage 90, run, start, 9783589980519636
1787664524.142481, NoOp Chain Depth 128 Size 0 Mode ref, Ref Stage 90, run, end, 9783589980540052
1787664524.142495, NoOp Chain Depth 128 Size 0 Mode ref, Ref Stage 91, run, start, 9783589980554484
1787664524.142519, NoOp Chain Depth 128 Size 0 Mode ref, Ref Stage 91, run, end, 9783589980577860
1787664524.142641, NoOp Chain Depth 128 Size 0 Mode ref, Ref Stage 92, run, start, 9783589980700004
1787664524.142664, NoOp Chain Depth 128 Size 0 Mode ref, Ref Stage 92, run, end, 9783589980723124
1787664524.142678, NoOp Chain Depth 128 Size 0 Mode ref, Ref Stage 93, run, start, 9783589980737940
1787664524.142699, NoOp Chain Depth 128 Size 0 Mode ref, Ref Stage 93, run, end, 9783589980758708
1787664524.142714, NoOp Chain Depth 128 Size 0 Mode ref, Ref Stage 94, run, start, 9783589980773236
1787664524.142735, NoOp Chain Depth 128 Size 0 Mode ref, Ref Stage 94, run, end, 9783589980793940
1787664524.142749, NoOp Chain Depth 128 Size 0 Mode ref, Ref Stage 95, run, start, 9783589980808260
1787664524.142771, NoOp Chain Depth 128 Size 0 Mode ref, Ref Stage 95, run, end, 9783589980830644
1787664524.142783, NoOp Chain Depth 128 Size 0 Mode ref, Ref Stage 96, run, start, 9783589980842308
1787664524.142814, NoOp Chain Depth 128 Size 0 Mode ref, Ref Stage 96, run, end, 9783589980873444
1787664524.142828, NoOp Chain Depth 128 Size 0 Mode ref, Ref Stage 97, run, start, 9783589980887844
1787664524.142853, NoOp Chain Depth 128 Size 0 Mode ref, Ref Stage 97, run, end, 9783589980912196
1787664524.142864, NoOp Chain Depth 128 Size 0 Mode ref, Ref Stage 98, run, start, 9783589980923828
1787664524.142895, NoOp Chain Depth 128 Size 0 Mode ref, Ref Stage 98, run, end, 9783589980954500
1787664524.142910, NoOp Chain Depth 128 Size 0 Mode ref, Ref Stage 99, run, start, 9783589980968964
1787664524.142932, NoOp Chain Depth 128 Size 0 Mode ref, Ref Stage 99, run, end, 9783589980991092
1787664524.142948, NoOp Chain Depth 128 Size 0 Mode ref, Ref Stage 100, run, start, 9783589981007220
1787664524.142970, NoOp Chain Depth 128 Size 0 Mode ref, Ref Stage 100, run, end, 9783589981029156
1787664524.142984, NoOp Chain Depth 128 Size 0 Mode ref, Ref Stage 101, run, start, 9783589981043652
1787664524.143005, NoOp Chain Depth 128 Size 0 Mode ref, Ref Stage 101, run, end, 9783589981064260
1787664524.143022, NoOp Chain Depth 128 Size 0 Mode ref, Ref Stage 102, run, start, 9783589981081060
1787664524.143042, NoOp Chain Depth 128 Size 0 Mode ref, Ref Stage 102, run, end, 9783589981101684
1787664524.143057, NoOp Chain Depth 128 Size 0 Mode ref, Ref Stage 103, run, start, 9783589981115972
1787664524.143079, NoOp Chain Depth 128 Size 0 Mode ref, Ref Stage 103, run, end, 9783589981138180
1787664524.143090, NoOp Chain Depth 128 Size 0 Mode ref, Ref Stage 104, run, start, 9783589981149812
1787664524.143123, NoOp Chain Depth 128 Size 0 Mode ref, Ref Stage 104, run, end, 9783589981181988
1787664524.143134, NoOp Chain Depth 128 Size 0 Mode ref, Ref Stage 105, run, start, 9783589981193668
1787664524.143165, NoOp Chain Depth 128 Size 0 Mode ref, Ref Stage 105, run, end, 9783589981223988
1787664524.143181, NoOp Chain Depth 128 Size 0 Mode ref, Ref Stage 106, run, start, 9783589981239716
1787664524.143201, NoOp Chain Depth 128 Size 0 Mode ref, Ref Stage 106, run, end, 9783589981260388
1787664524.143218, NoOp Chain Depth 128 Size 0 Mode ref, Ref Stage 107, run, start, 9783589981277604
1787664524.143244, NoOp Chain Depth 128 Size 0 Mode ref, Ref Stage 107, run, end, 9783589981302996
1787664524.143258, NoOp Chain Depth 128 Size 0 Mode ref, Ref Stage 108, run, start, 9783589981317476
1787664524.143279, NoOp Chain Depth 128 Size 0 Mode ref, Ref Stage 108, run, end, 9783589981338532
1787664524.143294, NoOp Chain Depth 128 Size 0 Mode ref, Ref Stage 109, run, start, 9783589981353252
1787664524.143315, NoOp Chain Depth 128 Size 0 Mode ref, Ref Stage 109, run, end, 9783589981374516
1787664524.143330, NoOp Chain Depth 128 Size 0 Mode ref, Ref Stage 110, run, start, 9783589981388948
1787664524.143422, NoOp Chain Depth 128 Size 0 Mode ref, Ref Stage 110, run, end, 9783589981482244
1787664524.143439, NoOp Chain Depth 128 Size 0 Mode ref, Ref Stage 111, run, start, 9783589981498436
1787664524.143461, NoOp Chain Depth 128 Size 0 Mode ref, Ref Stage 111, run, end, 9783589981519940
1787664524.143475, NoOp Chain Depth 128 Size 0 Mode ref, Ref Stage 112, run, start, 9783589981534340
1787664524.143497, NoOp Chain Depth 128 Size 0 Mode ref, Ref Stage 112, run, end, 9783589981556244
1787664524.143514, NoOp Chain Depth 128 Size 0 Mode ref, Ref Stage 113, run, start, 9783589981572916
1787664524.143536, NoOp Chain Depth 128 Size 0 Mode ref, Ref Stage 113, run, end, 9783589981594836
1787664524.143550, NoOp Chain Depth 128 Size 0 Mode ref, Ref Stage 114, run, start, 9783589981609172
1787664524.143570, NoOp Chain Depth 128 Size 0 Mode ref, Ref Stage 114, run, end, 9783589981629668
1787664524.143586, NoOp Chain Depth 128 Size 0 Mode ref, Ref Stage 115, run, start, 9783589981645492
1787664524.143607, NoOp Chain Depth 128 Size 0 Mode ref, Ref Stage 115, run, end, 9783589981666148
1787664524.143621, NoOp Chain Depth 128 Size 0 Mode ref, Ref Stage 116, run, start, 9783589981680500
1787664524.143644, NoOp Chain Depth 128 Size 0 Mode ref, Ref Stage 116, run, end, 9783589981702963
1787664524.145292, NoOp Chain Depth 128 Size 0 Mode ref, Ref Stage 117, run, start, 9783589983352898
1787664524.145319, NoOp Chain Depth 128 Size 0 Mode ref, Ref Stage 117, run, end, 9783589983378882
1787664524.145335, NoOp Chain Depth 128 Size 0 Mode ref, Ref Stage 118, run, start, 9783589983394130
1787664524.145356, NoOp Chain Depth 128 Size 0 Mode ref, Ref Stage 118, run, end, 9783589983415442
1787664524.145371, NoOp Chain Depth 128 Size 0 Mode ref, Ref Stage 119, run, start, 9783589983429970
1787664524.145392, NoOp Chain Depth 128 Size 0 Mode ref, Ref Stage 119, run, end, 9783589983450818
1787664524.145406, NoOp Chain Depth 128 Size 0 Mode ref, Ref Stage 120, run, start, 9783589983465170
1787664524.145427, NoOp Chain Depth 128 Size 0 Mode ref, Ref Stage 120, run, end, 9783589983485826
1787664524.145441, NoOp Chain Depth 128 Size 0 Mode ref, Ref Stage 121, run, start, 9783589983500194
1787664524.145463, NoOp Chain Depth 128 Size 0 Mode ref, Ref Stage 121, run, end, 9783589983522594
1787664524.145475, NoOp Chain Depth 128 Size 0 Mode ref, Ref Stage 122, run, start, 9783589983534434
1787664524.145506, NoOp Chain Depth 128 Size 0 Mode ref, Ref Stage 122, run, end, 9783589983565218
1787664524.145520, NoOp Chain Depth 128 Size 0 Mode ref, Ref Stage 123, run, start, 9783589983579426
1787664524.145541, NoOp Chain Depth 128 Size 0 Mode ref, Ref Stage 123, run, end, 9783589983600178
1787664524.145555, NoOp Chain Depth 128 Size 0 Mode ref, Ref Stage 124, run, start, 9783589983614402
1787664524.145576, NoOp Chain Depth 128 Size 0 Mode ref, Ref Stage 124, run, end, 9783589983635234
1787664524.145590, NoOp Chain Depth 128 Size 0 Mode ref, Ref Stage 125, run, start, 9783589983649410
1787664524.145611, NoOp Chain Depth 128 Size 0 Mode ref, Ref Stage 125, run, end, 9783589983669922
1787664524.145625, NoOp Chain Depth 128 Size 0 Mode ref, Ref Stage 126, run, start, 9783589983684178
1787664524.145645, NoOp Chain Depth 128 Size 0 Mode ref, Ref Stage 126, run, end, 9783589983704530
1787664524.145660, NoOp Chain Depth 128 Size 0 Mode ref, Ref Stage 127, run, start, 9783589983719154
1787664524.145680, NoOp Chain Depth 128 Size 0 Mode ref, Ref Stage 127, run, end, 9783589983739650
1787664524.145696, NoOp Chain Depth 128 Size 0 Mode ref, pipeline - train, run, end, 233599938379188033009947458796190436274, 1787664524.136855, 60, 1, 9783589983755458
1787664524.145732, NoOp Chain Depth 128 Size 0 Mode ref, pipeline - train, run, start, 19214093647971472566890443847570588695, 1787664524.145721, 61, 1, 9783589983791794
1787664524.145755, NoOp Chain Depth 128 Size 0 Mode ref, Ref Stage 0, run, start, 9783589983814098
1787664524.145777, NoOp Chain Depth 128 Size 0 Mode ref, Ref Stage 0, run, end, 9783589983836722
1787664524.145789, NoOp Chain Depth 128 Size 0 Mode ref, Ref Stage 1, run, start, 9783589983848386
1787664524.145820, NoOp Chain Depth 128 Size 0 Mode ref, Ref Stage 1, run, end, 9783589983879330
1787664524.145834, NoOp Chain Depth 128 Size 0 Mode ref, Ref Stage 2, run, start, 9783589983893794
1787664524.145856, NoOp Chain Depth 128 Size 0 Mode ref, Ref Stage 2, run, end, 9783589983915058
1787664524.145870, NoOp Chain Depth 128 Size 0 Mode ref, Ref Stage 3, run, start, 9783589983929602
1787664524.145893, NoOp Chain Depth 128 Size 0 Mode ref, Ref Stage 3, run, end, 9783589983952258
1787664524.145910, NoOp Chain Depth 128 Size 0 Mode ref, Ref Stage 4, run, start, 9783589983968834
1787664524.145931, NoOp Chain Depth 128 Size 0 Mode ref, Ref Stage 4, run, end, 9783589983989794
1787664524.145947, NoOp Chain Depth 128 Size 0 Mode ref, Ref Stage 5, run, start, 9783589984006258
1787664524.145969, NoOp Chain Depth 128 Size 0 Mode ref, Ref Stage 5, run, end, 9783589984027730
1787664524.145983, NoOp Chain Depth 128 Size 0 Mode ref, Ref Stage 6, run, start, 9783589984041874
1787664524.146003, NoOp Chain Depth 128 Size 0 Mode ref, Ref Stage 6, run, end, 9783589984062290
1787664524.146018, NoOp Chain Depth 128 Size 0 Mode ref, Ref Stage 7, run, start, 9783589984076642
1787664524.146038, NoOp Chain Depth 128 Size 0 Mode ref, Ref Stage 7, run, end, 9783589984097346
1787664524.146053, NoOp Chain Depth 128 Size 0 Mode ref, Ref Stage 8, run, start, 9783589984112354
1787664524.146076, NoOp Chain Depth 128 Size 0 Mode ref, Ref Stage 8, run, end, 9783589984135282
1787664524.146091, NoOp Chain Depth 128 Size 0 Mode ref, Ref Stage 9, run, start, 9783589984150834
1787664524.146114, NoOp Chain Depth 128 Size 0 Mode ref, Ref Stage 9, run, end, 9783589984173266
1787664524.146126, NoOp Chain Depth 128 Size 0 Mode ref, Ref Stage 10, run, start, 9783589984185186
1787664524.146216, NoOp Chain Depth 128 Size 0 Mode ref, Ref Stage 10, run, end, 9783589984275682
1787664524.146333, NoOp Chain Depth 128 Size 0 Mode ref, Ref Stage 11, run, start, 9783589984391938
1787664524.146355, NoOp Chain Depth 128 Size 0 Mode ref, Ref Stage 11, run, end, 9783589984414306
1787664524.146369, NoOp Chain Depth 128 Size 0 Mode ref, Ref Stage 12, run, start, 9783589984428978
1787664524.146391, NoOp Chain Depth 128 Size 0 Mode ref, Ref Stage 12, run, end, 9783589984450018
1787664524.146405, NoOp Chain Depth 128 Size 0 Mode ref, Ref Stage 13, run, start, 9783589984464514
1787664524.146426, NoOp Chain Depth 128 Size 0 Mode ref, Ref Stage 13, run, end, 9783589984485490
1787664524.146441, NoOp Chain Depth 128 Size 0 Mode ref, Ref Stage 14, run, start, 9783589984499762
1787664524.146461, NoOp Chain Depth 128 Size 0 Mode ref, Ref Stage 14, run, end, 9783589984520482
1787664524.146476, NoOp Chain Depth 128 Size 0 Mode ref, Ref Stage 15, run, start, 9783589984534786
1787664524.146496, NoOp Chain Depth 128 Size 0 Mode ref, Ref Stage 15, run, end, 9783589984555778
1787664524.146511, NoOp Chain Depth 128 Size 0 Mode ref, Ref Stage 16, run, start, 9783589984570322
1787664524.146532, NoOp Chain Depth 128 Size 0 Mode ref, Ref Stage 16, run, end, 9783589984591314
1787664524.146547, NoOp Chain Depth 128 Size 0 Mode ref, Ref Stage 17, run, start, 9783589984605922
1787664524.146567, NoOp Chain Depth 128 Size 0 Mode ref, Ref Stage 17, run, end, 9783589984626658
1787664524.146582, NoOp Chain Depth 128 Size 0 Mode ref, Ref Stage 18, run, start, 9783589984641106
1787664524.146605, NoOp Chain Depth 128 Size 0 Mode ref, Ref Stage 18, run, end, 9783589984663842
1787664524.146620, NoOp Chain Depth 128 Size 0 Mode ref, Ref Stage 19, run, start, 9783589984679266
1787664524.146642, NoOp Chain Depth 128 Size 0 Mode ref, Ref Stage 19, run, end, 9783589984701426
1787664524.146658, NoOp Chain Depth 128 Size 0 Mode ref, Ref Stage 20, run, start, 9783589984717186
1787664524.146681, NoOp Chain Depth 128 Size 0 Mode ref, Ref Stage 20, run, end, 9783589984740642
1787664524.146696, NoOp Chain Depth 128 Size 0 Mode ref, Ref Stage 21, run, start, 9783589984755042
1787664524.146717, NoOp Chain Depth 128 Size 0 Mode ref, Ref Stage 21, run, end, 9783589984775730
1787664524.146732, NoOp Chain Depth 128 Size 0 Mode ref, Ref Stage 22, run, start, 9783589984790882
1787664524.146753, NoOp Chain Depth 128 Size 0 Mode ref, Ref Stage 22, run, end, 9783589984811953
1787664524.146767, NoOp Chain Depth 128 Size 0 Mode ref, Ref Stage 23, run, start, 9783589984826369
1787664524.146789, NoOp Chain Depth 128 Size 0 Mode ref, Ref Stage 23, run, end, 9783589984848593
1787664524.146801, NoOp Chain Depth 128 Size 0 Mode ref, Ref Stage 24, run, start, 9783589984860289
1787664524.147236, NoOp Chain Depth 128 Size 0 Mode ref, Ref Stage 24, run, end, 9783589985296321
1787664524.147354, NoOp Chain Depth 128 Size 0 Mode ref, Ref Stage 25, run, start, 9783589985413761
1787664524.147377, NoOp Chain Depth 128 Size 0 Mode ref, Ref Stage 25, run, end, 9783589985436161
1787664524.147392, NoOp Chain Depth 128 Size 0 Mode ref, Ref Stage 26, run, start, 9783589985451041
1787664524.147413, NoOp Chain Depth 128 Size 0 Mode ref, Ref Stage 26, run, end, 9783589985472065
1787664524.147427, NoOp Chain Depth 128 Size 0 Mode ref, Ref Stage 27, run, start, 9783589985486529
1787664524.147448, NoOp Chain Depth 128 Size 0 Mode ref, Ref Stage 27, run, end, 9783589985507521
1787664524.147462, NoOp Chain Depth 128 Size 0 Mode ref, Ref Stage 28, run, start, 9783589985521761
1787664524.147483, NoOp Chain Depth 128 Size 0 Mode ref, Ref Stage 28, run, end, 9783589985542433
1787664524.147497, NoOp Chain Depth 128 Size 0 Mode ref, Ref Stage 29, run, start, 9783589985556577
1787664524.147518, NoOp Chain Depth 128 Size 0 Mode ref, Ref Stage 29, run, end, 9783589985577345
1787664524.147532, NoOp Chain Depth 128 Size 0 Mode ref, Ref Stage 30, run, start, 9783589985591777
1787664524.147553, NoOp Chain Depth 128 Size 0 Mode ref, Ref Stage 30, run, end, 9783589985612577
1787664524.147568, NoOp Chain Depth 128 Size 0 Mode ref, Ref Stage 31, run, start, 9783589985627729
1787664524.147594, NoOp Chain Depth 128 Size 0 Mode ref, Ref Stage 31, run, end, 9783589985653761
1787664524.147609, NoOp Chain Depth 128 Size 0 Mode ref, Ref Stage 32, run, start, 9783589985668321
1787664524.147630, NoOp Chain Depth 128 Size 0 Mode ref, Ref Stage 32, run, end, 9783589985689089
1787664524.147645, NoOp Chain Depth 128 Size 0 Mode ref, Ref Stage 33, run, start, 9783589985703617
1787664524.147667, NoOp Chain Depth 128 Size 0 Mode ref, Ref Stage 33, run, end, 9783589985725985
1787664524.147678, NoOp Chain Depth 128 Size 0 Mode ref, Ref Stage 34, run, start, 9783589985737633
1787664524.149271, NoOp Chain Depth 128 Size 0 Mode ref, Ref Stage 34, run, end, 9783589987331680
1787664524.149289, NoOp Chain Depth 128 Size 0 Mode ref, Ref Stage 35, run, start, 9783589987348208
1787664524.149311, NoOp Chain Depth 128 Size 0 Mode ref, Ref Stage 35, run, end, 9783589987369952
1787664524.149325, NoOp Chain Depth 128 Size 0 Mode ref, Ref Stage 36, run, start, 9783589987384624
1787664524.149347, NoOp Chain Depth 128 Size 0 Mode ref, Ref Stage 36, run, end, 9783589987405664
1787664524.149361, NoOp Chain Depth 128 Size 0 Mode ref, Ref Stage 37, run, start, 9783589987420512
1787664524.149382, NoOp Chain Depth 128 Size 0 Mode ref, Ref Stage 37, run, end, 9783589987441152
1787664524.149396, NoOp Chain Depth 128 Size 0 Mode ref, Ref Stage 38, run, start, 9783589987455584
1787664524.149419, NoOp Chain Depth 128 Size 0 Mode ref, Ref Stage 38, run, end, 9783589987478160
1787664524.149431, NoOp Chain Depth 128 Size 0 Mode ref, Ref Stage 39, run, start, 9783589987489840
1787664524.149462, NoOp Chain Depth 128 Size 0 Mode ref, Ref Stage 39, run, end, 9783589987520880
1787664524.149476, NoOp Chain Depth 128 Size 0 Mode ref, Ref Stage 40, run, start, 9783589987535472
1787664524.149497, NoOp Chain Depth 128 Size 0 Mode ref, Ref Stage 40, run, end, 9783589987556048
1787664524.149511, NoOp Chain Depth 128 Size 0 Mode ref, Ref Stage 41, run, start, 9783589987570416
1787664524.149532, NoOp Chain Depth 128 Size 0 Mode ref, Ref Stage 41, run, end, 9783589987591008
1787664524.149546, NoOp Chain Depth 128 Size 0 Mode ref, Ref Stage 42, run, start, 9783589987605520
1787664524.149567, NoOp Chain Depth 128 Size 0 Mode ref, Ref Stage 42, run, end, 9783589987626080
1787664524.149582, NoOp Chain Depth 128 Size 0 Mode ref, Ref Stage 43, run, start, 9783589987641200
1787664524.149605, NoOp Chain Depth 128 Size 0 Mode ref, Ref Stage 43, run, end, 9783589987663776
1787664524.149616, NoOp Chain Depth 128 Size 0 Mode ref, Ref Stage 44, run, start, 9783589987675184
1787664524.149646, NoOp Chain Depth 128 Size 0 Mode ref, Ref Stage 44, run, end, 9783589987705552
1787664524.149664, NoOp Chain Depth 128 Size 0 Mode ref, Ref Stage 45, run, start, 9783589987723008
1787664524.149686, NoOp Chain Depth 128 Size 0 Mode ref, Ref Stage 45, run, end, 9783589987745136
1787664524.149698, NoOp Chain Depth 128 Size 0 Mode ref, Ref Stage 46, run, start, 9783589987756816
1787664524.149728, NoOp Chain Depth 128 Size 0 Mode ref, Ref Stage 46, run, end, 9783589987787152
1787664524.149743, NoOp Chain Depth 128 Size 0 Mode ref, Ref Stage 47, run, start, 9783589987802143
1787664524.149764, NoOp Chain Depth 128 Size 0 Mode ref, Ref Stage 47, run, end, 9783589987822735
1787664524.149778, NoOp Chain Depth 128 Size 0 Mode ref, Ref Stage 48, run, start, 9783589987837231
1787664524.149800, NoOp Chain Depth 128 Size 0 Mode ref, Ref Stage 48, run, end, 9783589987859247
1787664524.149897, NoOp Chain Depth 128 Size 0 Mode ref, Ref Stage 49, run, start, 9783589987956719
1787664524.150032, NoOp Chain Depth 128 Size 0 Mode ref, Ref Stage 49, run, end, 9783589988091743
1787664524.150048, NoOp Chain Depth 128 Size 0 Mode ref, Ref Stage 50, run, start, 9783589988107199
1787664524.150071, NoOp Chain Depth 128 Size 0 Mode ref, Ref Stage 50, run, end, 9783589988130031
1787664524.150083, NoOp Chain Depth 128 Size 0 Mode ref, Ref Stage 51, run, start, 9783589988141791
1787664524.150515, NoOp Chain Depth 128 Size 0 Mode ref, Ref Stage 51, run, end, 9783589988575055
1787664524.150532, NoOp Chain Depth 128 Size 0 Mode ref, Ref Stage 52, run, start, 9783589988591999
1787664524.150556, NoOp Chain Depth 128 Size 0 Mode ref, Ref Stage 52, run, end, 9783589988615071
1787664524.150568, NoOp Chain Depth 128 Size 0 Mode ref, Ref Stage 53, run, start, 9783589988626591
1787664524.150599, NoOp Chain Depth 128 Size 0 Mode ref, Ref Stage 53, run, end, 9783589988657791
1787664524.150613, NoOp Chain Depth 128 Size 0 Mode ref, Ref Stage 54, run, start, 9783589988672095
1787664524.150634, NoOp Chain Depth 128 Size 0 Mode ref, Ref Stage 54, run, end, 9783589988692815
1787664524.150648, NoOp Chain Depth 128 Size 0 Mode ref, Ref Stage 55, run, start, 9783589988707135
1787664524.150669, NoOp Chain Depth 128 Size 0 Mode ref, Ref Stage 55, run, end, 9783589988728015
1787664524.150683, NoOp Chain Depth 128 Size 0 Mode ref, Ref Stage 56, run, start, 9783589988742479
1787664524.150704, NoOp Chain Depth 128 Size 0 Mode ref, Ref Stage 56, run, end, 9783589988763295
1787664524.150718, NoOp Chain Depth 128 Size 0 Mode ref, Ref Stage 57, run, start, 9783589988777535
1787664524.150739, NoOp Chain Depth 128 Size 0 Mode ref, Ref Stage 57, run, end, 9783589988798191
1787664524.150753, NoOp Chain Depth 128 Size 0 Mode ref, Ref Stage 58, run, start, 9783589988812495
1787664524.150774, NoOp Chain Depth 128 Size 0 Mode ref, Ref Stage 58, run, end, 9783589988833391
1787664524.150789, NoOp Chain Depth 128 Size 0 Mode ref, Ref Stage 59, run, start, 9783589988847999
1787664524.150812, NoOp Chain Depth 128 Size 0 Mode ref, Ref Stage 59, run, end, 9783589988872591
1787664524.150828, NoOp Chain Depth 128 Size 0 Mode ref, Ref Stage 60, run, start, 9783589988887343
1787664524.150849, NoOp Chain Depth 128 Size 0 Mode ref, Ref Stage 60, run, end, 9783589988908079
1787664524.150863, NoOp Chain Depth 128 Size 0 Mode ref, Ref Stage 61, run, start, 9783589988922543
1787664524.150887, NoOp Chain Depth 128 Size 0 Mode ref, Ref Stage 61, run, end, 9783589988946143
1787664524.150902, NoOp Chain Depth 128 Size 0 Mode ref, Ref Stage 62, run, start, 9783589988960879
1787664524.150924, NoOp Chain Depth 128 Size 0 Mode ref, Ref Stage 62, run, end, 9783589988982911
1787664524.150939, NoOp Chain Depth 128 Size 0 Mode ref, Ref Stage 63, run, start, 9783589988998095
1787664524.150962, NoOp Chain Depth 128 Size 0 Mode ref, Ref Stage 63, run, end, 9783589989021791
1787664524.150977, NoOp Chain Depth 128 Size 0 Mode ref, Ref Stage 64, run, start, 9783589989036223
1787664524.150998, NoOp Chain Depth 128 Size 0 Mode ref, Ref Stage 64, run, end, 9783589989056863
1787664524.151013, NoOp Chain Depth 128 Size 0 Mode ref, Ref Stage 65, run, start, 9783589989072671
1787664524.151034, NoOp Chain Depth 128 Size 0 Mode ref, Ref Stage 65, run, end, 9783589989093327
1787664524.151051, NoOp Chain Depth 128 Size 0 Mode ref, Ref Stage 66, run, start, 9783589989109663
1787664524.151071, NoOp Chain Depth 128 Size 0 Mode ref, Ref Stage 66, run, end, 9783589989130479
1787664524.151087, NoOp Chain Depth 128 Size 0 Mode ref, Ref Stage 67, run, start, 9783589989145775
1787664524.151107, NoOp Chain Depth 128 Size 0 Mode ref, Ref Stage 67, run, end, 9783589989166543
1787664524.151122, NoOp Chain Depth 128 Size 0 Mode ref, Ref Stage 68, run, start, 9783589989180975
1787664524.151142, NoOp Chain Depth 128 Size 0 Mode ref, Ref Stage 68, run, end, 9783589989201455
1787664524.151156, NoOp Chain Depth 128 Size 0 Mode ref, Ref Stage 69, run, start, 9783589989215903
1787664524.151179, NoOp Chain Depth 128 Size 0 Mode ref, Ref Stage 69, run, end, 9783589989237839
1787664524.151193, NoOp Chain Depth 128 Size 0 Mode ref, Ref Stage 70, run, start, 9783589989252255
1787664524.151219, NoOp Chain Depth 128 Size 0 Mode ref, Ref Stage 70, run, end, 9783589989278591
1787664524.151234, NoOp Chain Depth 128 Size 0 Mode ref, Ref Stage 71, run, start, 9783589989293087
1787664524.151254, NoOp Chain Depth 128 Size 0 Mode ref, Ref Stage 71, run, end, 9783589989313711
1787664524.151269, NoOp Chain Depth 128 Size 0 Mode ref, Ref Stage 72, run, start, 9783589989327951
1787664524.151291, NoOp Chain Depth 128 Size 0 Mode ref, Ref Stage 72, run, end, 9783589989350255
1787664524.151302, NoOp Chain Depth 128 Size 0 Mode ref, Ref Stage 73, run, start, 9783589989361806
1787664524.151334, NoOp Chain Depth 128 Size 0 Mode ref, Ref Stage 73, run, end, 9783589989393726
1787664524.151350, NoOp Chain Depth 128 Size 0 Mode ref, Ref Stage 74, run, start, 9783589989409614
1787664524.151371, NoOp Chain Depth 128 Size 0 Mode ref, Ref Stage 74, run, end, 9783589989430382
1787664524.151386, NoOp Chain Depth 128 Size 0 Mode ref, Ref Stage 75, run, start, 9783589989444830
1787664524.151407, NoOp Chain Depth 128 Size 0 Mode ref, Ref Stage 75, run, end, 9783589989466478
1787664524.151422, NoOp Chain Depth 128 Size 0 Mode ref, Ref Stage 76, run, start, 9783589989480734
1787664524.151443, NoOp Chain Depth 128 Size 0 Mode ref, Ref Stage 76, run, end, 9783589989502686
1787664524.151458, NoOp Chain Depth 128 Size 0 Mode ref, Ref Stage 77, run, start, 9783589989516846
1787664524.151478, NoOp Chain Depth 128 Size 0 Mode ref, Ref Stage 77, run, end, 9783589989537470
1787664524.151493, NoOp Chain Depth 128 Size 0 Mode ref, Ref Stage 78, run, start, 9783589989551966
1787664524.151515, NoOp Chain Depth 128 Size 0 Mode ref, Ref Stage 78, run, end, 9783589989574094
1787664524.151529, NoOp Chain Depth 128 Size 0 Mode ref, Ref Stage 79, run, start, 9783589989588350
1787664524.151549, NoOp Chain Depth 128 Size 0 Mode ref, Ref Stage 79, run, end, 9783589989608814
1787664524.151564, NoOp Chain Depth 128 Size 0 Mode ref, Ref Stage 80, run, start, 9783589989623086
1787664524.151584, NoOp Chain Depth 128 Size 0 Mode ref, Ref Stage 80, run, end, 9783589989643454
1787664524.151601, NoOp Chain Depth 128 Size 0 Mode ref, Ref Stage 81, run, start, 9783589989660014
1787664524.151621, NoOp Chain Depth 128 Size 0 Mode ref, Ref Stage 81, run, end, 9783589989680686
1787664524.151636, NoOp Chain Depth 128 Size 0 Mode ref, Ref Stage 82, run, start, 9783589989694990
1787664524.151658, NoOp Chain Depth 128 Size 0 Mode ref, Ref Stage 82, run, end, 9783589989716750
1787664524.151672, NoOp Chain Depth 128 Size 0 Mode ref, Ref Stage 83, run, start, 9783589989731118
1787664524.151692, NoOp Chain Depth 128 Size 0 Mode ref, Ref Stage 83, run, end, 9783589989751502
1787664524.151706, NoOp Chain Depth 128 Size 0 Mode ref, Ref Stage 84, run, start, 9783589989765598
1787664524.151727, NoOp Chain Depth 128 Size 0 Mode ref, Ref Stage 84, run, end, 9783589989786382
1787664524.151743, NoOp Chain Depth 128 Size 0 Mode ref, Ref Stage 85, run, start, 9783589989802046
1787664524.154957, NoOp Chain Depth 128 Size 0 Mode ref, Ref Stage 85, run, end, 9783589993017324
1787664524.155891, NoOp Chain Depth 128 Size 0 Mode ref, Ref Stage 86, run, start, 9783589993951419
1787664524.155925, NoOp Chain Depth 128 Size 0 Mode ref, Ref Stage 86, run, end, 9783589993984459
1787664524.155941, NoOp Chain Depth 128 Size 0 Mode ref, Ref Stage 87, run, start, 9783589994003435
1787664524.155967, NoOp Chain Depth 128 Size 0 Mode ref, Ref Stage 87, run, end, 9783589994026443
1787664524.155983, NoOp Chain Depth 128 Size 0 Mode ref, Ref Stage 88, run, start, 9783589994042347
1787664524.156005, NoOp Chain Depth 128 Size 0 Mode ref, Ref Stage 88, run, end, 9783589994064171
1787664524.156021, NoOp Chain Depth 128 Size 0 Mode ref, Ref Stage 89, run, start, 9783589994080219
1787664524.156042, NoOp Chain Depth 128 Size 0 Mode ref, Ref Stage 89, run, end, 9783589994101403
1787664524.156057, NoOp Chain Depth 128 Size 0 Mode ref, Ref Stage 90, run, start, 9783589994116139
1787664524.156078, NoOp Chain Depth 128 Size 0 Mode ref, Ref Stage 90, run, end, 9783589994137275
1787664524.156092, NoOp Chain Depth 128 Size 0 Mode ref, Ref Stage 91, run, start, 9783589994151739
1787664524.156113, NoOp Chain Depth 128 Size 0 Mode ref, Ref Stage 91, run, end, 9783589994172427
1787664524.156128, NoOp Chain Depth 128 Size 0 Mode ref, Ref Stage 92, run, start, 9783589994186955
1787664524.156148, NoOp Chain Depth 128 Size 0 Mode ref, Ref Stage 92, run, end, 9783589994207627
1787664524.156163, NoOp Chain Depth 128 Size 0 Mode ref, Ref Stage 93, run, start, 9783589994222171
1787664524.156184, NoOp Chain Depth 128 Size 0 Mode ref, Ref Stage 93, run, end, 9783589994243547
1787664524.156199, NoOp Chain Depth 128 Size 0 Mode ref, Ref Stage 94, run, start, 9783589994258203
1787664524.156220, NoOp Chain Depth 128 Size 0 Mode ref, Ref Stage 94, run, end, 9783589994279195
1787664524.156235, NoOp Chain Depth 128 Size 0 Mode ref, Ref Stage 95, run, start, 9783589994293819
1787664524.156256, NoOp Chain Depth 128 Size 0 Mode ref, Ref Stage 95, run, end, 9783589994315371
1787664524.156271, NoOp Chain Depth 128 Size 0 Mode ref, Ref Stage 96, run, start, 9783589994330219
1787664524.156292, NoOp Chain Depth 128 Size 0 Mode ref, Ref Stage 96, run, end, 9783589994351355
1787664524.156307, NoOp Chain Depth 128 Size 0 Mode ref, Ref Stage 97, run, start, 9783589994366107
1787664524.156330, NoOp Chain Depth 128 Size 0 Mode ref, Ref Stage 97, run, end, 9783589994388891
1787664524.156341, NoOp Chain Depth 128 Size 0 Mode ref, Ref Stage 98, run, start, 9783589994400667
1787664524.156372, NoOp Chain Depth 128 Size 0 Mode ref, Ref Stage 98, run, end, 9783589994431755
1787664524.156387, NoOp Chain Depth 128 Size 0 Mode ref, Ref Stage 99, run, start, 9783589994446411
1787664524.156408, NoOp Chain Depth 128 Size 0 Mode ref, Ref Stage 99, run, end, 9783589994467003
1787664524.156422, NoOp Chain Depth 128 Size 0 Mode ref, Ref Stage 100, run, start, 9783589994481499
1787664524.156443, NoOp Chain Depth 128 Size 0 Mode ref, Ref Stage 100, run, end, 9783589994502411
1787664524.156457, NoOp Chain Depth 128 Size 0 Mode ref, Ref Stage 101, run, start, 9783589994516747
1787664524.156478, NoOp Chain Depth 128 Size 0 Mode ref, Ref Stage 101, run, end, 9783589994537819
1787664524.156493, NoOp Chain Depth 128 Size 0 Mode ref, Ref Stage 102, run, start, 9783589994552331
1787664524.156514, NoOp Chain Depth 128 Size 0 Mode ref, Ref Stage 102, run, end, 9783589994573307
1787664524.156529, NoOp Chain Depth 128 Size 0 Mode ref, Ref Stage 103, run, start, 9783589994588555
1787664524.156552, NoOp Chain Depth 128 Size 0 Mode ref, Ref Stage 103, run, end, 9783589994611307
1787664524.156564, NoOp Chain Depth 128 Size 0 Mode ref, Ref Stage 104, run, start, 9783589994622827
1787664524.156596, NoOp Chain Depth 128 Size 0 Mode ref, Ref Stage 104, run, end, 9783589994655387
1787664524.156608, NoOp Chain Depth 128 Size 0 Mode ref, Ref Stage 105, run, start, 9783589994667243
1787664524.156639, NoOp Chain Depth 128 Size 0 Mode ref, Ref Stage 105, run, end, 9783589994697835
1787664524.156653, NoOp Chain Depth 128 Size 0 Mode ref, Ref Stage 106, run, start, 9783589994712091
1787664524.156673, NoOp Chain Depth 128 Size 0 Mode ref, Ref Stage 106, run, end, 9783589994732443
1787664524.156689, NoOp Chain Depth 128 Size 0 Mode ref, Ref Stage 107, run, start, 9783589994748427
1787664524.156710, NoOp Chain Depth 128 Size 0 Mode ref, Ref Stage 107, run, end, 9783589994769227
1787664524.156724, NoOp Chain Depth 128 Size 0 Mode ref, Ref Stage 108, run, start, 9783589994783563
1787664524.156745, NoOp Chain Depth 128 Size 0 Mode ref, Ref Stage 108, run, end, 9783589994804251
1787664524.156760, NoOp Chain Depth 128 Size 0 Mode ref, Ref Stage 109, run, start, 9783589994819083
1787664524.156781, NoOp Chain Depth 128 Size 0 Mode ref, Ref Stage 109, run, end, 9783589994840219
1787664524.156795, NoOp Chain Depth 128 Size 0 Mode ref, Ref Stage 110, run, start, 9783589994854555
1787664524.156816, NoOp Chain Depth 128 Size 0 Mode ref, Ref Stage 110, run, end, 9783589994875291
1787664524.156830, NoOp Chain Depth 128 Size 0 Mode ref, Ref Stage 111, run, start, 9783589994889419
1787664524.156851, NoOp Chain Depth 128 Size 0 Mode ref, Ref Stage 111, run, end, 9783589994910219
1787664524.156865, NoOp Chain Depth 128 Size 0 Mode ref, Ref Stage 112, run, start, 9783589994924587
1787664524.156886, NoOp Chain Depth 128 Size 0 Mode ref, Ref Stage 112, run, end, 9783589994945035
1787664524.156901, NoOp Chain Depth 128 Size 0 Mode ref, Ref Stage 113, run, start, 9783589994960699
1787664524.156924, NoOp Chain Depth 128 Size 0 Mode ref, Ref Stage 113, run, end, 9783589994983035
1787664524.156935, NoOp Chain Depth 128 Size 0 Mode ref, Ref Stage 114, run, start, 9783589994994507
1787664524.156968, NoOp Chain Depth 128 Size 0 Mode ref, Ref Stage 114, run, end, 9783589995027771
1787664524.156983, NoOp Chain Depth 128 Size 0 Mode ref, Ref Stage 115, run, start, 9783589995042699
1787664524.157006, NoOp Chain Depth 128 Size 0 Mode ref, Ref Stage 115, run, end, 9783589995064699
1787664524.157017, NoOp Chain Depth 128 Size 0 Mode ref, Ref Stage 116, run, start, 9783589995076091
1787664524.157297, NoOp Chain Depth 128 Size 0 Mode ref, Ref Stage 116, run, end, 9783589995357226
1787664524.157421, NoOp Chain Depth 128 Size 0 Mode ref, Ref Stage 117, run, start, 9783589995481066
1787664524.157444, NoOp Chain Depth 128 Size 0 Mode ref, Ref Stage 117, run, end, 9783589995503562
1787664524.157459, NoOp Chain Depth 128 Size 0 Mode ref, Ref Stage 118, run, start, 9783589995518458
1787664524.157480, NoOp Chain Depth 128 Size 0 Mode ref, Ref Stage 118, run, end, 9783589995539322
1787664524.157495, NoOp Chain Depth 128 Size 0 Mode ref, Ref Stage 119, run, start, 9783589995553930
1787664524.157516, NoOp Chain Depth 128 Size 0 Mode ref, Ref Stage 119, run, end, 9783589995574762
1787664524.157530, NoOp Chain Depth 128 Size 0 Mode ref, Ref Stage 120, run, start, 9783589995589290
1787664524.157551, NoOp Chain Depth 128 Size 0 Mode ref, Ref Stage 120, run, end, 9783589995610250
1787664524.157565, NoOp Chain Depth 128 Size 0 Mode ref, Ref Stage 121, run, start, 9783589995624426
1787664524.157586, NoOp Chain Depth 128 Size 0 Mode ref, Ref Stage 121, run, end, 9783589995645226
1787664524.157600, NoOp Chain Depth 128 Size 0 Mode ref, Ref Stage 122, run, start, 9783589995659770
1787664524.157621, NoOp Chain Depth 128 Size 0 Mode ref, Ref Stage 122, run, end, 9783589995680506
1787664524.157636, NoOp Chain Depth 128 Size 0 Mode ref, Ref Stage 123, run, start, 9783589995694746
1787664524.157656, NoOp Chain Depth 128 Size 0 Mode ref, Ref Stage 123, run, end, 9783589995715322
1787664524.157671, NoOp Chain Depth 128 Size 0 Mode ref, Ref Stage 124, run, start, 9783589995729914
1787664524.157691, NoOp Chain Depth 128 Size 0 Mode ref, Ref Stage 124, run, end, 9783589995750490
1787664524.157706, NoOp Chain Depth 128 Size 0 Mode ref, Ref Stage 125, run, start, 9783589995764746
1787664524.157726, NoOp Chain Depth 128 Size 0 Mode ref, Ref Stage 125, run, end, 9783589995785514
1787664524.157741, NoOp Chain Depth 128 Size 0 Mode ref, Ref Stage 126, run, start, 9783589995800058
1787664524.157761, NoOp Chain Depth 128 Size 0 Mode ref, Ref Stage 126, run, end, 9783589995820650
1787664524.157776, NoOp Chain Depth 128 Size 0 Mode ref, Ref Stage 127, run, start, 9783589995835594
1787664524.157799, NoOp Chain Depth 128 Size 0 Mode ref, Ref Stage 127, run, end, 9783589995858602
1787664524.157814, NoOp Chain Depth 128 Size 0 Mode ref, pipeline - train, run, end, 19214093647971472566890443847570588695, 1787664524.145721, 61, 1, 9783589995873786
1787664524.157851, NoOp Chain Depth 128 Size 0 Mode ref, pipeline - train, run, start, 6648338630340808549695626616552761011, 1787664524.157840, 62, 1, 9783589995910074
1787664524.157874, NoOp Chain Depth 128 Size 0 Mode ref, Ref Stage 0, run, start, 9783589995933738
1787664524.157896, NoOp Chain Depth 128 Size 0 Mode ref, Ref Stage 0, run, end, 9783589995954858
1787664524.157910, NoOp Chain Depth 128 Size 0 Mode ref, Ref Stage 1, run, start, 9783589995969482
1787664524.157931, NoOp Chain Depth 128 Size 0 Mode ref, Ref Stage 1, run, end, 9783589995990426
1787664524.157947, NoOp Chain Depth 128 Size 0 Mode ref, Ref Stage 2, run, start, 9783589996006666
1787664524.157971, NoOp Chain Depth 128 Size 0 Mode ref, Ref Stage 2, run, end, 9783589996030474
1787664524.157983, NoOp Chain Depth 128 Size 0 Mode ref, Ref Stage 3, run, start, 9783589996042234
1787664524.158014, NoOp Chain Depth 128 Size 0 Mode ref, Ref Stage 3, run, end, 9783589996072922
1787664524.158028, NoOp Chain Depth 128 Size 0 Mode ref, Ref Stage 4, run, start, 9783589996087322
1787664524.158049, NoOp Chain Depth 128 Size 0 Mode ref, Ref Stage 4, run, end, 9783589996108010
1787664524.158063, NoOp Chain Depth 128 Size 0 Mode ref, Ref Stage 5, run, start, 9783589996122442
1787664524.158084, NoOp Chain Depth 128 Size 0 Mode ref, Ref Stage 5, run, end, 9783589996143226
1787664524.158099, NoOp Chain Depth 128 Size 0 Mode ref, Ref Stage 6, run, start, 9783589996158490
1787664524.158120, NoOp Chain Depth 128 Size 0 Mode ref, Ref Stage 6, run, end, 9783589996179210
1787664524.158134, NoOp Chain Depth 128 Size 0 Mode ref, Ref Stage 7, run, start, 9783589996193594
1787664524.158158, NoOp Chain Depth 128 Size 0 Mode ref, Ref Stage 7, run, end, 9783589996217146
1787664524.158173, NoOp Chain Depth 128 Size 0 Mode ref, Ref Stage 8, run, start, 9783589996231962
1787664524.158194, NoOp Chain Depth 128 Size 0 Mode ref, Ref Stage 8, run, end, 9783589996253098
1787664524.158210, NoOp Chain Depth 128 Size 0 Mode ref, Ref Stage 9, run, start, 9783589996268730
1787664524.158231, NoOp Chain Depth 128 Size 0 Mode ref, Ref Stage 9, run, end, 9783589996289722
1787664524.158245, NoOp Chain Depth 128 Size 0 Mode ref, Ref Stage 10, run, start, 9783589996304202
1787664524.158657, NoOp Chain Depth 128 Size 0 Mode ref, Ref Stage 10, run, end, 9783589996716970
1787664524.158784, NoOp Chain Depth 128 Size 0 Mode ref, Ref Stage 11, run, start, 9783589996843354
1787664524.158808, NoOp Chain Depth 128 Size 0 Mode ref, Ref Stage 11, run, end, 9783589996866841
1787664524.158822, NoOp Chain Depth 128 Size 0 Mode ref, Ref Stage 12, run, start, 9783589996881833
1787664524.158844, NoOp Chain Depth 128 Size 0 Mode ref, Ref Stage 12, run, end, 9783589996903161
1787664524.158859, NoOp Chain Depth 128 Size 0 Mode ref, Ref Stage 13, run, start, 9783589996918089
1787664524.158882, NoOp Chain Depth 128 Size 0 Mode ref, Ref Stage 13, run, end, 9783589996941481
1787664524.158894, NoOp Chain Depth 128 Size 0 Mode ref, Ref Stage 14, run, start, 9783589996953625
1787664524.158926, NoOp Chain Depth 128 Size 0 Mode ref, Ref Stage 14, run, end, 9783589996985081
1787664524.158940, NoOp Chain Depth 128 Size 0 Mode ref, Ref Stage 15, run, start, 9783589996999753
1787664524.158967, NoOp Chain Depth 128 Size 0 Mode ref, Ref Stage 15, run, end, 9783589997026089
1787664524.158979, NoOp Chain Depth 128 Size 0 Mode ref, Ref Stage 16, run, start, 9783589997038185
1787664524.159012, NoOp Chain Depth 128 Size 0 Mode ref, Ref Stage 16, run, end, 9783589997071785
1787664524.159027, NoOp Chain Depth 128 Size 0 Mode ref, Ref Stage 17, run, start, 9783589997086889
1787664524.159051, NoOp Chain Depth 128 Size 0 Mode ref, Ref Stage 17, run, end, 9783589997110841
1787664524.159066, NoOp Chain Depth 128 Size 0 Mode ref, Ref Stage 18, run, start, 9783589997125465
1787664524.159090, NoOp Chain Depth 128 Size 0 Mode ref, Ref Stage 18, run, end, 9783589997149017
1787664524.159105, NoOp Chain Depth 128 Size 0 Mode ref, Ref Stage 19, run, start, 9783589997164249
1787664524.159126, NoOp Chain Depth 128 Size 0 Mode ref, Ref Stage 19, run, end, 9783589997185065
1787664524.159141, NoOp Chain Depth 128 Size 0 Mode ref, Ref Stage 20, run, start, 9783589997200361
1787664524.159162, NoOp Chain Depth 128 Size 0 Mode ref, Ref Stage 20, run, end, 9783589997221593
1787664524.159177, NoOp Chain Depth 128 Size 0 Mode ref, Ref Stage 21, run, start, 9783589997236649
1787664524.159199, NoOp Chain Depth 128 Size 0 Mode ref, Ref Stage 21, run, end, 9783589997258633
1787664524.159214, NoOp Chain Depth 128 Size 0 Mode ref, Ref Stage 22, run, start, 9783589997273177
1787664524.159240, NoOp Chain Depth 128 Size 0 Mode ref, Ref Stage 22, run, end, 9783589997298793
1787664524.159251, NoOp Chain Depth 128 Size 0 Mode ref, Ref Stage 23, run, start, 9783589997310585
1787664524.159282, NoOp Chain Depth 128 Size 0 Mode ref, Ref Stage 23, run, end, 9783589997341417
1787664524.159297, NoOp Chain Depth 128 Size 0 Mode ref, Ref Stage 24, run, start, 9783589997355673
1787664524.159317, NoOp Chain Depth 128 Size 0 Mode ref, Ref Stage 24, run, end, 9783589997376697
1787664524.159332, NoOp Chain Depth 128 Size 0 Mode ref, Ref Stage 25, run, start, 9783589997391145
1787664524.159354, NoOp Chain Depth 128 Size 0 Mode ref, Ref Stage 25, run, end, 9783589997413529
1787664524.159366, NoOp Chain Depth 128 Size 0 Mode ref, Ref Stage 26, run, start, 9783589997425017
1787664524.159396, NoOp Chain Depth 128 Size 0 Mode ref, Ref Stage 26, run, end, 9783589997455289
1787664524.159410, NoOp Chain Depth 128 Size 0 Mode ref, Ref Stage 27, run, start, 9783589997469737
1787664524.159431, NoOp Chain Depth 128 Size 0 Mode ref, Ref Stage 27, run, end, 9783589997490505
1787664524.159446, NoOp Chain Depth 128 Size 0 Mode ref, Ref Stage 28, run, start, 9783589997505993
1787664524.159469, NoOp Chain Depth 128 Size 0 Mode ref, Ref Stage 28, run, end, 9783589997528217
1787664524.159483, NoOp Chain Depth 128 Size 0 Mode ref, Ref Stage 29, run, start, 9783589997542681
1787664524.159505, NoOp Chain Depth 128 Size 0 Mode ref, Ref Stage 29, run, end, 9783589997563753
1787664524.159519, NoOp Chain Depth 128 Size 0 Mode ref, Ref Stage 30, run, start, 9783589997577961
1787664524.159539, NoOp Chain Depth 128 Size 0 Mode ref, Ref Stage 30, run, end, 9783589997598569
1787664524.159557, NoOp Chain Depth 128 Size 0 Mode ref, Ref Stage 31, run, start, 9783589997616793
1787664524.159578, NoOp Chain Depth 128 Size 0 Mode ref, Ref Stage 31, run, end, 9783589997637641
1787664524.159594, NoOp Chain Depth 128 Size 0 Mode ref, Ref Stage 32, run, start, 9783589997652713
1787664524.159616, NoOp Chain Depth 128 Size 0 Mode ref, Ref Stage 32, run, end, 9783589997674905
1787664524.159627, NoOp Chain Depth 128 Size 0 Mode ref, Ref Stage 33, run, start, 9783589997686809
1787664524.159661, NoOp Chain Depth 128 Size 0 Mode ref, Ref Stage 33, run, end, 9783589997719817
1787664524.159675, NoOp Chain Depth 128 Size 0 Mode ref, Ref Stage 34, run, start, 9783589997734281
1787664524.159817, NoOp Chain Depth 128 Size 0 Mode ref, Ref Stage 34, run, end, 9783589997877241
1787664524.159836, NoOp Chain Depth 128 Size 0 Mode ref, Ref Stage 35, run, start, 9783589997895225
1787664524.159860, NoOp Chain Depth 128 Size 0 Mode ref, Ref Stage 35, run, end, 9783589997919289
1787664524.159875, NoOp Chain Depth 128 Size 0 Mode ref, Ref Stage 36, run, start, 9783589997934201
1787664524.159896, NoOp Chain Depth 128 Size 0 Mode ref, Ref Stage 36, run, end, 9783589997955177
1787664524.159910, NoOp Chain Depth 128 Size 0 Mode ref, Ref Stage 37, run, start, 9783589997969337
1787664524.159931, NoOp Chain Depth 128 Size 0 Mode ref, Ref Stage 37, run, end, 9783589997990297
1787664524.159948, NoOp Chain Depth 128 Size 0 Mode ref, Ref Stage 38, run, start, 9783589998006985
1787664524.159975, NoOp Chain Depth 128 Size 0 Mode ref, Ref Stage 38, run, end, 9783589998033929
1787664524.159986, NoOp Chain Depth 128 Size 0 Mode ref, Ref Stage 39, run, start, 9783589998045737
1787664524.160019, NoOp Chain Depth 128 Size 0 Mode ref, Ref Stage 39, run, end, 9783589998078041
1787664524.160033, NoOp Chain Depth 128 Size 0 Mode ref, Ref Stage 40, run, start, 9783589998092185
1787664524.160054, NoOp Chain Depth 128 Size 0 Mode ref, Ref Stage 40, run, end, 9783589998113049
1787664524.160068, NoOp Chain Depth 128 Size 0 Mode ref, Ref Stage 41, run, start, 9783589998127529
1787664524.160089, NoOp Chain Depth 128 Size 0 Mode ref, Ref Stage 41, run, end, 9783589998148137
1787664524.160103, NoOp Chain Depth 128 Size 0 Mode ref, Ref Stage 42, run, start, 9783589998162489
1787664524.160125, NoOp Chain Depth 128 Size 0 Mode ref, Ref Stage 42, run, end, 9783589998184345
1787664524.160140, NoOp Chain Depth 128 Size 0 Mode ref, Ref Stage 43, run, start, 9783589998199321
1787664524.160161, NoOp Chain Depth 128 Size 0 Mode ref, Ref Stage 43, run, end, 9783589998220025
1787664524.160176, NoOp Chain Depth 128 Size 0 Mode ref, Ref Stage 44, run, start, 9783589998235353
1787664524.160197, NoOp Chain Depth 128 Size 0 Mode ref, Ref Stage 44, run, end, 9783589998255897
1787664524.160213, NoOp Chain Depth 128 Size 0 Mode ref, Ref Stage 45, run, start, 9783589998272489
1787664524.160236, NoOp Chain Depth 128 Size 0 Mode ref, Ref Stage 45, run, end, 9783589998295529
1787664524.160579, NoOp Chain Depth 128 Size 0 Mode ref, Ref Stage 46, run, start, 9783589998639032
1787664524.160712, NoOp Chain Depth 128 Size 0 Mode ref, Ref Stage 46, run, end, 9783589998771240
1787664524.160727, NoOp Chain Depth 128 Size 0 Mode ref, Ref Stage 47, run, start, 9783589998786616
1787664524.160749, NoOp Chain Depth 128 Size 0 Mode ref, Ref Stage 47, run, end, 9783589998808184
1787664524.160763, NoOp Chain Depth 128 Size 0 Mode ref, Ref Stage 48, run, start, 9783589998822536
1787664524.160784, NoOp Chain Depth 128 Size 0 Mode ref, Ref Stage 48, run, end, 9783589998843224
1787664524.160798, NoOp Chain Depth 128 Size 0 Mode ref, Ref Stage 49, run, start, 9783589998857448
1787664524.160821, NoOp Chain Depth 128 Size 0 Mode ref, Ref Stage 49, run, end, 9783589998879896
1787664524.160832, NoOp Chain Depth 128 Size 0 Mode ref, Ref Stage 50, run, start, 9783589998891480
1787664524.160863, NoOp Chain Depth 128 Size 0 Mode ref, Ref Stage 50, run, end, 9783589998922232
1787664524.160877, NoOp Chain Depth 128 Size 0 Mode ref, Ref Stage 51, run, start, 9783589998936920
1787664524.160899, NoOp Chain Depth 128 Size 0 Mode ref, Ref Stage 51, run, end, 9783589998958424
1787664524.160914, NoOp Chain Depth 128 Size 0 Mode ref, Ref Stage 52, run, start, 9783589998972952
1787664524.160935, NoOp Chain Depth 128 Size 0 Mode ref, Ref Stage 52, run, end, 9783589998994120
1787664524.160951, NoOp Chain Depth 128 Size 0 Mode ref, Ref Stage 53, run, start, 9783589999010632
1787664524.160977, NoOp Chain Depth 128 Size 0 Mode ref, Ref Stage 53, run, end, 9783589999036104
1787664524.160988, NoOp Chain Depth 128 Size 0 Mode ref, Ref Stage 54, run, start, 9783589999047784
1787664524.161021, NoOp Chain Depth 128 Size 0 Mode ref, Ref Stage 54, run, end, 9783589999080216
1787664524.161035, NoOp Chain Depth 128 Size 0 Mode ref, Ref Stage 55, run, start, 9783589999094360
1787664524.161056, NoOp Chain Depth 128 Size 0 Mode ref, Ref Stage 55, run, end, 9783589999115096
1787664524.161070, NoOp Chain Depth 128 Size 0 Mode ref, Ref Stage 56, run, start, 9783589999129416
1787664524.161091, NoOp Chain Depth 128 Size 0 Mode ref, Ref Stage 56, run, end, 9783589999150088
1787664524.161105, NoOp Chain Depth 128 Size 0 Mode ref, Ref Stage 57, run, start, 9783589999164312
1787664524.161126, NoOp Chain Depth 128 Size 0 Mode ref, Ref Stage 57, run, end, 9783589999184856
1787664524.161140, NoOp Chain Depth 128 Size 0 Mode ref, Ref Stage 58, run, start, 9783589999199224
1787664524.161161, NoOp Chain Depth 128 Size 0 Mode ref, Ref Stage 58, run, end, 9783589999219928
1787664524.161176, NoOp Chain Depth 128 Size 0 Mode ref, Ref Stage 59, run, start, 9783589999235288
1787664524.161198, NoOp Chain Depth 128 Size 0 Mode ref, Ref Stage 59, run, end, 9783589999257288
1787664524.161214, NoOp Chain Depth 128 Size 0 Mode ref, Ref Stage 60, run, start, 9783589999273528
1787664524.161238, NoOp Chain Depth 128 Size 0 Mode ref, Ref Stage 60, run, end, 9783589999297272
1787664524.161250, NoOp Chain Depth 128 Size 0 Mode ref, Ref Stage 61, run, start, 9783589999308936
1787664524.161282, NoOp Chain Depth 128 Size 0 Mode ref, Ref Stage 61, run, end, 9783589999340776
1787664524.161297, NoOp Chain Depth 128 Size 0 Mode ref, Ref Stage 62, run, start, 9783589999356632
1787664524.161318, NoOp Chain Depth 128 Size 0 Mode ref, Ref Stage 62, run, end, 9783589999377032
1787664524.161332, NoOp Chain Depth 128 Size 0 Mode ref, Ref Stage 63, run, start, 9783589999391272
1787664524.161353, NoOp Chain Depth 128 Size 0 Mode ref, Ref Stage 63, run, end, 9783589999411768
1787664524.161368, NoOp Chain Depth 128 Size 0 Mode ref, Ref Stage 64, run, start, 9783589999427304
1787664524.161389, NoOp Chain Depth 128 Size 0 Mode ref, Ref Stage 64, run, end, 9783589999447768
1787664524.161404, NoOp Chain Depth 128 Size 0 Mode ref, Ref Stage 65, run, start, 9783589999463336
1787664524.161426, NoOp Chain Depth 128 Size 0 Mode ref, Ref Stage 65, run, end, 9783589999485016
1787664524.161440, NoOp Chain Depth 128 Size 0 Mode ref, Ref Stage 66, run, start, 9783589999499288
1787664524.161462, NoOp Chain Depth 128 Size 0 Mode ref, Ref Stage 66, run, end, 9783589999521192
1787664524.161476, NoOp Chain Depth 128 Size 0 Mode ref, Ref Stage 67, run, start, 9783589999535448
1787664524.161497, NoOp Chain Depth 128 Size 0 Mode ref, Ref Stage 67, run, end, 9783589999555944
1787664524.161512, NoOp Chain Depth 128 Size 0 Mode ref, Ref Stage 68, run, start, 9783589999571208
1787664524.161535, NoOp Chain Depth 128 Size 0 Mode ref, Ref Stage 68, run, end, 9783589999594120
1787664524.161546, NoOp Chain Depth 128 Size 0 Mode ref, Ref Stage 69, run, start, 9783589999605672
1787664524.161577, NoOp Chain Depth 128 Size 0 Mode ref, Ref Stage 69, run, end, 9783589999635832
1787664524.161591, NoOp Chain Depth 128 Size 0 Mode ref, Ref Stage 70, run, start, 9783589999650056
1787664524.161613, NoOp Chain Depth 128 Size 0 Mode ref, Ref Stage 70, run, end, 9783589999672072
1787664524.161627, NoOp Chain Depth 128 Size 0 Mode ref, Ref Stage 71, run, start, 9783589999686248
1787664524.161647, NoOp Chain Depth 128 Size 0 Mode ref, Ref Stage 71, run, end, 9783589999706648
1787664524.161662, NoOp Chain Depth 128 Size 0 Mode ref, Ref Stage 72, run, start, 9783589999720856
1787664524.161685, NoOp Chain Depth 128 Size 0 Mode ref, Ref Stage 72, run, end, 9783589999743592
1787664524.161699, NoOp Chain Depth 128 Size 0 Mode ref, Ref Stage 73, run, start, 9783589999757864
1787664524.161722, NoOp Chain Depth 128 Size 0 Mode ref, Ref Stage 73, run, end, 9783589999781112
1787664524.161733, NoOp Chain Depth 128 Size 0 Mode ref, Ref Stage 74, run, start, 9783589999792536
1787664524.161764, NoOp Chain Depth 128 Size 0 Mode ref, Ref Stage 74, run, end, 9783589999823096
1787664524.161778, NoOp Chain Depth 128 Size 0 Mode ref, Ref Stage 75, run, start, 9783589999837384
1787664524.161801, NoOp Chain Depth 128 Size 0 Mode ref, Ref Stage 75, run, end, 9783589999860264
1787664524.161815, NoOp Chain Depth 128 Size 0 Mode ref, Ref Stage 76, run, start, 9783589999874664
1787664524.161836, NoOp Chain Depth 128 Size 0 Mode ref, Ref Stage 76, run, end, 9783589999895032
1787664524.161850, NoOp Chain Depth 128 Size 0 Mode ref, Ref Stage 77, run, start, 9783589999909304
1787664524.161872, NoOp Chain Depth 128 Size 0 Mode ref, Ref Stage 77, run, end, 9783589999931304
1787664524.161886, NoOp Chain Depth 128 Size 0 Mode ref, Ref Stage 78, run, start, 9783589999945784
1787664524.161909, NoOp Chain Depth 128 Size 0 Mode ref, Ref Stage 78, run, end, 9783589999967800
1787664524.161923, NoOp Chain Depth 128 Size 0 Mode ref, Ref Stage 79, run, start, 9783589999982103
1787664524.161945, NoOp Chain Depth 128 Size 0 Mode ref, Ref Stage 79, run, end, 9783590000004055
1787664524.161960, NoOp Chain Depth 128 Size 0 Mode ref, Ref Stage 80, run, start, 9783590000019191
1787664524.161982, NoOp Chain Depth 128 Size 0 Mode ref, Ref Stage 80, run, end, 9783590000041191
1787664524.162002, NoOp Chain Depth 128 Size 0 Mode ref, Ref Stage 81, run, start, 9783590000060775
1787664524.162024, NoOp Chain Depth 128 Size 0 Mode ref, Ref Stage 81, run, end, 9783590000082871
1787664524.162035, NoOp Chain Depth 128 Size 0 Mode ref, Ref Stage 82, run, start, 9783590000094647
1787664524.162066, NoOp Chain Depth 128 Size 0 Mode ref, Ref Stage 82, run, end, 9783590000125335
1787664524.162081, NoOp Chain Depth 128 Size 0 Mode ref, Ref Stage 83, run, start, 9783590000140887
1787664524.162102, NoOp Chain Depth 128 Size 0 Mode ref, Ref Stage 83, run, end, 9783590000161351
1787664524.162117, NoOp Chain Depth 128 Size 0 Mode ref, Ref Stage 84, run, start, 9783590000175735
1787664524.162529, NoOp Chain Depth 128 Size 0 Mode ref, Ref Stage 84, run, end, 9783590000589575
1787664524.162544, NoOp Chain Depth 128 Size 0 Mode ref, Ref Stage 85, run, start, 9783590000603383
1787664524.162690, NoOp Chain Depth 128 Size 0 Mode ref, Ref Stage 85, run, end, 9783590000749207
1787664524.162705, NoOp Chain Depth 128 Size 0 Mode ref, Ref Stage 86, run, start, 9783590000764231
1787664524.162726, NoOp Chain Depth 128 Size 0 Mode ref, Ref Stage 86, run, end, 9783590000785303
1787664524.162740, NoOp Chain Depth 128 Size 0 Mode ref, Ref Stage 87, run, start, 9783590000799703
1787664524.162761, NoOp Chain Depth 128 Size 0 Mode ref, Ref Stage 87, run, end, 9783590000820311
1787664524.162776, NoOp Chain Depth 128 Size 0 Mode ref, Ref Stage 88, run, start, 9783590000834615
1787664524.162796, NoOp Chain Depth 128 Size 0 Mode ref, Ref Stage 88, run, end, 9783590000855703
1787664524.162811, NoOp Chain Depth 128 Size 0 Mode ref, Ref Stage 89, run, start, 9783590000870263
1787664524.162832, NoOp Chain Depth 128 Size 0 Mode ref, Ref Stage 89, run, end, 9783590000891431
1787664524.162847, NoOp Chain Depth 128 Size 0 Mode ref, Ref Stage 90, run, start, 9783590000905831
1787664524.162867, NoOp Chain Depth 128 Size 0 Mode ref, Ref Stage 90, run, end, 9783590000926295
1787664524.162882, NoOp Chain Depth 128 Size 0 Mode ref, Ref Stage 91, run, start, 9783590000940631
1787664524.162905, NoOp Chain Depth 128 Size 0 Mode ref, Ref Stage 91, run, end, 9783590000963975
1787664524.162919, NoOp Chain Depth 128 Size 0 Mode ref, Ref Stage 92, run, start, 9783590000978295
1787664524.162940, NoOp Chain Depth 128 Size 0 Mode ref, Ref Stage 92, run, end, 9783590000998935
1787664524.162957, NoOp Chain Depth 128 Size 0 Mode ref, Ref Stage 93, run, start, 9783590001016183
1787664524.162980, NoOp Chain Depth 128 Size 0 Mode ref, Ref Stage 93, run, end, 9783590001039447
1787664524.162994, NoOp Chain Depth 128 Size 0 Mode ref, Ref Stage 94, run, start, 9783590001053751
1787664524.163015, NoOp Chain Depth 128 Size 0 Mode ref, Ref Stage 94, run, end, 9783590001075383
1787664524.163031, NoOp Chain Depth 128 Size 0 Mode ref, Ref Stage 95, run, start, 9783590001090599
1787664524.163052, NoOp Chain Depth 128 Size 0 Mode ref, Ref Stage 95, run, end, 9783590001111479
1787664524.163067, NoOp Chain Depth 128 Size 0 Mode ref, Ref Stage 96, run, start, 9783590001125847
1787664524.163088, NoOp Chain Depth 128 Size 0 Mode ref, Ref Stage 96, run, end, 9783590001147607
1787664524.163103, NoOp Chain Depth 128 Size 0 Mode ref, Ref Stage 97, run, start, 9783590001161863
1787664524.163125, NoOp Chain Depth 128 Size 0 Mode ref, Ref Stage 97, run, end, 9783590001183687
1787664524.163139, NoOp Chain Depth 128 Size 0 Mode ref, Ref Stage 98, run, start, 9783590001198135
1787664524.163162, NoOp Chain Depth 128 Size 0 Mode ref, Ref Stage 98, run, end, 9783590001221591
1787664524.163174, NoOp Chain Depth 128 Size 0 Mode ref, Ref Stage 99, run, start, 9783590001233175
1787664524.163206, NoOp Chain Depth 128 Size 0 Mode ref, Ref Stage 99, run, end, 9783590001264791
1787664524.163220, NoOp Chain Depth 128 Size 0 Mode ref, Ref Stage 100, run, start, 9783590001279255
1787664524.163240, NoOp Chain Depth 128 Size 0 Mode ref, Ref Stage 100, run, end, 9783590001299879
1787664524.163255, NoOp Chain Depth 128 Size 0 Mode ref, Ref Stage 101, run, start, 9783590001314231
1787664524.163279, NoOp Chain Depth 128 Size 0 Mode ref, Ref Stage 101, run, end, 9783590001338103
1787664524.163295, NoOp Chain Depth 128 Size 0 Mode ref, Ref Stage 102, run, start, 9783590001353719
1787664524.163315, NoOp Chain Depth 128 Size 0 Mode ref, Ref Stage 102, run, end, 9783590001374487
1787664524.163330, NoOp Chain Depth 128 Size 0 Mode ref, Ref Stage 103, run, start, 9783590001389527
1787664524.163351, NoOp Chain Depth 128 Size 0 Mode ref, Ref Stage 103, run, end, 9783590001410199
1787664524.163365, NoOp Chain Depth 128 Size 0 Mode ref, Ref Stage 104, run, start, 9783590001424599
1787664524.163388, NoOp Chain Depth 128 Size 0 Mode ref, Ref Stage 104, run, end, 9783590001446839
1787664524.163399, NoOp Chain Depth 128 Size 0 Mode ref, Ref Stage 105, run, start, 9783590001458326
1787664524.163431, NoOp Chain Depth 128 Size 0 Mode ref, Ref Stage 105, run, end, 9783590001490566
1787664524.163443, NoOp Chain Depth 128 Size 0 Mode ref, Ref Stage 106, run, start, 9783590001502198
1787664524.163474, NoOp Chain Depth 128 Size 0 Mode ref, Ref Stage 106, run, end, 9783590001532886
1787664524.163488, NoOp Chain Depth 128 Size 0 Mode ref, Ref Stage 107, run, start, 9783590001547318
1787664524.163510, NoOp Chain Depth 128 Size 0 Mode ref, Ref Stage 107, run, end, 9783590001568758
1787664524.163524, NoOp Chain Depth 128 Size 0 Mode ref, Ref Stage 108, run, start, 9783590001583222
1787664524.163545, NoOp Chain Depth 128 Size 0 Mode ref, Ref Stage 108, run, end, 9783590001603990
1787664524.163561, NoOp Chain Depth 128 Size 0 Mode ref, Ref Stage 109, run, start, 9783590001619990
1787664524.163582, NoOp Chain Depth 128 Size 0 Mode ref, Ref Stage 109, run, end, 9783590001640758
1787664524.163596, NoOp Chain Depth 128 Size 0 Mode ref, Ref Stage 110, run, start, 9783590001654982
1787664524.163616, NoOp Chain Depth 128 Size 0 Mode ref, Ref Stage 110, run, end, 9783590001675478
1787664524.163631, NoOp Chain Depth 128 Size 0 Mode ref, Ref Stage 111, run, start, 9783590001690038
1787664524.163663, NoOp Chain Depth 128 Size 0 Mode ref, Ref Stage 111, run, end, 9783590001721814
1787664524.163678, NoOp Chain Depth 128 Size 0 Mode ref, Ref Stage 112, run, start, 9783590001736998
1787664524.163701, NoOp Chain Depth 128 Size 0 Mode ref, Ref Stage 112, run, end, 9783590001759910
1787664524.163716, NoOp Chain Depth 128 Size 0 Mode ref, Ref Stage 113, run, start, 9783590001775686
1787664524.163737, NoOp Chain Depth 128 Size 0 Mode ref, Ref Stage 113, run, end, 9783590001796134
1787664524.163751, NoOp Chain Depth 128 Size 0 Mode ref, Ref Stage 114, run, start, 9783590001810454
1787664524.163774, NoOp Chain Depth 128 Size 0 Mode ref, Ref Stage 114, run, end, 9783590001833590
1787664524.163786, NoOp Chain Depth 128 Size 0 Mode ref, Ref Stage 115, run, start, 9783590001845414
1787664524.163817, NoOp Chain Depth 128 Size 0 Mode ref, Ref Stage 115, run, end, 9783590001875926
1787664524.163831, NoOp Chain Depth 128 Size 0 Mode ref, Ref Stage 116, run, start, 9783590001890374
1787664524.163856, NoOp Chain Depth 128 Size 0 Mode ref, Ref Stage 116, run, end, 9783590001914758
1787664524.163867, NoOp Chain Depth 128 Size 0 Mode ref, Ref Stage 117, run, start, 9783590001926374
1787664524.163899, NoOp Chain Depth 128 Size 0 Mode ref, Ref Stage 117, run, end, 9783590001957958
1787664524.163913, NoOp Chain Depth 128 Size 0 Mode ref, Ref Stage 118, run, start, 9783590001972278
1787664524.163934, NoOp Chain Depth 128 Size 0 Mode ref, Ref Stage 118, run, end, 9783590001993110
1787664524.163949, NoOp Chain Depth 128 Size 0 Mode ref, Ref Stage 119, run, start, 9783590002008806
1787664524.163971, NoOp Chain Depth 128 Size 0 Mode ref, Ref Stage 119, run, end, 9783590002029974
1787664524.163985, NoOp Chain Depth 128 Size 0 Mode ref, Ref Stage 120, run, start, 9783590002044246
1787664524.164006, NoOp Chain Depth 128 Size 0 Mode ref, Ref Stage 120, run, end, 9783590002064774
1787664524.164020, NoOp Chain Depth 128 Size 0 Mode ref, Ref Stage 121, run, start, 9783590002079142
1787664524.164104, NoOp Chain Depth 128 Size 0 Mode ref, Ref Stage 121, run, end, 9783590002163318
1787664524.164123, NoOp Chain Depth 128 Size 0 Mode ref, Ref Stage 122, run, start, 9783590002182102
1787664524.164146, NoOp Chain Depth 128 Size 0 Mode ref, Ref Stage 122, run, end, 9783590002205558
1787664524.164158, NoOp Chain Depth 128 Size 0 Mode ref, Ref Stage 123, run, start, 9783590002217510
1787664524.164192, NoOp Chain Depth 128 Size 0 Mode ref, Ref Stage 123, run, end, 9783590002251350
1787664524.164207, NoOp Chain Depth 128 Size 0 Mode ref, Ref Stage 124, run, start, 9783590002265846
1787664524.164230, NoOp Chain Depth 128 Size 0 Mode ref, Ref Stage 124, run, end, 9783590002288806
1787664524.164244, NoOp Chain Depth 128 Size 0 Mode ref, Ref Stage 125, run, start, 9783590002303030
1787664524.164266, NoOp Chain Depth 128 Size 0 Mode ref, Ref Stage 125, run, end, 9783590002325174
1787664524.164280, NoOp Chain Depth 128 Size 0 Mode ref, Ref Stage 126, run, start, 9783590002339398
1787664524.164301, NoOp Chain Depth 128 Size 0 Mode ref, Ref Stage 126, run, end, 9783590002360166
1787664524.164316, NoOp Chain Depth 128 Size 0 Mode ref, Ref Stage 127, run, start, 9783590002374886
1787664524.164336, NoOp Chain Depth 128 Size 0 Mode ref, Ref Stage 127, run, end, 9783590002395398
1787664524.164351, NoOp Chain Depth 128 Size 0 Mode ref, pipeline - train, run, end, 6648338630340808549695626616552761011, 1787664524.157840, 62, 1, 9783590002410134
1787664524.164388, NoOp Chain Depth 128 Size 0 Mode ref, pipeline - train, run, start, 247749693772913069391955144491194239672, 1787664524.164377, 63, 1, 9783590002447654
1787664524.164411, NoOp Chain Depth 128 Size 0 Mode ref, Ref Stage 0, run, start, 9783590002470790
1787664524.164433, NoOp Chain Depth 128 Size 0 Mode ref, Ref Stage 0, run, end, 9783590002491894
1787664524.164447, NoOp Chain Depth 128 Size 0 Mode ref, Ref Stage 1, run, start, 9783590002506550
1787664524.164468, NoOp Chain Depth 128 Size 0 Mode ref, Ref Stage 1, run, end, 9783590002527206
1787664524.164483, NoOp Chain Depth 128 Size 0 Mode ref, Ref Stage 2, run, start, 9783590002541862
1787664524.164505, NoOp Chain Depth 128 Size 0 Mode ref, Ref Stage 2, run, end, 9783590002564054
1787664524.164517, NoOp Chain Depth 128 Size 0 Mode ref, Ref Stage 3, run, start, 9783590002575878
1787664524.164548, NoOp Chain Depth 128 Size 0 Mode ref, Ref Stage 3, run, end, 9783590002607686
1787664524.164563, NoOp Chain Depth 128 Size 0 Mode ref, Ref Stage 4, run, start, 9783590002622134
1787664524.164588, NoOp Chain Depth 128 Size 0 Mode ref, Ref Stage 4, run, end, 9783590002647494
1787664524.164602, NoOp Chain Depth 128 Size 0 Mode ref, Ref Stage 5, run, start, 9783590002661670
1787664524.164623, NoOp Chain Depth 128 Size 0 Mode ref, Ref Stage 5, run, end, 9783590002682358
1787664524.164637, NoOp Chain Depth 128 Size 0 Mode ref, Ref Stage 6, run, start, 9783590002696470
1787664524.164658, NoOp Chain Depth 128 Size 0 Mode ref, Ref Stage 6, run, end, 9783590002717030
1787664524.164675, NoOp Chain Depth 128 Size 0 Mode ref, Ref Stage 7, run, start, 9783590002734454
1787664524.164697, NoOp Chain Depth 128 Size 0 Mode ref, Ref Stage 7, run, end, 9783590002756550
1787664524.164714, NoOp Chain Depth 128 Size 0 Mode ref, Ref Stage 8, run, start, 9783590002773046
1787664524.164737, NoOp Chain Depth 128 Size 0 Mode ref, Ref Stage 8, run, end, 9783590002795574
1787664524.164752, NoOp Chain Depth 128 Size 0 Mode ref, Ref Stage 9, run, start, 9783590002811190
1787664524.165107, NoOp Chain Depth 128 Size 0 Mode ref, Ref Stage 9, run, end, 9783590003167109
1787664524.165235, NoOp Chain Depth 128 Size 0 Mode ref, Ref Stage 10, run, start, 9783590003294405
1787664524.165259, NoOp Chain Depth 128 Size 0 Mode ref, Ref Stage 10, run, end, 9783590003318853
1787664524.165275, NoOp Chain Depth 128 Size 0 Mode ref, Ref Stage 11, run, start, 9783590003334101
1787664524.165297, NoOp Chain Depth 128 Size 0 Mode ref, Ref Stage 11, run, end, 9783590003355765
1787664524.165312, NoOp Chain Depth 128 Size 0 Mode ref, Ref Stage 12, run, start, 9783590003371173
1787664524.165333, NoOp Chain Depth 128 Size 0 Mode ref, Ref Stage 12, run, end, 9783590003392469
1787664524.165350, NoOp Chain Depth 128 Size 0 Mode ref, Ref Stage 13, run, start, 9783590003409301
1787664524.165371, NoOp Chain Depth 128 Size 0 Mode ref, Ref Stage 13, run, end, 9783590003430245
1787664524.165385, NoOp Chain Depth 128 Size 0 Mode ref, Ref Stage 14, run, start, 9783590003444613
1787664524.165406, NoOp Chain Depth 128 Size 0 Mode ref, Ref Stage 14, run, end, 9783590003465781
1787664524.165421, NoOp Chain Depth 128 Size 0 Mode ref, Ref Stage 15, run, start, 9783590003480485
1787664524.165446, NoOp Chain Depth 128 Size 0 Mode ref, Ref Stage 15, run, end, 9783590003505189
1787664524.165458, NoOp Chain Depth 128 Size 0 Mode ref, Ref Stage 16, run, start, 9783590003516837
1787664524.165490, NoOp Chain Depth 128 Size 0 Mode ref, Ref Stage 16, run, end, 9783590003549333
1787664524.165502, NoOp Chain Depth 128 Size 0 Mode ref, Ref Stage 17, run, start, 9783590003560997
1787664524.165533, NoOp Chain Depth 128 Size 0 Mode ref, Ref Stage 17, run, end, 9783590003591797
1787664524.165547, NoOp Chain Depth 128 Size 0 Mode ref, Ref Stage 18, run, start, 9783590003606181
1787664524.165567, NoOp Chain Depth 128 Size 0 Mode ref, Ref Stage 18, run, end, 9783590003626837
1787664524.165582, NoOp Chain Depth 128 Size 0 Mode ref, Ref Stage 19, run, start, 9783590003641045
1787664524.165602, NoOp Chain Depth 128 Size 0 Mode ref, Ref Stage 19, run, end, 9783590003661701
1787664524.165618, NoOp Chain Depth 128 Size 0 Mode ref, Ref Stage 20, run, start, 9783590003677253
1787664524.165638, NoOp Chain Depth 128 Size 0 Mode ref, Ref Stage 20, run, end, 9783590003697701
1787664524.165654, NoOp Chain Depth 128 Size 0 Mode ref, Ref Stage 21, run, start, 9783590003713637
1787664524.165675, NoOp Chain Depth 128 Size 0 Mode ref, Ref Stage 21, run, end, 9783590003734165
1787664524.165689, NoOp Chain Depth 128 Size 0 Mode ref, Ref Stage 22, run, start, 9783590003748469
1787664524.165712, NoOp Chain Depth 128 Size 0 Mode ref, Ref Stage 22, run, end, 9783590003770693
1787664524.165723, NoOp Chain Depth 128 Size 0 Mode ref, Ref Stage 23, run, start, 9783590003782165
1787664524.166274, NoOp Chain Depth 128 Size 0 Mode ref, Ref Stage 23, run, end, 9783590004334245
1787664524.166291, NoOp Chain Depth 128 Size 0 Mode ref, Ref Stage 24, run, start, 9783590004350341
1787664524.166312, NoOp Chain Depth 128 Size 0 Mode ref, Ref Stage 24, run, end, 9783590004371765
1787664524.166327, NoOp Chain Depth 128 Size 0 Mode ref, Ref Stage 25, run, start, 9783590004386501
1787664524.166348, NoOp Chain Depth 128 Size 0 Mode ref, Ref Stage 25, run, end, 9783590004407461
1787664524.166363, NoOp Chain Depth 128 Size 0 Mode ref, Ref Stage 26, run, start, 9783590004422053
1787664524.166384, NoOp Chain Depth 128 Size 0 Mode ref, Ref Stage 26, run, end, 9783590004442949
1787664524.166398, NoOp Chain Depth 128 Size 0 Mode ref, Ref Stage 27, run, start, 9783590004457445
1787664524.166419, NoOp Chain Depth 128 Size 0 Mode ref, Ref Stage 27, run, end, 9783590004478293
1787664524.166434, NoOp Chain Depth 128 Size 0 Mode ref, Ref Stage 28, run, start, 9783590004492949
1787664524.166455, NoOp Chain Depth 128 Size 0 Mode ref, Ref Stage 28, run, end, 9783590004514340
1787664524.166469, NoOp Chain Depth 128 Size 0 Mode ref, Ref Stage 29, run, start, 9783590004528756
1787664524.166490, NoOp Chain Depth 128 Size 0 Mode ref, Ref Stage 29, run, end, 9783590004549604
1787664524.166505, NoOp Chain Depth 128 Size 0 Mode ref, Ref Stage 30, run, start, 9783590004564148
1787664524.166528, NoOp Chain Depth 128 Size 0 Mode ref, Ref Stage 30, run, end, 9783590004587556
1787664524.166543, NoOp Chain Depth 128 Size 0 Mode ref, Ref Stage 31, run, start, 9783590004602164
1787664524.166564, NoOp Chain Depth 128 Size 0 Mode ref, Ref Stage 31, run, end, 9783590004623124
1787664524.166579, NoOp Chain Depth 128 Size 0 Mode ref, Ref Stage 32, run, start, 9783590004638788
1787664524.166604, NoOp Chain Depth 128 Size 0 Mode ref, Ref Stage 32, run, end, 9783590004663044
1787664524.166615, NoOp Chain Depth 128 Size 0 Mode ref, Ref Stage 33, run, start, 9783590004674852
1787664524.166649, NoOp Chain Depth 128 Size 0 Mode ref, Ref Stage 33, run, end, 9783590004708596
1787664524.166664, NoOp Chain Depth 128 Size 0 Mode ref, Ref Stage 34, run, start, 9783590004723604
1787664524.166687, NoOp Chain Depth 128 Size 0 Mode ref, Ref Stage 34, run, end, 9783590004746388
1787664524.166702, NoOp Chain Depth 128 Size 0 Mode ref, Ref Stage 35, run, start, 9783590004761332
1787664524.166726, NoOp Chain Depth 128 Size 0 Mode ref, Ref Stage 35, run, end, 9783590004784996
1787664524.166740, NoOp Chain Depth 128 Size 0 Mode ref, Ref Stage 36, run, start, 9783590004799684
1787664524.166761, NoOp Chain Depth 128 Size 0 Mode ref, Ref Stage 36, run, end, 9783590004820836
1787664524.166776, NoOp Chain Depth 128 Size 0 Mode ref, Ref Stage 37, run, start, 9783590004835348
1787664524.166797, NoOp Chain Depth 128 Size 0 Mode ref, Ref Stage 37, run, end, 9783590004856340
1787664524.166812, NoOp Chain Depth 128 Size 0 Mode ref, Ref Stage 38, run, start, 9783590004871796
1787664524.166836, NoOp Chain Depth 128 Size 0 Mode ref, Ref Stage 38, run, end, 9783590004894884
1787664524.166848, NoOp Chain Depth 128 Size 0 Mode ref, Ref Stage 39, run, start, 9783590004907236
1787664524.166879, NoOp Chain Depth 128 Size 0 Mode ref, Ref Stage 39, run, end, 9783590004938692
1787664524.166894, NoOp Chain Depth 128 Size 0 Mode ref, Ref Stage 40, run, start, 9783590004953188
1787664524.166917, NoOp Chain Depth 128 Size 0 Mode ref, Ref Stage 40, run, end, 9783590004976596
1787664524.166932, NoOp Chain Depth 128 Size 0 Mode ref, Ref Stage 41, run, start, 9783590004991124
1787664524.166970, NoOp Chain Depth 128 Size 0 Mode ref, Ref Stage 41, run, end, 9783590005029668
1787664524.166986, NoOp Chain Depth 128 Size 0 Mode ref, Ref Stage 42, run, start, 9783590005045204
1787664524.167007, NoOp Chain Depth 128 Size 0 Mode ref, Ref Stage 42, run, end, 9783590005065892
1787664524.167022, NoOp Chain Depth 128 Size 0 Mode ref, Ref Stage 43, run, start, 9783590005080708
1787664524.167043, NoOp Chain Depth 128 Size 0 Mode ref, Ref Stage 43, run, end, 9783590005102276
1787664524.167057, NoOp Chain Depth 128 Size 0 Mode ref, Ref Stage 44, run, start, 9783590005116484
1787664524.167080, NoOp Chain Depth 128 Size 0 Mode ref, Ref Stage 44, run, end, 9783590005138772
1787664524.167091, NoOp Chain Depth 128 Size 0 Mode ref, Ref Stage 45, run, start, 9783590005150276
1787664524.167121, NoOp Chain Depth 128 Size 0 Mode ref, Ref Stage 45, run, end, 9783590005180580
1787664524.167136, NoOp Chain Depth 128 Size 0 Mode ref, Ref Stage 46, run, start, 9783590005195204
1787664524.167159, NoOp Chain Depth 128 Size 0 Mode ref, Ref Stage 46, run, end, 9783590005218244
1787664524.167173, NoOp Chain Depth 128 Size 0 Mode ref, Ref Stage 47, run, start, 9783590005232388
1787664524.167194, NoOp Chain Depth 128 Size 0 Mode ref, Ref Stage 47, run, end, 9783590005253060
1787664524.167208, NoOp Chain Depth 128 Size 0 Mode ref, Ref Stage 48, run, start, 9783590005267316
1787664524.167230, NoOp Chain Depth 128 Size 0 Mode ref, Ref Stage 48, run, end, 9783590005289220
1787664524.167658, NoOp Chain Depth 128 Size 0 Mode ref, Ref Stage 49, run, start, 9783590005718116
1787664524.167683, NoOp Chain Depth 128 Size 0 Mode ref, Ref Stage 49, run, end, 9783590005742644
1787664524.167698, NoOp Chain Depth 128 Size 0 Mode ref, Ref Stage 50, run, start, 9783590005757476
1787664524.167719, NoOp Chain Depth 128 Size 0 Mode ref, Ref Stage 50, run, end, 9783590005778404
1787664524.167734, NoOp Chain Depth 128 Size 0 Mode ref, Ref Stage 51, run, start, 9783590005792932
1787664524.167755, NoOp Chain Depth 128 Size 0 Mode ref, Ref Stage 51, run, end, 9783590005813924
1787664524.167769, NoOp Chain Depth 128 Size 0 Mode ref, Ref Stage 52, run, start, 9783590005828356
1787664524.167792, NoOp Chain Depth 128 Size 0 Mode ref, Ref Stage 52, run, end, 9783590005850756
1787664524.167803, NoOp Chain Depth 128 Size 0 Mode ref, Ref Stage 53, run, start, 9783590005862388
1787664524.167836, NoOp Chain Depth 128 Size 0 Mode ref, Ref Stage 53, run, end, 9783590005895268
1787664524.167847, NoOp Chain Depth 128 Size 0 Mode ref, Ref Stage 54, run, start, 9783590005906756
1787664524.167881, NoOp Chain Depth 128 Size 0 Mode ref, Ref Stage 54, run, end, 9783590005939844
1787664524.167895, NoOp Chain Depth 128 Size 0 Mode ref, Ref Stage 55, run, start, 9783590005954564
1787664524.167916, NoOp Chain Depth 128 Size 0 Mode ref, Ref Stage 55, run, end, 9783590005975460
1787664524.167931, NoOp Chain Depth 128 Size 0 Mode ref, Ref Stage 56, run, start, 9783590005989892
1787664524.167956, NoOp Chain Depth 128 Size 0 Mode ref, Ref Stage 56, run, end, 9783590006015444
1787664524.167973, NoOp Chain Depth 128 Size 0 Mode ref, Ref Stage 57, run, start, 9783590006031972
1787664524.167995, NoOp Chain Depth 128 Size 0 Mode ref, Ref Stage 57, run, end, 9783590006054244
1787664524.168010, NoOp Chain Depth 128 Size 0 Mode ref, Ref Stage 58, run, start, 9783590006068692
1787664524.168031, NoOp Chain Depth 128 Size 0 Mode ref, Ref Stage 58, run, end, 9783590006090227
1787664524.168047, NoOp Chain Depth 128 Size 0 Mode ref, Ref Stage 59, run, start, 9783590006106019
1787664524.168068, NoOp Chain Depth 128 Size 0 Mode ref, Ref Stage 59, run, end, 9783590006126723
1787664524.168082, NoOp Chain Depth 128 Size 0 Mode ref, Ref Stage 60, run, start, 9783590006141075
1787664524.168104, NoOp Chain Depth 128 Size 0 Mode ref, Ref Stage 60, run, end, 9783590006163363
1787664524.168116, NoOp Chain Depth 128 Size 0 Mode ref, Ref Stage 61, run, start, 9783590006174899
1787664524.168152, NoOp Chain Depth 128 Size 0 Mode ref, Ref Stage 61, run, end, 9783590006211043
1787664524.168166, NoOp Chain Depth 128 Size 0 Mode ref, Ref Stage 62, run, start, 9783590006225411
1787664524.168187, NoOp Chain Depth 128 Size 0 Mode ref, Ref Stage 62, run, end, 9783590006246019
1787664524.168201, NoOp Chain Depth 128 Size 0 Mode ref, Ref Stage 63, run, start, 9783590006260419
1787664524.168221, NoOp Chain Depth 128 Size 0 Mode ref, Ref Stage 63, run, end, 9783590006280739
1787664524.168236, NoOp Chain Depth 128 Size 0 Mode ref, Ref Stage 64, run, start, 9783590006295011
1787664524.168257, NoOp Chain Depth 128 Size 0 Mode ref, Ref Stage 64, run, end, 9783590006315635
1787664524.168271, NoOp Chain Depth 128 Size 0 Mode ref, Ref Stage 65, run, start, 9783590006329859
1787664524.168293, NoOp Chain Depth 128 Size 0 Mode ref, Ref Stage 65, run, end, 9783590006352323
1787664524.168308, NoOp Chain Depth 128 Size 0 Mode ref, Ref Stage 66, run, start, 9783590006366659
1787664524.168328, NoOp Chain Depth 128 Size 0 Mode ref, Ref Stage 66, run, end, 9783590006387475
1787664524.168344, NoOp Chain Depth 128 Size 0 Mode ref, Ref Stage 67, run, start, 9783590006402835
1787664524.168364, NoOp Chain Depth 128 Size 0 Mode ref, Ref Stage 67, run, end, 9783590006423443
1787664524.168381, NoOp Chain Depth 128 Size 0 Mode ref, Ref Stage 68, run, start, 9783590006440099
1787664524.168401, NoOp Chain Depth 128 Size 0 Mode ref, Ref Stage 68, run, end, 9783590006460291
1787664524.168415, NoOp Chain Depth 128 Size 0 Mode ref, Ref Stage 69, run, start, 9783590006474563
1787664524.168436, NoOp Chain Depth 128 Size 0 Mode ref, Ref Stage 69, run, end, 9783590006495571
1787664524.168451, NoOp Chain Depth 128 Size 0 Mode ref, Ref Stage 70, run, start, 9783590006509891
1787664524.168472, NoOp Chain Depth 128 Size 0 Mode ref, Ref Stage 70, run, end, 9783590006530835
1787664524.168487, NoOp Chain Depth 128 Size 0 Mode ref, Ref Stage 71, run, start, 9783590006546259
1787664524.168508, NoOp Chain Depth 128 Size 0 Mode ref, Ref Stage 71, run, end, 9783590006567027
1787664524.168522, NoOp Chain Depth 128 Size 0 Mode ref, Ref Stage 72, run, start, 9783590006581523
1787664524.168938, NoOp Chain Depth 128 Size 0 Mode ref, Ref Stage 72, run, end, 9783590006997955
1787664524.169067, NoOp Chain Depth 128 Size 0 Mode ref, Ref Stage 73, run, start, 9783590007126803
1787664524.169092, NoOp Chain Depth 128 Size 0 Mode ref, Ref Stage 73, run, end, 9783590007151715
1787664524.169104, NoOp Chain Depth 128 Size 0 Mode ref, Ref Stage 74, run, start, 9783590007163587
1787664524.169136, NoOp Chain Depth 128 Size 0 Mode ref, Ref Stage 74, run, end, 9783590007195059
1787664524.169152, NoOp Chain Depth 128 Size 0 Mode ref, Ref Stage 75, run, start, 9783590007211779
1787664524.169173, NoOp Chain Depth 128 Size 0 Mode ref, Ref Stage 75, run, end, 9783590007232707
1787664524.169188, NoOp Chain Depth 128 Size 0 Mode ref, Ref Stage 76, run, start, 9783590007247203
1787664524.169209, NoOp Chain Depth 128 Size 0 Mode ref, Ref Stage 76, run, end, 9783590007267971
1787664524.169223, NoOp Chain Depth 128 Size 0 Mode ref, Ref Stage 77, run, start, 9783590007282483
1787664524.169244, NoOp Chain Depth 128 Size 0 Mode ref, Ref Stage 77, run, end, 9783590007303395
1787664524.169259, NoOp Chain Depth 128 Size 0 Mode ref, Ref Stage 78, run, start, 9783590007318195
1787664524.169281, NoOp Chain Depth 128 Size 0 Mode ref, Ref Stage 78, run, end, 9783590007339843
1787664524.169295, NoOp Chain Depth 128 Size 0 Mode ref, Ref Stage 79, run, start, 9783590007354627
1787664524.169318, NoOp Chain Depth 128 Size 0 Mode ref, Ref Stage 79, run, end, 9783590007377363
1787664524.169333, NoOp Chain Depth 128 Size 0 Mode ref, Ref Stage 80, run, start, 9783590007391987
1787664524.169355, NoOp Chain Depth 128 Size 0 Mode ref, Ref Stage 80, run, end, 9783590007414131
1787664524.169370, NoOp Chain Depth 128 Size 0 Mode ref, Ref Stage 81, run, start, 9783590007429619
1787664524.169392, NoOp Chain Depth 128 Size 0 Mode ref, Ref Stage 81, run, end, 9783590007451299
1787664524.169407, NoOp Chain Depth 128 Size 0 Mode ref, Ref Stage 82, run, start, 9783590007466115
1787664524.169429, NoOp Chain Depth 128 Size 0 Mode ref, Ref Stage 82, run, end, 9783590007488611
1787664524.169444, NoOp Chain Depth 128 Size 0 Mode ref, Ref Stage 83, run, start, 9783590007503235
1787664524.169467, NoOp Chain Depth 128 Size 0 Mode ref, Ref Stage 83, run, end, 9783590007526003
1787664524.169479, NoOp Chain Depth 128 Size 0 Mode ref, Ref Stage 84, run, start, 9783590007537923
1787664524.169513, NoOp Chain Depth 128 Size 0 Mode ref, Ref Stage 84, run, end, 9783590007572802
1787664524.169527, NoOp Chain Depth 128 Size 0 Mode ref, Ref Stage 85, run, start, 9783590007586098
1787664524.169558, NoOp Chain Depth 128 Size 0 Mode ref, Ref Stage 85, run, end, 9783590007617394
1787664524.169573, NoOp Chain Depth 128 Size 0 Mode ref, Ref Stage 86, run, start, 9783590007632354
1787664524.169594, NoOp Chain Depth 128 Size 0 Mode ref, Ref Stage 86, run, end, 9783590007653570
1787664524.169610, NoOp Chain Depth 128 Size 0 Mode ref, Ref Stage 87, run, start, 9783590007669826
1787664524.169631, NoOp Chain Depth 128 Size 0 Mode ref, Ref Stage 87, run, end, 9783590007690594
1787664524.169647, NoOp Chain Depth 128 Size 0 Mode ref, Ref Stage 88, run, start, 9783590007706018
1787664524.169667, NoOp Chain Depth 128 Size 0 Mode ref, Ref Stage 88, run, end, 9783590007726578
1787664524.169754, NoOp Chain Depth 128 Size 0 Mode ref, Ref Stage 89, run, start, 9783590007813938
1787664524.169778, NoOp Chain Depth 128 Size 0 Mode ref, Ref Stage 89, run, end, 9783590007836994
1787664524.169792, NoOp Chain Depth 128 Size 0 Mode ref, Ref Stage 90, run, start, 9783590007851570
1787664524.169813, NoOp Chain Depth 128 Size 0 Mode ref, Ref Stage 90, run, end, 9783590007872498
1787664524.169828, NoOp Chain Depth 128 Size 0 Mode ref, Ref Stage 91, run, start, 9783590007886962
1787664524.169849, NoOp Chain Depth 128 Size 0 Mode ref, Ref Stage 91, run, end, 9783590007907730
1787664524.169863, NoOp Chain Depth 128 Size 0 Mode ref, Ref Stage 92, run, start, 9783590007922034
1787664524.169886, NoOp Chain Depth 128 Size 0 Mode ref, Ref Stage 92, run, end, 9783590007944962
1787664524.169900, NoOp Chain Depth 128 Size 0 Mode ref, Ref Stage 93, run, start, 9783590007959618
1787664524.169924, NoOp Chain Depth 128 Size 0 Mode ref, Ref Stage 93, run, end, 9783590007982850
1787664524.169938, NoOp Chain Depth 128 Size 0 Mode ref, Ref Stage 94, run, start, 9783590007997330
1787664524.169962, NoOp Chain Depth 128 Size 0 Mode ref, Ref Stage 94, run, end, 9783590008021250
1787664524.169977, NoOp Chain Depth 128 Size 0 Mode ref, Ref Stage 95, run, start, 9783590008036482
1787664524.169999, NoOp Chain Depth 128 Size 0 Mode ref, Ref Stage 95, run, end, 9783590008058338
1787664524.170013, NoOp Chain Depth 128 Size 0 Mode ref, Ref Stage 96, run, start, 9783590008072706
1787664524.170035, NoOp Chain Depth 128 Size 0 Mode ref, Ref Stage 96, run, end, 9783590008094674
1787664524.170051, NoOp Chain Depth 128 Size 0 Mode ref, Ref Stage 97, run, start, 9783590008110466
1787664524.170072, NoOp Chain Depth 128 Size 0 Mode ref, Ref Stage 97, run, end, 9783590008131698
1787664524.170087, NoOp Chain Depth 128 Size 0 Mode ref, Ref Stage 98, run, start, 9783590008146130
1787664524.170112, NoOp Chain Depth 128 Size 0 Mode ref, Ref Stage 98, run, end, 9783590008172114
1787664524.170125, NoOp Chain Depth 128 Size 0 Mode ref, Ref Stage 99, run, start, 9783590008183858
1787664524.170570, NoOp Chain Depth 128 Size 0 Mode ref, Ref Stage 99, run, end, 9783590008630098
1787664524.170587, NoOp Chain Depth 128 Size 0 Mode ref, Ref Stage 100, run, start, 9783590008646130
1787664524.170608, NoOp Chain Depth 128 Size 0 Mode ref, Ref Stage 100, run, end, 9783590008667490
1787664524.170623, NoOp Chain Depth 128 Size 0 Mode ref, Ref Stage 101, run, start, 9783590008682066
1787664524.170644, NoOp Chain Depth 128 Size 0 Mode ref, Ref Stage 101, run, end, 9783590008703122
1787664524.170658, NoOp Chain Depth 128 Size 0 Mode ref, Ref Stage 102, run, start, 9783590008717634
1787664524.170679, NoOp Chain Depth 128 Size 0 Mode ref, Ref Stage 102, run, end, 9783590008738514
1787664524.170694, NoOp Chain Depth 128 Size 0 Mode ref, Ref Stage 103, run, start, 9783590008753026
1787664524.170715, NoOp Chain Depth 128 Size 0 Mode ref, Ref Stage 103, run, end, 9783590008773906
1787664524.170729, NoOp Chain Depth 128 Size 0 Mode ref, Ref Stage 104, run, start, 9783590008788434
1787664524.170752, NoOp Chain Depth 128 Size 0 Mode ref, Ref Stage 104, run, end, 9783590008811074
1787664524.170763, NoOp Chain Depth 128 Size 0 Mode ref, Ref Stage 105, run, start, 9783590008822946
1787664524.170796, NoOp Chain Depth 128 Size 0 Mode ref, Ref Stage 105, run, end, 9783590008855362
1787664524.170808, NoOp Chain Depth 128 Size 0 Mode ref, Ref Stage 106, run, start, 9783590008867234
1787664524.170841, NoOp Chain Depth 128 Size 0 Mode ref, Ref Stage 106, run, end, 9783590008900018
1787664524.170855, NoOp Chain Depth 128 Size 0 Mode ref, Ref Stage 107, run, start, 9783590008914418
1787664524.170876, NoOp Chain Depth 128 Size 0 Mode ref, Ref Stage 107, run, end, 9783590008935170
1787664524.170890, NoOp Chain Depth 128 Size 0 Mode ref, Ref Stage 108, run, start, 9783590008949586
1787664524.170911, NoOp Chain Depth 128 Size 0 Mode ref, Ref Stage 108, run, end, 9783590008970386
1787664524.170927, NoOp Chain Depth 128 Size 0 Mode ref, Ref Stage 109, run, start, 9783590008985778
1787664524.170949, NoOp Chain Depth 128 Size 0 Mode ref, Ref Stage 109, run, end, 9783590009008466
1787664524.170965, NoOp Chain Depth 128 Size 0 Mode ref, Ref Stage 110, run, start, 9783590009023922
1787664524.170987, NoOp Chain Depth 128 Size 0 Mode ref, Ref Stage 110, run, end, 9783590009046129
1787664524.171001, NoOp Chain Depth 128 Size 0 Mode ref, Ref Stage 111, run, start, 9783590009060545
1787664524.171023, NoOp Chain Depth 128 Size 0 Mode ref, Ref Stage 111, run, end, 9783590009082433
1787664524.171038, NoOp Chain Depth 128 Size 0 Mode ref, Ref Stage 112, run, start, 9783590009097201
1787664524.171059, NoOp Chain Depth 128 Size 0 Mode ref, Ref Stage 112, run, end, 9783590009117809
1787664524.171075, NoOp Chain Depth 128 Size 0 Mode ref, Ref Stage 113, run, start, 9783590009134129
1787664524.171096, NoOp Chain Depth 128 Size 0 Mode ref, Ref Stage 113, run, end, 9783590009155057
1787664524.171110, NoOp Chain Depth 128 Size 0 Mode ref, Ref Stage 114, run, start, 9783590009169521
1787664524.171522, NoOp Chain Depth 128 Size 0 Mode ref, Ref Stage 114, run, end, 9783590009581649
1787664524.171642, NoOp Chain Depth 128 Size 0 Mode ref, Ref Stage 115, run, start, 9783590009701073
1787664524.171665, NoOp Chain Depth 128 Size 0 Mode ref, Ref Stage 115, run, end, 9783590009723937
1787664524.171679, NoOp Chain Depth 128 Size 0 Mode ref, Ref Stage 116, run, start, 9783590009738721
1787664524.171704, NoOp Chain Depth 128 Size 0 Mode ref, Ref Stage 116, run, end, 9783590009763601
1787664524.171716, NoOp Chain Depth 128 Size 0 Mode ref, Ref Stage 117, run, start, 9783590009775169
1787664524.171747, NoOp Chain Depth 128 Size 0 Mode ref, Ref Stage 117, run, end, 9783590009806177
1787664524.171762, NoOp Chain Depth 128 Size 0 Mode ref, Ref Stage 118, run, start, 9783590009820705
1787664524.171782, NoOp Chain Depth 128 Size 0 Mode ref, Ref Stage 118, run, end, 9783590009841713
1787664524.171797, NoOp Chain Depth 128 Size 0 Mode ref, Ref Stage 119, run, start, 9783590009856033
1787664524.171818, NoOp Chain Depth 128 Size 0 Mode ref, Ref Stage 119, run, end, 9783590009877121
1787664524.171832, NoOp Chain Depth 128 Size 0 Mode ref, Ref Stage 120, run, start, 9783590009891489
1787664524.171853, NoOp Chain Depth 128 Size 0 Mode ref, Ref Stage 120, run, end, 9783590009912353
1787664524.171867, NoOp Chain Depth 128 Size 0 Mode ref, Ref Stage 121, run, start, 9783590009926577
1787664524.171888, NoOp Chain Depth 128 Size 0 Mode ref, Ref Stage 121, run, end, 9783590009947393
1787664524.171903, NoOp Chain Depth 128 Size 0 Mode ref, Ref Stage 122, run, start, 9783590009962017
1787664524.171924, NoOp Chain Depth 128 Size 0 Mode ref, Ref Stage 122, run, end, 9783590009982817
1787664524.171939, NoOp Chain Depth 128 Size 0 Mode ref, Ref Stage 123, run, start, 9783590009998513
1787664524.171967, NoOp Chain Depth 128 Size 0 Mode ref, Ref Stage 123, run, end, 9783590010026049
1787664524.171981, NoOp Chain Depth 128 Size 0 Mode ref, Ref Stage 124, run, start, 9783590010040529
1787664524.172003, NoOp Chain Depth 128 Size 0 Mode ref, Ref Stage 124, run, end, 9783590010062769
1787664524.172018, NoOp Chain Depth 128 Size 0 Mode ref, Ref Stage 125, run, start, 9783590010076929
1787664524.172040, NoOp Chain Depth 128 Size 0 Mode ref, Ref Stage 125, run, end, 9783590010098865
1787664524.172054, NoOp Chain Depth 128 Size 0 Mode ref, Ref Stage 126, run, start, 9783590010113105
1787664524.172075, NoOp Chain Depth 128 Size 0 Mode ref, Ref Stage 126, run, end, 9783590010134001
1787664524.172089, NoOp Chain Depth 128 Size 0 Mode ref, Ref Stage 127, run, start, 9783590010148513
1787664524.172110, NoOp Chain Depth 128 Size 0 Mode ref, Ref Stage 127, run, end, 9783590010169137
1787664524.172125, NoOp Chain Depth 128 Size 0 Mode ref, pipeline - train, run, end, 247749693772913069391955144491194239672, 1787664524.164377, 63, 1, 9783590010183937
1787664524.172162, NoOp Chain Depth 128 Size 0 Mode ref, pipeline - train, run, start, 309366162068036017766645747278647826427, 1787664524.172151, 64, 1, 9783590010221377
1787664524.172186, NoOp Chain Depth 128 Size 0 Mode ref, Ref Stage 0, run, start, 9783590010245233
1787664524.172208, NoOp Chain Depth 128 Size 0 Mode ref, Ref Stage 0, run, end, 9783590010267457
1787664524.172223, NoOp Chain Depth 128 Size 0 Mode ref, Ref Stage 1, run, start, 9783590010282033
1787664524.172244, NoOp Chain Depth 128 Size 0 Mode ref, Ref Stage 1, run, end, 9783590010303025
1787664524.172259, NoOp Chain Depth 128 Size 0 Mode ref, Ref Stage 2, run, start, 9783590010318241
1787664524.172282, NoOp Chain Depth 128 Size 0 Mode ref, Ref Stage 2, run, end, 9783590010340785
1787664524.172293, NoOp Chain Depth 128 Size 0 Mode ref, Ref Stage 3, run, start, 9783590010352561
1787664524.172324, NoOp Chain Depth 128 Size 0 Mode ref, Ref Stage 3, run, end, 9783590010383233
1787664524.172338, NoOp Chain Depth 128 Size 0 Mode ref, Ref Stage 4, run, start, 9783590010397553
1787664524.172359, NoOp Chain Depth 128 Size 0 Mode ref, Ref Stage 4, run, end, 9783590010418385
1787664524.172374, NoOp Chain Depth 128 Size 0 Mode ref, Ref Stage 5, run, start, 9783590010432785
1787664524.172397, NoOp Chain Depth 128 Size 0 Mode ref, Ref Stage 5, run, end, 9783590010456609
1787664524.172412, NoOp Chain Depth 128 Size 0 Mode ref, Ref Stage 6, run, start, 9783590010470993
1787664524.172432, NoOp Chain Depth 128 Size 0 Mode ref, Ref Stage 6, run, end, 9783590010491617
1787664524.172449, NoOp Chain Depth 128 Size 0 Mode ref, Ref Stage 7, run, start, 9783590010508369
1787664524.172470, NoOp Chain Depth 128 Size 0 Mode ref, Ref Stage 7, run, end, 9783590010529185
1787664524.172485, NoOp Chain Depth 128 Size 0 Mode ref, Ref Stage 8, run, start, 9783590010544577
1787664524.172812, NoOp Chain Depth 128 Size 0 Mode ref, Ref Stage 8, run, end, 9783590010871696
1787664524.172934, NoOp Chain Depth 128 Size 0 Mode ref, Ref Stage 9, run, start, 9783590010993152
1787664524.172960, NoOp Chain Depth 128 Size 0 Mode ref, Ref Stage 9, run, end, 9783590011019344
1787664524.172972, NoOp Chain Depth 128 Size 0 Mode ref, Ref Stage 10, run, start, 9783590011031392
1787664524.173005, NoOp Chain Depth 128 Size 0 Mode ref, Ref Stage 10, run, end, 9783590011064272
1787664524.173020, NoOp Chain Depth 128 Size 0 Mode ref, Ref Stage 11, run, start, 9783590011079136
1787664524.173041, NoOp Chain Depth 128 Size 0 Mode ref, Ref Stage 11, run, end, 9783590011100160
1787664524.173055, NoOp Chain Depth 128 Size 0 Mode ref, Ref Stage 12, run, start, 9783590011114720
1787664524.173076, NoOp Chain Depth 128 Size 0 Mode ref, Ref Stage 12, run, end, 9783590011135600
1787664524.173092, NoOp Chain Depth 128 Size 0 Mode ref, Ref Stage 13, run, start, 9783590011150720
1787664524.173113, NoOp Chain Depth 128 Size 0 Mode ref, Ref Stage 13, run, end, 9783590011171872
1787664524.173127, NoOp Chain Depth 128 Size 0 Mode ref, Ref Stage 14, run, start, 9783590011186416
1787664524.173148, NoOp Chain Depth 128 Size 0 Mode ref, Ref Stage 14, run, end, 9783590011207296
1787664524.173165, NoOp Chain Depth 128 Size 0 Mode ref, Ref Stage 15, run, start, 9783590011223808
1787664524.173185, NoOp Chain Depth 128 Size 0 Mode ref, Ref Stage 15, run, end, 9783590011244528
1787664524.173201, NoOp Chain Depth 128 Size 0 Mode ref, Ref Stage 16, run, start, 9783590011260112
1787664524.173223, NoOp Chain Depth 128 Size 0 Mode ref, Ref Stage 16, run, end, 9783590011282272
1787664524.173234, NoOp Chain Depth 128 Size 0 Mode ref, Ref Stage 17, run, start, 9783590011293824
1787664524.173268, NoOp Chain Depth 128 Size 0 Mode ref, Ref Stage 17, run, end, 9783590011326832
1787664524.173282, NoOp Chain Depth 128 Size 0 Mode ref, Ref Stage 18, run, start, 9783590011341216
1787664524.173302, NoOp Chain Depth 128 Size 0 Mode ref, Ref Stage 18, run, end, 9783590011361824
1787664524.173317, NoOp Chain Depth 128 Size 0 Mode ref, Ref Stage 19, run, start, 9783590011376048
1787664524.173337, NoOp Chain Depth 128 Size 0 Mode ref, Ref Stage 19, run, end, 9783590011396576
1787664524.173352, NoOp Chain Depth 128 Size 0 Mode ref, Ref Stage 20, run, start, 9783590011410784
1787664524.173372, NoOp Chain Depth 128 Size 0 Mode ref, Ref Stage 20, run, end, 9783590011431344
1787664524.173388, NoOp Chain Depth 128 Size 0 Mode ref, Ref Stage 21, run, start, 9783590011447312
1787664524.173411, NoOp Chain Depth 128 Size 0 Mode ref, Ref Stage 21, run, end, 9783590011470208
1787664524.173423, NoOp Chain Depth 128 Size 0 Mode ref, Ref Stage 22, run, start, 9783590011481952
1787664524.173454, NoOp Chain Depth 128 Size 0 Mode ref, Ref Stage 22, run, end, 9783590011513056
1787664524.173468, NoOp Chain Depth 128 Size 0 Mode ref, Ref Stage 23, run, start, 9783590011527472
1787664524.173489, NoOp Chain Depth 128 Size 0 Mode ref, Ref Stage 23, run, end, 9783590011548432
1787664524.173504, NoOp Chain Depth 128 Size 0 Mode ref, Ref Stage 24, run, start, 9783590011563248
1787664524.173525, NoOp Chain Depth 128 Size 0 Mode ref, Ref Stage 24, run, end, 9783590011584256
1787664524.173541, NoOp Chain Depth 128 Size 0 Mode ref, Ref Stage 25, run, start, 9783590011600848
1787664524.173563, NoOp Chain Depth 128 Size 0 Mode ref, Ref Stage 25, run, end, 9783590011622032
1787664524.173577, NoOp Chain Depth 128 Size 0 Mode ref, Ref Stage 26, run, start, 9783590011636624
1787664524.174004, NoOp Chain Depth 128 Size 0 Mode ref, Ref Stage 26, run, end, 9783590012064064
1787664524.174134, NoOp Chain Depth 128 Size 0 Mode ref, Ref Stage 27, run, start, 9783590012193807
1787664524.174158, NoOp Chain Depth 128 Size 0 Mode ref, Ref Stage 27, run, end, 9783590012217231
1787664524.174175, NoOp Chain Depth 128 Size 0 Mode ref, Ref Stage 28, run, start, 9783590012234495
1787664524.174197, NoOp Chain Depth 128 Size 0 Mode ref, Ref Stage 28, run, end, 9783590012255823
1787664524.174211, NoOp Chain Depth 128 Size 0 Mode ref, Ref Stage 29, run, start, 9783590012270191
1787664524.174232, NoOp Chain Depth 128 Size 0 Mode ref, Ref Stage 29, run, end, 9783590012291247
1787664524.174247, NoOp Chain Depth 128 Size 0 Mode ref, Ref Stage 30, run, start, 9783590012305791
1787664524.174268, NoOp Chain Depth 128 Size 0 Mode ref, Ref Stage 30, run, end, 9783590012326959
1787664524.174282, NoOp Chain Depth 128 Size 0 Mode ref, Ref Stage 31, run, start, 9783590012341423
1787664524.174303, NoOp Chain Depth 128 Size 0 Mode ref, Ref Stage 31, run, end, 9783590012362431
1787664524.174318, NoOp Chain Depth 128 Size 0 Mode ref, Ref Stage 32, run, start, 9783590012377135
1787664524.174339, NoOp Chain Depth 128 Size 0 Mode ref, Ref Stage 32, run, end, 9783590012398063
1787664524.174353, NoOp Chain Depth 128 Size 0 Mode ref, Ref Stage 33, run, start, 9783590012412527
1787664524.174377, NoOp Chain Depth 128 Size 0 Mode ref, Ref Stage 33, run, end, 9783590012436335
1787664524.174389, NoOp Chain Depth 128 Size 0 Mode ref, Ref Stage 34, run, start, 9783590012447999
1787664524.174421, NoOp Chain Depth 128 Size 0 Mode ref, Ref Stage 34, run, end, 9783590012480367
1787664524.174436, NoOp Chain Depth 128 Size 0 Mode ref, Ref Stage 35, run, start, 9783590012494815
1787664524.174459, NoOp Chain Depth 128 Size 0 Mode ref, Ref Stage 35, run, end, 9783590012517807
1787664524.174473, NoOp Chain Depth 128 Size 0 Mode ref, Ref Stage 36, run, start, 9783590012532239
1787664524.174494, NoOp Chain Depth 128 Size 0 Mode ref, Ref Stage 36, run, end, 9783590012552767
1787664524.174509, NoOp Chain Depth 128 Size 0 Mode ref, Ref Stage 37, run, start, 9783590012568079
1787664524.174532, NoOp Chain Depth 128 Size 0 Mode ref, Ref Stage 37, run, end, 9783590012591631
1787664524.174547, NoOp Chain Depth 128 Size 0 Mode ref, Ref Stage 38, run, start, 9783590012606703
1787664524.174568, NoOp Chain Depth 128 Size 0 Mode ref, Ref Stage 38, run, end, 9783590012627103
1787664524.174582, NoOp Chain Depth 128 Size 0 Mode ref, Ref Stage 39, run, start, 9783590012641327
1787664524.174603, NoOp Chain Depth 128 Size 0 Mode ref, Ref Stage 39, run, end, 9783590012662143
1787664524.174617, NoOp Chain Depth 128 Size 0 Mode ref, Ref Stage 40, run, start, 9783590012676431
1787664524.174638, NoOp Chain Depth 128 Size 0 Mode ref, Ref Stage 40, run, end, 9783590012697023
1787664524.174652, NoOp Chain Depth 128 Size 0 Mode ref, Ref Stage 41, run, start, 9783590012711471
1787664524.174673, NoOp Chain Depth 128 Size 0 Mode ref, Ref Stage 41, run, end, 9783590012732591
1787664524.174687, NoOp Chain Depth 128 Size 0 Mode ref, Ref Stage 42, run, start, 9783590012746991
1787664524.174710, NoOp Chain Depth 128 Size 0 Mode ref, Ref Stage 42, run, end, 9783590012768831
1787664524.174725, NoOp Chain Depth 128 Size 0 Mode ref, Ref Stage 43, run, start, 9783590012784751
1787664524.174748, NoOp Chain Depth 128 Size 0 Mode ref, Ref Stage 43, run, end, 9783590012807231
1787664524.174759, NoOp Chain Depth 128 Size 0 Mode ref, Ref Stage 44, run, start, 9783590012818799
1787664524.174790, NoOp Chain Depth 128 Size 0 Mode ref, Ref Stage 44, run, end, 9783590012849743
1787664524.174805, NoOp Chain Depth 128 Size 0 Mode ref, Ref Stage 45, run, start, 9783590012864479
1787664524.174827, NoOp Chain Depth 128 Size 0 Mode ref, Ref Stage 45, run, end, 9783590012886447
1787664524.174841, NoOp Chain Depth 128 Size 0 Mode ref, Ref Stage 46, run, start, 9783590012901935
1787664524.174863, NoOp Chain Depth 128 Size 0 Mode ref, Ref Stage 46, run, end, 9783590012922671
1787664524.174878, NoOp Chain Depth 128 Size 0 Mode ref, Ref Stage 47, run, start, 9783590012937151
1787664524.174900, NoOp Chain Depth 128 Size 0 Mode ref, Ref Stage 47, run, end, 9783590012959071
1787664524.174915, NoOp Chain Depth 128 Size 0 Mode ref, Ref Stage 48, run, start, 9783590012974015
1787664524.175260, NoOp Chain Depth 128 Size 0 Mode ref, Ref Stage 48, run, end, 9783590013320431
1787664524.175394, NoOp Chain Depth 128 Size 0 Mode ref, Ref Stage 49, run, start, 9783590013453631
1787664524.175418, NoOp Chain Depth 128 Size 0 Mode ref, Ref Stage 49, run, end, 9783590013476863
1787664524.175433, NoOp Chain Depth 128 Size 0 Mode ref, Ref Stage 50, run, start, 9783590013491919
1787664524.175454, NoOp Chain Depth 128 Size 0 Mode ref, Ref Stage 50, run, end, 9783590013513039
1787664524.175469, NoOp Chain Depth 128 Size 0 Mode ref, Ref Stage 51, run, start, 9783590013527935
1787664524.175490, NoOp Chain Depth 128 Size 0 Mode ref, Ref Stage 51, run, end, 9783590013548943
1787664524.175504, NoOp Chain Depth 128 Size 0 Mode ref, Ref Stage 52, run, start, 9783590013563551
1787664524.175525, NoOp Chain Depth 128 Size 0 Mode ref, Ref Stage 52, run, end, 9783590013584559
1787664524.175540, NoOp Chain Depth 128 Size 0 Mode ref, Ref Stage 53, run, start, 9783590013598943
1787664524.175562, NoOp Chain Depth 128 Size 0 Mode ref, Ref Stage 53, run, end, 9783590013621247
1787664524.175574, NoOp Chain Depth 128 Size 0 Mode ref, Ref Stage 54, run, start, 9783590013632959
1787664524.175605, NoOp Chain Depth 128 Size 0 Mode ref, Ref Stage 54, run, end, 9783590013664367
1787664524.175620, NoOp Chain Depth 128 Size 0 Mode ref, Ref Stage 55, run, start, 9783590013678878
1787664524.175640, NoOp Chain Depth 128 Size 0 Mode ref, Ref Stage 55, run, end, 9783590013699550
1787664524.175655, NoOp Chain Depth 128 Size 0 Mode ref, Ref Stage 56, run, start, 9783590013713854
1787664524.175675, NoOp Chain Depth 128 Size 0 Mode ref, Ref Stage 56, run, end, 9783590013734670
1787664524.175690, NoOp Chain Depth 128 Size 0 Mode ref, Ref Stage 57, run, start, 9783590013748974
1787664524.175710, NoOp Chain Depth 128 Size 0 Mode ref, Ref Stage 57, run, end, 9783590013769438
1787664524.175726, NoOp Chain Depth 128 Size 0 Mode ref, Ref Stage 58, run, start, 9783590013785518
1787664524.175747, NoOp Chain Depth 128 Size 0 Mode ref, Ref Stage 58, run, end, 9783590013806078
1787664524.175761, NoOp Chain Depth 128 Size 0 Mode ref, Ref Stage 59, run, start, 9783590013820558
1787664524.175782, NoOp Chain Depth 128 Size 0 Mode ref, Ref Stage 59, run, end, 9783590013841262
1787664524.175797, NoOp Chain Depth 128 Size 0 Mode ref, Ref Stage 60, run, start, 9783590013856510
1787664524.175820, NoOp Chain Depth 128 Size 0 Mode ref, Ref Stage 60, run, end, 9783590013878606
1787664524.175831, NoOp Chain Depth 128 Size 0 Mode ref, Ref Stage 61, run, start, 9783590013890062
1787664524.175940, NoOp Chain Depth 128 Size 0 Mode ref, Ref Stage 61, run, end, 9783590013999838
1787664524.175958, NoOp Chain Depth 128 Size 0 Mode ref, Ref Stage 62, run, start, 9783590014017710
1787664524.175992, NoOp Chain Depth 128 Size 0 Mode ref, Ref Stage 62, run, end, 9783590014051182
1787664524.176007, NoOp Chain Depth 128 Size 0 Mode ref, Ref Stage 63, run, start, 9783590014066062
1787664524.176029, NoOp Chain Depth 128 Size 0 Mode ref, Ref Stage 63, run, end, 9783590014087966
1787664524.176043, NoOp Chain Depth 128 Size 0 Mode ref, Ref Stage 64, run, start, 9783590014102622
1787664524.176064, NoOp Chain Depth 128 Size 0 Mode ref, Ref Stage 64, run, end, 9783590014123294
1787664524.176078, NoOp Chain Depth 128 Size 0 Mode ref, Ref Stage 65, run, start, 9783590014137694
1787664524.176102, NoOp Chain Depth 128 Size 0 Mode ref, Ref Stage 65, run, end, 9783590014161102
1787664524.176116, NoOp Chain Depth 128 Size 0 Mode ref, Ref Stage 66, run, start, 9783590014175630
1787664524.176138, NoOp Chain Depth 128 Size 0 Mode ref, Ref Stage 66, run, end, 9783590014197550
1787664524.176154, NoOp Chain Depth 128 Size 0 Mode ref, Ref Stage 67, run, start, 9783590014212910
1787664524.176176, NoOp Chain Depth 128 Size 0 Mode ref, Ref Stage 67, run, end, 9783590014234846
1787664524.176190, NoOp Chain Depth 128 Size 0 Mode ref, Ref Stage 68, run, start, 9783590014249390
1787664524.176212, NoOp Chain Depth 128 Size 0 Mode ref, Ref Stage 68, run, end, 9783590014271070
1787664524.176226, NoOp Chain Depth 128 Size 0 Mode ref, Ref Stage 69, run, start, 9783590014285646
1787664524.176250, NoOp Chain Depth 128 Size 0 Mode ref, Ref Stage 69, run, end, 9783590014309198
1787664524.176264, NoOp Chain Depth 128 Size 0 Mode ref, Ref Stage 70, run, start, 9783590014323598
1787664524.176285, NoOp Chain Depth 128 Size 0 Mode ref, Ref Stage 70, run, end, 9783590014344302
1787664524.176300, NoOp Chain Depth 128 Size 0 Mode ref, Ref Stage 71, run, start, 9783590014358750
1787664524.176322, NoOp Chain Depth 128 Size 0 Mode ref, Ref Stage 71, run, end, 9783590014381646
1787664524.176334, NoOp Chain Depth 128 Size 0 Mode ref, Ref Stage 72, run, start, 9783590014393214
1787664524.176365, NoOp Chain Depth 128 Size 0 Mode ref, Ref Stage 72, run, end, 9783590014423838
1787664524.176379, NoOp Chain Depth 128 Size 0 Mode ref, Ref Stage 73, run, start, 9783590014438254
1787664524.176402, NoOp Chain Depth 128 Size 0 Mode ref, Ref Stage 73, run, end, 9783590014461342
1787664524.176416, NoOp Chain Depth 128 Size 0 Mode ref, Ref Stage 74, run, start, 9783590014475726
1787664524.176437, NoOp Chain Depth 128 Size 0 Mode ref, Ref Stage 74, run, end, 9783590014496446
1787664524.176452, NoOp Chain Depth 128 Size 0 Mode ref, Ref Stage 75, run, start, 9783590014510782
1787664524.176472, NoOp Chain Depth 128 Size 0 Mode ref, Ref Stage 75, run, end, 9783590014531230
1787664524.176487, NoOp Chain Depth 128 Size 0 Mode ref, Ref Stage 76, run, start, 9783590014545950
1787664524.176507, NoOp Chain Depth 128 Size 0 Mode ref, Ref Stage 76, run, end, 9783590014566574
1787664524.176522, NoOp Chain Depth 128 Size 0 Mode ref, Ref Stage 77, run, start, 9783590014580862
1787664524.176542, NoOp Chain Depth 128 Size 0 Mode ref, Ref Stage 77, run, end, 9783590014601214
1787664524.176556, NoOp Chain Depth 128 Size 0 Mode ref, Ref Stage 78, run, start, 9783590014615678
1787664524.176577, NoOp Chain Depth 128 Size 0 Mode ref, Ref Stage 78, run, end, 9783590014636350
1787664524.176591, NoOp Chain Depth 128 Size 0 Mode ref, Ref Stage 79, run, start, 9783590014650702
1787664524.176615, NoOp Chain Depth 128 Size 0 Mode ref, Ref Stage 79, run, end, 9783590014674190
1787664524.176629, NoOp Chain Depth 128 Size 0 Mode ref, Ref Stage 80, run, start, 9783590014688670
1787664524.176651, NoOp Chain Depth 128 Size 0 Mode ref, Ref Stage 80, run, end, 9783590014710478
1787664524.176665, NoOp Chain Depth 128 Size 0 Mode ref, Ref Stage 81, run, start, 9783590014724734
1787664524.176688, NoOp Chain Depth 128 Size 0 Mode ref, Ref Stage 81, run, end, 9783590014746750
1787664524.176703, NoOp Chain Depth 128 Size 0 Mode ref, Ref Stage 82, run, start, 9783590014761998
1787664524.176742, NoOp Chain Depth 128 Size 0 Mode ref, Ref Stage 82, run, end, 9783590014800846
1787664524.176756, NoOp Chain Depth 128 Size 0 Mode ref, Ref Stage 83, run, start, 9783590014815406
1787664524.176779, NoOp Chain Depth 128 Size 0 Mode ref, Ref Stage 83, run, end, 9783590014837678
1787664524.179556, NoOp Chain Depth 128 Size 0 Mode ref, Ref Stage 84, run, start, 9783590017616476
1787664524.179583, NoOp Chain Depth 128 Size 0 Mode ref, Ref Stage 84, run, end, 9783590017642380
1787664524.179599, NoOp Chain Depth 128 Size 0 Mode ref, Ref Stage 85, run, start, 9783590017657948
1787664524.179620, NoOp Chain Depth 128 Size 0 Mode ref, Ref Stage 85, run, end, 9783590017679148
1787664524.179634, NoOp Chain Depth 128 Size 0 Mode ref, Ref Stage 86, run, start, 9783590017693724
1787664524.179655, NoOp Chain Depth 128 Size 0 Mode ref, Ref Stage 86, run, end, 9783590017714476
1787664524.179670, NoOp Chain Depth 128 Size 0 Mode ref, Ref Stage 87, run, start, 9783590017728684
1787664524.179691, NoOp Chain Depth 128 Size 0 Mode ref, Ref Stage 87, run, end, 9783590017749916
1787664524.179705, NoOp Chain Depth 128 Size 0 Mode ref, Ref Stage 88, run, start, 9783590017764732
1787664524.179727, NoOp Chain Depth 128 Size 0 Mode ref, Ref Stage 88, run, end, 9783590017785804
1787664524.179741, NoOp Chain Depth 128 Size 0 Mode ref, Ref Stage 89, run, start, 9783590017800156
1787664524.179762, NoOp Chain Depth 128 Size 0 Mode ref, Ref Stage 89, run, end, 9783590017821452
1787664524.179779, NoOp Chain Depth 128 Size 0 Mode ref, Ref Stage 90, run, start, 9783590017838124
1787664524.179800, NoOp Chain Depth 128 Size 0 Mode ref, Ref Stage 90, run, end, 9783590017859468
1787664524.179815, NoOp Chain Depth 128 Size 0 Mode ref, Ref Stage 91, run, start, 9783590017874060
1787664524.179836, NoOp Chain Depth 128 Size 0 Mode ref, Ref Stage 91, run, end, 9783590017894828
1787664524.179850, NoOp Chain Depth 128 Size 0 Mode ref, Ref Stage 92, run, start, 9783590017909436
1787664524.179871, NoOp Chain Depth 128 Size 0 Mode ref, Ref Stage 92, run, end, 9783590017930364
1787664524.179886, NoOp Chain Depth 128 Size 0 Mode ref, Ref Stage 93, run, start, 9783590017945116
1787664524.179907, NoOp Chain Depth 128 Size 0 Mode ref, Ref Stage 93, run, end, 9783590017966236
1787664524.179922, NoOp Chain Depth 128 Size 0 Mode ref, Ref Stage 94, run, start, 9783590017980988
1787664524.179943, NoOp Chain Depth 128 Size 0 Mode ref, Ref Stage 94, run, end, 9783590018003836
1787664524.179960, NoOp Chain Depth 128 Size 0 Mode ref, Ref Stage 95, run, start, 9783590018018876
1787664524.179980, NoOp Chain Depth 128 Size 0 Mode ref, Ref Stage 95, run, end, 9783590018039580
1787664524.179995, NoOp Chain Depth 128 Size 0 Mode ref, Ref Stage 96, run, start, 9783590018053900
1787664524.180016, NoOp Chain Depth 128 Size 0 Mode ref, Ref Stage 96, run, end, 9783590018075020
1787664524.180030, NoOp Chain Depth 128 Size 0 Mode ref, Ref Stage 97, run, start, 9783590018089484
1787664524.180053, NoOp Chain Depth 128 Size 0 Mode ref, Ref Stage 97, run, end, 9783590018111996
1787664524.180064, NoOp Chain Depth 128 Size 0 Mode ref, Ref Stage 98, run, start, 9783590018123820
1787664524.180095, NoOp Chain Depth 128 Size 0 Mode ref, Ref Stage 98, run, end, 9783590018154700
1787664524.180110, NoOp Chain Depth 128 Size 0 Mode ref, Ref Stage 99, run, start, 9783590018169180
1787664524.180131, NoOp Chain Depth 128 Size 0 Mode ref, Ref Stage 99, run, end, 9783590018190188
1787664524.180145, NoOp Chain Depth 128 Size 0 Mode ref, Ref Stage 100, run, start, 9783590018204412
1787664524.180166, NoOp Chain Depth 128 Size 0 Mode ref, Ref Stage 100, run, end, 9783590018225452
1787664524.180181, NoOp Chain Depth 128 Size 0 Mode ref, Ref Stage 101, run, start, 9783590018240620
1787664524.180202, NoOp Chain Depth 128 Size 0 Mode ref, Ref Stage 101, run, end, 9783590018261547
1787664524.180217, NoOp Chain Depth 128 Size 0 Mode ref, Ref Stage 102, run, start, 9783590018276203
1787664524.180238, NoOp Chain Depth 128 Size 0 Mode ref, Ref Stage 102, run, end, 9783590018296939
1787664524.180252, NoOp Chain Depth 128 Size 0 Mode ref, Ref Stage 103, run, start, 9783590018311275
1787664524.180273, NoOp Chain Depth 128 Size 0 Mode ref, Ref Stage 103, run, end, 9783590018331819
1787664524.180287, NoOp Chain Depth 128 Size 0 Mode ref, Ref Stage 104, run, start, 9783590018346331
1787664524.180310, NoOp Chain Depth 128 Size 0 Mode ref, Ref Stage 104, run, end, 9783590018368923
1787664524.180321, NoOp Chain Depth 128 Size 0 Mode ref, Ref Stage 105, run, start, 9783590018380651
1787664524.180354, NoOp Chain Depth 128 Size 0 Mode ref, Ref Stage 105, run, end, 9783590018413179
1787664524.180366, NoOp Chain Depth 128 Size 0 Mode ref, Ref Stage 106, run, start, 9783590018424779
1787664524.180397, NoOp Chain Depth 128 Size 0 Mode ref, Ref Stage 106, run, end, 9783590018455643
1787664524.180411, NoOp Chain Depth 128 Size 0 Mode ref, Ref Stage 107, run, start, 9783590018469995
1787664524.180431, NoOp Chain Depth 128 Size 0 Mode ref, Ref Stage 107, run, end, 9783590018490667
1787664524.180446, NoOp Chain Depth 128 Size 0 Mode ref, Ref Stage 108, run, start, 9783590018505035
1787664524.180466, NoOp Chain Depth 128 Size 0 Mode ref, Ref Stage 108, run, end, 9783590018525771
1787664524.180481, NoOp Chain Depth 128 Size 0 Mode ref, Ref Stage 109, run, start, 9783590018540235
1787664524.180502, NoOp Chain Depth 128 Size 0 Mode ref, Ref Stage 109, run, end, 9783590018561387
1787664524.180517, NoOp Chain Depth 128 Size 0 Mode ref, Ref Stage 110, run, start, 9783590018575883
1787664524.180539, NoOp Chain Depth 128 Size 0 Mode ref, Ref Stage 110, run, end, 9783590018598011
1787664524.180553, NoOp Chain Depth 128 Size 0 Mode ref, Ref Stage 111, run, start, 9783590018612203
1787664524.180574, NoOp Chain Depth 128 Size 0 Mode ref, Ref Stage 111, run, end, 9783590018633019
1787664524.180588, NoOp Chain Depth 128 Size 0 Mode ref, Ref Stage 112, run, start, 9783590018647515
1787664524.180609, NoOp Chain Depth 128 Size 0 Mode ref, Ref Stage 112, run, end, 9783590018668331
1787664524.180624, NoOp Chain Depth 128 Size 0 Mode ref, Ref Stage 113, run, start, 9783590018683403
1787664524.180645, NoOp Chain Depth 128 Size 0 Mode ref, Ref Stage 113, run, end, 9783590018704331
1787664524.180660, NoOp Chain Depth 128 Size 0 Mode ref, Ref Stage 114, run, start, 9783590018718731
1787664524.180684, NoOp Chain Depth 128 Size 0 Mode ref, Ref Stage 114, run, end, 9783590018743019
1787664524.180695, NoOp Chain Depth 128 Size 0 Mode ref, Ref Stage 115, run, start, 9783590018754731
1787664524.180727, NoOp Chain Depth 128 Size 0 Mode ref, Ref Stage 115, run, end, 9783590018785659
1787664524.180741, NoOp Chain Depth 128 Size 0 Mode ref, Ref Stage 116, run, start, 9783590018800283
1787664524.180762, NoOp Chain Depth 128 Size 0 Mode ref, Ref Stage 116, run, end, 9783590018820987
1787664524.180776, NoOp Chain Depth 128 Size 0 Mode ref, Ref Stage 117, run, start, 9783590018835275
1787664524.180797, NoOp Chain Depth 128 Size 0 Mode ref, Ref Stage 117, run, end, 9783590018856027
1787664524.180811, NoOp Chain Depth 128 Size 0 Mode ref, Ref Stage 118, run, start, 9783590018870411
1787664524.180832, NoOp Chain Depth 128 Size 0 Mode ref, Ref Stage 118, run, end, 9783590018891259
1787664524.180847, NoOp Chain Depth 128 Size 0 Mode ref, Ref Stage 119, run, start, 9783590018905835
1787664524.180868, NoOp Chain Depth 128 Size 0 Mode ref, Ref Stage 119, run, end, 9783590018927387
1787664524.180882, NoOp Chain Depth 128 Size 0 Mode ref, Ref Stage 120, run, start, 9783590018941723
1787664524.180903, NoOp Chain Depth 128 Size 0 Mode ref, Ref Stage 120, run, end, 9783590018962283
1787664524.180918, NoOp Chain Depth 128 Size 0 Mode ref, Ref Stage 121, run, start, 9783590018976651
1787664524.180938, NoOp Chain Depth 128 Size 0 Mode ref, Ref Stage 121, run, end, 9783590018997371
1787664524.180955, NoOp Chain Depth 128 Size 0 Mode ref, Ref Stage 122, run, start, 9783590019014139
1787664524.180976, NoOp Chain Depth 128 Size 0 Mode ref, Ref Stage 122, run, end, 9783590019034731
1787664524.180991, NoOp Chain Depth 128 Size 0 Mode ref, Ref Stage 123, run, start, 9783590019050075
1787664524.181015, NoOp Chain Depth 128 Size 0 Mode ref, Ref Stage 123, run, end, 9783590019074955
1787664524.181027, NoOp Chain Depth 128 Size 0 Mode ref, Ref Stage 124, run, start, 9783590019086379
1787664524.181058, NoOp Chain Depth 128 Size 0 Mode ref, Ref Stage 124, run, end, 9783590019116987
1787664524.181073, NoOp Chain Depth 128 Size 0 Mode ref, Ref Stage 125, run, start, 9783590019132747
1787664524.181094, NoOp Chain Depth 128 Size 0 Mode ref, Ref Stage 125, run, end, 9783590019153419
1787664524.181110, NoOp Chain Depth 128 Size 0 Mode ref, Ref Stage 126, run, start, 9783590019168859
1787664524.181132, NoOp Chain Depth 128 Size 0 Mode ref, Ref Stage 126, run, end, 9783590019190923
1787664524.181146, NoOp Chain Depth 128 Size 0 Mode ref, Ref Stage 127, run, start, 9783590019205531
1787664524.181167, NoOp Chain Depth 128 Size 0 Mode ref, Ref Stage 127, run, end, 9783590019226123
1787664524.181181, NoOp Chain Depth 128 Size 0 Mode ref, pipeline - train, run, end, 309366162068036017766645747278647826427, 1787664524.172151, 64, 1, 9783590019240779
1787664524.181217, NoOp Chain Depth 128 Size 0 Mode ref, pipeline - train, run, start, 67760361178676783200380775112441946918, 1787664524.181206, 65, 1, 9783590019276827
1787664524.181240, NoOp Chain Depth 128 Size 0 Mode ref, Ref Stage 0, run, start, 9783590019299259
1787664524.181261, NoOp Chain Depth 128 Size 0 Mode ref, Ref Stage 0, run, end, 9783590019320379
1787664524.181277, NoOp Chain Depth 128 Size 0 Mode ref, Ref Stage 1, run, start, 9783590019335883
1787664524.181304, NoOp Chain Depth 128 Size 0 Mode ref, Ref Stage 1, run, end, 9783590019363163
1787664524.181318, NoOp Chain Depth 128 Size 0 Mode ref, Ref Stage 2, run, start, 9783590019377643
1787664524.181339, NoOp Chain Depth 128 Size 0 Mode ref, Ref Stage 2, run, end, 9783590019398491
1787664524.181355, NoOp Chain Depth 128 Size 0 Mode ref, Ref Stage 3, run, start, 9783590019413899
1787664524.181380, NoOp Chain Depth 128 Size 0 Mode ref, Ref Stage 3, run, end, 9783590019439099
1787664524.181635, NoOp Chain Depth 128 Size 0 Mode ref, Ref Stage 4, run, start, 9783590019695515
1787664524.181773, NoOp Chain Depth 128 Size 0 Mode ref, Ref Stage 4, run, end, 9783590019832938
1787664524.181789, NoOp Chain Depth 128 Size 0 Mode ref, Ref Stage 5, run, start, 9783590019848890
1787664524.181812, NoOp Chain Depth 128 Size 0 Mode ref, Ref Stage 5, run, end, 9783590019870634
1787664524.181826, NoOp Chain Depth 128 Size 0 Mode ref, Ref Stage 6, run, start, 9783590019885082
1787664524.181847, NoOp Chain Depth 128 Size 0 Mode ref, Ref Stage 6, run, end, 9783590019906522
1787664524.181862, NoOp Chain Depth 128 Size 0 Mode ref, Ref Stage 7, run, start, 9783590019921146
1787664524.181885, NoOp Chain Depth 128 Size 0 Mode ref, Ref Stage 7, run, end, 9783590019943866
1787664524.181896, NoOp Chain Depth 128 Size 0 Mode ref, Ref Stage 8, run, start, 9783590019955962
1787664524.181928, NoOp Chain Depth 128 Size 0 Mode ref, Ref Stage 8, run, end, 9783590019987050
1787664524.181942, NoOp Chain Depth 128 Size 0 Mode ref, Ref Stage 9, run, start, 9783590020003914
1787664524.181969, NoOp Chain Depth 128 Size 0 Mode ref, Ref Stage 9, run, end, 9783590020028394
1787664524.181981, NoOp Chain Depth 128 Size 0 Mode ref, Ref Stage 10, run, start, 9783590020040330
1787664524.182014, NoOp Chain Depth 128 Size 0 Mode ref, Ref Stage 10, run, end, 9783590020073450
1787664524.182029, NoOp Chain Depth 128 Size 0 Mode ref, Ref Stage 11, run, start, 9783590020087962
1787664524.182051, NoOp Chain Depth 128 Size 0 Mode ref, Ref Stage 11, run, end, 9783590020110202
1787664524.182065, NoOp Chain Depth 128 Size 0 Mode ref, Ref Stage 12, run, start, 9783590020124730
1787664524.182086, NoOp Chain Depth 128 Size 0 Mode ref, Ref Stage 12, run, end, 9783590020145578
1787664524.182101, NoOp Chain Depth 128 Size 0 Mode ref, Ref Stage 13, run, start, 9783590020159786
1787664524.182123, NoOp Chain Depth 128 Size 0 Mode ref, Ref Stage 13, run, end, 9783590020181882
1787664524.182139, NoOp Chain Depth 128 Size 0 Mode ref, Ref Stage 14, run, start, 9783590020197818
1787664524.182159, NoOp Chain Depth 128 Size 0 Mode ref, Ref Stage 14, run, end, 9783590020218522
1787664524.182175, NoOp Chain Depth 128 Size 0 Mode ref, Ref Stage 15, run, start, 9783590020234250
1787664524.182197, NoOp Chain Depth 128 Size 0 Mode ref, Ref Stage 15, run, end, 9783590020256138
1787664524.182212, NoOp Chain Depth 128 Size 0 Mode ref, Ref Stage 16, run, start, 9783590020271178
1787664524.182236, NoOp Chain Depth 128 Size 0 Mode ref, Ref Stage 16, run, end, 9783590020294906
1787664524.182247, NoOp Chain Depth 128 Size 0 Mode ref, Ref Stage 17, run, start, 9783590020306490
1787664524.182278, NoOp Chain Depth 128 Size 0 Mode ref, Ref Stage 17, run, end, 9783590020336954
1787664524.182292, NoOp Chain Depth 128 Size 0 Mode ref, Ref Stage 18, run, start, 9783590020351754
1787664524.182313, NoOp Chain Depth 128 Size 0 Mode ref, Ref Stage 18, run, end, 9783590020372474
1787664524.182327, NoOp Chain Depth 128 Size 0 Mode ref, Ref Stage 19, run, start, 9783590020386730
1787664524.182348, NoOp Chain Depth 128 Size 0 Mode ref, Ref Stage 19, run, end, 9783590020407274
1787664524.182362, NoOp Chain Depth 128 Size 0 Mode ref, Ref Stage 20, run, start, 9783590020421530
1787664524.182383, NoOp Chain Depth 128 Size 0 Mode ref, Ref Stage 20, run, end, 9783590020442138
1787664524.182397, NoOp Chain Depth 128 Size 0 Mode ref, Ref Stage 21, run, start, 9783590020456474
1787664524.182419, NoOp Chain Depth 128 Size 0 Mode ref, Ref Stage 21, run, end, 9783590020478314
1787664524.182436, NoOp Chain Depth 128 Size 0 Mode ref, Ref Stage 22, run, start, 9783590020494890
1787664524.182456, NoOp Chain Depth 128 Size 0 Mode ref, Ref Stage 22, run, end, 9783590020515738
1787664524.182471, NoOp Chain Depth 128 Size 0 Mode ref, Ref Stage 23, run, start, 9783590020530090
1787664524.182493, NoOp Chain Depth 128 Size 0 Mode ref, Ref Stage 23, run, end, 9783590020552090
1787664524.182507, NoOp Chain Depth 128 Size 0 Mode ref, Ref Stage 24, run, start, 9783590020566298
1787664524.182528, NoOp Chain Depth 128 Size 0 Mode ref, Ref Stage 24, run, end, 9783590020586682
1787664524.182542, NoOp Chain Depth 128 Size 0 Mode ref, Ref Stage 25, run, start, 9783590020601290
1787664524.182563, NoOp Chain Depth 128 Size 0 Mode ref, Ref Stage 25, run, end, 9783590020622026
1787664524.182579, NoOp Chain Depth 128 Size 0 Mode ref, Ref Stage 26, run, start, 9783590020637994
1787664524.182600, NoOp Chain Depth 128 Size 0 Mode ref, Ref Stage 26, run, end, 9783590020659706
1787664524.182615, NoOp Chain Depth 128 Size 0 Mode ref, Ref Stage 27, run, start, 9783590020674090
1787664524.182638, NoOp Chain Depth 128 Size 0 Mode ref, Ref Stage 27, run, end, 9783590020698554
1787664524.182654, NoOp Chain Depth 128 Size 0 Mode ref, Ref Stage 28, run, start, 9783590020712890
1787664524.182674, NoOp Chain Depth 128 Size 0 Mode ref, Ref Stage 28, run, end, 9783590020733674
1787664524.182688, NoOp Chain Depth 128 Size 0 Mode ref, Ref Stage 29, run, start, 9783590020747866
1787664524.182710, NoOp Chain Depth 128 Size 0 Mode ref, Ref Stage 29, run, end, 9783590020769450
1787664524.182725, NoOp Chain Depth 128 Size 0 Mode ref, Ref Stage 30, run, start, 9783590020783834
1787664524.182745, NoOp Chain Depth 128 Size 0 Mode ref, Ref Stage 30, run, end, 9783590020804538
1787664524.182760, NoOp Chain Depth 128 Size 0 Mode ref, Ref Stage 31, run, start, 9783590020818986
1787664524.182781, NoOp Chain Depth 128 Size 0 Mode ref, Ref Stage 31, run, end, 9783590020839882
1787664524.182795, NoOp Chain Depth 128 Size 0 Mode ref, Ref Stage 32, run, start, 9783590020854154
1787664524.182817, NoOp Chain Depth 128 Size 0 Mode ref, Ref Stage 32, run, end, 9783590020875930
1787664524.182831, NoOp Chain Depth 128 Size 0 Mode ref, Ref Stage 33, run, start, 9783590020890154
1787664524.182852, NoOp Chain Depth 128 Size 0 Mode ref, Ref Stage 33, run, end, 9783590020910938
1787664524.182866, NoOp Chain Depth 128 Size 0 Mode ref, Ref Stage 34, run, start, 9783590020925114
1787664524.182886, NoOp Chain Depth 128 Size 0 Mode ref, Ref Stage 34, run, end, 9783590020945642
1787664524.182900, NoOp Chain Depth 128 Size 0 Mode ref, Ref Stage 35, run, start, 9783590020959834
1787664524.182921, NoOp Chain Depth 128 Size 0 Mode ref, Ref Stage 35, run, end, 9783590020980458
1787664524.182935, NoOp Chain Depth 128 Size 0 Mode ref, Ref Stage 36, run, start, 9783590020994922
1787664524.182958, NoOp Chain Depth 128 Size 0 Mode ref, Ref Stage 36, run, end, 9783590021017114
1787664524.182973, NoOp Chain Depth 128 Size 0 Mode ref, Ref Stage 37, run, start, 9783590021031866
1787664524.182997, NoOp Chain Depth 128 Size 0 Mode ref, Ref Stage 37, run, end, 9783590021055962
1787664524.183011, NoOp Chain Depth 128 Size 0 Mode ref, Ref Stage 38, run, start, 9783590021070266
1787664524.183032, NoOp Chain Depth 128 Size 0 Mode ref, Ref Stage 38, run, end, 9783590021090746
1787664524.183046, NoOp Chain Depth 128 Size 0 Mode ref, Ref Stage 39, run, start, 9783590021105210
1787664524.183067, NoOp Chain Depth 128 Size 0 Mode ref, Ref Stage 39, run, end, 9783590021125994
1787664524.183081, NoOp Chain Depth 128 Size 0 Mode ref, Ref Stage 40, run, start, 9783590021140410
1787664524.183102, NoOp Chain Depth 128 Size 0 Mode ref, Ref Stage 40, run, end, 9783590021160890
1787664524.183117, NoOp Chain Depth 128 Size 0 Mode ref, Ref Stage 41, run, start, 9783590021176074
1787664524.183139, NoOp Chain Depth 128 Size 0 Mode ref, Ref Stage 41, run, end, 9783590021198234
1787664524.183467, NoOp Chain Depth 128 Size 0 Mode ref, Ref Stage 42, run, start, 9783590021527257
1787664524.183601, NoOp Chain Depth 128 Size 0 Mode ref, Ref Stage 42, run, end, 9783590021660521
1787664524.183619, NoOp Chain Depth 128 Size 0 Mode ref, Ref Stage 43, run, start, 9783590021677929
1787664524.183640, NoOp Chain Depth 128 Size 0 Mode ref, Ref Stage 43, run, end, 9783590021699881
1787664524.183656, NoOp Chain Depth 128 Size 0 Mode ref, Ref Stage 44, run, start, 9783590021714841
1787664524.183677, NoOp Chain Depth 128 Size 0 Mode ref, Ref Stage 44, run, end, 9783590021736153
1787664524.183692, NoOp Chain Depth 128 Size 0 Mode ref, Ref Stage 45, run, start, 9783590021750761
1787664524.183712, NoOp Chain Depth 128 Size 0 Mode ref, Ref Stage 45, run, end, 9783590021771561
1787664524.183727, NoOp Chain Depth 128 Size 0 Mode ref, Ref Stage 46, run, start, 9783590021785785
1787664524.183748, NoOp Chain Depth 128 Size 0 Mode ref, Ref Stage 46, run, end, 9783590021806953
1787664524.183763, NoOp Chain Depth 128 Size 0 Mode ref, Ref Stage 47, run, start, 9783590021821753
1787664524.183784, NoOp Chain Depth 128 Size 0 Mode ref, Ref Stage 47, run, end, 9783590021842585
1787664524.183799, NoOp Chain Depth 128 Size 0 Mode ref, Ref Stage 48, run, start, 9783590021858649
1787664524.183822, NoOp Chain Depth 128 Size 0 Mode ref, Ref Stage 48, run, end, 9783590021881321
1787664524.183926, NoOp Chain Depth 128 Size 0 Mode ref, Ref Stage 49, run, start, 9783590021986345
1787664524.183953, NoOp Chain Depth 128 Size 0 Mode ref, Ref Stage 49, run, end, 9783590022012425
1787664524.183969, NoOp Chain Depth 128 Size 0 Mode ref, Ref Stage 50, run, start, 9783590022028473
1787664524.183990, NoOp Chain Depth 128 Size 0 Mode ref, Ref Stage 50, run, end, 9783590022049849
1787664524.184005, NoOp Chain Depth 128 Size 0 Mode ref, Ref Stage 51, run, start, 9783590022064729
1787664524.184026, NoOp Chain Depth 128 Size 0 Mode ref, Ref Stage 51, run, end, 9783590022085577
1787664524.184041, NoOp Chain Depth 128 Size 0 Mode ref, Ref Stage 52, run, start, 9783590022100521
1787664524.184062, NoOp Chain Depth 128 Size 0 Mode ref, Ref Stage 52, run, end, 9783590022121145
1787664524.184597, NoOp Chain Depth 128 Size 0 Mode ref, Ref Stage 53, run, start, 9783590022656857
1787664524.184623, NoOp Chain Depth 128 Size 0 Mode ref, Ref Stage 53, run, end, 9783590022682841
1787664524.184639, NoOp Chain Depth 128 Size 0 Mode ref, Ref Stage 54, run, start, 9783590022698713
1787664524.184663, NoOp Chain Depth 128 Size 0 Mode ref, Ref Stage 54, run, end, 9783590022722521
1787664524.184675, NoOp Chain Depth 128 Size 0 Mode ref, Ref Stage 55, run, start, 9783590022734633
1787664524.184707, NoOp Chain Depth 128 Size 0 Mode ref, Ref Stage 55, run, end, 9783590022766393
1787664524.184722, NoOp Chain Depth 128 Size 0 Mode ref, Ref Stage 56, run, start, 9783590022781145
1787664524.184743, NoOp Chain Depth 128 Size 0 Mode ref, Ref Stage 56, run, end, 9783590022802536
1787664524.184758, NoOp Chain Depth 128 Size 0 Mode ref, Ref Stage 57, run, start, 9783590022817144
1787664524.184779, NoOp Chain Depth 128 Size 0 Mode ref, Ref Stage 57, run, end, 9783590022838408
1787664524.184794, NoOp Chain Depth 128 Size 0 Mode ref, Ref Stage 58, run, start, 9783590022852984
1787664524.184817, NoOp Chain Depth 128 Size 0 Mode ref, Ref Stage 58, run, end, 9783590022876168
1787664524.184832, NoOp Chain Depth 128 Size 0 Mode ref, Ref Stage 59, run, start, 9783590022891256
1787664524.184854, NoOp Chain Depth 128 Size 0 Mode ref, Ref Stage 59, run, end, 9783590022913416
1787664524.184869, NoOp Chain Depth 128 Size 0 Mode ref, Ref Stage 60, run, start, 9783590022927992
1787664524.184891, NoOp Chain Depth 128 Size 0 Mode ref, Ref Stage 60, run, end, 9783590022950664
1787664524.184903, NoOp Chain Depth 128 Size 0 Mode ref, Ref Stage 61, run, start, 9783590022962168
1787664524.184937, NoOp Chain Depth 128 Size 0 Mode ref, Ref Stage 61, run, end, 9783590022995896
1787664524.184950, NoOp Chain Depth 128 Size 0 Mode ref, Ref Stage 62, run, start, 9783590023009560
1787664524.184983, NoOp Chain Depth 128 Size 0 Mode ref, Ref Stage 62, run, end, 9783590023041672
1787664524.184997, NoOp Chain Depth 128 Size 0 Mode ref, Ref Stage 63, run, start, 9783590023056504
1787664524.185025, NoOp Chain Depth 128 Size 0 Mode ref, Ref Stage 63, run, end, 9783590023084328
1787664524.185040, NoOp Chain Depth 128 Size 0 Mode ref, Ref Stage 64, run, start, 9783590023099000
1787664524.185061, NoOp Chain Depth 128 Size 0 Mode ref, Ref Stage 64, run, end, 9783590023120648
1787664524.185076, NoOp Chain Depth 128 Size 0 Mode ref, Ref Stage 65, run, start, 9783590023135304
1787664524.185097, NoOp Chain Depth 128 Size 0 Mode ref, Ref Stage 65, run, end, 9783590023156296
1787664524.185111, NoOp Chain Depth 128 Size 0 Mode ref, Ref Stage 66, run, start, 9783590023171608
1787664524.185134, NoOp Chain Depth 128 Size 0 Mode ref, Ref Stage 66, run, end, 9783590023193544
1787664524.185148, NoOp Chain Depth 128 Size 0 Mode ref, Ref Stage 67, run, start, 9783590023207720
1787664524.185169, NoOp Chain Depth 128 Size 0 Mode ref, Ref Stage 67, run, end, 9783590023228472
1787664524.185185, NoOp Chain Depth 128 Size 0 Mode ref, Ref Stage 68, run, start, 9783590023243992
1787664524.185208, NoOp Chain Depth 128 Size 0 Mode ref, Ref Stage 68, run, end, 9783590023267576
1787664524.185225, NoOp Chain Depth 128 Size 0 Mode ref, Ref Stage 69, run, start, 9783590023283768
1787664524.185245, NoOp Chain Depth 128 Size 0 Mode ref, Ref Stage 69, run, end, 9783590023304376
1787664524.185260, NoOp Chain Depth 128 Size 0 Mode ref, Ref Stage 70, run, start, 9783590023318744
1787664524.185282, NoOp Chain Depth 128 Size 0 Mode ref, Ref Stage 70, run, end, 9783590023341112
1787664524.185294, NoOp Chain Depth 128 Size 0 Mode ref, Ref Stage 71, run, start, 9783590023352696
1787664524.185324, NoOp Chain Depth 128 Size 0 Mode ref, Ref Stage 71, run, end, 9783590023383096
1787664524.185338, NoOp Chain Depth 128 Size 0 Mode ref, Ref Stage 72, run, start, 9783590023397496
1787664524.185359, NoOp Chain Depth 128 Size 0 Mode ref, Ref Stage 72, run, end, 9783590023418040
1787664524.185373, NoOp Chain Depth 128 Size 0 Mode ref, Ref Stage 73, run, start, 9783590023432168
1787664524.185393, NoOp Chain Depth 128 Size 0 Mode ref, Ref Stage 73, run, end, 9783590023452680
1787664524.185409, NoOp Chain Depth 128 Size 0 Mode ref, Ref Stage 74, run, start, 9783590023468328
1787664524.185434, NoOp Chain Depth 128 Size 0 Mode ref, Ref Stage 74, run, end, 9783590023493080
1787664524.185445, NoOp Chain Depth 128 Size 0 Mode ref, Ref Stage 75, run, start, 9783590023504792
1787664524.185476, NoOp Chain Depth 128 Size 0 Mode ref, Ref Stage 75, run, end, 9783590023535224
1787664524.185490, NoOp Chain Depth 128 Size 0 Mode ref, Ref Stage 76, run, start, 9783590023549528
1787664524.185511, NoOp Chain Depth 128 Size 0 Mode ref, Ref Stage 76, run, end, 9783590023570216
1787664524.185525, NoOp Chain Depth 128 Size 0 Mode ref, Ref Stage 77, run, start, 9783590023584648
1787664524.185546, NoOp Chain Depth 128 Size 0 Mode ref, Ref Stage 77, run, end, 9783590023605112
1787664524.185560, NoOp Chain Depth 128 Size 0 Mode ref, Ref Stage 78, run, start, 9783590023619448
1787664524.185581, NoOp Chain Depth 128 Size 0 Mode ref, Ref Stage 78, run, end, 9783590023640120
1787664524.185597, NoOp Chain Depth 128 Size 0 Mode ref, Ref Stage 79, run, start, 9783590023656600
1787664524.185619, NoOp Chain Depth 128 Size 0 Mode ref, Ref Stage 79, run, end, 9783590023678280
1787664524.185633, NoOp Chain Depth 128 Size 0 Mode ref, Ref Stage 80, run, start, 9783590023692792
1787664524.185655, NoOp Chain Depth 128 Size 0 Mode ref, Ref Stage 80, run, end, 9783590023714472
1787664524.185671, NoOp Chain Depth 128 Size 0 Mode ref, Ref Stage 81, run, start, 9783590023729960
1787664524.185692, NoOp Chain Depth 128 Size 0 Mode ref, Ref Stage 81, run, end, 9783590023751256
1787664524.185706, NoOp Chain Depth 128 Size 0 Mode ref, Ref Stage 82, run, start, 9783590023765688
1787664524.185730, NoOp Chain Depth 128 Size 0 Mode ref, Ref Stage 82, run, end, 9783590023789464
1787664524.185742, NoOp Chain Depth 128 Size 0 Mode ref, Ref Stage 83, run, start, 9783590023801112
1787664524.185774, NoOp Chain Depth 128 Size 0 Mode ref, Ref Stage 83, run, end, 9783590023833048
1787664524.185790, NoOp Chain Depth 128 Size 0 Mode ref, Ref Stage 84, run, start, 9783590023848808
1787664524.185811, NoOp Chain Depth 128 Size 0 Mode ref, Ref Stage 84, run, end, 9783590023870280
1787664524.185825, NoOp Chain Depth 128 Size 0 Mode ref, Ref Stage 85, run, start, 9783590023884648
1787664524.185847, NoOp Chain Depth 128 Size 0 Mode ref, Ref Stage 85, run, end, 9783590023905816
1787664524.185861, NoOp Chain Depth 128 Size 0 Mode ref, Ref Stage 86, run, start, 9783590023920376
1787664524.185882, NoOp Chain Depth 128 Size 0 Mode ref, Ref Stage 86, run, end, 9783590023941016
1787664524.185896, NoOp Chain Depth 128 Size 0 Mode ref, Ref Stage 87, run, start, 9783590023955432
1787664524.185918, NoOp Chain Depth 128 Size 0 Mode ref, Ref Stage 87, run, end, 9783590023977416
1787664524.185933, NoOp Chain Depth 128 Size 0 Mode ref, Ref Stage 88, run, start, 9783590023991800
1787664524.185955, NoOp Chain Depth 128 Size 0 Mode ref, Ref Stage 88, run, end, 9783590024013928
1787664524.185970, NoOp Chain Depth 128 Size 0 Mode ref, Ref Stage 89, run, start, 9783590024028952
1787664524.185990, NoOp Chain Depth 128 Size 0 Mode ref, Ref Stage 89, run, end, 9783590024049720
1787664524.186006, NoOp Chain Depth 128 Size 0 Mode ref, Ref Stage 90, run, start, 9783590024065016
1787664524.186027, NoOp Chain Depth 128 Size 0 Mode ref, Ref Stage 90, run, end, 9783590024085624
1787664524.186041, NoOp Chain Depth 128 Size 0 Mode ref, Ref Stage 91, run, start, 9783590024099880
1787664524.186061, NoOp Chain Depth 128 Size 0 Mode ref, Ref Stage 91, run, end, 9783590024120424
1787664524.186075, NoOp Chain Depth 128 Size 0 Mode ref, Ref Stage 92, run, start, 9783590024134936
1787664524.186098, NoOp Chain Depth 128 Size 0 Mode ref, Ref Stage 92, run, end, 9783590024156776
1787664524.186112, NoOp Chain Depth 128 Size 0 Mode ref, Ref Stage 93, run, start, 9783590024171144
1787664524.186132, NoOp Chain Depth 128 Size 0 Mode ref, Ref Stage 93, run, end, 9783590024191800
1787664524.186147, NoOp Chain Depth 128 Size 0 Mode ref, Ref Stage 94, run, start, 9783590024206120
1787664524.186169, NoOp Chain Depth 128 Size 0 Mode ref, Ref Stage 94, run, end, 9783590024227848
1787664524.186183, NoOp Chain Depth 128 Size 0 Mode ref, Ref Stage 95, run, start, 9783590024242360
1787664524.186205, NoOp Chain Depth 128 Size 0 Mode ref, Ref Stage 95, run, end, 9783590024264120
1787664524.186219, NoOp Chain Depth 128 Size 0 Mode ref, Ref Stage 96, run, start, 9783590024278488
1787664524.186241, NoOp Chain Depth 128 Size 0 Mode ref, Ref Stage 96, run, end, 9783590024300264
1787664524.186256, NoOp Chain Depth 128 Size 0 Mode ref, Ref Stage 97, run, start, 9783590024315336
1787664524.186277, NoOp Chain Depth 128 Size 0 Mode ref, Ref Stage 97, run, end, 9783590024335816
1787664524.186291, NoOp Chain Depth 128 Size 0 Mode ref, Ref Stage 98, run, start, 9783590024349991
1787664524.186311, NoOp Chain Depth 128 Size 0 Mode ref, Ref Stage 98, run, end, 9783590024370535
1787664524.186326, NoOp Chain Depth 128 Size 0 Mode ref, Ref Stage 99, run, start, 9783590024384903
1787664524.186347, NoOp Chain Depth 128 Size 0 Mode ref, Ref Stage 99, run, end, 9783590024405575
1787664524.186361, NoOp Chain Depth 128 Size 0 Mode ref, Ref Stage 100, run, start, 9783590024419911
1787664524.186384, NoOp Chain Depth 128 Size 0 Mode ref, Ref Stage 100, run, end, 9783590024443079
1787664524.186399, NoOp Chain Depth 128 Size 0 Mode ref, Ref Stage 101, run, start, 9783590024458231
1787664524.186423, NoOp Chain Depth 128 Size 0 Mode ref, Ref Stage 101, run, end, 9783590024481735
1787664524.186753, NoOp Chain Depth 128 Size 0 Mode ref, Ref Stage 102, run, start, 9783590024812439
1787664524.186899, NoOp Chain Depth 128 Size 0 Mode ref, Ref Stage 102, run, end, 9783590024958423
1787664524.186914, NoOp Chain Depth 128 Size 0 Mode ref, Ref Stage 103, run, start, 9783590024973975
1787664524.186936, NoOp Chain Depth 128 Size 0 Mode ref, Ref Stage 103, run, end, 9783590024995367
1787664524.186952, NoOp Chain Depth 128 Size 0 Mode ref, Ref Stage 104, run, start, 9783590025011719
1787664524.186974, NoOp Chain Depth 128 Size 0 Mode ref, Ref Stage 104, run, end, 9783590025033527
1787664524.186990, NoOp Chain Depth 128 Size 0 Mode ref, Ref Stage 105, run, start, 9783590025049847
1787664524.187013, NoOp Chain Depth 128 Size 0 Mode ref, Ref Stage 105, run, end, 9783590025072295
1787664524.187414, NoOp Chain Depth 128 Size 0 Mode ref, Ref Stage 106, run, start, 9783590025474007
1787664524.187442, NoOp Chain Depth 128 Size 0 Mode ref, Ref Stage 106, run, end, 9783590025501111
1787664524.187569, NoOp Chain Depth 128 Size 0 Mode ref, Ref Stage 107, run, start, 9783590025628727
1787664524.187591, NoOp Chain Depth 128 Size 0 Mode ref, Ref Stage 107, run, end, 9783590025650695
1787664524.187606, NoOp Chain Depth 128 Size 0 Mode ref, Ref Stage 108, run, start, 9783590025665399
1787664524.187627, NoOp Chain Depth 128 Size 0 Mode ref, Ref Stage 108, run, end, 9783590025686439
1787664524.187642, NoOp Chain Depth 128 Size 0 Mode ref, Ref Stage 109, run, start, 9783590025701047
1787664524.187663, NoOp Chain Depth 128 Size 0 Mode ref, Ref Stage 109, run, end, 9783590025721991
1787664524.187677, NoOp Chain Depth 128 Size 0 Mode ref, Ref Stage 110, run, start, 9783590025736343
1787664524.187698, NoOp Chain Depth 128 Size 0 Mode ref, Ref Stage 110, run, end, 9783590025757511
1787664524.187713, NoOp Chain Depth 128 Size 0 Mode ref, Ref Stage 111, run, start, 9783590025772055
1787664524.187734, NoOp Chain Depth 128 Size 0 Mode ref, Ref Stage 111, run, end, 9783590025793079
1787664524.187748, NoOp Chain Depth 128 Size 0 Mode ref, Ref Stage 112, run, start, 9783590025807431
1787664524.187770, NoOp Chain Depth 128 Size 0 Mode ref, Ref Stage 112, run, end, 9783590025828647
1787664524.187784, NoOp Chain Depth 128 Size 0 Mode ref, Ref Stage 113, run, start, 9783590025843751
1787664524.187806, NoOp Chain Depth 128 Size 0 Mode ref, Ref Stage 113, run, end, 9783590025864839
1787664524.187822, NoOp Chain Depth 128 Size 0 Mode ref, Ref Stage 114, run, start, 9783590025881399
1787664524.187846, NoOp Chain Depth 128 Size 0 Mode ref, Ref Stage 114, run, end, 9783590025905334
1787664524.187858, NoOp Chain Depth 128 Size 0 Mode ref, Ref Stage 115, run, start, 9783590025917142
1787664524.187889, NoOp Chain Depth 128 Size 0 Mode ref, Ref Stage 115, run, end, 9783590025948118
1787664524.187904, NoOp Chain Depth 128 Size 0 Mode ref, Ref Stage 116, run, start, 9783590025963430
1787664524.187930, NoOp Chain Depth 128 Size 0 Mode ref, Ref Stage 116, run, end, 9783590025988838
1787664524.187946, NoOp Chain Depth 128 Size 0 Mode ref, Ref Stage 117, run, start, 9783590026005446
1787664524.187969, NoOp Chain Depth 128 Size 0 Mode ref, Ref Stage 117, run, end, 9783590026028166
1787664524.190555, NoOp Chain Depth 128 Size 0 Mode ref, Ref Stage 118, run, start, 9783590028615909
1787664524.190582, NoOp Chain Depth 128 Size 0 Mode ref, Ref Stage 118, run, end, 9783590028641541
1787664524.190598, NoOp Chain Depth 128 Size 0 Mode ref, Ref Stage 119, run, start, 9783590028657749
1787664524.190621, NoOp Chain Depth 128 Size 0 Mode ref, Ref Stage 119, run, end, 9783590028679973
1787664524.190636, NoOp Chain Depth 128 Size 0 Mode ref, Ref Stage 120, run, start, 9783590028695013
1787664524.190657, NoOp Chain Depth 128 Size 0 Mode ref, Ref Stage 120, run, end, 9783590028716725
1787664524.190672, NoOp Chain Depth 128 Size 0 Mode ref, Ref Stage 121, run, start, 9783590028731765
1787664524.190694, NoOp Chain Depth 128 Size 0 Mode ref, Ref Stage 121, run, end, 9783590028753173
1787664524.190709, NoOp Chain Depth 128 Size 0 Mode ref, Ref Stage 122, run, start, 9783590028768069
1787664524.190731, NoOp Chain Depth 128 Size 0 Mode ref, Ref Stage 122, run, end, 9783590028789685
1787664524.190745, NoOp Chain Depth 128 Size 0 Mode ref, Ref Stage 123, run, start, 9783590028804725
1787664524.190767, NoOp Chain Depth 128 Size 0 Mode ref, Ref Stage 123, run, end, 9783590028826757
1787664524.190783, NoOp Chain Depth 128 Size 0 Mode ref, Ref Stage 124, run, start, 9783590028842021
1787664524.190807, NoOp Chain Depth 128 Size 0 Mode ref, Ref Stage 124, run, end, 9783590028865748
1787664524.190819, NoOp Chain Depth 128 Size 0 Mode ref, Ref Stage 125, run, start, 9783590028877956
1787664524.190853, NoOp Chain Depth 128 Size 0 Mode ref, Ref Stage 125, run, end, 9783590028912420
1787664524.190868, NoOp Chain Depth 128 Size 0 Mode ref, Ref Stage 126, run, start, 9783590028927444
1787664524.190890, NoOp Chain Depth 128 Size 0 Mode ref, Ref Stage 126, run, end, 9783590028949124
1787664524.190905, NoOp Chain Depth 128 Size 0 Mode ref, Ref Stage 127, run, start, 9783590028964116
1787664524.190926, NoOp Chain Depth 128 Size 0 Mode ref, Ref Stage 127, run, end, 9783590028985380
1787664524.190941, NoOp Chain Depth 128 Size 0 Mode ref, pipeline - train, run, end, 67760361178676783200380775112441946918, 1787664524.181206, 65, 1, 9783590029002932
1787664524.190982, NoOp Chain Depth 128 Size 0 Mode ref, pipeline - train, run, start, 109745573073198384491341268935302514261, 1787664524.190970, 66, 1, 9783590029041284
1787664524.191005, NoOp Chain Depth 128 Size 0 Mode ref, Ref Stage 0, run, start, 9783590029064612
1787664524.191027, NoOp Chain Depth 128 Size 0 Mode ref, Ref Stage 0, run, end, 9783590029086532
1787664524.191042, NoOp Chain Depth 128 Size 0 Mode ref, Ref Stage 1, run, start, 9783590029101444
1787664524.191064, NoOp Chain Depth 128 Size 0 Mode ref, Ref Stage 1, run, end, 9783590029123428
1787664524.191080, NoOp Chain Depth 128 Size 0 Mode ref, Ref Stage 2, run, start, 9783590029138980
1787664524.191101, NoOp Chain Depth 128 Size 0 Mode ref, Ref Stage 2, run, end, 9783590029160340
1787664524.191116, NoOp Chain Depth 128 Size 0 Mode ref, Ref Stage 3, run, start, 9783590029175156
1787664524.191137, NoOp Chain Depth 128 Size 0 Mode ref, Ref Stage 3, run, end, 9783590029196484
1787664524.191152, NoOp Chain Depth 128 Size 0 Mode ref, Ref Stage 4, run, start, 9783590029211396
1787664524.191174, NoOp Chain Depth 128 Size 0 Mode ref, Ref Stage 4, run, end, 9783590029232916
1787664524.191189, NoOp Chain Depth 128 Size 0 Mode ref, Ref Stage 5, run, start, 9783590029247716
1787664524.191210, NoOp Chain Depth 128 Size 0 Mode ref, Ref Stage 5, run, end, 9783590029268836
1787664524.191224, NoOp Chain Depth 128 Size 0 Mode ref, Ref Stage 6, run, start, 9783590029283636
1787664524.191245, NoOp Chain Depth 128 Size 0 Mode ref, Ref Stage 6, run, end, 9783590029304676
1787664524.191260, NoOp Chain Depth 128 Size 0 Mode ref, Ref Stage 7, run, start, 9783590029319444
1787664524.191281, NoOp Chain Depth 128 Size 0 Mode ref, Ref Stage 7, run, end, 9783590029340276
1787664524.191295, NoOp Chain Depth 128 Size 0 Mode ref, Ref Stage 8, run, start, 9783590029354836
1787664524.191316, NoOp Chain Depth 128 Size 0 Mode ref, Ref Stage 8, run, end, 9783590029375460
1787664524.191331, NoOp Chain Depth 128 Size 0 Mode ref, Ref Stage 9, run, start, 9783590029390228
1787664524.191353, NoOp Chain Depth 128 Size 0 Mode ref, Ref Stage 9, run, end, 9783590029412516
1787664524.191365, NoOp Chain Depth 128 Size 0 Mode ref, Ref Stage 10, run, start, 9783590029424260
1787664524.191396, NoOp Chain Depth 128 Size 0 Mode ref, Ref Stage 10, run, end, 9783590029454804
1787664524.191410, NoOp Chain Depth 128 Size 0 Mode ref, Ref Stage 11, run, start, 9783590029469188
1787664524.191431, NoOp Chain Depth 128 Size 0 Mode ref, Ref Stage 11, run, end, 9783590029489732
1787664524.191445, NoOp Chain Depth 128 Size 0 Mode ref, Ref Stage 12, run, start, 9783590029503972
1787664524.191465, NoOp Chain Depth 128 Size 0 Mode ref, Ref Stage 12, run, end, 9783590029524692
1787664524.191480, NoOp Chain Depth 128 Size 0 Mode ref, Ref Stage 13, run, start, 9783590029539236
1787664524.191501, NoOp Chain Depth 128 Size 0 Mode ref, Ref Stage 13, run, end, 9783590029559972
1787664524.191515, NoOp Chain Depth 128 Size 0 Mode ref, Ref Stage 14, run, start, 9783590029574212
1787664524.191535, NoOp Chain Depth 128 Size 0 Mode ref, Ref Stage 14, run, end, 9783590029594644
1787664524.191550, NoOp Chain Depth 128 Size 0 Mode ref, Ref Stage 15, run, start, 9783590029609732
1787664524.191571, NoOp Chain Depth 128 Size 0 Mode ref, Ref Stage 15, run, end, 9783590029630180
1787664524.191585, NoOp Chain Depth 128 Size 0 Mode ref, Ref Stage 16, run, start, 9783590029644500
1787664524.191608, NoOp Chain Depth 128 Size 0 Mode ref, Ref Stage 16, run, end, 9783590029666852
1787664524.191622, NoOp Chain Depth 128 Size 0 Mode ref, Ref Stage 17, run, start, 9783590029681044
1787664524.191936, NoOp Chain Depth 128 Size 0 Mode ref, Ref Stage 17, run, end, 9783590029995636
1787664524.192064, NoOp Chain Depth 128 Size 0 Mode ref, Ref Stage 18, run, start, 9783590030123908
1787664524.192088, NoOp Chain Depth 128 Size 0 Mode ref, Ref Stage 18, run, end, 9783590030147284
1787664524.192103, NoOp Chain Depth 128 Size 0 Mode ref, Ref Stage 19, run, start, 9783590030162196
1787664524.192124, NoOp Chain Depth 128 Size 0 Mode ref, Ref Stage 19, run, end, 9783590030183476
1787664524.192139, NoOp Chain Depth 128 Size 0 Mode ref, Ref Stage 20, run, start, 9783590030197956
1787664524.192160, NoOp Chain Depth 128 Size 0 Mode ref, Ref Stage 20, run, end, 9783590030218980
1787664524.192175, NoOp Chain Depth 128 Size 0 Mode ref, Ref Stage 21, run, start, 9783590030233796
1787664524.192196, NoOp Chain Depth 128 Size 0 Mode ref, Ref Stage 21, run, end, 9783590030254772
1787664524.192210, NoOp Chain Depth 128 Size 0 Mode ref, Ref Stage 22, run, start, 9783590030269332
1787664524.192232, NoOp Chain Depth 128 Size 0 Mode ref, Ref Stage 22, run, end, 9783590030291796
1787664524.192244, NoOp Chain Depth 128 Size 0 Mode ref, Ref Stage 23, run, start, 9783590030303444
1787664524.192276, NoOp Chain Depth 128 Size 0 Mode ref, Ref Stage 23, run, end, 9783590030334835
1787664524.192290, NoOp Chain Depth 128 Size 0 Mode ref, Ref Stage 24, run, start, 9783590030349379
1787664524.192313, NoOp Chain Depth 128 Size 0 Mode ref, Ref Stage 24, run, end, 9783590030372307
1787664524.192327, NoOp Chain Depth 128 Size 0 Mode ref, Ref Stage 25, run, start, 9783590030386819
1787664524.192348, NoOp Chain Depth 128 Size 0 Mode ref, Ref Stage 25, run, end, 9783590030407571
1787664524.192363, NoOp Chain Depth 128 Size 0 Mode ref, Ref Stage 26, run, start, 9783590030421779
1787664524.192385, NoOp Chain Depth 128 Size 0 Mode ref, Ref Stage 26, run, end, 9783590030444163
1787664524.192400, NoOp Chain Depth 128 Size 0 Mode ref, Ref Stage 27, run, start, 9783590030459299
1787664524.192808, NoOp Chain Depth 128 Size 0 Mode ref, Ref Stage 27, run, end, 9783590030868355
1787664524.192926, NoOp Chain Depth 128 Size 0 Mode ref, Ref Stage 28, run, start, 9783590030985491
1787664524.192951, NoOp Chain Depth 128 Size 0 Mode ref, Ref Stage 28, run, end, 9783590031010643
1787664524.192967, NoOp Chain Depth 128 Size 0 Mode ref, Ref Stage 29, run, start, 9783590031026259
1787664524.192988, NoOp Chain Depth 128 Size 0 Mode ref, Ref Stage 29, run, end, 9783590031047491
1787664524.193002, NoOp Chain Depth 128 Size 0 Mode ref, Ref Stage 30, run, start, 9783590031061859
1787664524.193023, NoOp Chain Depth 128 Size 0 Mode ref, Ref Stage 30, run, end, 9783590031082803
1787664524.193038, NoOp Chain Depth 128 Size 0 Mode ref, Ref Stage 31, run, start, 9783590031097379
1787664524.193059, NoOp Chain Depth 128 Size 0 Mode ref, Ref Stage 31, run, end, 9783590031118291
1787664524.193074, NoOp Chain Depth 128 Size 0 Mode ref, Ref Stage 32, run, start, 9783590031132787
1787664524.193094, NoOp Chain Depth 128 Size 0 Mode ref, Ref Stage 32, run, end, 9783590031153475
1787664524.193109, NoOp Chain Depth 128 Size 0 Mode ref, Ref Stage 33, run, start, 9783590031167811
1787664524.193130, NoOp Chain Depth 128 Size 0 Mode ref, Ref Stage 33, run, end, 9783590031188947
1787664524.193144, NoOp Chain Depth 128 Size 0 Mode ref, Ref Stage 34, run, start, 9783590031203491
1787664524.193168, NoOp Chain Depth 128 Size 0 Mode ref, Ref Stage 34, run, end, 9783590031227651
1787664524.193180, NoOp Chain Depth 128 Size 0 Mode ref, Ref Stage 35, run, start, 9783590031239347
1787664524.193211, NoOp Chain Depth 128 Size 0 Mode ref, Ref Stage 35, run, end, 9783590031270531
1787664524.193226, NoOp Chain Depth 128 Size 0 Mode ref, Ref Stage 36, run, start, 9783590031285027
1787664524.193246, NoOp Chain Depth 128 Size 0 Mode ref, Ref Stage 36, run, end, 9783590031305811
1787664524.193264, NoOp Chain Depth 128 Size 0 Mode ref, Ref Stage 37, run, start, 9783590031323475
1787664524.193286, NoOp Chain Depth 128 Size 0 Mode ref, Ref Stage 37, run, end, 9783590031345139
1787664524.193300, NoOp Chain Depth 128 Size 0 Mode ref, Ref Stage 38, run, start, 9783590031359347
1787664524.193321, NoOp Chain Depth 128 Size 0 Mode ref, Ref Stage 38, run, end, 9783590031379619
1787664524.193336, NoOp Chain Depth 128 Size 0 Mode ref, Ref Stage 39, run, start, 9783590031394723
1787664524.193356, NoOp Chain Depth 128 Size 0 Mode ref, Ref Stage 39, run, end, 9783590031415155
1787664524.193370, NoOp Chain Depth 128 Size 0 Mode ref, Ref Stage 40, run, start, 9783590031429331
1787664524.193392, NoOp Chain Depth 128 Size 0 Mode ref, Ref Stage 40, run, end, 9783590031451251
1787664524.193403, NoOp Chain Depth 128 Size 0 Mode ref, Ref Stage 41, run, start, 9783590031462611
1787664524.193737, NoOp Chain Depth 128 Size 0 Mode ref, Ref Stage 41, run, end, 9783590031796851
1787664524.193855, NoOp Chain Depth 128 Size 0 Mode ref, Ref Stage 42, run, start, 9783590031914018
1787664524.193877, NoOp Chain Depth 128 Size 0 Mode ref, Ref Stage 42, run, end, 9783590031936066
1787664524.193892, NoOp Chain Depth 128 Size 0 Mode ref, Ref Stage 43, run, start, 9783590031950994
1787664524.193913, NoOp Chain Depth 128 Size 0 Mode ref, Ref Stage 43, run, end, 9783590031972130
1787664524.193928, NoOp Chain Depth 128 Size 0 Mode ref, Ref Stage 44, run, start, 9783590031986786
1787664524.193951, NoOp Chain Depth 128 Size 0 Mode ref, Ref Stage 44, run, end, 9783590032009858
1787664524.193966, NoOp Chain Depth 128 Size 0 Mode ref, Ref Stage 45, run, start, 9783590032024914
1787664524.193987, NoOp Chain Depth 128 Size 0 Mode ref, Ref Stage 45, run, end, 9783590032045986
1787664524.194001, NoOp Chain Depth 128 Size 0 Mode ref, Ref Stage 46, run, start, 9783590032060418
1787664524.194022, NoOp Chain Depth 128 Size 0 Mode ref, Ref Stage 46, run, end, 9783590032081490
1787664524.194037, NoOp Chain Depth 128 Size 0 Mode ref, Ref Stage 47, run, start, 9783590032096482
1787664524.194070, NoOp Chain Depth 128 Size 0 Mode ref, Ref Stage 47, run, end, 9783590032129250
1787664524.194708, NoOp Chain Depth 128 Size 0 Mode ref, Ref Stage 48, run, start, 9783590032768114
1787664524.194734, NoOp Chain Depth 128 Size 0 Mode ref, Ref Stage 48, run, end, 9783590032793202
1787664524.194749, NoOp Chain Depth 128 Size 0 Mode ref, Ref Stage 49, run, start, 9783590032808450
1787664524.194770, NoOp Chain Depth 128 Size 0 Mode ref, Ref Stage 49, run, end, 9783590032829554
1787664524.194785, NoOp Chain Depth 128 Size 0 Mode ref, Ref Stage 50, run, start, 9783590032843986
1787664524.194805, NoOp Chain Depth 128 Size 0 Mode ref, Ref Stage 50, run, end, 9783590032864418
1787664524.194820, NoOp Chain Depth 128 Size 0 Mode ref, Ref Stage 51, run, start, 9783590032878770
1787664524.194840, NoOp Chain Depth 128 Size 0 Mode ref, Ref Stage 51, run, end, 9783590032899234
1787664524.194855, NoOp Chain Depth 128 Size 0 Mode ref, Ref Stage 52, run, start, 9783590032913906
1787664524.194877, NoOp Chain Depth 128 Size 0 Mode ref, Ref Stage 52, run, end, 9783590032936418
1787664524.194889, NoOp Chain Depth 128 Size 0 Mode ref, Ref Stage 53, run, start, 9783590032948514
1787664524.194924, NoOp Chain Depth 128 Size 0 Mode ref, Ref Stage 53, run, end, 9783590032982930
1787664524.194938, NoOp Chain Depth 128 Size 0 Mode ref, Ref Stage 54, run, start, 9783590032997746
1787664524.194967, NoOp Chain Depth 128 Size 0 Mode ref, Ref Stage 54, run, end, 9783590033025906
1787664524.194981, NoOp Chain Depth 128 Size 0 Mode ref, Ref Stage 55, run, start, 9783590033040370
1787664524.195005, NoOp Chain Depth 128 Size 0 Mode ref, Ref Stage 55, run, end, 9783590033064290
1787664524.195017, NoOp Chain Depth 128 Size 0 Mode ref, Ref Stage 56, run, start, 9783590033076178
1787664524.195048, NoOp Chain Depth 128 Size 0 Mode ref, Ref Stage 56, run, end, 9783590033107170
1787664524.195063, NoOp Chain Depth 128 Size 0 Mode ref, Ref Stage 57, run, start, 9783590033121714
1787664524.195086, NoOp Chain Depth 128 Size 0 Mode ref, Ref Stage 57, run, end, 9783590033145858
1787664524.195101, NoOp Chain Depth 128 Size 0 Mode ref, Ref Stage 58, run, start, 9783590033160434
1787664524.195123, NoOp Chain Depth 128 Size 0 Mode ref, Ref Stage 58, run, end, 9783590033182514
1787664524.195139, NoOp Chain Depth 128 Size 0 Mode ref, Ref Stage 59, run, start, 9783590033198306
1787664524.195160, NoOp Chain Depth 128 Size 0 Mode ref, Ref Stage 59, run, end, 9783590033218914
1787664524.195175, NoOp Chain Depth 128 Size 0 Mode ref, Ref Stage 60, run, start, 9783590033234722
1787664524.195198, NoOp Chain Depth 128 Size 0 Mode ref, Ref Stage 60, run, end, 9783590033256866
1787664524.195210, NoOp Chain Depth 128 Size 0 Mode ref, Ref Stage 61, run, start, 9783590033268818
1787664524.195240, NoOp Chain Depth 128 Size 0 Mode ref, Ref Stage 61, run, end, 9783590033299298
1787664524.195354, NoOp Chain Depth 128 Size 0 Mode ref, Ref Stage 62, run, start, 9783590033414513
1787664524.195380, NoOp Chain Depth 128 Size 0 Mode ref, Ref Stage 62, run, end, 9783590033439233
1787664524.195395, NoOp Chain Depth 128 Size 0 Mode ref, Ref Stage 63, run, start, 9783590033454225
1787664524.195417, NoOp Chain Depth 128 Size 0 Mode ref, Ref Stage 63, run, end, 9783590033476529
1787664524.195431, NoOp Chain Depth 128 Size 0 Mode ref, Ref Stage 64, run, start, 9783590033490801
1787664524.195452, NoOp Chain Depth 128 Size 0 Mode ref, Ref Stage 64, run, end, 9783590033511457
1787664524.195467, NoOp Chain Depth 128 Size 0 Mode ref, Ref Stage 65, run, start, 9783590033525777
1787664524.195487, NoOp Chain Depth 128 Size 0 Mode ref, Ref Stage 65, run, end, 9783590033546481
1787664524.195502, NoOp Chain Depth 128 Size 0 Mode ref, Ref Stage 66, run, start, 9783590033560689
1787664524.195522, NoOp Chain Depth 128 Size 0 Mode ref, Ref Stage 66, run, end, 9783590033581025
1787664524.195536, NoOp Chain Depth 128 Size 0 Mode ref, Ref Stage 67, run, start, 9783590033595569
1787664524.195557, NoOp Chain Depth 128 Size 0 Mode ref, Ref Stage 67, run, end, 9783590033617505
1787664524.195574, NoOp Chain Depth 128 Size 0 Mode ref, Ref Stage 68, run, start, 9783590033633377
1787664524.195595, NoOp Chain Depth 128 Size 0 Mode ref, Ref Stage 68, run, end, 9783590033654561
1787664524.195612, NoOp Chain Depth 128 Size 0 Mode ref, Ref Stage 69, run, start, 9783590033671233
1787664524.195634, NoOp Chain Depth 128 Size 0 Mode ref, Ref Stage 69, run, end, 9783590033693761
1787664524.195651, NoOp Chain Depth 128 Size 0 Mode ref, Ref Stage 70, run, start, 9783590033709873
1787664524.195678, NoOp Chain Depth 128 Size 0 Mode ref, Ref Stage 70, run, end, 9783590033737665
1787664524.195690, NoOp Chain Depth 128 Size 0 Mode ref, Ref Stage 71, run, start, 9783590033749633
1787664524.195721, NoOp Chain Depth 128 Size 0 Mode ref, Ref Stage 71, run, end, 9783590033780529
1787664524.195735, NoOp Chain Depth 128 Size 0 Mode ref, Ref Stage 72, run, start, 9783590033794801
1787664524.195756, NoOp Chain Depth 128 Size 0 Mode ref, Ref Stage 72, run, end, 9783590033815329
1787664524.195770, NoOp Chain Depth 128 Size 0 Mode ref, Ref Stage 73, run, start, 9783590033829729
1787664524.195791, NoOp Chain Depth 128 Size 0 Mode ref, Ref Stage 73, run, end, 9783590033850225
1787664524.195805, NoOp Chain Depth 128 Size 0 Mode ref, Ref Stage 74, run, start, 9783590033864369
1787664524.195829, NoOp Chain Depth 128 Size 0 Mode ref, Ref Stage 74, run, end, 9783590033887857
1787664524.195843, NoOp Chain Depth 128 Size 0 Mode ref, Ref Stage 75, run, start, 9783590033902209
1787664524.195866, NoOp Chain Depth 128 Size 0 Mode ref, Ref Stage 75, run, end, 9783590033924961
1787664524.198553, NoOp Chain Depth 128 Size 0 Mode ref, Ref Stage 76, run, start, 9783590036613727
1787664524.198581, NoOp Chain Depth 128 Size 0 Mode ref, Ref Stage 76, run, end, 9783590036640351
1787664524.198597, NoOp Chain Depth 128 Size 0 Mode ref, Ref Stage 77, run, start, 9783590036656047
1787664524.198619, NoOp Chain Depth 128 Size 0 Mode ref, Ref Stage 77, run, end, 9783590036677983
1787664524.198633, NoOp Chain Depth 128 Size 0 Mode ref, Ref Stage 78, run, start, 9783590036692639
1787664524.198657, NoOp Chain Depth 128 Size 0 Mode ref, Ref Stage 78, run, end, 9783590036715791
1787664524.198671, NoOp Chain Depth 128 Size 0 Mode ref, Ref Stage 79, run, start, 9783590036730319
1787664524.198692, NoOp Chain Depth 128 Size 0 Mode ref, Ref Stage 79, run, end, 9783590036751103
1787664524.198706, NoOp Chain Depth 128 Size 0 Mode ref, Ref Stage 80, run, start, 9783590036765535
1787664524.198727, NoOp Chain Depth 128 Size 0 Mode ref, Ref Stage 80, run, end, 9783590036786479
1787664524.198742, NoOp Chain Depth 128 Size 0 Mode ref, Ref Stage 81, run, start, 9783590036801039
1787664524.198763, NoOp Chain Depth 128 Size 0 Mode ref, Ref Stage 81, run, end, 9783590036821935
1787664524.198777, NoOp Chain Depth 128 Size 0 Mode ref, Ref Stage 82, run, start, 9783590036836175
1787664524.198799, NoOp Chain Depth 128 Size 0 Mode ref, Ref Stage 82, run, end, 9783590036858335
1787664524.198811, NoOp Chain Depth 128 Size 0 Mode ref, Ref Stage 83, run, start, 9783590036870031
1787664524.198841, NoOp Chain Depth 128 Size 0 Mode ref, Ref Stage 83, run, end, 9783590036900687
1787664524.198856, NoOp Chain Depth 128 Size 0 Mode ref, Ref Stage 84, run, start, 9783590036914991
1787664524.198877, NoOp Chain Depth 128 Size 0 Mode ref, Ref Stage 84, run, end, 9783590036935695
1787664524.198891, NoOp Chain Depth 128 Size 0 Mode ref, Ref Stage 85, run, start, 9783590036949983
1787664524.198911, NoOp Chain Depth 128 Size 0 Mode ref, Ref Stage 85, run, end, 9783590036970767
1787664524.198926, NoOp Chain Depth 128 Size 0 Mode ref, Ref Stage 86, run, start, 9783590036985567
1787664524.198952, NoOp Chain Depth 128 Size 0 Mode ref, Ref Stage 86, run, end, 9783590037011087
1787664524.198967, NoOp Chain Depth 128 Size 0 Mode ref, Ref Stage 87, run, start, 9783590037026287
1787664524.198988, NoOp Chain Depth 128 Size 0 Mode ref, Ref Stage 87, run, end, 9783590037047183
1787664524.199003, NoOp Chain Depth 128 Size 0 Mode ref, Ref Stage 88, run, start, 9783590037062127
1787664524.199024, NoOp Chain Depth 128 Size 0 Mode ref, Ref Stage 88, run, end, 9783590037083327
1787664524.199039, NoOp Chain Depth 128 Size 0 Mode ref, Ref Stage 89, run, start, 9783590037098351
1787664524.199060, NoOp Chain Depth 128 Size 0 Mode ref, Ref Stage 89, run, end, 9783590037119151
1787664524.199074, NoOp Chain Depth 128 Size 0 Mode ref, Ref Stage 90, run, start, 9783590037133423
1787664524.199095, NoOp Chain Depth 128 Size 0 Mode ref, Ref Stage 90, run, end, 9783590037154159
1787664524.199109, NoOp Chain Depth 128 Size 0 Mode ref, Ref Stage 91, run, start, 9783590037168383
1787664524.199130, NoOp Chain Depth 128 Size 0 Mode ref, Ref Stage 91, run, end, 9783590037188879
1787664524.199144, NoOp Chain Depth 128 Size 0 Mode ref, Ref Stage 92, run, start, 9783590037203103
1787664524.199164, NoOp Chain Depth 128 Size 0 Mode ref, Ref Stage 92, run, end, 9783590037223615
1787664524.199179, NoOp Chain Depth 128 Size 0 Mode ref, Ref Stage 93, run, start, 9783590037237887
1787664524.199199, NoOp Chain Depth 128 Size 0 Mode ref, Ref Stage 93, run, end, 9783590037258479
1787664524.199213, NoOp Chain Depth 128 Size 0 Mode ref, Ref Stage 94, run, start, 9783590037272575
1787664524.199234, NoOp Chain Depth 128 Size 0 Mode ref, Ref Stage 94, run, end, 9783590037292879
1787664524.199249, NoOp Chain Depth 128 Size 0 Mode ref, Ref Stage 95, run, start, 9783590037308111
1787664524.199269, NoOp Chain Depth 128 Size 0 Mode ref, Ref Stage 95, run, end, 9783590037328591
1787664524.199284, NoOp Chain Depth 128 Size 0 Mode ref, Ref Stage 96, run, start, 9783590037343119
1787664524.199304, NoOp Chain Depth 128 Size 0 Mode ref, Ref Stage 96, run, end, 9783590037363391
1787664524.199318, NoOp Chain Depth 128 Size 0 Mode ref, Ref Stage 97, run, start, 9783590037377711
1787664524.199339, NoOp Chain Depth 128 Size 0 Mode ref, Ref Stage 97, run, end, 9783590037398111
1787664524.199353, NoOp Chain Depth 128 Size 0 Mode ref, Ref Stage 98, run, start, 9783590037412543
1787664524.199373, NoOp Chain Depth 128 Size 0 Mode ref, Ref Stage 98, run, end, 9783590037432863
1787664524.199390, NoOp Chain Depth 128 Size 0 Mode ref, Ref Stage 99, run, start, 9783590037448975
1787664524.199410, NoOp Chain Depth 128 Size 0 Mode ref, Ref Stage 99, run, end, 9783590037469503
1787664524.199425, NoOp Chain Depth 128 Size 0 Mode ref, Ref Stage 100, run, start, 9783590037483887
1787664524.199446, NoOp Chain Depth 128 Size 0 Mode ref, Ref Stage 100, run, end, 9783590037505711
1787664524.199458, NoOp Chain Depth 128 Size 0 Mode ref, Ref Stage 101, run, start, 9783590037517151
1787664524.199489, NoOp Chain Depth 128 Size 0 Mode ref, Ref Stage 101, run, end, 9783590037548079
1787664524.199503, NoOp Chain Depth 128 Size 0 Mode ref, Ref Stage 102, run, start, 9783590037562479
1787664524.199524, NoOp Chain Depth 128 Size 0 Mode ref, Ref Stage 102, run, end, 9783590037583263
1787664524.199538, NoOp Chain Depth 128 Size 0 Mode ref, Ref Stage 103, run, start, 9783590037597631
1787664524.199559, NoOp Chain Depth 128 Size 0 Mode ref, Ref Stage 103, run, end, 9783590037618303
1787664524.199574, NoOp Chain Depth 128 Size 0 Mode ref, Ref Stage 104, run, start, 9783590037632687
1787664524.199597, NoOp Chain Depth 128 Size 0 Mode ref, Ref Stage 104, run, end, 9783590037655663
1787664524.199608, NoOp Chain Depth 128 Size 0 Mode ref, Ref Stage 105, run, start, 9783590037667087
1787664524.199638, NoOp Chain Depth 128 Size 0 Mode ref, Ref Stage 105, run, end, 9783590037697519
1787664524.199653, NoOp Chain Depth 128 Size 0 Mode ref, Ref Stage 106, run, start, 9783590037712143
1787664524.199674, NoOp Chain Depth 128 Size 0 Mode ref, Ref Stage 106, run, end, 9783590037732863
1787664524.199688, NoOp Chain Depth 128 Size 0 Mode ref, Ref Stage 107, run, start, 9783590037747183
1787664524.199709, NoOp Chain Depth 128 Size 0 Mode ref, Ref Stage 107, run, end, 9783590037767951
1787664524.199723, NoOp Chain Depth 128 Size 0 Mode ref, Ref Stage 108, run, start, 9783590037782335
1787664524.199744, NoOp Chain Depth 128 Size 0 Mode ref, Ref Stage 108, run, end, 9783590037802751
1787664524.199758, NoOp Chain Depth 128 Size 0 Mode ref, Ref Stage 109, run, start, 9783590037817023
1787664524.199781, NoOp Chain Depth 128 Size 0 Mode ref, Ref Stage 109, run, end, 9783590037839951
1787664524.199795, NoOp Chain Depth 128 Size 0 Mode ref, Ref Stage 110, run, start, 9783590037854495
1787664524.199816, NoOp Chain Depth 128 Size 0 Mode ref, Ref Stage 110, run, end, 9783590037875183
1787664524.199830, NoOp Chain Depth 128 Size 0 Mode ref, Ref Stage 111, run, start, 9783590037889407
1787664524.199851, NoOp Chain Depth 128 Size 0 Mode ref, Ref Stage 111, run, end, 9783590037910127
1787664524.199868, NoOp Chain Depth 128 Size 0 Mode ref, Ref Stage 112, run, start, 9783590037927087
1787664524.199888, NoOp Chain Depth 128 Size 0 Mode ref, Ref Stage 112, run, end, 9783590037947646
1787664524.199903, NoOp Chain Depth 128 Size 0 Mode ref, Ref Stage 113, run, start, 9783590037961902
1787664524.199923, NoOp Chain Depth 128 Size 0 Mode ref, Ref Stage 113, run, end, 9783590037982542
1787664524.199939, NoOp Chain Depth 128 Size 0 Mode ref, Ref Stage 114, run, start, 9783590037998142
1787664524.199964, NoOp Chain Depth 128 Size 0 Mode ref, Ref Stage 114, run, end, 9783590038023262
1787664524.199980, NoOp Chain Depth 128 Size 0 Mode ref, Ref Stage 115, run, start, 9783590038038750
1787664524.200001, NoOp Chain Depth 128 Size 0 Mode ref, Ref Stage 115, run, end, 9783590038059822
1787664524.200015, NoOp Chain Depth 128 Size 0 Mode ref, Ref Stage 116, run, start, 9783590038074158
1787664524.200039, NoOp Chain Depth 128 Size 0 Mode ref, Ref Stage 116, run, end, 9783590038098638
1787664524.200302, NoOp Chain Depth 128 Size 0 Mode ref, Ref Stage 117, run, start, 9783590038361710
1787664524.200446, NoOp Chain Depth 128 Size 0 Mode ref, Ref Stage 117, run, end, 9783590038506094
1787664524.200462, NoOp Chain Depth 128 Size 0 Mode ref, Ref Stage 118, run, start, 9783590038521262
1787664524.200483, NoOp Chain Depth 128 Size 0 Mode ref, Ref Stage 118, run, end, 9783590038542702
1787664524.200498, NoOp Chain Depth 128 Size 0 Mode ref, Ref Stage 119, run, start, 9783590038557326
1787664524.200521, NoOp Chain Depth 128 Size 0 Mode ref, Ref Stage 119, run, end, 9783590038580414
1787664524.200536, NoOp Chain Depth 128 Size 0 Mode ref, Ref Stage 120, run, start, 9783590038595630
1787664524.200558, NoOp Chain Depth 128 Size 0 Mode ref, Ref Stage 120, run, end, 9783590038617294
1787664524.200573, NoOp Chain Depth 128 Size 0 Mode ref, Ref Stage 121, run, start, 9783590038632302
1787664524.200594, NoOp Chain Depth 128 Size 0 Mode ref, Ref Stage 121, run, end, 9783590038653598
1787664524.200609, NoOp Chain Depth 128 Size 0 Mode ref, Ref Stage 122, run, start, 9783590038668430
1787664524.200630, NoOp Chain Depth 128 Size 0 Mode ref, Ref Stage 122, run, end, 9783590038689790
1787664524.200645, NoOp Chain Depth 128 Size 0 Mode ref, Ref Stage 123, run, start, 9783590038704510
1787664524.200667, NoOp Chain Depth 128 Size 0 Mode ref, Ref Stage 123, run, end, 9783590038725774
1787664524.200681, NoOp Chain Depth 128 Size 0 Mode ref, Ref Stage 124, run, start, 9783590038740430
1787664524.200702, NoOp Chain Depth 128 Size 0 Mode ref, Ref Stage 124, run, end, 9783590038761518
1787664524.200717, NoOp Chain Depth 128 Size 0 Mode ref, Ref Stage 125, run, start, 9783590038776126
1787664524.200740, NoOp Chain Depth 128 Size 0 Mode ref, Ref Stage 125, run, end, 9783590038798798
1787664524.200754, NoOp Chain Depth 128 Size 0 Mode ref, Ref Stage 126, run, start, 9783590038813662
1787664524.200775, NoOp Chain Depth 128 Size 0 Mode ref, Ref Stage 126, run, end, 9783590038834558
1787664524.200790, NoOp Chain Depth 128 Size 0 Mode ref, Ref Stage 127, run, start, 9783590038849726
1787664524.200812, NoOp Chain Depth 128 Size 0 Mode ref, Ref Stage 127, run, end, 9783590038870910
1787664524.200828, NoOp Chain Depth 128 Size 0 Mode ref, pipeline - train, run, end, 109745573073198384491341268935302514261, 1787664524.190970, 66, 1, 9783590038887246
1787664524.200866, NoOp Chain Depth 128 Size 0 Mode ref, pipeline - train, run, start, 56558537613468453393274946711917034466, 1787664524.200855, 67, 1, 9783590038925662
1787664524.200889, NoOp Chain Depth 128 Size 0 Mode ref, Ref Stage 0, run, start, 9783590038948062
1787664524.200910, NoOp Chain Depth 128 Size 0 Mode ref, Ref Stage 0, run, end, 9783590038969150
1787664524.200924, NoOp Chain Depth 128 Size 0 Mode ref, Ref Stage 1, run, start, 9783590038983758
1787664524.200952, NoOp Chain Depth 128 Size 0 Mode ref, Ref Stage 1, run, end, 9783590039011598
1787664524.200969, NoOp Chain Depth 128 Size 0 Mode ref, Ref Stage 2, run, start, 9783590039028350
1787664524.200990, NoOp Chain Depth 128 Size 0 Mode ref, Ref Stage 2, run, end, 9783590039049822
1787664524.201006, NoOp Chain Depth 128 Size 0 Mode ref, Ref Stage 3, run, start, 9783590039065230
1787664524.201029, NoOp Chain Depth 128 Size 0 Mode ref, Ref Stage 3, run, end, 9783590039087838
1787664524.201043, NoOp Chain Depth 128 Size 0 Mode ref, Ref Stage 4, run, start, 9783590039102414
1787664524.201064, NoOp Chain Depth 128 Size 0 Mode ref, Ref Stage 4, run, end, 9783590039123198
1787664524.201078, NoOp Chain Depth 128 Size 0 Mode ref, Ref Stage 5, run, start, 9783590039137582
1787664524.201099, NoOp Chain Depth 128 Size 0 Mode ref, Ref Stage 5, run, end, 9783590039158286
1787664524.201113, NoOp Chain Depth 128 Size 0 Mode ref, Ref Stage 6, run, start, 9783590039172542
1787664524.201135, NoOp Chain Depth 128 Size 0 Mode ref, Ref Stage 6, run, end, 9783590039194318
1787664524.201149, NoOp Chain Depth 128 Size 0 Mode ref, Ref Stage 7, run, start, 9783590039208750
1787664524.201170, NoOp Chain Depth 128 Size 0 Mode ref, Ref Stage 7, run, end, 9783590039229454
1787664524.201185, NoOp Chain Depth 128 Size 0 Mode ref, Ref Stage 8, run, start, 9783590039243918
1787664524.201207, NoOp Chain Depth 128 Size 0 Mode ref, Ref Stage 8, run, end, 9783590039266014
1787664524.201218, NoOp Chain Depth 128 Size 0 Mode ref, Ref Stage 9, run, start, 9783590039277710
1787664524.201251, NoOp Chain Depth 128 Size 0 Mode ref, Ref Stage 9, run, end, 9783590039309694
1787664524.201263, NoOp Chain Depth 128 Size 0 Mode ref, Ref Stage 10, run, start, 9783590039322094
1787664524.201295, NoOp Chain Depth 128 Size 0 Mode ref, Ref Stage 10, run, end, 9783590039354494
1787664524.201309, NoOp Chain Depth 128 Size 0 Mode ref, Ref Stage 11, run, start, 9783590039368766
1787664524.201333, NoOp Chain Depth 128 Size 0 Mode ref, Ref Stage 11, run, end, 9783590039391742
1787664524.201347, NoOp Chain Depth 128 Size 0 Mode ref, Ref Stage 12, run, start, 9783590039406126
1787664524.201368, NoOp Chain Depth 128 Size 0 Mode ref, Ref Stage 12, run, end, 9783590039427102
1787664524.201382, NoOp Chain Depth 128 Size 0 Mode ref, Ref Stage 13, run, start, 9783590039441310
1787664524.201404, NoOp Chain Depth 128 Size 0 Mode ref, Ref Stage 13, run, end, 9783590039463022
1787664524.201418, NoOp Chain Depth 128 Size 0 Mode ref, Ref Stage 14, run, start, 9783590039477358
1787664524.201440, NoOp Chain Depth 128 Size 0 Mode ref, Ref Stage 14, run, end, 9783590039498925
1787664524.201454, NoOp Chain Depth 128 Size 0 Mode ref, Ref Stage 15, run, start, 9783590039513357
1787664524.201475, NoOp Chain Depth 128 Size 0 Mode ref, Ref Stage 15, run, end, 9783590039533933
1787664524.201490, NoOp Chain Depth 128 Size 0 Mode ref, Ref Stage 16, run, start, 9783590039549485
1787664524.201899, NoOp Chain Depth 128 Size 0 Mode ref, Ref Stage 16, run, end, 9783590039958333
1787664524.202029, NoOp Chain Depth 128 Size 0 Mode ref, Ref Stage 17, run, start, 9783590040088317
1787664524.202053, NoOp Chain Depth 128 Size 0 Mode ref, Ref Stage 17, run, end, 9783590040112189
1787664524.202068, NoOp Chain Depth 128 Size 0 Mode ref, Ref Stage 18, run, start, 9783590040127149
1787664524.202089, NoOp Chain Depth 128 Size 0 Mode ref, Ref Stage 18, run, end, 9783590040148365
1787664524.202104, NoOp Chain Depth 128 Size 0 Mode ref, Ref Stage 19, run, start, 9783590040162957
1787664524.202125, NoOp Chain Depth 128 Size 0 Mode ref, Ref Stage 19, run, end, 9783590040183965
1787664524.202139, NoOp Chain Depth 128 Size 0 Mode ref, Ref Stage 20, run, start, 9783590040198749
1787664524.202161, NoOp Chain Depth 128 Size 0 Mode ref, Ref Stage 20, run, end, 9783590040220285
1787664524.202175, NoOp Chain Depth 128 Size 0 Mode ref, Ref Stage 21, run, start, 9783590040234829
1787664524.202197, NoOp Chain Depth 128 Size 0 Mode ref, Ref Stage 21, run, end, 9783590040256109
1787664524.202213, NoOp Chain Depth 128 Size 0 Mode ref, Ref Stage 22, run, start, 9783590040272349
1787664524.202234, NoOp Chain Depth 128 Size 0 Mode ref, Ref Stage 22, run, end, 9783590040293565
1787664524.202250, NoOp Chain Depth 128 Size 0 Mode ref, Ref Stage 23, run, start, 9783590040309949
1787664524.202272, NoOp Chain Depth 128 Size 0 Mode ref, Ref Stage 23, run, end, 9783590040330861
1787664524.202286, NoOp Chain Depth 128 Size 0 Mode ref, Ref Stage 24, run, start, 9783590040345085
1787664524.202308, NoOp Chain Depth 128 Size 0 Mode ref, Ref Stage 24, run, end, 9783590040367517
1787664524.202323, NoOp Chain Depth 128 Size 0 Mode ref, Ref Stage 25, run, start, 9783590040381917
1787664524.202343, NoOp Chain Depth 128 Size 0 Mode ref, Ref Stage 25, run, end, 9783590040402477
1787664524.202358, NoOp Chain Depth 128 Size 0 Mode ref, Ref Stage 26, run, start, 9783590040416845
1787664524.202679, NoOp Chain Depth 128 Size 0 Mode ref, Ref Stage 26, run, end, 9783590040739229
1787664524.202804, NoOp Chain Depth 128 Size 0 Mode ref, Ref Stage 27, run, start, 9783590040863853
1787664524.202827, NoOp Chain Depth 128 Size 0 Mode ref, Ref Stage 27, run, end, 9783590040886541
1787664524.202842, NoOp Chain Depth 128 Size 0 Mode ref, Ref Stage 28, run, start, 9783590040901085
1787664524.202863, NoOp Chain Depth 128 Size 0 Mode ref, Ref Stage 28, run, end, 9783590040921885
1787664524.202877, NoOp Chain Depth 128 Size 0 Mode ref, Ref Stage 29, run, start, 9783590040936269
1787664524.202898, NoOp Chain Depth 128 Size 0 Mode ref, Ref Stage 29, run, end, 9783590040957197
1787664524.202913, NoOp Chain Depth 128 Size 0 Mode ref, Ref Stage 30, run, start, 9783590040971725
1787664524.202935, NoOp Chain Depth 128 Size 0 Mode ref, Ref Stage 30, run, end, 9783590040994221
1787664524.202952, NoOp Chain Depth 128 Size 0 Mode ref, Ref Stage 31, run, start, 9783590041011053
1787664524.202990, NoOp Chain Depth 128 Size 0 Mode ref, Ref Stage 31, run, end, 9783590041049261
1787664524.203005, NoOp Chain Depth 128 Size 0 Mode ref, Ref Stage 32, run, start, 9783590041063900
1787664524.203027, NoOp Chain Depth 128 Size 0 Mode ref, Ref Stage 32, run, end, 9783590041086140
1787664524.203042, NoOp Chain Depth 128 Size 0 Mode ref, Ref Stage 33, run, start, 9783590041101260
1787664524.203063, NoOp Chain Depth 128 Size 0 Mode ref, Ref Stage 33, run, end, 9783590041122060
1787664524.203077, NoOp Chain Depth 128 Size 0 Mode ref, Ref Stage 34, run, start, 9783590041136332
1787664524.203099, NoOp Chain Depth 128 Size 0 Mode ref, Ref Stage 34, run, end, 9783590041158652
1787664524.203111, NoOp Chain Depth 128 Size 0 Mode ref, Ref Stage 35, run, start, 9783590041170204
1787664524.203143, NoOp Chain Depth 128 Size 0 Mode ref, Ref Stage 35, run, end, 9783590041202204
1787664524.203154, NoOp Chain Depth 128 Size 0 Mode ref, Ref Stage 36, run, start, 9783590041213804
1787664524.203185, NoOp Chain Depth 128 Size 0 Mode ref, Ref Stage 36, run, end, 9783590041244284
1787664524.203199, NoOp Chain Depth 128 Size 0 Mode ref, Ref Stage 37, run, start, 9783590041258668
1787664524.203222, NoOp Chain Depth 128 Size 0 Mode ref, Ref Stage 37, run, end, 9783590041281532
1787664524.203237, NoOp Chain Depth 128 Size 0 Mode ref, Ref Stage 38, run, start, 9783590041295932
1787664524.203258, NoOp Chain Depth 128 Size 0 Mode ref, Ref Stage 38, run, end, 9783590041316636
1787664524.203272, NoOp Chain Depth 128 Size 0 Mode ref, Ref Stage 39, run, start, 9783590041330956
1787664524.203292, NoOp Chain Depth 128 Size 0 Mode ref, Ref Stage 39, run, end, 9783590041351500
1787664524.203306, NoOp Chain Depth 128 Size 0 Mode ref, Ref Stage 40, run, start, 9783590041366924
1787664524.203328, NoOp Chain Depth 128 Size 0 Mode ref, Ref Stage 40, run, end, 9783590041387548
1787664524.203345, NoOp Chain Depth 128 Size 0 Mode ref, Ref Stage 41, run, start, 9783590041404300
1787664524.203367, NoOp Chain Depth 128 Size 0 Mode ref, Ref Stage 41, run, end, 9783590041426652
1787664524.203379, NoOp Chain Depth 128 Size 0 Mode ref, Ref Stage 42, run, start, 9783590041438396
1787664524.203411, NoOp Chain Depth 128 Size 0 Mode ref, Ref Stage 42, run, end, 9783590041470748
1787664524.203427, NoOp Chain Depth 128 Size 0 Mode ref, Ref Stage 43, run, start, 9783590041486156
1787664524.203448, NoOp Chain Depth 128 Size 0 Mode ref, Ref Stage 43, run, end, 9783590041507004
1787664524.203462, NoOp Chain Depth 128 Size 0 Mode ref, Ref Stage 44, run, start, 9783590041521372
1787664524.203484, NoOp Chain Depth 128 Size 0 Mode ref, Ref Stage 44, run, end, 9783590041543388
1787664524.203499, NoOp Chain Depth 128 Size 0 Mode ref, Ref Stage 45, run, start, 9783590041558364
1787664524.203520, NoOp Chain Depth 128 Size 0 Mode ref, Ref Stage 45, run, end, 9783590041578796
1787664524.203534, NoOp Chain Depth 128 Size 0 Mode ref, Ref Stage 46, run, start, 9783590041593196
1787664524.203555, NoOp Chain Depth 128 Size 0 Mode ref, Ref Stage 46, run, end, 9783590041613996
1787664524.204057, NoOp Chain Depth 128 Size 0 Mode ref, Ref Stage 47, run, start, 9783590042116700
1787664524.204083, NoOp Chain Depth 128 Size 0 Mode ref, Ref Stage 47, run, end, 9783590042142668
1787664524.204098, NoOp Chain Depth 128 Size 0 Mode ref, Ref Stage 48, run, start, 9783590042157900
1787664524.204120, NoOp Chain Depth 128 Size 0 Mode ref, Ref Stage 48, run, end, 9783590042179276
1787664524.204134, NoOp Chain Depth 128 Size 0 Mode ref, Ref Stage 49, run, start, 9783590042193724
1787664524.204156, NoOp Chain Depth 128 Size 0 Mode ref, Ref Stage 49, run, end, 9783590042215100
1787664524.204170, NoOp Chain Depth 128 Size 0 Mode ref, Ref Stage 50, run, start, 9783590042229852
1787664524.204192, NoOp Chain Depth 128 Size 0 Mode ref, Ref Stage 50, run, end, 9783590042250924
1787664524.204206, NoOp Chain Depth 128 Size 0 Mode ref, Ref Stage 51, run, start, 9783590042265340
1787664524.204227, NoOp Chain Depth 128 Size 0 Mode ref, Ref Stage 51, run, end, 9783590042286316
1787664524.204244, NoOp Chain Depth 128 Size 0 Mode ref, Ref Stage 52, run, start, 9783590042303004
1787664524.204266, NoOp Chain Depth 128 Size 0 Mode ref, Ref Stage 52, run, end, 9783590042325532
1787664524.204278, NoOp Chain Depth 128 Size 0 Mode ref, Ref Stage 53, run, start, 9783590042337436
1787664524.204310, NoOp Chain Depth 128 Size 0 Mode ref, Ref Stage 53, run, end, 9783590042369628
1787664524.204325, NoOp Chain Depth 128 Size 0 Mode ref, Ref Stage 54, run, start, 9783590042384204
1787664524.204346, NoOp Chain Depth 128 Size 0 Mode ref, Ref Stage 54, run, end, 9783590042404876
1787664524.204361, NoOp Chain Depth 128 Size 0 Mode ref, Ref Stage 55, run, start, 9783590042420700
1787664524.204385, NoOp Chain Depth 128 Size 0 Mode ref, Ref Stage 55, run, end, 9783590042444124
1787664524.204396, NoOp Chain Depth 128 Size 0 Mode ref, Ref Stage 56, run, start, 9783590042455596
1787664524.204428, NoOp Chain Depth 128 Size 0 Mode ref, Ref Stage 56, run, end, 9783590042487468
1787664524.204443, NoOp Chain Depth 128 Size 0 Mode ref, Ref Stage 57, run, start, 9783590042501948
1787664524.204463, NoOp Chain Depth 128 Size 0 Mode ref, Ref Stage 57, run, end, 9783590042522588
1787664524.204478, NoOp Chain Depth 128 Size 0 Mode ref, Ref Stage 58, run, start, 9783590042537020
1787664524.204499, NoOp Chain Depth 128 Size 0 Mode ref, Ref Stage 58, run, end, 9783590042558683
1787664524.204514, NoOp Chain Depth 128 Size 0 Mode ref, Ref Stage 59, run, start, 9783590042573035
1787664524.204941, NoOp Chain Depth 128 Size 0 Mode ref, Ref Stage 59, run, end, 9783590043005003
1787664524.205382, NoOp Chain Depth 128 Size 0 Mode ref, Ref Stage 60, run, start, 9783590043442987
1787664524.205411, NoOp Chain Depth 128 Size 0 Mode ref, Ref Stage 60, run, end, 9783590043470827
1787664524.205427, NoOp Chain Depth 128 Size 0 Mode ref, Ref Stage 61, run, start, 9783590043486267
1787664524.205448, NoOp Chain Depth 128 Size 0 Mode ref, Ref Stage 61, run, end, 9783590043507643
1787664524.205463, NoOp Chain Depth 128 Size 0 Mode ref, Ref Stage 62, run, start, 9783590043522075
1787664524.205486, NoOp Chain Depth 128 Size 0 Mode ref, Ref Stage 62, run, end, 9783590043544731
1787664524.205497, NoOp Chain Depth 128 Size 0 Mode ref, Ref Stage 63, run, start, 9783590043556507
1787664524.205528, NoOp Chain Depth 128 Size 0 Mode ref, Ref Stage 63, run, end, 9783590043587451
1787664524.205543, NoOp Chain Depth 128 Size 0 Mode ref, Ref Stage 64, run, start, 9783590043601899
1787664524.205564, NoOp Chain Depth 128 Size 0 Mode ref, Ref Stage 64, run, end, 9783590043622955
1787664524.205578, NoOp Chain Depth 128 Size 0 Mode ref, Ref Stage 65, run, start, 9783590043637371
1787664524.205599, NoOp Chain Depth 128 Size 0 Mode ref, Ref Stage 65, run, end, 9783590043658539
1787664524.205614, NoOp Chain Depth 128 Size 0 Mode ref, Ref Stage 66, run, start, 9783590043672731
1787664524.205636, NoOp Chain Depth 128 Size 0 Mode ref, Ref Stage 66, run, end, 9783590043694859
1787664524.205650, NoOp Chain Depth 128 Size 0 Mode ref, Ref Stage 67, run, start, 9783590043709435
1787664524.205672, NoOp Chain Depth 128 Size 0 Mode ref, Ref Stage 67, run, end, 9783590043731211
1787664524.205687, NoOp Chain Depth 128 Size 0 Mode ref, Ref Stage 68, run, start, 9783590043745755
1787664524.205707, NoOp Chain Depth 128 Size 0 Mode ref, Ref Stage 68, run, end, 9783590043766443
1787664524.205723, NoOp Chain Depth 128 Size 0 Mode ref, Ref Stage 69, run, start, 9783590043782619
1787664524.205744, NoOp Chain Depth 128 Size 0 Mode ref, Ref Stage 69, run, end, 9783590043803035
1787664524.205758, NoOp Chain Depth 128 Size 0 Mode ref, Ref Stage 70, run, start, 9783590043817611
1787664524.205781, NoOp Chain Depth 128 Size 0 Mode ref, Ref Stage 70, run, end, 9783590043839691
1787664524.205792, NoOp Chain Depth 128 Size 0 Mode ref, Ref Stage 71, run, start, 9783590043851147
1787664524.205823, NoOp Chain Depth 128 Size 0 Mode ref, Ref Stage 71, run, end, 9783590043882187
1787664524.205837, NoOp Chain Depth 128 Size 0 Mode ref, Ref Stage 72, run, start, 9783590043896859
1787664524.205860, NoOp Chain Depth 128 Size 0 Mode ref, Ref Stage 72, run, end, 9783590043919211
1787664524.205874, NoOp Chain Depth 128 Size 0 Mode ref, Ref Stage 73, run, start, 9783590043933883
1787664524.205896, NoOp Chain Depth 128 Size 0 Mode ref, Ref Stage 73, run, end, 9783590043954795
1787664524.205910, NoOp Chain Depth 128 Size 0 Mode ref, Ref Stage 74, run, start, 9783590043969435
1787664524.205935, NoOp Chain Depth 128 Size 0 Mode ref, Ref Stage 74, run, end, 9783590043994507
1787664524.205949, NoOp Chain Depth 128 Size 0 Mode ref, Ref Stage 75, run, start, 9783590044008107
1787664524.205981, NoOp Chain Depth 128 Size 0 Mode ref, Ref Stage 75, run, end, 9783590044040298
1787664524.205996, NoOp Chain Depth 128 Size 0 Mode ref, Ref Stage 76, run, start, 9783590044055194
1787664524.206019, NoOp Chain Depth 128 Size 0 Mode ref, Ref Stage 76, run, end, 9783590044078202
1787664524.206033, NoOp Chain Depth 128 Size 0 Mode ref, Ref Stage 77, run, start, 9783590044092570
1787664524.206055, NoOp Chain Depth 128 Size 0 Mode ref, Ref Stage 77, run, end, 9783590044114394
1787664524.206069, NoOp Chain Depth 128 Size 0 Mode ref, Ref Stage 78, run, start, 9783590044128762
1787664524.206092, NoOp Chain Depth 128 Size 0 Mode ref, Ref Stage 78, run, end, 9783590044150938
1787664524.206106, NoOp Chain Depth 128 Size 0 Mode ref, Ref Stage 79, run, start, 9783590044165466
1787664524.206128, NoOp Chain Depth 128 Size 0 Mode ref, Ref Stage 79, run, end, 9783590044187082
1787664524.206142, NoOp Chain Depth 128 Size 0 Mode ref, Ref Stage 80, run, start, 9783590044201530
1787664524.206164, NoOp Chain Depth 128 Size 0 Mode ref, Ref Stage 80, run, end, 9783590044223306
1787664524.206178, NoOp Chain Depth 128 Size 0 Mode ref, Ref Stage 81, run, start, 9783590044237562
1787664524.206200, NoOp Chain Depth 128 Size 0 Mode ref, Ref Stage 81, run, end, 9783590044259002
1787664524.206214, NoOp Chain Depth 128 Size 0 Mode ref, Ref Stage 82, run, start, 9783590044273370
1787664524.206235, NoOp Chain Depth 128 Size 0 Mode ref, Ref Stage 82, run, end, 9783590044293914
1787664524.206249, NoOp Chain Depth 128 Size 0 Mode ref, Ref Stage 83, run, start, 9783590044308490
1787664524.206270, NoOp Chain Depth 128 Size 0 Mode ref, Ref Stage 83, run, end, 9783590044328986
1787664524.206284, NoOp Chain Depth 128 Size 0 Mode ref, Ref Stage 84, run, start, 9783590044343226
1787664524.206306, NoOp Chain Depth 128 Size 0 Mode ref, Ref Stage 84, run, end, 9783590044364826
1787664524.206321, NoOp Chain Depth 128 Size 0 Mode ref, Ref Stage 85, run, start, 9783590044380122
1787664524.206342, NoOp Chain Depth 128 Size 0 Mode ref, Ref Stage 85, run, end, 9783590044401002
1787664524.206356, NoOp Chain Depth 128 Size 0 Mode ref, Ref Stage 86, run, start, 9783590044415306
1787664524.206377, NoOp Chain Depth 128 Size 0 Mode ref, Ref Stage 86, run, end, 9783590044435834
1787664524.206391, NoOp Chain Depth 128 Size 0 Mode ref, Ref Stage 87, run, start, 9783590044450554
1787664524.206413, NoOp Chain Depth 128 Size 0 Mode ref, Ref Stage 87, run, end, 9783590044472298
1787664524.206427, NoOp Chain Depth 128 Size 0 Mode ref, Ref Stage 88, run, start, 9783590044486410
1787664524.206448, NoOp Chain Depth 128 Size 0 Mode ref, Ref Stage 88, run, end, 9783590044507114
1787664524.206466, NoOp Chain Depth 128 Size 0 Mode ref, Ref Stage 89, run, start, 9783590044525610
1787664524.206487, NoOp Chain Depth 128 Size 0 Mode ref, Ref Stage 89, run, end, 9783590044546202
1787664524.206501, NoOp Chain Depth 128 Size 0 Mode ref, Ref Stage 90, run, start, 9783590044560458
1787664524.206523, NoOp Chain Depth 128 Size 0 Mode ref, Ref Stage 90, run, end, 9783590044582362
1787664524.206537, NoOp Chain Depth 128 Size 0 Mode ref, Ref Stage 91, run, start, 9783590044596602
1787664524.206558, NoOp Chain Depth 128 Size 0 Mode ref, Ref Stage 91, run, end, 9783590044616874
1787664524.206572, NoOp Chain Depth 128 Size 0 Mode ref, Ref Stage 92, run, start, 9783590044631018
1787664524.206594, NoOp Chain Depth 128 Size 0 Mode ref, Ref Stage 92, run, end, 9783590044652698
1787664524.206608, NoOp Chain Depth 128 Size 0 Mode ref, Ref Stage 93, run, start, 9783590044667050
1787664524.206630, NoOp Chain Depth 128 Size 0 Mode ref, Ref Stage 93, run, end, 9783590044689274
1787664524.206644, NoOp Chain Depth 128 Size 0 Mode ref, Ref Stage 94, run, start, 9783590044703578
1787664524.206666, NoOp Chain Depth 128 Size 0 Mode ref, Ref Stage 94, run, end, 9783590044725114
1787664524.206681, NoOp Chain Depth 128 Size 0 Mode ref, Ref Stage 95, run, start, 9783590044740250
1787664524.206703, NoOp Chain Depth 128 Size 0 Mode ref, Ref Stage 95, run, end, 9783590044762058
1787664524.206717, NoOp Chain Depth 128 Size 0 Mode ref, Ref Stage 96, run, start, 9783590044776314
1787664524.206738, NoOp Chain Depth 128 Size 0 Mode ref, Ref Stage 96, run, end, 9783590044796762
1787664524.206752, NoOp Chain Depth 128 Size 0 Mode ref, Ref Stage 97, run, start, 9783590044811018
1787664524.206773, NoOp Chain Depth 128 Size 0 Mode ref, Ref Stage 97, run, end, 9783590044831706
1787664524.206788, NoOp Chain Depth 128 Size 0 Mode ref, Ref Stage 98, run, start, 9783590044846874
1787664524.206810, NoOp Chain Depth 128 Size 0 Mode ref, Ref Stage 98, run, end, 9783590044869114
1787664524.206821, NoOp Chain Depth 128 Size 0 Mode ref, Ref Stage 99, run, start, 9783590044880586
1787664524.207255, NoOp Chain Depth 128 Size 0 Mode ref, Ref Stage 99, run, end, 9783590045314922
1787664524.207381, NoOp Chain Depth 128 Size 0 Mode ref, Ref Stage 100, run, start, 9783590045441226
1787664524.207404, NoOp Chain Depth 128 Size 0 Mode ref, Ref Stage 100, run, end, 9783590045463562
1787664524.207419, NoOp Chain Depth 128 Size 0 Mode ref, Ref Stage 101, run, start, 9783590045478490
1787664524.207440, NoOp Chain Depth 128 Size 0 Mode ref, Ref Stage 101, run, end, 9783590045499514
1787664524.207455, NoOp Chain Depth 128 Size 0 Mode ref, Ref Stage 102, run, start, 9783590045514026
1787664524.207476, NoOp Chain Depth 128 Size 0 Mode ref, Ref Stage 102, run, end, 9783590045534746
1787664524.207490, NoOp Chain Depth 128 Size 0 Mode ref, Ref Stage 103, run, start, 9783590045549274
1787664524.207511, NoOp Chain Depth 128 Size 0 Mode ref, Ref Stage 103, run, end, 9783590045569834
1787664524.207525, NoOp Chain Depth 128 Size 0 Mode ref, Ref Stage 104, run, start, 9783590045584314
1787664524.207548, NoOp Chain Depth 128 Size 0 Mode ref, Ref Stage 104, run, end, 9783590045607433
1787664524.207560, NoOp Chain Depth 128 Size 0 Mode ref, Ref Stage 105, run, start, 9783590045619353
1787664524.207594, NoOp Chain Depth 128 Size 0 Mode ref, Ref Stage 105, run, end, 9783590045652953
1787664524.207608, NoOp Chain Depth 128 Size 0 Mode ref, Ref Stage 106, run, start, 9783590045667481
1787664524.207630, NoOp Chain Depth 128 Size 0 Mode ref, Ref Stage 106, run, end, 9783590045689593
1787664524.207645, NoOp Chain Depth 128 Size 0 Mode ref, Ref Stage 107, run, start, 9783590045704105
1787664524.207669, NoOp Chain Depth 128 Size 0 Mode ref, Ref Stage 107, run, end, 9783590045728377
1787664524.207680, NoOp Chain Depth 128 Size 0 Mode ref, Ref Stage 108, run, start, 9783590045739945
1787664524.207713, NoOp Chain Depth 128 Size 0 Mode ref, Ref Stage 108, run, end, 9783590045772633
1787664524.207725, NoOp Chain Depth 128 Size 0 Mode ref, Ref Stage 109, run, start, 9783590045784185
1787664524.207756, NoOp Chain Depth 128 Size 0 Mode ref, Ref Stage 109, run, end, 9783590045814793
1787664524.207770, NoOp Chain Depth 128 Size 0 Mode ref, Ref Stage 110, run, start, 9783590045829177
1787664524.207791, NoOp Chain Depth 128 Size 0 Mode ref, Ref Stage 110, run, end, 9783590045849705
1787664524.207805, NoOp Chain Depth 128 Size 0 Mode ref, Ref Stage 111, run, start, 9783590045863913
1787664524.207827, NoOp Chain Depth 128 Size 0 Mode ref, Ref Stage 111, run, end, 9783590045887465
1787664524.207843, NoOp Chain Depth 128 Size 0 Mode ref, Ref Stage 112, run, start, 9783590045901833
1787664524.207863, NoOp Chain Depth 128 Size 0 Mode ref, Ref Stage 112, run, end, 9783590045922473
1787664524.207878, NoOp Chain Depth 128 Size 0 Mode ref, Ref Stage 113, run, start, 9783590045936825
1787664524.207898, NoOp Chain Depth 128 Size 0 Mode ref, Ref Stage 113, run, end, 9783590045957689
1787664524.207917, NoOp Chain Depth 128 Size 0 Mode ref, Ref Stage 114, run, start, 9783590045976345
1787664524.207938, NoOp Chain Depth 128 Size 0 Mode ref, Ref Stage 114, run, end, 9783590045997225
1787664524.207955, NoOp Chain Depth 128 Size 0 Mode ref, Ref Stage 115, run, start, 9783590046014089
1787664524.207978, NoOp Chain Depth 128 Size 0 Mode ref, Ref Stage 115, run, end, 9783590046037177
1787664524.207989, NoOp Chain Depth 128 Size 0 Mode ref, Ref Stage 116, run, start, 9783590046048761
1787664524.208024, NoOp Chain Depth 128 Size 0 Mode ref, Ref Stage 116, run, end, 9783590046083513
1787664524.208036, NoOp Chain Depth 128 Size 0 Mode ref, Ref Stage 117, run, start, 9783590046095417
1787664524.208067, NoOp Chain Depth 128 Size 0 Mode ref, Ref Stage 117, run, end, 9783590046126153
1787664524.208081, NoOp Chain Depth 128 Size 0 Mode ref, Ref Stage 118, run, start, 9783590046140393
1787664524.208102, NoOp Chain Depth 128 Size 0 Mode ref, Ref Stage 118, run, end, 9783590046161225
1787664524.208117, NoOp Chain Depth 128 Size 0 Mode ref, Ref Stage 119, run, start, 9783590046176073
1787664524.208139, NoOp Chain Depth 128 Size 0 Mode ref, Ref Stage 119, run, end, 9783590046198073
1787664524.208153, NoOp Chain Depth 128 Size 0 Mode ref, Ref Stage 120, run, start, 9783590046212297
1787664524.208174, NoOp Chain Depth 128 Size 0 Mode ref, Ref Stage 120, run, end, 9783590046232889
1787664524.208188, NoOp Chain Depth 128 Size 0 Mode ref, Ref Stage 121, run, start, 9783590046247129
1787664524.208210, NoOp Chain Depth 128 Size 0 Mode ref, Ref Stage 121, run, end, 9783590046268857
1787664524.208224, NoOp Chain Depth 128 Size 0 Mode ref, Ref Stage 122, run, start, 9783590046283177
1787664524.208245, NoOp Chain Depth 128 Size 0 Mode ref, Ref Stage 122, run, end, 9783590046303945
1787664524.208259, NoOp Chain Depth 128 Size 0 Mode ref, Ref Stage 123, run, start, 9783590046318073
1787664524.208280, NoOp Chain Depth 128 Size 0 Mode ref, Ref Stage 123, run, end, 9783590046338857
1787664524.208296, NoOp Chain Depth 128 Size 0 Mode ref, Ref Stage 124, run, start, 9783590046354857
1787664524.208316, NoOp Chain Depth 128 Size 0 Mode ref, Ref Stage 124, run, end, 9783590046375545
1787664524.208332, NoOp Chain Depth 128 Size 0 Mode ref, Ref Stage 125, run, start, 9783590046390761
1787664524.208354, NoOp Chain Depth 128 Size 0 Mode ref, Ref Stage 125, run, end, 9783590046413033
1787664524.208367, NoOp Chain Depth 128 Size 0 Mode ref, Ref Stage 126, run, start, 9783590046425737
1787664524.208397, NoOp Chain Depth 128 Size 0 Mode ref, Ref Stage 126, run, end, 9783590046456073
1787664524.208413, NoOp Chain Depth 128 Size 0 Mode ref, Ref Stage 127, run, start, 9783590046471897
1787664524.208433, NoOp Chain Depth 128 Size 0 Mode ref, Ref Stage 127, run, end, 9783590046492393
1787664524.208448, NoOp Chain Depth 128 Size 0 Mode ref, pipeline - train, run, end, 56558537613468453393274946711917034466, 1787664524.200855, 67, 1, 9783590046507385
1787664524.208488, NoOp Chain Depth 128 Size 0 Mode ref, pipeline - train, run, start, 222173659809011677683107226818248771722, 1787664524.208476, 68, 1, 9783590046547417
1787664524.208511, NoOp Chain Depth 128 Size 0 Mode ref, Ref Stage 0, run, start, 9783590046570425
1787664524.208533, NoOp Chain Depth 128 Size 0 Mode ref, Ref Stage 0, run, end, 9783590046592201
1787664524.208548, NoOp Chain Depth 128 Size 0 Mode ref, Ref Stage 1, run, start, 9783590046607001
1787664524.208570, NoOp Chain Depth 128 Size 0 Mode ref, Ref Stage 1, run, end, 9783590046629369
1787664524.208584, NoOp Chain Depth 128 Size 0 Mode ref, Ref Stage 2, run, start, 9783590046643561
1787664524.208605, NoOp Chain Depth 128 Size 0 Mode ref, Ref Stage 2, run, end, 9783590046664441
1787664524.208621, NoOp Chain Depth 128 Size 0 Mode ref, Ref Stage 3, run, start, 9783590046679865
1787664524.208642, NoOp Chain Depth 128 Size 0 Mode ref, Ref Stage 3, run, end, 9783590046700649
1787664524.208657, NoOp Chain Depth 128 Size 0 Mode ref, Ref Stage 4, run, start, 9783590046715865
1787664524.208679, NoOp Chain Depth 128 Size 0 Mode ref, Ref Stage 4, run, end, 9783590046738249
1787664524.208695, NoOp Chain Depth 128 Size 0 Mode ref, Ref Stage 5, run, start, 9783590046754041
1787664524.208717, NoOp Chain Depth 128 Size 0 Mode ref, Ref Stage 5, run, end, 9783590046776169
1787664524.210270, NoOp Chain Depth 128 Size 0 Mode ref, Ref Stage 6, run, start, 9783590048330392
1787664524.210297, NoOp Chain Depth 128 Size 0 Mode ref, Ref Stage 6, run, end, 9783590048356488
1787664524.210313, NoOp Chain Depth 128 Size 0 Mode ref, Ref Stage 7, run, start, 9783590048372728
1787664524.210335, NoOp Chain Depth 128 Size 0 Mode ref, Ref Stage 7, run, end, 9783590048394264
1787664524.210349, NoOp Chain Depth 128 Size 0 Mode ref, Ref Stage 8, run, start, 9783590048408664
1787664524.210371, NoOp Chain Depth 128 Size 0 Mode ref, Ref Stage 8, run, end, 9783590048429800
1787664524.210385, NoOp Chain Depth 128 Size 0 Mode ref, Ref Stage 9, run, start, 9783590048444328
1787664524.210406, NoOp Chain Depth 128 Size 0 Mode ref, Ref Stage 9, run, end, 9783590048465464
1787664524.210421, NoOp Chain Depth 128 Size 0 Mode ref, Ref Stage 10, run, start, 9783590048479944
1787664524.210442, NoOp Chain Depth 128 Size 0 Mode ref, Ref Stage 10, run, end, 9783590048500728
1787664524.210456, NoOp Chain Depth 128 Size 0 Mode ref, Ref Stage 11, run, start, 9783590048515432
1787664524.210478, NoOp Chain Depth 128 Size 0 Mode ref, Ref Stage 11, run, end, 9783590048537688
1787664524.210490, NoOp Chain Depth 128 Size 0 Mode ref, Ref Stage 12, run, start, 9783590048549480
1787664524.210521, NoOp Chain Depth 128 Size 0 Mode ref, Ref Stage 12, run, end, 9783590048580344
1787664524.210535, NoOp Chain Depth 128 Size 0 Mode ref, Ref Stage 13, run, start, 9783590048594616
1787664524.210556, NoOp Chain Depth 128 Size 0 Mode ref, Ref Stage 13, run, end, 9783590048615480
1787664524.210571, NoOp Chain Depth 128 Size 0 Mode ref, Ref Stage 14, run, start, 9783590048629912
1787664524.210591, NoOp Chain Depth 128 Size 0 Mode ref, Ref Stage 14, run, end, 9783590048650552
1787664524.210606, NoOp Chain Depth 128 Size 0 Mode ref, Ref Stage 15, run, start, 9783590048665703
1787664524.210629, NoOp Chain Depth 128 Size 0 Mode ref, Ref Stage 15, run, end, 9783590048688055
1787664524.210640, NoOp Chain Depth 128 Size 0 Mode ref, Ref Stage 16, run, start, 9783590048699559
1787664524.210671, NoOp Chain Depth 128 Size 0 Mode ref, Ref Stage 16, run, end, 9783590048729895
1787664524.210685, NoOp Chain Depth 128 Size 0 Mode ref, Ref Stage 17, run, start, 9783590048744343
1787664524.210706, NoOp Chain Depth 128 Size 0 Mode ref, Ref Stage 17, run, end, 9783590048765639
1787664524.210721, NoOp Chain Depth 128 Size 0 Mode ref, Ref Stage 18, run, start, 9783590048780007
1787664524.210742, NoOp Chain Depth 128 Size 0 Mode ref, Ref Stage 18, run, end, 9783590048800663
1787664524.210756, NoOp Chain Depth 128 Size 0 Mode ref, Ref Stage 19, run, start, 9783590048815015
1787664524.210777, NoOp Chain Depth 128 Size 0 Mode ref, Ref Stage 19, run, end, 9783590048835991
1787664524.210791, NoOp Chain Depth 128 Size 0 Mode ref, Ref Stage 20, run, start, 9783590048850423
1787664524.210812, NoOp Chain Depth 128 Size 0 Mode ref, Ref Stage 20, run, end, 9783590048871287
1787664524.210826, NoOp Chain Depth 128 Size 0 Mode ref, Ref Stage 21, run, start, 9783590048885767
1787664524.210848, NoOp Chain Depth 128 Size 0 Mode ref, Ref Stage 21, run, end, 9783590048907047
1787664524.210863, NoOp Chain Depth 128 Size 0 Mode ref, Ref Stage 22, run, start, 9783590048922151
1787664524.210884, NoOp Chain Depth 128 Size 0 Mode ref, Ref Stage 22, run, end, 9783590048942887
1787664524.210899, NoOp Chain Depth 128 Size 0 Mode ref, Ref Stage 23, run, start, 9783590048958791
1787664524.210922, NoOp Chain Depth 128 Size 0 Mode ref, Ref Stage 23, run, end, 9783590048981143
1787664524.211056, NoOp Chain Depth 128 Size 0 Mode ref, Ref Stage 24, run, start, 9783590049116247
1787664524.211192, NoOp Chain Depth 128 Size 0 Mode ref, Ref Stage 24, run, end, 9783590049251303
1787664524.211207, NoOp Chain Depth 128 Size 0 Mode ref, Ref Stage 25, run, start, 9783590049266599
1787664524.211236, NoOp Chain Depth 128 Size 0 Mode ref, Ref Stage 25, run, end, 9783590049294999
1787664524.211247, NoOp Chain Depth 128 Size 0 Mode ref, Ref Stage 26, run, start, 9783590049306807
1787664524.211279, NoOp Chain Depth 128 Size 0 Mode ref, Ref Stage 26, run, end, 9783590049338391
1787664524.211294, NoOp Chain Depth 128 Size 0 Mode ref, Ref Stage 27, run, start, 9783590049353047
1787664524.211315, NoOp Chain Depth 128 Size 0 Mode ref, Ref Stage 27, run, end, 9783590049374183
1787664524.211329, NoOp Chain Depth 128 Size 0 Mode ref, Ref Stage 28, run, start, 9783590049388487
1787664524.211350, NoOp Chain Depth 128 Size 0 Mode ref, Ref Stage 28, run, end, 9783590049409255
1787664524.211365, NoOp Chain Depth 128 Size 0 Mode ref, Ref Stage 29, run, start, 9783590049423815
1787664524.211387, NoOp Chain Depth 128 Size 0 Mode ref, Ref Stage 29, run, end, 9783590049446343
1787664524.211399, NoOp Chain Depth 128 Size 0 Mode ref, Ref Stage 30, run, start, 9783590049458135
1787664524.211434, NoOp Chain Depth 128 Size 0 Mode ref, Ref Stage 30, run, end, 9783590049493207
1787664524.211451, NoOp Chain Depth 128 Size 0 Mode ref, Ref Stage 31, run, start, 9783590049510071
1787664524.211483, NoOp Chain Depth 128 Size 0 Mode ref, Ref Stage 31, run, end, 9783590049542295
1787664524.211498, NoOp Chain Depth 128 Size 0 Mode ref, Ref Stage 32, run, start, 9783590049556727
1787664524.211522, NoOp Chain Depth 128 Size 0 Mode ref, Ref Stage 32, run, end, 9783590049580759
1787664524.211536, NoOp Chain Depth 128 Size 0 Mode ref, Ref Stage 33, run, start, 9783590049595367
1787664524.211558, NoOp Chain Depth 128 Size 0 Mode ref, Ref Stage 33, run, end, 9783590049617575
1787664524.211573, NoOp Chain Depth 128 Size 0 Mode ref, Ref Stage 34, run, start, 9783590049632567
1787664524.211596, NoOp Chain Depth 128 Size 0 Mode ref, Ref Stage 34, run, end, 9783590049654871
1787664524.211913, NoOp Chain Depth 128 Size 0 Mode ref, Ref Stage 35, run, start, 9783590049973095
1787664524.212043, NoOp Chain Depth 128 Size 0 Mode ref, Ref Stage 35, run, end, 9783590050102311
1787664524.212058, NoOp Chain Depth 128 Size 0 Mode ref, Ref Stage 36, run, start, 9783590050117623
1787664524.212080, NoOp Chain Depth 128 Size 0 Mode ref, Ref Stage 36, run, end, 9783590050138743
1787664524.212094, NoOp Chain Depth 128 Size 0 Mode ref, Ref Stage 37, run, start, 9783590050153286
1787664524.212115, NoOp Chain Depth 128 Size 0 Mode ref, Ref Stage 37, run, end, 9783590050174406
1787664524.212130, NoOp Chain Depth 128 Size 0 Mode ref, Ref Stage 38, run, start, 9783590050188950
1787664524.212151, NoOp Chain Depth 128 Size 0 Mode ref, Ref Stage 38, run, end, 9783590050209926
1787664524.212165, NoOp Chain Depth 128 Size 0 Mode ref, Ref Stage 39, run, start, 9783590050224630
1787664524.212187, NoOp Chain Depth 128 Size 0 Mode ref, Ref Stage 39, run, end, 9783590050245862
1787664524.212201, NoOp Chain Depth 128 Size 0 Mode ref, Ref Stage 40, run, start, 9783590050260502
1787664524.212305, NoOp Chain Depth 128 Size 0 Mode ref, Ref Stage 40, run, end, 9783590050364646
1787664524.212322, NoOp Chain Depth 128 Size 0 Mode ref, Ref Stage 41, run, start, 9783590050381814
1787664524.212347, NoOp Chain Depth 128 Size 0 Mode ref, Ref Stage 41, run, end, 9783590050405878
1787664524.212358, NoOp Chain Depth 128 Size 0 Mode ref, Ref Stage 42, run, start, 9783590050417782
1787664524.212390, NoOp Chain Depth 128 Size 0 Mode ref, Ref Stage 42, run, end, 9783590050448886
1787664524.212404, NoOp Chain Depth 128 Size 0 Mode ref, Ref Stage 43, run, start, 9783590050463750
1787664524.212427, NoOp Chain Depth 128 Size 0 Mode ref, Ref Stage 43, run, end, 9783590050486102
1787664524.212441, NoOp Chain Depth 128 Size 0 Mode ref, Ref Stage 44, run, start, 9783590050500470
1787664524.212462, NoOp Chain Depth 128 Size 0 Mode ref, Ref Stage 44, run, end, 9783590050521318
1787664524.212476, NoOp Chain Depth 128 Size 0 Mode ref, Ref Stage 45, run, start, 9783590050535718
1787664524.212498, NoOp Chain Depth 128 Size 0 Mode ref, Ref Stage 45, run, end, 9783590050557414
1787664524.213014, NoOp Chain Depth 128 Size 0 Mode ref, Ref Stage 46, run, start, 9783590051074118
1787664524.213042, NoOp Chain Depth 128 Size 0 Mode ref, Ref Stage 46, run, end, 9783590051101254
1787664524.213058, NoOp Chain Depth 128 Size 0 Mode ref, Ref Stage 47, run, start, 9783590051117046
1787664524.213079, NoOp Chain Depth 128 Size 0 Mode ref, Ref Stage 47, run, end, 9783590051138774
1787664524.213094, NoOp Chain Depth 128 Size 0 Mode ref, Ref Stage 48, run, start, 9783590051153382
1787664524.213115, NoOp Chain Depth 128 Size 0 Mode ref, Ref Stage 48, run, end, 9783590051174518
1787664524.213130, NoOp Chain Depth 128 Size 0 Mode ref, Ref Stage 49, run, start, 9783590051189030
1787664524.213151, NoOp Chain Depth 128 Size 0 Mode ref, Ref Stage 49, run, end, 9783590051209958
1787664524.213165, NoOp Chain Depth 128 Size 0 Mode ref, Ref Stage 50, run, start, 9783590051224438
1787664524.213186, NoOp Chain Depth 128 Size 0 Mode ref, Ref Stage 50, run, end, 9783590051245350
1787664524.213200, NoOp Chain Depth 128 Size 0 Mode ref, Ref Stage 51, run, start, 9783590051259638
1787664524.213221, NoOp Chain Depth 128 Size 0 Mode ref, Ref Stage 51, run, end, 9783590051280534
1787664524.213236, NoOp Chain Depth 128 Size 0 Mode ref, Ref Stage 52, run, start, 9783590051295158
1787664524.213257, NoOp Chain Depth 128 Size 0 Mode ref, Ref Stage 52, run, end, 9783590051316070
1787664524.213271, NoOp Chain Depth 128 Size 0 Mode ref, Ref Stage 53, run, start, 9783590051330598
1787664524.213293, NoOp Chain Depth 128 Size 0 Mode ref, Ref Stage 53, run, end, 9783590051351638
1787664524.213308, NoOp Chain Depth 128 Size 0 Mode ref, Ref Stage 54, run, start, 9783590051367494
1787664524.213331, NoOp Chain Depth 128 Size 0 Mode ref, Ref Stage 54, run, end, 9783590051390022
1787664524.213344, NoOp Chain Depth 128 Size 0 Mode ref, Ref Stage 55, run, start, 9783590051403238
1787664524.213374, NoOp Chain Depth 128 Size 0 Mode ref, Ref Stage 55, run, end, 9783590051433766
1787664524.213389, NoOp Chain Depth 128 Size 0 Mode ref, Ref Stage 56, run, start, 9783590051448214
1787664524.213411, NoOp Chain Depth 128 Size 0 Mode ref, Ref Stage 56, run, end, 9783590051470230
1787664524.213425, NoOp Chain Depth 128 Size 0 Mode ref, Ref Stage 57, run, start, 9783590051484582
1787664524.213446, NoOp Chain Depth 128 Size 0 Mode ref, Ref Stage 57, run, end, 9783590051505254
1787664524.213461, NoOp Chain Depth 128 Size 0 Mode ref, Ref Stage 58, run, start, 9783590051520870
1787664524.213484, NoOp Chain Depth 128 Size 0 Mode ref, Ref Stage 58, run, end, 9783590051543478
1787664524.213499, NoOp Chain Depth 128 Size 0 Mode ref, Ref Stage 59, run, start, 9783590051558566
1787664524.213523, NoOp Chain Depth 128 Size 0 Mode ref, Ref Stage 59, run, end, 9783590051581750
1787664524.213534, NoOp Chain Depth 128 Size 0 Mode ref, Ref Stage 60, run, start, 9783590051593350
1787664524.213565, NoOp Chain Depth 128 Size 0 Mode ref, Ref Stage 60, run, end, 9783590051624150
1787664524.213580, NoOp Chain Depth 128 Size 0 Mode ref, Ref Stage 61, run, start, 9783590051639286
1787664524.213601, NoOp Chain Depth 128 Size 0 Mode ref, Ref Stage 61, run, end, 9783590051660118
1787664524.213615, NoOp Chain Depth 128 Size 0 Mode ref, Ref Stage 62, run, start, 9783590051674374
1787664524.213637, NoOp Chain Depth 128 Size 0 Mode ref, Ref Stage 62, run, end, 9783590051696453
1787664524.213650, NoOp Chain Depth 128 Size 0 Mode ref, Ref Stage 63, run, start, 9783590051709717
1787664524.213682, NoOp Chain Depth 128 Size 0 Mode ref, Ref Stage 63, run, end, 9783590051741717
1787664524.213694, NoOp Chain Depth 128 Size 0 Mode ref, Ref Stage 64, run, start, 9783590051753189
1787664524.213728, NoOp Chain Depth 128 Size 0 Mode ref, Ref Stage 64, run, end, 9783590051787845
1787664524.213743, NoOp Chain Depth 128 Size 0 Mode ref, Ref Stage 65, run, start, 9783590051802389
1787664524.213764, NoOp Chain Depth 128 Size 0 Mode ref, Ref Stage 65, run, end, 9783590051823317
1787664524.213778, NoOp Chain Depth 128 Size 0 Mode ref, Ref Stage 66, run, start, 9783590051837653
1787664524.213799, NoOp Chain Depth 128 Size 0 Mode ref, Ref Stage 66, run, end, 9783590051858325
1787664524.213815, NoOp Chain Depth 128 Size 0 Mode ref, Ref Stage 67, run, start, 9783590051874997
1787664524.213836, NoOp Chain Depth 128 Size 0 Mode ref, Ref Stage 67, run, end, 9783590051895461
1787664524.213851, NoOp Chain Depth 128 Size 0 Mode ref, Ref Stage 68, run, start, 9783590051909765
1787664524.213871, NoOp Chain Depth 128 Size 0 Mode ref, Ref Stage 68, run, end, 9783590051930293
1787664524.213886, NoOp Chain Depth 128 Size 0 Mode ref, Ref Stage 69, run, start, 9783590051944597
1787664524.213908, NoOp Chain Depth 128 Size 0 Mode ref, Ref Stage 69, run, end, 9783590051967637
1787664524.213923, NoOp Chain Depth 128 Size 0 Mode ref, Ref Stage 70, run, start, 9783590051982549
1787664524.213948, NoOp Chain Depth 128 Size 0 Mode ref, Ref Stage 70, run, end, 9783590052007269
1787664524.213961, NoOp Chain Depth 128 Size 0 Mode ref, Ref Stage 71, run, start, 9783590052020549
1787664524.213994, NoOp Chain Depth 128 Size 0 Mode ref, Ref Stage 71, run, end, 9783590052052885
1787664524.214008, NoOp Chain Depth 128 Size 0 Mode ref, Ref Stage 72, run, start, 9783590052067125
1787664524.214030, NoOp Chain Depth 128 Size 0 Mode ref, Ref Stage 72, run, end, 9783590052089141
1787664524.214044, NoOp Chain Depth 128 Size 0 Mode ref, Ref Stage 73, run, start, 9783590052103365
1787664524.214064, NoOp Chain Depth 128 Size 0 Mode ref, Ref Stage 73, run, end, 9783590052123701
1787664524.214079, NoOp Chain Depth 128 Size 0 Mode ref, Ref Stage 74, run, start, 9783590052137941
1787664524.214101, NoOp Chain Depth 128 Size 0 Mode ref, Ref Stage 74, run, end, 9783590052160149
1787664524.214114, NoOp Chain Depth 128 Size 0 Mode ref, Ref Stage 75, run, start, 9783590052173029
1787664524.214147, NoOp Chain Depth 128 Size 0 Mode ref, Ref Stage 75, run, end, 9783590052206197
1787664524.214161, NoOp Chain Depth 128 Size 0 Mode ref, Ref Stage 76, run, start, 9783590052220581
1787664524.214182, NoOp Chain Depth 128 Size 0 Mode ref, Ref Stage 76, run, end, 9783590052241189
1787664524.214196, NoOp Chain Depth 128 Size 0 Mode ref, Ref Stage 77, run, start, 9783590052255413
1787664524.214217, NoOp Chain Depth 128 Size 0 Mode ref, Ref Stage 77, run, end, 9783590052276149
1787664524.214231, NoOp Chain Depth 128 Size 0 Mode ref, Ref Stage 78, run, start, 9783590052290453
1787664524.214252, NoOp Chain Depth 128 Size 0 Mode ref, Ref Stage 78, run, end, 9783590052311333
1787664524.214266, NoOp Chain Depth 128 Size 0 Mode ref, Ref Stage 79, run, start, 9783590052325605
1787664524.214287, NoOp Chain Depth 128 Size 0 Mode ref, Ref Stage 79, run, end, 9783590052346069
1787664524.214301, NoOp Chain Depth 128 Size 0 Mode ref, Ref Stage 80, run, start, 9783590052360341
1787664524.214323, NoOp Chain Depth 128 Size 0 Mode ref, Ref Stage 80, run, end, 9783590052382357
1787664524.214337, NoOp Chain Depth 128 Size 0 Mode ref, Ref Stage 81, run, start, 9783590052396453
1787664524.214358, NoOp Chain Depth 128 Size 0 Mode ref, Ref Stage 81, run, end, 9783590052417061
1787664524.214373, NoOp Chain Depth 128 Size 0 Mode ref, Ref Stage 82, run, start, 9783590052432005
1787664524.214393, NoOp Chain Depth 128 Size 0 Mode ref, Ref Stage 82, run, end, 9783590052452565
1787664524.214408, NoOp Chain Depth 128 Size 0 Mode ref, Ref Stage 83, run, start, 9783590052466901
1787664524.214431, NoOp Chain Depth 128 Size 0 Mode ref, Ref Stage 83, run, end, 9783590052490117
1787664524.214443, NoOp Chain Depth 128 Size 0 Mode ref, Ref Stage 84, run, start, 9783590052501877
1787664524.214473, NoOp Chain Depth 128 Size 0 Mode ref, Ref Stage 84, run, end, 9783590052532309
1787664524.214489, NoOp Chain Depth 128 Size 0 Mode ref, Ref Stage 85, run, start, 9783590052547813
1787664524.214515, NoOp Chain Depth 128 Size 0 Mode ref, Ref Stage 85, run, end, 9783590052573973
1787664524.214529, NoOp Chain Depth 128 Size 0 Mode ref, Ref Stage 86, run, start, 9783590052588485
1787664524.214551, NoOp Chain Depth 128 Size 0 Mode ref, Ref Stage 86, run, end, 9783590052610133
1787664524.214565, NoOp Chain Depth 128 Size 0 Mode ref, Ref Stage 87, run, start, 9783590052624501
1787664524.214587, NoOp Chain Depth 128 Size 0 Mode ref, Ref Stage 87, run, end, 9783590052646629
1787664524.214602, NoOp Chain Depth 128 Size 0 Mode ref, Ref Stage 88, run, start, 9783590052661061
1787664524.214622, NoOp Chain Depth 128 Size 0 Mode ref, Ref Stage 88, run, end, 9783590052681733
1787664524.214637, NoOp Chain Depth 128 Size 0 Mode ref, Ref Stage 89, run, start, 9783590052695909
1787664524.214658, NoOp Chain Depth 128 Size 0 Mode ref, Ref Stage 89, run, end, 9783590052716677
1787664524.214672, NoOp Chain Depth 128 Size 0 Mode ref, Ref Stage 90, run, start, 9783590052730917
1787664524.214692, NoOp Chain Depth 128 Size 0 Mode ref, Ref Stage 90, run, end, 9783590052751525
1787664524.214708, NoOp Chain Depth 128 Size 0 Mode ref, Ref Stage 91, run, start, 9783590052766805
1787664524.214728, NoOp Chain Depth 128 Size 0 Mode ref, Ref Stage 91, run, end, 9783590052787269
1787664524.214742, NoOp Chain Depth 128 Size 0 Mode ref, Ref Stage 92, run, start, 9783590052801445
1787664524.214764, NoOp Chain Depth 128 Size 0 Mode ref, Ref Stage 92, run, end, 9783590052823589
1787664524.214779, NoOp Chain Depth 128 Size 0 Mode ref, Ref Stage 93, run, start, 9783590052838133
1787664524.214801, NoOp Chain Depth 128 Size 0 Mode ref, Ref Stage 93, run, end, 9783590052860181
1787664524.214816, NoOp Chain Depth 128 Size 0 Mode ref, Ref Stage 94, run, start, 9783590052875477
1787664524.214837, NoOp Chain Depth 128 Size 0 Mode ref, Ref Stage 94, run, end, 9783590052896133
1787664524.214851, NoOp Chain Depth 128 Size 0 Mode ref, Ref Stage 95, run, start, 9783590052910437
1787664524.214872, NoOp Chain Depth 128 Size 0 Mode ref, Ref Stage 95, run, end, 9783590052931013
1787664524.214886, NoOp Chain Depth 128 Size 0 Mode ref, Ref Stage 96, run, start, 9783590052945285
1787664524.214908, NoOp Chain Depth 128 Size 0 Mode ref, Ref Stage 96, run, end, 9783590052967637
1787664524.214924, NoOp Chain Depth 128 Size 0 Mode ref, Ref Stage 97, run, start, 9783590052983589
1787664524.214948, NoOp Chain Depth 128 Size 0 Mode ref, Ref Stage 97, run, end, 9783590053008421
1787664524.214962, NoOp Chain Depth 128 Size 0 Mode ref, Ref Stage 98, run, start, 9783590053021333
1787664524.214995, NoOp Chain Depth 128 Size 0 Mode ref, Ref Stage 98, run, end, 9783590053054261
1787664524.215011, NoOp Chain Depth 128 Size 0 Mode ref, Ref Stage 99, run, start, 9783590053070325
1787664524.215032, NoOp Chain Depth 128 Size 0 Mode ref, Ref Stage 99, run, end, 9783590053091429
1787664524.215047, NoOp Chain Depth 128 Size 0 Mode ref, Ref Stage 100, run, start, 9783590053105941
1787664524.215068, NoOp Chain Depth 128 Size 0 Mode ref, Ref Stage 100, run, end, 9783590053126805
1787664524.215082, NoOp Chain Depth 128 Size 0 Mode ref, Ref Stage 101, run, start, 9783590053141141
1787664524.215104, NoOp Chain Depth 128 Size 0 Mode ref, Ref Stage 101, run, end, 9783590053162933
1787664524.215118, NoOp Chain Depth 128 Size 0 Mode ref, Ref Stage 102, run, start, 9783590053177349
1787664524.215139, NoOp Chain Depth 128 Size 0 Mode ref, Ref Stage 102, run, end, 9783590053197893
1787664524.215153, NoOp Chain Depth 128 Size 0 Mode ref, Ref Stage 103, run, start, 9783590053212181
1787664524.215174, NoOp Chain Depth 128 Size 0 Mode ref, Ref Stage 103, run, end, 9783590053232821
1787664524.215189, NoOp Chain Depth 128 Size 0 Mode ref, Ref Stage 104, run, start, 9783590053247924
1787664524.215211, NoOp Chain Depth 128 Size 0 Mode ref, Ref Stage 104, run, end, 9783590053270100
1787664524.215222, NoOp Chain Depth 128 Size 0 Mode ref, Ref Stage 105, run, start, 9783590053281588
1787664524.215253, NoOp Chain Depth 128 Size 0 Mode ref, Ref Stage 105, run, end, 9783590053311876
1787664524.215267, NoOp Chain Depth 128 Size 0 Mode ref, Ref Stage 106, run, start, 9783590053326164
1787664524.215288, NoOp Chain Depth 128 Size 0 Mode ref, Ref Stage 106, run, end, 9783590053347044
1787664524.215304, NoOp Chain Depth 128 Size 0 Mode ref, Ref Stage 107, run, start, 9783590053362868
1787664524.215327, NoOp Chain Depth 128 Size 0 Mode ref, Ref Stage 107, run, end, 9783590053385876
1787664524.215338, NoOp Chain Depth 128 Size 0 Mode ref, Ref Stage 108, run, start, 9783590053397540
1787664524.218665, NoOp Chain Depth 128 Size 0 Mode ref, Ref Stage 108, run, end, 9783590056725314
1787664524.218683, NoOp Chain Depth 128 Size 0 Mode ref, Ref Stage 109, run, start, 9783590056742786
1787664524.218706, NoOp Chain Depth 128 Size 0 Mode ref, Ref Stage 109, run, end, 9783590056764914
1787664524.218720, NoOp Chain Depth 128 Size 0 Mode ref, Ref Stage 110, run, start, 9783590056779938
1787664524.218742, NoOp Chain Depth 128 Size 0 Mode ref, Ref Stage 110, run, end, 9783590056801490
1787664524.218757, NoOp Chain Depth 128 Size 0 Mode ref, Ref Stage 111, run, start, 9783590056816114
1787664524.218778, NoOp Chain Depth 128 Size 0 Mode ref, Ref Stage 111, run, end, 9783590056837010
1787664524.218792, NoOp Chain Depth 128 Size 0 Mode ref, Ref Stage 112, run, start, 9783590056851506
1787664524.218813, NoOp Chain Depth 128 Size 0 Mode ref, Ref Stage 112, run, end, 9783590056872562
1787664524.218828, NoOp Chain Depth 128 Size 0 Mode ref, Ref Stage 113, run, start, 9783590056887394
1787664524.218849, NoOp Chain Depth 128 Size 0 Mode ref, Ref Stage 113, run, end, 9783590056908434
1787664524.218864, NoOp Chain Depth 128 Size 0 Mode ref, Ref Stage 114, run, start, 9783590056923090
1787664524.218885, NoOp Chain Depth 128 Size 0 Mode ref, Ref Stage 114, run, end, 9783590056943698
1787664524.218899, NoOp Chain Depth 128 Size 0 Mode ref, Ref Stage 115, run, start, 9783590056958050
1787664524.218920, NoOp Chain Depth 128 Size 0 Mode ref, Ref Stage 115, run, end, 9783590056978962
1787664524.218934, NoOp Chain Depth 128 Size 0 Mode ref, Ref Stage 116, run, start, 9783590056993362
1787664524.218959, NoOp Chain Depth 128 Size 0 Mode ref, Ref Stage 116, run, end, 9783590057017650
1787664524.218970, NoOp Chain Depth 128 Size 0 Mode ref, Ref Stage 117, run, start, 9783590057029474
1787664524.219002, NoOp Chain Depth 128 Size 0 Mode ref, Ref Stage 117, run, end, 9783590057061410
1787664524.219017, NoOp Chain Depth 128 Size 0 Mode ref, Ref Stage 118, run, start, 9783590057075794
1787664524.219038, NoOp Chain Depth 128 Size 0 Mode ref, Ref Stage 118, run, end, 9783590057096770
1787664524.219052, NoOp Chain Depth 128 Size 0 Mode ref, Ref Stage 119, run, start, 9783590057111042
1787664524.219073, NoOp Chain Depth 128 Size 0 Mode ref, Ref Stage 119, run, end, 9783590057131858
1787664524.219087, NoOp Chain Depth 128 Size 0 Mode ref, Ref Stage 120, run, start, 9783590057146082
1787664524.219108, NoOp Chain Depth 128 Size 0 Mode ref, Ref Stage 120, run, end, 9783590057166786
1787664524.219122, NoOp Chain Depth 128 Size 0 Mode ref, Ref Stage 121, run, start, 9783590057181362
1787664524.219143, NoOp Chain Depth 128 Size 0 Mode ref, Ref Stage 121, run, end, 9783590057202050
1787664524.219157, NoOp Chain Depth 128 Size 0 Mode ref, Ref Stage 122, run, start, 9783590057216482
1787664524.219178, NoOp Chain Depth 128 Size 0 Mode ref, Ref Stage 122, run, end, 9783590057237138
1787664524.219192, NoOp Chain Depth 128 Size 0 Mode ref, Ref Stage 123, run, start, 9783590057251506
1787664524.219213, NoOp Chain Depth 128 Size 0 Mode ref, Ref Stage 123, run, end, 9783590057272162
1787664524.219227, NoOp Chain Depth 128 Size 0 Mode ref, Ref Stage 124, run, start, 9783590057286530
1787664524.219248, NoOp Chain Depth 128 Size 0 Mode ref, Ref Stage 124, run, end, 9783590057306962
1787664524.219262, NoOp Chain Depth 128 Size 0 Mode ref, Ref Stage 125, run, start, 9783590057321218
1787664524.219285, NoOp Chain Depth 128 Size 0 Mode ref, Ref Stage 125, run, end, 9783590057343698
1787664524.219296, NoOp Chain Depth 128 Size 0 Mode ref, Ref Stage 126, run, start, 9783590057355186
1787664524.219326, NoOp Chain Depth 128 Size 0 Mode ref, Ref Stage 126, run, end, 9783590057385682
1787664524.219341, NoOp Chain Depth 128 Size 0 Mode ref, Ref Stage 127, run, start, 9783590057400290
1787664524.219362, NoOp Chain Depth 128 Size 0 Mode ref, Ref Stage 127, run, end, 9783590057420690
1787664524.219376, NoOp Chain Depth 128 Size 0 Mode ref, pipeline - train, run, end, 222173659809011677683107226818248771722, 1787664524.208476, 68, 1, 9783590057435810
1787664524.219415, NoOp Chain Depth 128 Size 0 Mode ref, pipeline - train, run, start, 335759748446195241749782634082863269925, 1787664524.219404, 69, 1, 9783590057474098
1787664524.219438, NoOp Chain Depth 128 Size 0 Mode ref, Ref Stage 0, run, start, 9783590057496946
1787664524.219459, NoOp Chain Depth 128 Size 0 Mode ref, Ref Stage 0, run, end, 9783590057518098
1787664524.219473, NoOp Chain Depth 128 Size 0 Mode ref, Ref Stage 1, run, start, 9783590057532674
1787664524.219494, NoOp Chain Depth 128 Size 0 Mode ref, Ref Stage 1, run, end, 9783590057553634
1787664524.219509, NoOp Chain Depth 128 Size 0 Mode ref, Ref Stage 2, run, start, 9783590057568098
1787664524.219530, NoOp Chain Depth 128 Size 0 Mode ref, Ref Stage 2, run, end, 9783590057589266
1787664524.219545, NoOp Chain Depth 128 Size 0 Mode ref, Ref Stage 3, run, start, 9783590057603810
1787664524.219566, NoOp Chain Depth 128 Size 0 Mode ref, Ref Stage 3, run, end, 9783590057624818
1787664524.219581, NoOp Chain Depth 128 Size 0 Mode ref, Ref Stage 4, run, start, 9783590057640866
1787664524.219604, NoOp Chain Depth 128 Size 0 Mode ref, Ref Stage 4, run, end, 9783590057663186
1787664524.219615, NoOp Chain Depth 128 Size 0 Mode ref, Ref Stage 5, run, start, 9783590057674914
1787664524.219646, NoOp Chain Depth 128 Size 0 Mode ref, Ref Stage 5, run, end, 9783590057705634
1787664524.219661, NoOp Chain Depth 128 Size 0 Mode ref, Ref Stage 6, run, start, 9783590057720098
1787664524.219682, NoOp Chain Depth 128 Size 0 Mode ref, Ref Stage 6, run, end, 9783590057740866
1787664524.219696, NoOp Chain Depth 128 Size 0 Mode ref, Ref Stage 7, run, start, 9783590057755250
1787664524.219717, NoOp Chain Depth 128 Size 0 Mode ref, Ref Stage 7, run, end, 9783590057775809
1787664524.219731, NoOp Chain Depth 128 Size 0 Mode ref, Ref Stage 8, run, start, 9783590057790129
1787664524.219752, NoOp Chain Depth 128 Size 0 Mode ref, Ref Stage 8, run, end, 9783590057811057
1787664524.219766, NoOp Chain Depth 128 Size 0 Mode ref, Ref Stage 9, run, start, 9783590057825473
1787664524.219787, NoOp Chain Depth 128 Size 0 Mode ref, Ref Stage 9, run, end, 9783590057846193
1787664524.219801, NoOp Chain Depth 128 Size 0 Mode ref, Ref Stage 10, run, start, 9783590057860721
1787664524.219822, NoOp Chain Depth 128 Size 0 Mode ref, Ref Stage 10, run, end, 9783590057881585
1787664524.219837, NoOp Chain Depth 128 Size 0 Mode ref, Ref Stage 11, run, start, 9783590057896097
1787664524.219857, NoOp Chain Depth 128 Size 0 Mode ref, Ref Stage 11, run, end, 9783590057916529
1787664524.219872, NoOp Chain Depth 128 Size 0 Mode ref, Ref Stage 12, run, start, 9783590057930673
1787664524.219893, NoOp Chain Depth 128 Size 0 Mode ref, Ref Stage 12, run, end, 9783590057951649
1787664524.219907, NoOp Chain Depth 128 Size 0 Mode ref, Ref Stage 13, run, start, 9783590057966001
1787664524.219928, NoOp Chain Depth 128 Size 0 Mode ref, Ref Stage 13, run, end, 9783590057986817
1787664524.219942, NoOp Chain Depth 128 Size 0 Mode ref, Ref Stage 14, run, start, 9783590058002401
1787664524.219965, NoOp Chain Depth 128 Size 0 Mode ref, Ref Stage 14, run, end, 9783590058023729
1787664524.219980, NoOp Chain Depth 128 Size 0 Mode ref, Ref Stage 15, run, start, 9783590058038977
1787664524.220003, NoOp Chain Depth 128 Size 0 Mode ref, Ref Stage 15, run, end, 9783590058061841
1787664524.220017, NoOp Chain Depth 128 Size 0 Mode ref, Ref Stage 16, run, start, 9783590058076609
1787664524.220041, NoOp Chain Depth 128 Size 0 Mode ref, Ref Stage 16, run, end, 9783590058100369
1787664524.220053, NoOp Chain Depth 128 Size 0 Mode ref, Ref Stage 17, run, start, 9783590058112401
1787664524.220087, NoOp Chain Depth 128 Size 0 Mode ref, Ref Stage 17, run, end, 9783590058146129
1787664524.220102, NoOp Chain Depth 128 Size 0 Mode ref, Ref Stage 18, run, start, 9783590058161041
1787664524.220124, NoOp Chain Depth 128 Size 0 Mode ref, Ref Stage 18, run, end, 9783590058183217
1787664524.220139, NoOp Chain Depth 128 Size 0 Mode ref, Ref Stage 19, run, start, 9783590058198577
1787664524.220169, NoOp Chain Depth 128 Size 0 Mode ref, Ref Stage 19, run, end, 9783590058228209
1787664524.220181, NoOp Chain Depth 128 Size 0 Mode ref, Ref Stage 20, run, start, 9783590058239873
1787664524.220378, NoOp Chain Depth 128 Size 0 Mode ref, Ref Stage 20, run, end, 9783590058437937
1787664524.220391, NoOp Chain Depth 128 Size 0 Mode ref, Ref Stage 21, run, start, 9783590058450641
1787664524.220423, NoOp Chain Depth 128 Size 0 Mode ref, Ref Stage 21, run, end, 9783590058482801
1787664524.220439, NoOp Chain Depth 128 Size 0 Mode ref, Ref Stage 22, run, start, 9783590058498385
1787664524.220462, NoOp Chain Depth 128 Size 0 Mode ref, Ref Stage 22, run, end, 9783590058521137
1787664524.220474, NoOp Chain Depth 128 Size 0 Mode ref, Ref Stage 23, run, start, 9783590058532833
1787664524.220506, NoOp Chain Depth 128 Size 0 Mode ref, Ref Stage 23, run, end, 9783590058565041
1787664524.220518, NoOp Chain Depth 128 Size 0 Mode ref, Ref Stage 24, run, start, 9783590058576897
1787664524.220963, NoOp Chain Depth 128 Size 0 Mode ref, Ref Stage 24, run, end, 9783590059022161
1787664524.220979, NoOp Chain Depth 128 Size 0 Mode ref, Ref Stage 25, run, start, 9783590059038833
1787664524.221001, NoOp Chain Depth 128 Size 0 Mode ref, Ref Stage 25, run, end, 9783590059060417
1787664524.221016, NoOp Chain Depth 128 Size 0 Mode ref, Ref Stage 26, run, start, 9783590059075281
1787664524.221038, NoOp Chain Depth 128 Size 0 Mode ref, Ref Stage 26, run, end, 9783590059097009
1787664524.221052, NoOp Chain Depth 128 Size 0 Mode ref, Ref Stage 27, run, start, 9783590059111553
1787664524.221073, NoOp Chain Depth 128 Size 0 Mode ref, Ref Stage 27, run, end, 9783590059132641
1787664524.221088, NoOp Chain Depth 128 Size 0 Mode ref, Ref Stage 28, run, start, 9783590059147169
1787664524.221110, NoOp Chain Depth 128 Size 0 Mode ref, Ref Stage 28, run, end, 9783590059169489
1787664524.221122, NoOp Chain Depth 128 Size 0 Mode ref, Ref Stage 29, run, start, 9783590059181201
1787664524.221153, NoOp Chain Depth 128 Size 0 Mode ref, Ref Stage 29, run, end, 9783590059211809
1787664524.221168, NoOp Chain Depth 128 Size 0 Mode ref, Ref Stage 30, run, start, 9783590059227249
1787664524.221191, NoOp Chain Depth 128 Size 0 Mode ref, Ref Stage 30, run, end, 9783590059249889
1787664524.221203, NoOp Chain Depth 128 Size 0 Mode ref, Ref Stage 31, run, start, 9783590059262145
1787664524.221234, NoOp Chain Depth 128 Size 0 Mode ref, Ref Stage 31, run, end, 9783590059293297
1787664524.221249, NoOp Chain Depth 128 Size 0 Mode ref, Ref Stage 32, run, start, 9783590059307729
1787664524.221270, NoOp Chain Depth 128 Size 0 Mode ref, Ref Stage 32, run, end, 9783590059328721
1787664524.221284, NoOp Chain Depth 128 Size 0 Mode ref, Ref Stage 33, run, start, 9783590059343152
1787664524.221308, NoOp Chain Depth 128 Size 0 Mode ref, Ref Stage 33, run, end, 9783590059367296
1787664524.221320, NoOp Chain Depth 128 Size 0 Mode ref, Ref Stage 34, run, start, 9783590059378992
1787664524.221351, NoOp Chain Depth 128 Size 0 Mode ref, Ref Stage 34, run, end, 9783590059410272
1787664524.221366, NoOp Chain Depth 128 Size 0 Mode ref, Ref Stage 35, run, start, 9783590059424992
1787664524.221387, NoOp Chain Depth 128 Size 0 Mode ref, Ref Stage 35, run, end, 9783590059446000
1787664524.221402, NoOp Chain Depth 128 Size 0 Mode ref, Ref Stage 36, run, start, 9783590059460816
1787664524.221423, NoOp Chain Depth 128 Size 0 Mode ref, Ref Stage 36, run, end, 9783590059482288
1787664524.221438, NoOp Chain Depth 128 Size 0 Mode ref, Ref Stage 37, run, start, 9783590059497008
1787664524.221460, NoOp Chain Depth 128 Size 0 Mode ref, Ref Stage 37, run, end, 9783590059519360
1787664524.221475, NoOp Chain Depth 128 Size 0 Mode ref, Ref Stage 38, run, start, 9783590059534048
1787664524.221594, NoOp Chain Depth 128 Size 0 Mode ref, Ref Stage 38, run, end, 9783590059653760
1787664524.221612, NoOp Chain Depth 128 Size 0 Mode ref, Ref Stage 39, run, start, 9783590059671664
1787664524.221636, NoOp Chain Depth 128 Size 0 Mode ref, Ref Stage 39, run, end, 9783590059695184
1787664524.221653, NoOp Chain Depth 128 Size 0 Mode ref, Ref Stage 40, run, start, 9783590059711792
1787664524.221678, NoOp Chain Depth 128 Size 0 Mode ref, Ref Stage 40, run, end, 9783590059737424
1787664524.221690, NoOp Chain Depth 128 Size 0 Mode ref, Ref Stage 41, run, start, 9783590059749408
1787664524.221723, NoOp Chain Depth 128 Size 0 Mode ref, Ref Stage 41, run, end, 9783590059782624
1787664524.221738, NoOp Chain Depth 128 Size 0 Mode ref, Ref Stage 42, run, start, 9783590059797088
1787664524.221758, NoOp Chain Depth 128 Size 0 Mode ref, Ref Stage 42, run, end, 9783590059817680
1787664524.221774, NoOp Chain Depth 128 Size 0 Mode ref, Ref Stage 43, run, start, 9783590059833408
1787664524.221800, NoOp Chain Depth 128 Size 0 Mode ref, Ref Stage 43, run, end, 9783590059859184
1787664524.221814, NoOp Chain Depth 128 Size 0 Mode ref, Ref Stage 44, run, start, 9783590059873680
1787664524.221835, NoOp Chain Depth 128 Size 0 Mode ref, Ref Stage 44, run, end, 9783590059894576
1787664524.221850, NoOp Chain Depth 128 Size 0 Mode ref, Ref Stage 45, run, start, 9783590059909056
1787664524.222268, NoOp Chain Depth 128 Size 0 Mode ref, Ref Stage 45, run, end, 9783590060327840
1787664524.222404, NoOp Chain Depth 128 Size 0 Mode ref, Ref Stage 46, run, start, 9783590060463392
1787664524.222428, NoOp Chain Depth 128 Size 0 Mode ref, Ref Stage 46, run, end, 9783590060487392
1787664524.222443, NoOp Chain Depth 128 Size 0 Mode ref, Ref Stage 47, run, start, 9783590060502592
1787664524.222465, NoOp Chain Depth 128 Size 0 Mode ref, Ref Stage 47, run, end, 9783590060524080
1787664524.222480, NoOp Chain Depth 128 Size 0 Mode ref, Ref Stage 48, run, start, 9783590060538880
1787664524.222501, NoOp Chain Depth 128 Size 0 Mode ref, Ref Stage 48, run, end, 9783590060560048
1787664524.222515, NoOp Chain Depth 128 Size 0 Mode ref, Ref Stage 49, run, start, 9783590060574528
1787664524.222537, NoOp Chain Depth 128 Size 0 Mode ref, Ref Stage 49, run, end, 9783590060595584
1787664524.222551, NoOp Chain Depth 128 Size 0 Mode ref, Ref Stage 50, run, start, 9783590060610208
1787664524.222572, NoOp Chain Depth 128 Size 0 Mode ref, Ref Stage 50, run, end, 9783590060631040
1787664524.222586, NoOp Chain Depth 128 Size 0 Mode ref, Ref Stage 51, run, start, 9783590060645600
1787664524.222609, NoOp Chain Depth 128 Size 0 Mode ref, Ref Stage 51, run, end, 9783590060668208
1787664524.222624, NoOp Chain Depth 128 Size 0 Mode ref, Ref Stage 52, run, start, 9783590060682688
1787664524.222646, NoOp Chain Depth 128 Size 0 Mode ref, Ref Stage 52, run, end, 9783590060704816
1787664524.222660, NoOp Chain Depth 128 Size 0 Mode ref, Ref Stage 53, run, start, 9783590060719408
1787664524.222682, NoOp Chain Depth 128 Size 0 Mode ref, Ref Stage 53, run, end, 9783590060741472
1787664524.222698, NoOp Chain Depth 128 Size 0 Mode ref, Ref Stage 54, run, start, 9783590060757280
1787664524.222721, NoOp Chain Depth 128 Size 0 Mode ref, Ref Stage 54, run, end, 9783590060779872
1787664524.222732, NoOp Chain Depth 128 Size 0 Mode ref, Ref Stage 55, run, start, 9783590060791520
1787664524.222763, NoOp Chain Depth 128 Size 0 Mode ref, Ref Stage 55, run, end, 9783590060822320
1787664524.222777, NoOp Chain Depth 128 Size 0 Mode ref, Ref Stage 56, run, start, 9783590060836576
1787664524.222798, NoOp Chain Depth 128 Size 0 Mode ref, Ref Stage 56, run, end, 9783590060857328
1787664524.222812, NoOp Chain Depth 128 Size 0 Mode ref, Ref Stage 57, run, start, 9783590060871584
1787664524.222834, NoOp Chain Depth 128 Size 0 Mode ref, Ref Stage 57, run, end, 9783590060893231
1787664524.222848, NoOp Chain Depth 128 Size 0 Mode ref, Ref Stage 58, run, start, 9783590060907695
1787664524.222869, NoOp Chain Depth 128 Size 0 Mode ref, Ref Stage 58, run, end, 9783590060928127
1787664524.222883, NoOp Chain Depth 128 Size 0 Mode ref, Ref Stage 59, run, start, 9783590060942399
1787664524.222905, NoOp Chain Depth 128 Size 0 Mode ref, Ref Stage 59, run, end, 9783590060964575
1787664524.222920, NoOp Chain Depth 128 Size 0 Mode ref, Ref Stage 60, run, start, 9783590060979375
1787664524.222941, NoOp Chain Depth 128 Size 0 Mode ref, Ref Stage 60, run, end, 9783590061004655
1787664524.222963, NoOp Chain Depth 128 Size 0 Mode ref, Ref Stage 61, run, start, 9783590061022559
1787664524.222984, NoOp Chain Depth 128 Size 0 Mode ref, Ref Stage 61, run, end, 9783590061043407
1787664524.223000, NoOp Chain Depth 128 Size 0 Mode ref, Ref Stage 62, run, start, 9783590061059151
1787664524.223022, NoOp Chain Depth 128 Size 0 Mode ref, Ref Stage 62, run, end, 9783590061081711
1787664524.223034, NoOp Chain Depth 128 Size 0 Mode ref, Ref Stage 63, run, start, 9783590061093759
1787664524.223067, NoOp Chain Depth 128 Size 0 Mode ref, Ref Stage 63, run, end, 9783590061126127
1787664524.223078, NoOp Chain Depth 128 Size 0 Mode ref, Ref Stage 64, run, start, 9783590061137727
1787664524.223111, NoOp Chain Depth 128 Size 0 Mode ref, Ref Stage 64, run, end, 9783590061169935
1787664524.223125, NoOp Chain Depth 128 Size 0 Mode ref, Ref Stage 65, run, start, 9783590061184367
1787664524.223147, NoOp Chain Depth 128 Size 0 Mode ref, Ref Stage 65, run, end, 9783590061206335
1787664524.223161, NoOp Chain Depth 128 Size 0 Mode ref, Ref Stage 66, run, start, 9783590061220367
1787664524.223182, NoOp Chain Depth 128 Size 0 Mode ref, Ref Stage 66, run, end, 9783590061240911
1787664524.223196, NoOp Chain Depth 128 Size 0 Mode ref, Ref Stage 67, run, start, 9783590061255055
1787664524.223216, NoOp Chain Depth 128 Size 0 Mode ref, Ref Stage 67, run, end, 9783590061275519
1787664524.223230, NoOp Chain Depth 128 Size 0 Mode ref, Ref Stage 68, run, start, 9783590061289791
1787664524.223252, NoOp Chain Depth 128 Size 0 Mode ref, Ref Stage 68, run, end, 9783590061311535
1787664524.223266, NoOp Chain Depth 128 Size 0 Mode ref, Ref Stage 69, run, start, 9783590061325615
1787664524.223287, NoOp Chain Depth 128 Size 0 Mode ref, Ref Stage 69, run, end, 9783590061346031
1787664524.223303, NoOp Chain Depth 128 Size 0 Mode ref, Ref Stage 70, run, start, 9783590061362127
1787664524.223326, NoOp Chain Depth 128 Size 0 Mode ref, Ref Stage 70, run, end, 9783590061385535
1787664524.223338, NoOp Chain Depth 128 Size 0 Mode ref, Ref Stage 71, run, start, 9783590061396927
1787664524.223368, NoOp Chain Depth 128 Size 0 Mode ref, Ref Stage 71, run, end, 9783590061427327
1787664524.223382, NoOp Chain Depth 128 Size 0 Mode ref, Ref Stage 72, run, start, 9783590061441487
1787664524.223403, NoOp Chain Depth 128 Size 0 Mode ref, Ref Stage 72, run, end, 9783590061462175
1787664524.223417, NoOp Chain Depth 128 Size 0 Mode ref, Ref Stage 73, run, start, 9783590061476447
1787664524.223439, NoOp Chain Depth 128 Size 0 Mode ref, Ref Stage 73, run, end, 9783590061498127
1787664524.223453, NoOp Chain Depth 128 Size 0 Mode ref, Ref Stage 74, run, start, 9783590061512335
1787664524.223474, NoOp Chain Depth 128 Size 0 Mode ref, Ref Stage 74, run, end, 9783590061532703
1787664524.223489, NoOp Chain Depth 128 Size 0 Mode ref, Ref Stage 75, run, start, 9783590061548303
1787664524.223511, NoOp Chain Depth 128 Size 0 Mode ref, Ref Stage 75, run, end, 9783590061570207
1787664524.223525, NoOp Chain Depth 128 Size 0 Mode ref, Ref Stage 76, run, start, 9783590061584559
1787664524.223548, NoOp Chain Depth 128 Size 0 Mode ref, Ref Stage 76, run, end, 9783590061607007
1787664524.223562, NoOp Chain Depth 128 Size 0 Mode ref, Ref Stage 77, run, start, 9783590061621231
1787664524.223583, NoOp Chain Depth 128 Size 0 Mode ref, Ref Stage 77, run, end, 9783590061641903
1787664524.223597, NoOp Chain Depth 128 Size 0 Mode ref, Ref Stage 78, run, start, 9783590061656031
1787664524.223618, NoOp Chain Depth 128 Size 0 Mode ref, Ref Stage 78, run, end, 9783590061676735
1787664524.223632, NoOp Chain Depth 128 Size 0 Mode ref, Ref Stage 79, run, start, 9783590061690879
1787664524.223652, NoOp Chain Depth 128 Size 0 Mode ref, Ref Stage 79, run, end, 9783590061711135
1787664524.223666, NoOp Chain Depth 128 Size 0 Mode ref, Ref Stage 80, run, start, 9783590061725391
1787664524.223688, NoOp Chain Depth 128 Size 0 Mode ref, Ref Stage 80, run, end, 9783590061747295
1787664524.223702, NoOp Chain Depth 128 Size 0 Mode ref, Ref Stage 81, run, start, 9783590061761647
1787664524.223723, NoOp Chain Depth 128 Size 0 Mode ref, Ref Stage 81, run, end, 9783590061781903
1787664524.223738, NoOp Chain Depth 128 Size 0 Mode ref, Ref Stage 82, run, start, 9783590061797679
1787664524.223759, NoOp Chain Depth 128 Size 0 Mode ref, Ref Stage 82, run, end, 9783590061818079
1787664524.223773, NoOp Chain Depth 128 Size 0 Mode ref, Ref Stage 83, run, start, 9783590061832175
1787664524.223797, NoOp Chain Depth 128 Size 0 Mode ref, Ref Stage 83, run, end, 9783590061855951
1787664524.223808, NoOp Chain Depth 128 Size 0 Mode ref, Ref Stage 84, run, start, 9783590061867567
1787664524.223841, NoOp Chain Depth 128 Size 0 Mode ref, Ref Stage 84, run, end, 9783590061900143
1787664524.223855, NoOp Chain Depth 128 Size 0 Mode ref, Ref Stage 85, run, start, 9783590061914287
1787664524.223877, NoOp Chain Depth 128 Size 0 Mode ref, Ref Stage 85, run, end, 9783590061936591
1787664524.223893, NoOp Chain Depth 128 Size 0 Mode ref, Ref Stage 86, run, start, 9783590061952143
1787664524.223914, NoOp Chain Depth 128 Size 0 Mode ref, Ref Stage 86, run, end, 9783590061972863
1787664524.223928, NoOp Chain Depth 128 Size 0 Mode ref, Ref Stage 87, run, start, 9783590061987183
1787664524.223951, NoOp Chain Depth 128 Size 0 Mode ref, Ref Stage 87, run, end, 9783590062009855
1787664524.223965, NoOp Chain Depth 128 Size 0 Mode ref, Ref Stage 88, run, start, 9783590062024719
1787664524.223987, NoOp Chain Depth 128 Size 0 Mode ref, Ref Stage 88, run, end, 9783590062046399
1787664524.224003, NoOp Chain Depth 128 Size 0 Mode ref, Ref Stage 89, run, start, 9783590062062303
1787664524.224024, NoOp Chain Depth 128 Size 0 Mode ref, Ref Stage 89, run, end, 9783590062082863
1787664524.224038, NoOp Chain Depth 128 Size 0 Mode ref, Ref Stage 90, run, start, 9783590062097167
1787664524.224060, NoOp Chain Depth 128 Size 0 Mode ref, Ref Stage 90, run, end, 9783590062118703
1787664524.224073, NoOp Chain Depth 128 Size 0 Mode ref, Ref Stage 91, run, start, 9783590062132799
1787664524.224095, NoOp Chain Depth 128 Size 0 Mode ref, Ref Stage 91, run, end, 9783590062154479
1787664524.224110, NoOp Chain Depth 128 Size 0 Mode ref, Ref Stage 92, run, start, 9783590062168735
1787664524.224130, NoOp Chain Depth 128 Size 0 Mode ref, Ref Stage 92, run, end, 9783590062189023
1787664524.224144, NoOp Chain Depth 128 Size 0 Mode ref, Ref Stage 93, run, start, 9783590062203263
1787664524.224165, NoOp Chain Depth 128 Size 0 Mode ref, Ref Stage 93, run, end, 9783590062223775
1787664524.224179, NoOp Chain Depth 128 Size 0 Mode ref, Ref Stage 94, run, start, 9783590062238159
1787664524.224200, NoOp Chain Depth 128 Size 0 Mode ref, Ref Stage 94, run, end, 9783590062258655
1787664524.224216, NoOp Chain Depth 128 Size 0 Mode ref, Ref Stage 95, run, start, 9783590062275663
1787664524.224241, NoOp Chain Depth 128 Size 0 Mode ref, Ref Stage 95, run, end, 9783590062300207
1787664524.224255, NoOp Chain Depth 128 Size 0 Mode ref, Ref Stage 96, run, start, 9783590062314398
1787664524.224277, NoOp Chain Depth 128 Size 0 Mode ref, Ref Stage 96, run, end, 9783590062336270
1787664524.224292, NoOp Chain Depth 128 Size 0 Mode ref, Ref Stage 97, run, start, 9783590062351278
1787664524.224316, NoOp Chain Depth 128 Size 0 Mode ref, Ref Stage 97, run, end, 9783590062375310
1787664524.224327, NoOp Chain Depth 128 Size 0 Mode ref, Ref Stage 98, run, start, 9783590062386910
1787664524.224358, NoOp Chain Depth 128 Size 0 Mode ref, Ref Stage 98, run, end, 9783590062417486
1787664524.224372, NoOp Chain Depth 128 Size 0 Mode ref, Ref Stage 99, run, start, 9783590062431678
1787664524.224393, NoOp Chain Depth 128 Size 0 Mode ref, Ref Stage 99, run, end, 9783590062452382
1787664524.224409, NoOp Chain Depth 128 Size 0 Mode ref, Ref Stage 100, run, start, 9783590062468270
1787664524.224430, NoOp Chain Depth 128 Size 0 Mode ref, Ref Stage 100, run, end, 9783590062488958
1787664524.224444, NoOp Chain Depth 128 Size 0 Mode ref, Ref Stage 101, run, start, 9783590062503406
1787664524.224465, NoOp Chain Depth 128 Size 0 Mode ref, Ref Stage 101, run, end, 9783590062524014
1787664524.224481, NoOp Chain Depth 128 Size 0 Mode ref, Ref Stage 102, run, start, 9783590062540206
1787664524.224506, NoOp Chain Depth 128 Size 0 Mode ref, Ref Stage 102, run, end, 9783590062565278
1787664524.224844, NoOp Chain Depth 128 Size 0 Mode ref, Ref Stage 103, run, start, 9783590062903950
1787664524.224985, NoOp Chain Depth 128 Size 0 Mode ref, Ref Stage 103, run, end, 9783590063044926
1787664524.225001, NoOp Chain Depth 128 Size 0 Mode ref, Ref Stage 104, run, start, 9783590063060766
1787664524.225023, NoOp Chain Depth 128 Size 0 Mode ref, Ref Stage 104, run, end, 9783590063082542
1787664524.225038, NoOp Chain Depth 128 Size 0 Mode ref, Ref Stage 105, run, start, 9783590063097246
1787664524.225061, NoOp Chain Depth 128 Size 0 Mode ref, Ref Stage 105, run, end, 9783590063120606
1787664524.225073, NoOp Chain Depth 128 Size 0 Mode ref, Ref Stage 106, run, start, 9783590063132270
1787664524.225106, NoOp Chain Depth 128 Size 0 Mode ref, Ref Stage 106, run, end, 9783590063165470
1787664524.225118, NoOp Chain Depth 128 Size 0 Mode ref, Ref Stage 107, run, start, 9783590063177342
1787664524.225150, NoOp Chain Depth 128 Size 0 Mode ref, Ref Stage 107, run, end, 9783590063209326
1787664524.225165, NoOp Chain Depth 128 Size 0 Mode ref, Ref Stage 108, run, start, 9783590063224142
1787664524.225186, NoOp Chain Depth 128 Size 0 Mode ref, Ref Stage 108, run, end, 9783590063245278
1787664524.225201, NoOp Chain Depth 128 Size 0 Mode ref, Ref Stage 109, run, start, 9783590063259998
1787664524.225223, NoOp Chain Depth 128 Size 0 Mode ref, Ref Stage 109, run, end, 9783590063282446
1787664524.225238, NoOp Chain Depth 128 Size 0 Mode ref, Ref Stage 110, run, start, 9783590063296974
1787664524.225259, NoOp Chain Depth 128 Size 0 Mode ref, Ref Stage 110, run, end, 9783590063317806
1787664524.225273, NoOp Chain Depth 128 Size 0 Mode ref, Ref Stage 111, run, start, 9783590063332158
1787664524.225294, NoOp Chain Depth 128 Size 0 Mode ref, Ref Stage 111, run, end, 9783590063353230
1787664524.225308, NoOp Chain Depth 128 Size 0 Mode ref, Ref Stage 112, run, start, 9783590063367502
1787664524.225330, NoOp Chain Depth 128 Size 0 Mode ref, Ref Stage 112, run, end, 9783590063389758
1787664524.225345, NoOp Chain Depth 128 Size 0 Mode ref, Ref Stage 113, run, start, 9783590063404158
1787664524.225366, NoOp Chain Depth 128 Size 0 Mode ref, Ref Stage 113, run, end, 9783590063424926
1787664524.225380, NoOp Chain Depth 128 Size 0 Mode ref, Ref Stage 114, run, start, 9783590063439230
1787664524.225401, NoOp Chain Depth 128 Size 0 Mode ref, Ref Stage 114, run, end, 9783590063459838
1787664524.225415, NoOp Chain Depth 128 Size 0 Mode ref, Ref Stage 115, run, start, 9783590063474158
1787664524.225437, NoOp Chain Depth 128 Size 0 Mode ref, Ref Stage 115, run, end, 9783590063495870
1787664524.225451, NoOp Chain Depth 128 Size 0 Mode ref, Ref Stage 116, run, start, 9783590063510302
1787664524.225474, NoOp Chain Depth 128 Size 0 Mode ref, Ref Stage 116, run, end, 9783590063532878
1787664524.225488, NoOp Chain Depth 128 Size 0 Mode ref, Ref Stage 117, run, start, 9783590063547182
1787664524.225512, NoOp Chain Depth 128 Size 0 Mode ref, Ref Stage 117, run, end, 9783590063571262
1787664524.225927, NoOp Chain Depth 128 Size 0 Mode ref, Ref Stage 118, run, start, 9783590063986909
1787664524.225953, NoOp Chain Depth 128 Size 0 Mode ref, Ref Stage 118, run, end, 9783590064012445
1787664524.226073, NoOp Chain Depth 128 Size 0 Mode ref, Ref Stage 119, run, start, 9783590064132077
1787664524.226095, NoOp Chain Depth 128 Size 0 Mode ref, Ref Stage 119, run, end, 9783590064154077
1787664524.226110, NoOp Chain Depth 128 Size 0 Mode ref, Ref Stage 120, run, start, 9783590064168637
1787664524.226130, NoOp Chain Depth 128 Size 0 Mode ref, Ref Stage 120, run, end, 9783590064189565
1787664524.226145, NoOp Chain Depth 128 Size 0 Mode ref, Ref Stage 121, run, start, 9783590064204061
1787664524.226166, NoOp Chain Depth 128 Size 0 Mode ref, Ref Stage 121, run, end, 9783590064225037
1787664524.226180, NoOp Chain Depth 128 Size 0 Mode ref, Ref Stage 122, run, start, 9783590064239357
1787664524.226201, NoOp Chain Depth 128 Size 0 Mode ref, Ref Stage 122, run, end, 9783590064260157
1787664524.226218, NoOp Chain Depth 128 Size 0 Mode ref, Ref Stage 123, run, start, 9783590064276781
1787664524.226238, NoOp Chain Depth 128 Size 0 Mode ref, Ref Stage 123, run, end, 9783590064297597
1787664524.226253, NoOp Chain Depth 128 Size 0 Mode ref, Ref Stage 124, run, start, 9783590064311837
1787664524.226273, NoOp Chain Depth 128 Size 0 Mode ref, Ref Stage 124, run, end, 9783590064332541
1787664524.226288, NoOp Chain Depth 128 Size 0 Mode ref, Ref Stage 125, run, start, 9783590064347085
1787664524.226309, NoOp Chain Depth 128 Size 0 Mode ref, Ref Stage 125, run, end, 9783590064368061
1787664524.226323, NoOp Chain Depth 128 Size 0 Mode ref, Ref Stage 126, run, start, 9783590064382381
1787664524.226346, NoOp Chain Depth 128 Size 0 Mode ref, Ref Stage 126, run, end, 9783590064405101
1787664524.226361, NoOp Chain Depth 128 Size 0 Mode ref, Ref Stage 127, run, start, 9783590064419965
1787664524.226384, NoOp Chain Depth 128 Size 0 Mode ref, Ref Stage 127, run, end, 9783590064442973
1787664524.226398, NoOp Chain Depth 128 Size 0 Mode ref, pipeline - train, run, end, 335759748446195241749782634082863269925, 1787664524.219404, 69, 1, 9783590064457853
1787664524.226436, NoOp Chain Depth 128 Size 0 Mode ref, pipeline - train, run, start, 137844653056975150007219351378644675584, 1787664524.226425, 70, 1, 9783590064495805
1787664524.226459, NoOp Chain Depth 128 Size 0 Mode ref, Ref Stage 0, run, start, 9783590064518653
1787664524.226481, NoOp Chain Depth 128 Size 0 Mode ref, Ref Stage 0, run, end, 9783590064539837
1787664524.226495, NoOp Chain Depth 128 Size 0 Mode ref, Ref Stage 1, run, start, 9783590064554445
1787664524.226585, NoOp Chain Depth 128 Size 0 Mode ref, Ref Stage 1, run, end, 9783590064644333
1787664524.226602, NoOp Chain Depth 128 Size 0 Mode ref, Ref Stage 2, run, start, 9783590064661277
1787664524.226625, NoOp Chain Depth 128 Size 0 Mode ref, Ref Stage 2, run, end, 9783590064684093
1787664524.226639, NoOp Chain Depth 128 Size 0 Mode ref, Ref Stage 3, run, start, 9783590064698557
1787664524.226663, NoOp Chain Depth 128 Size 0 Mode ref, Ref Stage 3, run, end, 9783590064722237
1787664524.226677, NoOp Chain Depth 128 Size 0 Mode ref, Ref Stage 4, run, start, 9783590064736701
1787664524.226700, NoOp Chain Depth 128 Size 0 Mode ref, Ref Stage 4, run, end, 9783590064759229
1787664524.226712, NoOp Chain Depth 128 Size 0 Mode ref, Ref Stage 5, run, start, 9783590064771213
1787664524.226743, NoOp Chain Depth 128 Size 0 Mode ref, Ref Stage 5, run, end, 9783590064802461
1787664524.226758, NoOp Chain Depth 128 Size 0 Mode ref, Ref Stage 6, run, start, 9783590064816989
1787664524.226779, NoOp Chain Depth 128 Size 0 Mode ref, Ref Stage 6, run, end, 9783590064838221
1787664524.226794, NoOp Chain Depth 128 Size 0 Mode ref, Ref Stage 7, run, start, 9783590064852973
1787664524.226815, NoOp Chain Depth 128 Size 0 Mode ref, Ref Stage 7, run, end, 9783590064874477
1787664524.226830, NoOp Chain Depth 128 Size 0 Mode ref, Ref Stage 8, run, start, 9783590064888893
1787664524.226851, NoOp Chain Depth 128 Size 0 Mode ref, Ref Stage 8, run, end, 9783590064910349
1787664524.226867, NoOp Chain Depth 128 Size 0 Mode ref, Ref Stage 9, run, start, 9783590064926029
1787664524.226888, NoOp Chain Depth 128 Size 0 Mode ref, Ref Stage 9, run, end, 9783590064946781
1787664524.226902, NoOp Chain Depth 128 Size 0 Mode ref, Ref Stage 10, run, start, 9783590064961677
1787664524.226923, NoOp Chain Depth 128 Size 0 Mode ref, Ref Stage 10, run, end, 9783590064982717
1787664524.226938, NoOp Chain Depth 128 Size 0 Mode ref, Ref Stage 11, run, start, 9783590064996973
1787664524.226960, NoOp Chain Depth 128 Size 0 Mode ref, Ref Stage 11, run, end, 9783590065019517
1787664524.226975, NoOp Chain Depth 128 Size 0 Mode ref, Ref Stage 12, run, start, 9783590065034589
1787664524.226998, NoOp Chain Depth 128 Size 0 Mode ref, Ref Stage 12, run, end, 9783590065056861
1787664524.227012, NoOp Chain Depth 128 Size 0 Mode ref, Ref Stage 13, run, start, 9783590065071165
1787664524.227043, NoOp Chain Depth 128 Size 0 Mode ref, Ref Stage 13, run, end, 9783590065101693
1787664524.227058, NoOp Chain Depth 128 Size 0 Mode ref, Ref Stage 14, run, start, 9783590065117661
1787664524.227082, NoOp Chain Depth 128 Size 0 Mode ref, Ref Stage 14, run, end, 9783590065140701
1787664524.227096, NoOp Chain Depth 128 Size 0 Mode ref, Ref Stage 15, run, start, 9783590065154957
1787664524.227432, NoOp Chain Depth 128 Size 0 Mode ref, Ref Stage 15, run, end, 9783590065491404
1787664524.227557, NoOp Chain Depth 128 Size 0 Mode ref, Ref Stage 16, run, start, 9783590065617084
1787664524.227581, NoOp Chain Depth 128 Size 0 Mode ref, Ref Stage 16, run, end, 9783590065640508
1787664524.227596, NoOp Chain Depth 128 Size 0 Mode ref, Ref Stage 17, run, start, 9783590065655660
1787664524.227618, NoOp Chain Depth 128 Size 0 Mode ref, Ref Stage 17, run, end, 9783590065676860
1787664524.227632, NoOp Chain Depth 128 Size 0 Mode ref, Ref Stage 18, run, start, 9783590065691260
1787664524.227653, NoOp Chain Depth 128 Size 0 Mode ref, Ref Stage 18, run, end, 9783590065711996
1787664524.227668, NoOp Chain Depth 128 Size 0 Mode ref, Ref Stage 19, run, start, 9783590065726876
1787664524.227689, NoOp Chain Depth 128 Size 0 Mode ref, Ref Stage 19, run, end, 9783590065747676
1787664524.227703, NoOp Chain Depth 128 Size 0 Mode ref, Ref Stage 20, run, start, 9783590065762364
1787664524.227726, NoOp Chain Depth 128 Size 0 Mode ref, Ref Stage 20, run, end, 9783590065785260
1787664524.228137, NoOp Chain Depth 128 Size 0 Mode ref, Ref Stage 21, run, start, 9783590066196524
1787664524.228161, NoOp Chain Depth 128 Size 0 Mode ref, Ref Stage 21, run, end, 9783590066220156
1787664524.228276, NoOp Chain Depth 128 Size 0 Mode ref, Ref Stage 22, run, start, 9783590066335852
1787664524.228299, NoOp Chain Depth 128 Size 0 Mode ref, Ref Stage 22, run, end, 9783590066358060
1787664524.228314, NoOp Chain Depth 128 Size 0 Mode ref, Ref Stage 23, run, start, 9783590066372860
1787664524.228335, NoOp Chain Depth 128 Size 0 Mode ref, Ref Stage 23, run, end, 9783590066393852
1787664524.228349, NoOp Chain Depth 128 Size 0 Mode ref, Ref Stage 24, run, start, 9783590066408460
1787664524.228370, NoOp Chain Depth 128 Size 0 Mode ref, Ref Stage 24, run, end, 9783590066429196
1787664524.228384, NoOp Chain Depth 128 Size 0 Mode ref, Ref Stage 25, run, start, 9783590066443612
1787664524.228405, NoOp Chain Depth 128 Size 0 Mode ref, Ref Stage 25, run, end, 9783590066464396
1787664524.228420, NoOp Chain Depth 128 Size 0 Mode ref, Ref Stage 26, run, start, 9783590066478908
1787664524.228441, NoOp Chain Depth 128 Size 0 Mode ref, Ref Stage 26, run, end, 9783590066499900
1787664524.228455, NoOp Chain Depth 128 Size 0 Mode ref, Ref Stage 27, run, start, 9783590066514636
1787664524.228477, NoOp Chain Depth 128 Size 0 Mode ref, Ref Stage 27, run, end, 9783590066535708
1787664524.228491, NoOp Chain Depth 128 Size 0 Mode ref, Ref Stage 28, run, start, 9783590066550252
1787664524.228513, NoOp Chain Depth 128 Size 0 Mode ref, Ref Stage 28, run, end, 9783590066572588
1787664524.230350, NoOp Chain Depth 128 Size 0 Mode ref, Ref Stage 29, run, start, 9783590068409818
1787664524.230375, NoOp Chain Depth 128 Size 0 Mode ref, Ref Stage 29, run, end, 9783590068434602
1787664524.230391, NoOp Chain Depth 128 Size 0 Mode ref, Ref Stage 30, run, start, 9783590068450042
1787664524.230412, NoOp Chain Depth 128 Size 0 Mode ref, Ref Stage 30, run, end, 9783590068471178
1787664524.230427, NoOp Chain Depth 128 Size 0 Mode ref, Ref Stage 31, run, start, 9783590068486010
1787664524.230448, NoOp Chain Depth 128 Size 0 Mode ref, Ref Stage 31, run, end, 9783590068507082
1787664524.230462, NoOp Chain Depth 128 Size 0 Mode ref, Ref Stage 32, run, start, 9783590068521450
1787664524.230483, NoOp Chain Depth 128 Size 0 Mode ref, Ref Stage 32, run, end, 9783590068542218
1787664524.230497, NoOp Chain Depth 128 Size 0 Mode ref, Ref Stage 33, run, start, 9783590068556554
1787664524.230520, NoOp Chain Depth 128 Size 0 Mode ref, Ref Stage 33, run, end, 9783590068579226
1787664524.230532, NoOp Chain Depth 128 Size 0 Mode ref, Ref Stage 34, run, start, 9783590068590778
1787664524.230565, NoOp Chain Depth 128 Size 0 Mode ref, Ref Stage 34, run, end, 9783590068623914
1787664524.230580, NoOp Chain Depth 128 Size 0 Mode ref, Ref Stage 35, run, start, 9783590068639450
1787664524.230601, NoOp Chain Depth 128 Size 0 Mode ref, Ref Stage 35, run, end, 9783590068660426
1787664524.230616, NoOp Chain Depth 128 Size 0 Mode ref, Ref Stage 36, run, start, 9783590068674858
1787664524.230802, NoOp Chain Depth 128 Size 0 Mode ref, Ref Stage 36, run, end, 9783590068861594
1787664524.230925, NoOp Chain Depth 128 Size 0 Mode ref, Ref Stage 37, run, start, 9783590068984010
1787664524.230950, NoOp Chain Depth 128 Size 0 Mode ref, Ref Stage 37, run, end, 9783590069009354
1787664524.230966, NoOp Chain Depth 128 Size 0 Mode ref, Ref Stage 38, run, start, 9783590069025290
1787664524.230987, NoOp Chain Depth 128 Size 0 Mode ref, Ref Stage 38, run, end, 9783590069046362
1787664524.231002, NoOp Chain Depth 128 Size 0 Mode ref, Ref Stage 39, run, start, 9783590069060922
1787664524.231025, NoOp Chain Depth 128 Size 0 Mode ref, Ref Stage 39, run, end, 9783590069083946
1787664524.231036, NoOp Chain Depth 128 Size 0 Mode ref, Ref Stage 40, run, start, 9783590069095738
1787664524.231597, NoOp Chain Depth 128 Size 0 Mode ref, Ref Stage 40, run, end, 9783590069657274
1787664524.231715, NoOp Chain Depth 128 Size 0 Mode ref, Ref Stage 41, run, start, 9783590069774874
1787664524.231738, NoOp Chain Depth 128 Size 0 Mode ref, Ref Stage 41, run, end, 9783590069796922
1787664524.231752, NoOp Chain Depth 128 Size 0 Mode ref, Ref Stage 42, run, start, 9783590069811658
1787664524.231774, NoOp Chain Depth 128 Size 0 Mode ref, Ref Stage 42, run, end, 9783590069833402
1787664524.231789, NoOp Chain Depth 128 Size 0 Mode ref, Ref Stage 43, run, start, 9783590069848266
1787664524.231810, NoOp Chain Depth 128 Size 0 Mode ref, Ref Stage 43, run, end, 9783590069869658
1787664524.231825, NoOp Chain Depth 128 Size 0 Mode ref, Ref Stage 44, run, start, 9783590069884426
1787664524.231848, NoOp Chain Depth 128 Size 0 Mode ref, Ref Stage 44, run, end, 9783590069907706
1787664524.231860, NoOp Chain Depth 128 Size 0 Mode ref, Ref Stage 45, run, start, 9783590069919722
1787664524.231892, NoOp Chain Depth 128 Size 0 Mode ref, Ref Stage 45, run, end, 9783590069951305
1787664524.231907, NoOp Chain Depth 128 Size 0 Mode ref, Ref Stage 46, run, start, 9783590069966073
1787664524.231929, NoOp Chain Depth 128 Size 0 Mode ref, Ref Stage 46, run, end, 9783590069987737
1787664524.231943, NoOp Chain Depth 128 Size 0 Mode ref, Ref Stage 47, run, start, 9783590070004857
1787664524.231968, NoOp Chain Depth 128 Size 0 Mode ref, Ref Stage 47, run, end, 9783590070027449
1787664524.231983, NoOp Chain Depth 128 Size 0 Mode ref, Ref Stage 48, run, start, 9783590070042297
1787664524.232004, NoOp Chain Depth 128 Size 0 Mode ref, Ref Stage 48, run, end, 9783590070063705
1787664524.232019, NoOp Chain Depth 128 Size 0 Mode ref, Ref Stage 49, run, start, 9783590070078809
1787664524.232041, NoOp Chain Depth 128 Size 0 Mode ref, Ref Stage 49, run, end, 9783590070100073
1787664524.232055, NoOp Chain Depth 128 Size 0 Mode ref, Ref Stage 50, run, start, 9783590070114569
1787664524.232076, NoOp Chain Depth 128 Size 0 Mode ref, Ref Stage 50, run, end, 9783590070135273
1787664524.232090, NoOp Chain Depth 128 Size 0 Mode ref, Ref Stage 51, run, start, 9783590070149785
1787664524.232111, NoOp Chain Depth 128 Size 0 Mode ref, Ref Stage 51, run, end, 9783590070170553
1787664524.232126, NoOp Chain Depth 128 Size 0 Mode ref, Ref Stage 52, run, start, 9783590070185561
1787664524.232147, NoOp Chain Depth 128 Size 0 Mode ref, Ref Stage 52, run, end, 9783590070206537
1787664524.232162, NoOp Chain Depth 128 Size 0 Mode ref, Ref Stage 53, run, start, 9783590070221785
1787664524.232183, NoOp Chain Depth 128 Size 0 Mode ref, Ref Stage 53, run, end, 9783590070242841
1787664524.232198, NoOp Chain Depth 128 Size 0 Mode ref, Ref Stage 54, run, start, 9783590070257433
1787664524.232221, NoOp Chain Depth 128 Size 0 Mode ref, Ref Stage 54, run, end, 9783590070279817
1787664524.232232, NoOp Chain Depth 128 Size 0 Mode ref, Ref Stage 55, run, start, 9783590070291257
1787664524.232265, NoOp Chain Depth 128 Size 0 Mode ref, Ref Stage 55, run, end, 9783590070324569
1787664524.232280, NoOp Chain Depth 128 Size 0 Mode ref, Ref Stage 56, run, start, 9783590070338905
1787664524.232300, NoOp Chain Depth 128 Size 0 Mode ref, Ref Stage 56, run, end, 9783590070359497
1787664524.232315, NoOp Chain Depth 128 Size 0 Mode ref, Ref Stage 57, run, start, 9783590070373993
1787664524.232336, NoOp Chain Depth 128 Size 0 Mode ref, Ref Stage 57, run, end, 9783590070394905
1787664524.232350, NoOp Chain Depth 128 Size 0 Mode ref, Ref Stage 58, run, start, 9783590070409337
1787664524.232372, NoOp Chain Depth 128 Size 0 Mode ref, Ref Stage 58, run, end, 9783590070430697
1787664524.232386, NoOp Chain Depth 128 Size 0 Mode ref, Ref Stage 59, run, start, 9783590070445465
1787664524.232410, NoOp Chain Depth 128 Size 0 Mode ref, Ref Stage 59, run, end, 9783590070469305
1787664524.232425, NoOp Chain Depth 128 Size 0 Mode ref, Ref Stage 60, run, start, 9783590070484137
1787664524.232446, NoOp Chain Depth 128 Size 0 Mode ref, Ref Stage 60, run, end, 9783590070505081
1787664524.232460, NoOp Chain Depth 128 Size 0 Mode ref, Ref Stage 61, run, start, 9783590070519689
1787664524.232483, NoOp Chain Depth 128 Size 0 Mode ref, Ref Stage 61, run, end, 9783590070542473
1787664524.232498, NoOp Chain Depth 128 Size 0 Mode ref, Ref Stage 62, run, start, 9783590070557609
1787664524.232521, NoOp Chain Depth 128 Size 0 Mode ref, Ref Stage 62, run, end, 9783590070580041
1787664524.232842, NoOp Chain Depth 128 Size 0 Mode ref, Ref Stage 63, run, start, 9783590070901977
1787664524.232980, NoOp Chain Depth 128 Size 0 Mode ref, Ref Stage 63, run, end, 9783590071039529
1787664524.232996, NoOp Chain Depth 128 Size 0 Mode ref, Ref Stage 64, run, start, 9783590071055081
1787664524.233019, NoOp Chain Depth 128 Size 0 Mode ref, Ref Stage 64, run, end, 9783590071078537
1787664524.233031, NoOp Chain Depth 128 Size 0 Mode ref, Ref Stage 65, run, start, 9783590071090313
1787664524.233063, NoOp Chain Depth 128 Size 0 Mode ref, Ref Stage 65, run, end, 9783590071122041
1787664524.233078, NoOp Chain Depth 128 Size 0 Mode ref, Ref Stage 66, run, start, 9783590071136793
1787664524.233099, NoOp Chain Depth 128 Size 0 Mode ref, Ref Stage 66, run, end, 9783590071157993
1787664524.233113, NoOp Chain Depth 128 Size 0 Mode ref, Ref Stage 67, run, start, 9783590071172553
1787664524.233134, NoOp Chain Depth 128 Size 0 Mode ref, Ref Stage 67, run, end, 9783590071193417
1787664524.233149, NoOp Chain Depth 128 Size 0 Mode ref, Ref Stage 68, run, start, 9783590071208105
1787664524.233170, NoOp Chain Depth 128 Size 0 Mode ref, Ref Stage 68, run, end, 9783590071229177
1787664524.233184, NoOp Chain Depth 128 Size 0 Mode ref, Ref Stage 69, run, start, 9783590071243625
1787664524.233205, NoOp Chain Depth 128 Size 0 Mode ref, Ref Stage 69, run, end, 9783590071264345
1787664524.233220, NoOp Chain Depth 128 Size 0 Mode ref, Ref Stage 70, run, start, 9783590071279513
1787664524.233243, NoOp Chain Depth 128 Size 0 Mode ref, Ref Stage 70, run, end, 9783590071302201
1787664524.233259, NoOp Chain Depth 128 Size 0 Mode ref, Ref Stage 71, run, start, 9783590071318201
1787664524.233281, NoOp Chain Depth 128 Size 0 Mode ref, Ref Stage 71, run, end, 9783590071340105
1787664524.233295, NoOp Chain Depth 128 Size 0 Mode ref, Ref Stage 72, run, start, 9783590071354473
1787664524.233318, NoOp Chain Depth 128 Size 0 Mode ref, Ref Stage 72, run, end, 9783590071376713
1787664524.233332, NoOp Chain Depth 128 Size 0 Mode ref, Ref Stage 73, run, start, 9783590071391081
1787664524.233352, NoOp Chain Depth 128 Size 0 Mode ref, Ref Stage 73, run, end, 9783590071411545
1787664524.233367, NoOp Chain Depth 128 Size 0 Mode ref, Ref Stage 74, run, start, 9783590071425993
1787664524.233387, NoOp Chain Depth 128 Size 0 Mode ref, Ref Stage 74, run, end, 9783590071446504
1787664524.233402, NoOp Chain Depth 128 Size 0 Mode ref, Ref Stage 75, run, start, 9783590071461000
1787664524.233425, NoOp Chain Depth 128 Size 0 Mode ref, Ref Stage 75, run, end, 9783590071484232
1787664524.233437, NoOp Chain Depth 128 Size 0 Mode ref, Ref Stage 76, run, start, 9783590071496024
1787664524.233471, NoOp Chain Depth 128 Size 0 Mode ref, Ref Stage 76, run, end, 9783590071530392
1787664524.233485, NoOp Chain Depth 128 Size 0 Mode ref, Ref Stage 77, run, start, 9783590071544824
1787664524.233506, NoOp Chain Depth 128 Size 0 Mode ref, Ref Stage 77, run, end, 9783590071565480
1787664524.233521, NoOp Chain Depth 128 Size 0 Mode ref, Ref Stage 78, run, start, 9783590071579960
1787664524.233541, NoOp Chain Depth 128 Size 0 Mode ref, Ref Stage 78, run, end, 9783590071600328
1787664524.233556, NoOp Chain Depth 128 Size 0 Mode ref, Ref Stage 79, run, start, 9783590071614568
1787664524.233576, NoOp Chain Depth 128 Size 0 Mode ref, Ref Stage 79, run, end, 9783590071635288
1787664524.233590, NoOp Chain Depth 128 Size 0 Mode ref, Ref Stage 80, run, start, 9783590071649864
1787664524.233613, NoOp Chain Depth 128 Size 0 Mode ref, Ref Stage 80, run, end, 9783590071671720
1787664524.233627, NoOp Chain Depth 128 Size 0 Mode ref, Ref Stage 81, run, start, 9783590071685976
1787664524.233649, NoOp Chain Depth 128 Size 0 Mode ref, Ref Stage 81, run, end, 9783590071707720
1787664524.233663, NoOp Chain Depth 128 Size 0 Mode ref, Ref Stage 82, run, start, 9783590071722136
1787664524.233685, NoOp Chain Depth 128 Size 0 Mode ref, Ref Stage 82, run, end, 9783590071744456
1787664524.233702, NoOp Chain Depth 128 Size 0 Mode ref, Ref Stage 83, run, start, 9783590071761176
1787664524.233724, NoOp Chain Depth 128 Size 0 Mode ref, Ref Stage 83, run, end, 9783590071783272
1787664524.233735, NoOp Chain Depth 128 Size 0 Mode ref, Ref Stage 84, run, start, 9783590071794648
1787664524.233766, NoOp Chain Depth 128 Size 0 Mode ref, Ref Stage 84, run, end, 9783590071825304
1787664524.233780, NoOp Chain Depth 128 Size 0 Mode ref, Ref Stage 85, run, start, 9783590071840984
1787664524.233803, NoOp Chain Depth 128 Size 0 Mode ref, Ref Stage 85, run, end, 9783590071861848
1787664524.233818, NoOp Chain Depth 128 Size 0 Mode ref, Ref Stage 86, run, start, 9783590071877304
1787664524.233839, NoOp Chain Depth 128 Size 0 Mode ref, Ref Stage 86, run, end, 9783590071897976
1787664524.233855, NoOp Chain Depth 128 Size 0 Mode ref, Ref Stage 87, run, start, 9783590071913912
1787664524.233875, NoOp Chain Depth 128 Size 0 Mode ref, Ref Stage 87, run, end, 9783590071934520
1787664524.233890, NoOp Chain Depth 128 Size 0 Mode ref, Ref Stage 88, run, start, 9783590071948968
1787664524.233910, NoOp Chain Depth 128 Size 0 Mode ref, Ref Stage 88, run, end, 9783590071969272
1787664524.233924, NoOp Chain Depth 128 Size 0 Mode ref, Ref Stage 89, run, start, 9783590071983400
1787664524.233948, NoOp Chain Depth 128 Size 0 Mode ref, Ref Stage 89, run, end, 9783590072007560
1787664524.233963, NoOp Chain Depth 128 Size 0 Mode ref, Ref Stage 90, run, start, 9783590072022664
1787664524.233984, NoOp Chain Depth 128 Size 0 Mode ref, Ref Stage 90, run, end, 9783590072043224
1787664524.233998, NoOp Chain Depth 128 Size 0 Mode ref, Ref Stage 91, run, start, 9783590072057512
1787664524.234020, NoOp Chain Depth 128 Size 0 Mode ref, Ref Stage 91, run, end, 9783590072079448
1787664524.234035, NoOp Chain Depth 128 Size 0 Mode ref, Ref Stage 92, run, start, 9783590072094120
1787664524.234056, NoOp Chain Depth 128 Size 0 Mode ref, Ref Stage 92, run, end, 9783590072114760
1787664524.234070, NoOp Chain Depth 128 Size 0 Mode ref, Ref Stage 93, run, start, 9783590072129128
1787664524.234091, NoOp Chain Depth 128 Size 0 Mode ref, Ref Stage 93, run, end, 9783590072149832
1787664524.234106, NoOp Chain Depth 128 Size 0 Mode ref, Ref Stage 94, run, start, 9783590072165240
1787664524.234127, NoOp Chain Depth 128 Size 0 Mode ref, Ref Stage 94, run, end, 9783590072185928
1787664524.234142, NoOp Chain Depth 128 Size 0 Mode ref, Ref Stage 95, run, start, 9783590072201048
1787664524.234162, NoOp Chain Depth 128 Size 0 Mode ref, Ref Stage 95, run, end, 9783590072221768
1787664524.234177, NoOp Chain Depth 128 Size 0 Mode ref, Ref Stage 96, run, start, 9783590072236168
1787664524.234200, NoOp Chain Depth 128 Size 0 Mode ref, Ref Stage 96, run, end, 9783590072259304
1787664524.234214, NoOp Chain Depth 128 Size 0 Mode ref, Ref Stage 97, run, start, 9783590072273544
1787664524.234236, NoOp Chain Depth 128 Size 0 Mode ref, Ref Stage 97, run, end, 9783590072295640
1787664524.234248, NoOp Chain Depth 128 Size 0 Mode ref, Ref Stage 98, run, start, 9783590072307144
1787664524.234279, NoOp Chain Depth 128 Size 0 Mode ref, Ref Stage 98, run, end, 9783590072337992
1787664524.234294, NoOp Chain Depth 128 Size 0 Mode ref, Ref Stage 99, run, start, 9783590072353800
1787664524.234317, NoOp Chain Depth 128 Size 0 Mode ref, Ref Stage 99, run, end, 9783590072375624
1787664524.234331, NoOp Chain Depth 128 Size 0 Mode ref, Ref Stage 100, run, start, 9783590072390696
1787664524.234352, NoOp Chain Depth 128 Size 0 Mode ref, Ref Stage 100, run, end, 9783590072411240
1787664524.234368, NoOp Chain Depth 128 Size 0 Mode ref, Ref Stage 101, run, start, 9783590072427064
1787664524.236955, NoOp Chain Depth 128 Size 0 Mode ref, Ref Stage 101, run, end, 9783590075015814
1787664524.237672, NoOp Chain Depth 128 Size 0 Mode ref, Ref Stage 102, run, start, 9783590075732374
1787664524.237698, NoOp Chain Depth 128 Size 0 Mode ref, Ref Stage 102, run, end, 9783590075757398
1787664524.237713, NoOp Chain Depth 128 Size 0 Mode ref, Ref Stage 103, run, start, 9783590075772950
1787664524.237736, NoOp Chain Depth 128 Size 0 Mode ref, Ref Stage 103, run, end, 9783590075794662
1787664524.237750, NoOp Chain Depth 128 Size 0 Mode ref, Ref Stage 104, run, start, 9783590075809350
1787664524.237772, NoOp Chain Depth 128 Size 0 Mode ref, Ref Stage 104, run, end, 9783590075830774
1787664524.237786, NoOp Chain Depth 128 Size 0 Mode ref, Ref Stage 105, run, start, 9783590075845462
1787664524.237807, NoOp Chain Depth 128 Size 0 Mode ref, Ref Stage 105, run, end, 9783590075866326
1787664524.237821, NoOp Chain Depth 128 Size 0 Mode ref, Ref Stage 106, run, start, 9783590075880918
1787664524.237844, NoOp Chain Depth 128 Size 0 Mode ref, Ref Stage 106, run, end, 9783590075903686
1787664524.237856, NoOp Chain Depth 128 Size 0 Mode ref, Ref Stage 107, run, start, 9783590075915638
1787664524.237887, NoOp Chain Depth 128 Size 0 Mode ref, Ref Stage 107, run, end, 9783590075946470
1787664524.237901, NoOp Chain Depth 128 Size 0 Mode ref, Ref Stage 108, run, start, 9783590075960854
1787664524.237922, NoOp Chain Depth 128 Size 0 Mode ref, Ref Stage 108, run, end, 9783590075981606
1787664524.237937, NoOp Chain Depth 128 Size 0 Mode ref, Ref Stage 109, run, start, 9783590075996198
1787664524.237960, NoOp Chain Depth 128 Size 0 Mode ref, Ref Stage 109, run, end, 9783590076019110
1787664524.237975, NoOp Chain Depth 128 Size 0 Mode ref, Ref Stage 110, run, start, 9783590076034502
1787664524.237996, NoOp Chain Depth 128 Size 0 Mode ref, Ref Stage 110, run, end, 9783590076055237
1787664524.238010, NoOp Chain Depth 128 Size 0 Mode ref, Ref Stage 111, run, start, 9783590076069445
1787664524.238031, NoOp Chain Depth 128 Size 0 Mode ref, Ref Stage 111, run, end, 9783590076090005
1787664524.238045, NoOp Chain Depth 128 Size 0 Mode ref, Ref Stage 112, run, start, 9783590076104357
1787664524.238065, NoOp Chain Depth 128 Size 0 Mode ref, Ref Stage 112, run, end, 9783590076124661
1787664524.238080, NoOp Chain Depth 128 Size 0 Mode ref, Ref Stage 113, run, start, 9783590076138917
1787664524.238100, NoOp Chain Depth 128 Size 0 Mode ref, Ref Stage 113, run, end, 9783590076159413
1787664524.238115, NoOp Chain Depth 128 Size 0 Mode ref, Ref Stage 114, run, start, 9783590076173829
1787664524.238135, NoOp Chain Depth 128 Size 0 Mode ref, Ref Stage 114, run, end, 9783590076194373
1787664524.238149, NoOp Chain Depth 128 Size 0 Mode ref, Ref Stage 115, run, start, 9783590076208485
1787664524.238170, NoOp Chain Depth 128 Size 0 Mode ref, Ref Stage 115, run, end, 9783590076229141
1787664524.238184, NoOp Chain Depth 128 Size 0 Mode ref, Ref Stage 116, run, start, 9783590076243413
1787664524.238205, NoOp Chain Depth 128 Size 0 Mode ref, Ref Stage 116, run, end, 9783590076264149
1787664524.238221, NoOp Chain Depth 128 Size 0 Mode ref, Ref Stage 117, run, start, 9783590076280389
1787664524.238241, NoOp Chain Depth 128 Size 0 Mode ref, Ref Stage 117, run, end, 9783590076300757
1787664524.238256, NoOp Chain Depth 128 Size 0 Mode ref, Ref Stage 118, run, start, 9783590076315621
1787664524.238278, NoOp Chain Depth 128 Size 0 Mode ref, Ref Stage 118, run, end, 9783590076337781
1787664524.238290, NoOp Chain Depth 128 Size 0 Mode ref, Ref Stage 119, run, start, 9783590076349445
1787664524.238321, NoOp Chain Depth 128 Size 0 Mode ref, Ref Stage 119, run, end, 9783590076379909
1787664524.238335, NoOp Chain Depth 128 Size 0 Mode ref, Ref Stage 120, run, start, 9783590076394293
1787664524.238356, NoOp Chain Depth 128 Size 0 Mode ref, Ref Stage 120, run, end, 9783590076415221
1787664524.238370, NoOp Chain Depth 128 Size 0 Mode ref, Ref Stage 121, run, start, 9783590076429653
1787664524.238391, NoOp Chain Depth 128 Size 0 Mode ref, Ref Stage 121, run, end, 9783590076450005
1787664524.238405, NoOp Chain Depth 128 Size 0 Mode ref, Ref Stage 122, run, start, 9783590076464245
1787664524.238425, NoOp Chain Depth 128 Size 0 Mode ref, Ref Stage 122, run, end, 9783590076484853
1787664524.238440, NoOp Chain Depth 128 Size 0 Mode ref, Ref Stage 123, run, start, 9783590076499045
1787664524.238461, NoOp Chain Depth 128 Size 0 Mode ref, Ref Stage 123, run, end, 9783590076519829
1787664524.238475, NoOp Chain Depth 128 Size 0 Mode ref, Ref Stage 124, run, start, 9783590076534149
1787664524.238496, NoOp Chain Depth 128 Size 0 Mode ref, Ref Stage 124, run, end, 9783590076555269
1787664524.238510, NoOp Chain Depth 128 Size 0 Mode ref, Ref Stage 125, run, start, 9783590076569685
1787664524.238531, NoOp Chain Depth 128 Size 0 Mode ref, Ref Stage 125, run, end, 9783590076590549
1787664524.238545, NoOp Chain Depth 128 Size 0 Mode ref, Ref Stage 126, run, start, 9783590076604821
1787664524.238566, NoOp Chain Depth 128 Size 0 Mode ref, Ref Stage 126, run, end, 9783590076625493
1787664524.238581, NoOp Chain Depth 128 Size 0 Mode ref, Ref Stage 127, run, start, 9783590076640309
1787664524.238601, NoOp Chain Depth 128 Size 0 Mode ref, Ref Stage 127, run, end, 9783590076660597
1787664524.238616, NoOp Chain Depth 128 Size 0 Mode ref, pipeline - train, run, end, 137844653056975150007219351378644675584, 1787664524.226425, 70, 1, 9783590076675669
1787664524.238653, NoOp Chain Depth 128 Size 0 Mode ref, pipeline - train, run, start, 192819137792686749192993035741619080382, 1787664524.238642, 71, 1, 9783590076712549
1787664524.238675, NoOp Chain Depth 128 Size 0 Mode ref, Ref Stage 0, run, start, 9783590076734965
1787664524.238697, NoOp Chain Depth 128 Size 0 Mode ref, Ref Stage 0, run, end, 9783590076755989
1787664524.238711, NoOp Chain Depth 128 Size 0 Mode ref, Ref Stage 1, run, start, 9783590076770341
1787664524.238732, NoOp Chain Depth 128 Size 0 Mode ref, Ref Stage 1, run, end, 9783590076791061
1787664524.238746, NoOp Chain Depth 128 Size 0 Mode ref, Ref Stage 2, run, start, 9783590076805477
1787664524.238767, NoOp Chain Depth 128 Size 0 Mode ref, Ref Stage 2, run, end, 9783590076826165
1787664524.238781, NoOp Chain Depth 128 Size 0 Mode ref, Ref Stage 3, run, start, 9783590076840725
1787664524.238802, NoOp Chain Depth 128 Size 0 Mode ref, Ref Stage 3, run, end, 9783590076861669
1787664524.238817, NoOp Chain Depth 128 Size 0 Mode ref, Ref Stage 4, run, start, 9783590076876437
1787664524.238838, NoOp Chain Depth 128 Size 0 Mode ref, Ref Stage 4, run, end, 9783590076897589
1787664524.238853, NoOp Chain Depth 128 Size 0 Mode ref, Ref Stage 5, run, start, 9783590076911781
1787664524.238875, NoOp Chain Depth 128 Size 0 Mode ref, Ref Stage 5, run, end, 9783590076934005
1787664524.238886, NoOp Chain Depth 128 Size 0 Mode ref, Ref Stage 6, run, start, 9783590076945701
1787664524.238919, NoOp Chain Depth 128 Size 0 Mode ref, Ref Stage 6, run, end, 9783590076978037
1787664524.238934, NoOp Chain Depth 128 Size 0 Mode ref, Ref Stage 7, run, start, 9783590076992741
1787664524.238956, NoOp Chain Depth 128 Size 0 Mode ref, Ref Stage 7, run, end, 9783590077014949
1787664524.238972, NoOp Chain Depth 128 Size 0 Mode ref, Ref Stage 8, run, start, 9783590077031413
1787664524.238994, NoOp Chain Depth 128 Size 0 Mode ref, Ref Stage 8, run, end, 9783590077053653
1787664524.239009, NoOp Chain Depth 128 Size 0 Mode ref, Ref Stage 9, run, start, 9783590077068533
1787664524.239030, NoOp Chain Depth 128 Size 0 Mode ref, Ref Stage 9, run, end, 9783590077089397
1787664524.239045, NoOp Chain Depth 128 Size 0 Mode ref, Ref Stage 10, run, start, 9783590077103813
1787664524.239066, NoOp Chain Depth 128 Size 0 Mode ref, Ref Stage 10, run, end, 9783590077124677
1787664524.239081, NoOp Chain Depth 128 Size 0 Mode ref, Ref Stage 11, run, start, 9783590077140133
1787664524.239102, NoOp Chain Depth 128 Size 0 Mode ref, Ref Stage 11, run, end, 9783590077160805
1787664524.239116, NoOp Chain Depth 128 Size 0 Mode ref, Ref Stage 12, run, start, 9783590077175861
1787664524.239141, NoOp Chain Depth 128 Size 0 Mode ref, Ref Stage 12, run, end, 9783590077200565
1787664524.239153, NoOp Chain Depth 128 Size 0 Mode ref, Ref Stage 13, run, start, 9783590077212101
1787664524.239392, NoOp Chain Depth 128 Size 0 Mode ref, Ref Stage 13, run, end, 9783590077451701
1787664524.239409, NoOp Chain Depth 128 Size 0 Mode ref, Ref Stage 14, run, start, 9783590077468165
1787664524.239433, NoOp Chain Depth 128 Size 0 Mode ref, Ref Stage 14, run, end, 9783590077492037
1787664524.239831, NoOp Chain Depth 128 Size 0 Mode ref, Ref Stage 15, run, start, 9783590077890660
1787664524.239959, NoOp Chain Depth 128 Size 0 Mode ref, Ref Stage 15, run, end, 9783590078018644
1787664524.239976, NoOp Chain Depth 128 Size 0 Mode ref, Ref Stage 16, run, start, 9783590078035428
1787664524.239998, NoOp Chain Depth 128 Size 0 Mode ref, Ref Stage 16, run, end, 9783590078057044
1787664524.240013, NoOp Chain Depth 128 Size 0 Mode ref, Ref Stage 17, run, start, 9783590078071780
1787664524.240034, NoOp Chain Depth 128 Size 0 Mode ref, Ref Stage 17, run, end, 9783590078092676
1787664524.240048, NoOp Chain Depth 128 Size 0 Mode ref, Ref Stage 18, run, start, 9783590078106964
1787664524.240069, NoOp Chain Depth 128 Size 0 Mode ref, Ref Stage 18, run, end, 9783590078128100
1787664524.240083, NoOp Chain Depth 128 Size 0 Mode ref, Ref Stage 19, run, start, 9783590078142548
1787664524.240106, NoOp Chain Depth 128 Size 0 Mode ref, Ref Stage 19, run, end, 9783590078165364
1787664524.240118, NoOp Chain Depth 128 Size 0 Mode ref, Ref Stage 20, run, start, 9783590078177284
1787664524.240149, NoOp Chain Depth 128 Size 0 Mode ref, Ref Stage 20, run, end, 9783590078208612
1787664524.240164, NoOp Chain Depth 128 Size 0 Mode ref, Ref Stage 21, run, start, 9783590078222916
1787664524.240185, NoOp Chain Depth 128 Size 0 Mode ref, Ref Stage 21, run, end, 9783590078243668
1787664524.240199, NoOp Chain Depth 128 Size 0 Mode ref, Ref Stage 22, run, start, 9783590078258884
1787664524.240222, NoOp Chain Depth 128 Size 0 Mode ref, Ref Stage 22, run, end, 9783590078281428
1787664524.240234, NoOp Chain Depth 128 Size 0 Mode ref, Ref Stage 23, run, start, 9783590078293124
1787664524.240265, NoOp Chain Depth 128 Size 0 Mode ref, Ref Stage 23, run, end, 9783590078323924
1787664524.240279, NoOp Chain Depth 128 Size 0 Mode ref, Ref Stage 24, run, start, 9783590078338276
1787664524.240300, NoOp Chain Depth 128 Size 0 Mode ref, Ref Stage 24, run, end, 9783590078359188
1787664524.240314, NoOp Chain Depth 128 Size 0 Mode ref, Ref Stage 25, run, start, 9783590078373540
1787664524.240335, NoOp Chain Depth 128 Size 0 Mode ref, Ref Stage 25, run, end, 9783590078394756
1787664524.240350, NoOp Chain Depth 128 Size 0 Mode ref, Ref Stage 26, run, start, 9783590078409220
1787664524.240673, NoOp Chain Depth 128 Size 0 Mode ref, Ref Stage 26, run, end, 9783590078733172
1787664524.240794, NoOp Chain Depth 128 Size 0 Mode ref, Ref Stage 27, run, start, 9783590078853060
1787664524.240818, NoOp Chain Depth 128 Size 0 Mode ref, Ref Stage 27, run, end, 9783590078877476
1787664524.240831, NoOp Chain Depth 128 Size 0 Mode ref, Ref Stage 28, run, start, 9783590078890180
1787664524.240862, NoOp Chain Depth 128 Size 0 Mode ref, Ref Stage 28, run, end, 9783590078921364
1787664524.240879, NoOp Chain Depth 128 Size 0 Mode ref, Ref Stage 29, run, start, 9783590078938564
1787664524.240900, NoOp Chain Depth 128 Size 0 Mode ref, Ref Stage 29, run, end, 9783590078959620
1787664524.240915, NoOp Chain Depth 128 Size 0 Mode ref, Ref Stage 30, run, start, 9783590078974244
1787664524.240936, NoOp Chain Depth 128 Size 0 Mode ref, Ref Stage 30, run, end, 9783590078994772
1787664524.240952, NoOp Chain Depth 128 Size 0 Mode ref, Ref Stage 31, run, start, 9783590079010820
1787664524.240973, NoOp Chain Depth 128 Size 0 Mode ref, Ref Stage 31, run, end, 9783590079032595
1787664524.240988, NoOp Chain Depth 128 Size 0 Mode ref, Ref Stage 32, run, start, 9783590079047171
1787664524.241009, NoOp Chain Depth 128 Size 0 Mode ref, Ref Stage 32, run, end, 9783590079068531
1787664524.241024, NoOp Chain Depth 128 Size 0 Mode ref, Ref Stage 33, run, start, 9783590079083779
1787664524.241046, NoOp Chain Depth 128 Size 0 Mode ref, Ref Stage 33, run, end, 9783590079104915
1787664524.241060, NoOp Chain Depth 128 Size 0 Mode ref, Ref Stage 34, run, start, 9783590079119411
1787664524.241083, NoOp Chain Depth 128 Size 0 Mode ref, Ref Stage 34, run, end, 9783590079142563
1787664524.241098, NoOp Chain Depth 128 Size 0 Mode ref, Ref Stage 35, run, start, 9783590079156947
1787664524.241122, NoOp Chain Depth 128 Size 0 Mode ref, Ref Stage 35, run, end, 9783590079180947
1787664524.241133, NoOp Chain Depth 128 Size 0 Mode ref, Ref Stage 36, run, start, 9783590079192771
1787664524.241164, NoOp Chain Depth 128 Size 0 Mode ref, Ref Stage 36, run, end, 9783590079223619
1787664524.241179, NoOp Chain Depth 128 Size 0 Mode ref, Ref Stage 37, run, start, 9783590079238019
1787664524.241200, NoOp Chain Depth 128 Size 0 Mode ref, Ref Stage 37, run, end, 9783590079258963
1787664524.241214, NoOp Chain Depth 128 Size 0 Mode ref, Ref Stage 38, run, start, 9783590079273507
1787664524.241239, NoOp Chain Depth 128 Size 0 Mode ref, Ref Stage 38, run, end, 9783590079297651
1787664524.241251, NoOp Chain Depth 128 Size 0 Mode ref, Ref Stage 39, run, start, 9783590079310947
1787664524.241282, NoOp Chain Depth 128 Size 0 Mode ref, Ref Stage 39, run, end, 9783590079341459
1787664524.241297, NoOp Chain Depth 128 Size 0 Mode ref, Ref Stage 40, run, start, 9783590079356035
1787664524.241318, NoOp Chain Depth 128 Size 0 Mode ref, Ref Stage 40, run, end, 9783590079377267
1787664524.241333, NoOp Chain Depth 128 Size 0 Mode ref, Ref Stage 41, run, start, 9783590079391571
1787664524.241353, NoOp Chain Depth 128 Size 0 Mode ref, Ref Stage 41, run, end, 9783590079412307
1787664524.241367, NoOp Chain Depth 128 Size 0 Mode ref, Ref Stage 42, run, start, 9783590079426643
1787664524.241388, NoOp Chain Depth 128 Size 0 Mode ref, Ref Stage 42, run, end, 9783590079447475
1787664524.241403, NoOp Chain Depth 128 Size 0 Mode ref, Ref Stage 43, run, start, 9783590079461731
1787664524.241424, NoOp Chain Depth 128 Size 0 Mode ref, Ref Stage 43, run, end, 9783590079482947
1787664524.242050, NoOp Chain Depth 128 Size 0 Mode ref, Ref Stage 44, run, start, 9783590080111379
1787664524.242082, NoOp Chain Depth 128 Size 0 Mode ref, Ref Stage 44, run, end, 9783590080141891
1787664524.242099, NoOp Chain Depth 128 Size 0 Mode ref, Ref Stage 45, run, start, 9783590080158419
1787664524.242121, NoOp Chain Depth 128 Size 0 Mode ref, Ref Stage 45, run, end, 9783590080180419
1787664524.242136, NoOp Chain Depth 128 Size 0 Mode ref, Ref Stage 46, run, start, 9783590080195011
1787664524.242157, NoOp Chain Depth 128 Size 0 Mode ref, Ref Stage 46, run, end, 9783590080216499
1787664524.242172, NoOp Chain Depth 128 Size 0 Mode ref, Ref Stage 47, run, start, 9783590080231315
1787664524.242194, NoOp Chain Depth 128 Size 0 Mode ref, Ref Stage 47, run, end, 9783590080252899
1787664524.242209, NoOp Chain Depth 128 Size 0 Mode ref, Ref Stage 48, run, start, 9783590080268099
1787664524.242232, NoOp Chain Depth 128 Size 0 Mode ref, Ref Stage 48, run, end, 9783590080291555
1787664524.242244, NoOp Chain Depth 128 Size 0 Mode ref, Ref Stage 49, run, start, 9783590080303811
1787664524.242279, NoOp Chain Depth 128 Size 0 Mode ref, Ref Stage 49, run, end, 9783590080338483
1787664524.242294, NoOp Chain Depth 128 Size 0 Mode ref, Ref Stage 50, run, start, 9783590080353747
1787664524.242316, NoOp Chain Depth 128 Size 0 Mode ref, Ref Stage 50, run, end, 9783590080375267
1787664524.242331, NoOp Chain Depth 128 Size 0 Mode ref, Ref Stage 51, run, start, 9783590080390323
1787664524.242353, NoOp Chain Depth 128 Size 0 Mode ref, Ref Stage 51, run, end, 9783590080411859
1787664524.242368, NoOp Chain Depth 128 Size 0 Mode ref, Ref Stage 52, run, start, 9783590080427955
1787664524.242390, NoOp Chain Depth 128 Size 0 Mode ref, Ref Stage 52, run, end, 9783590080449075
1787664524.242404, NoOp Chain Depth 128 Size 0 Mode ref, Ref Stage 53, run, start, 9783590080463587
1787664524.242427, NoOp Chain Depth 128 Size 0 Mode ref, Ref Stage 53, run, end, 9783590080485779
1787664524.242441, NoOp Chain Depth 128 Size 0 Mode ref, Ref Stage 54, run, start, 9783590080500323
1787664524.242764, NoOp Chain Depth 128 Size 0 Mode ref, Ref Stage 54, run, end, 9783590080824370
1787664524.242891, NoOp Chain Depth 128 Size 0 Mode ref, Ref Stage 55, run, start, 9783590080950930
1787664524.242915, NoOp Chain Depth 128 Size 0 Mode ref, Ref Stage 55, run, end, 9783590080974002
1787664524.242930, NoOp Chain Depth 128 Size 0 Mode ref, Ref Stage 56, run, start, 9783590080988962
1787664524.242953, NoOp Chain Depth 128 Size 0 Mode ref, Ref Stage 56, run, end, 9783590081012370
1787664524.242968, NoOp Chain Depth 128 Size 0 Mode ref, Ref Stage 57, run, start, 9783590081027458
1787664524.242991, NoOp Chain Depth 128 Size 0 Mode ref, Ref Stage 57, run, end, 9783590081049906
1787664524.243002, NoOp Chain Depth 128 Size 0 Mode ref, Ref Stage 58, run, start, 9783590081061730
1787664524.243420, NoOp Chain Depth 128 Size 0 Mode ref, Ref Stage 58, run, end, 9783590081479602
1787664524.243538, NoOp Chain Depth 128 Size 0 Mode ref, Ref Stage 59, run, start, 9783590081597426
1787664524.243560, NoOp Chain Depth 128 Size 0 Mode ref, Ref Stage 59, run, end, 9783590081619618
1787664524.243575, NoOp Chain Depth 128 Size 0 Mode ref, Ref Stage 60, run, start, 9783590081634770
1787664524.243597, NoOp Chain Depth 128 Size 0 Mode ref, Ref Stage 60, run, end, 9783590081655826
1787664524.243611, NoOp Chain Depth 128 Size 0 Mode ref, Ref Stage 61, run, start, 9783590081670466
1787664524.243634, NoOp Chain Depth 128 Size 0 Mode ref, Ref Stage 61, run, end, 9783590081692978
1787664524.243645, NoOp Chain Depth 128 Size 0 Mode ref, Ref Stage 62, run, start, 9783590081704834
1787664524.243676, NoOp Chain Depth 128 Size 0 Mode ref, Ref Stage 62, run, end, 9783590081735826
1787664524.243691, NoOp Chain Depth 128 Size 0 Mode ref, Ref Stage 63, run, start, 9783590081750402
1787664524.243712, NoOp Chain Depth 128 Size 0 Mode ref, Ref Stage 63, run, end, 9783590081771314
1787664524.243726, NoOp Chain Depth 128 Size 0 Mode ref, Ref Stage 64, run, start, 9783590081785874
1787664524.243748, NoOp Chain Depth 128 Size 0 Mode ref, Ref Stage 64, run, end, 9783590081807186
1787664524.243762, NoOp Chain Depth 128 Size 0 Mode ref, Ref Stage 65, run, start, 9783590081821634
1787664524.243785, NoOp Chain Depth 128 Size 0 Mode ref, Ref Stage 65, run, end, 9783590081844418
1787664524.243797, NoOp Chain Depth 128 Size 0 Mode ref, Ref Stage 66, run, start, 9783590081856194
1787664524.243828, NoOp Chain Depth 128 Size 0 Mode ref, Ref Stage 66, run, end, 9783590081887282
1787664524.243843, NoOp Chain Depth 128 Size 0 Mode ref, Ref Stage 67, run, start, 9783590081901858
1787664524.243864, NoOp Chain Depth 128 Size 0 Mode ref, Ref Stage 67, run, end, 9783590081922946
1787664524.243878, NoOp Chain Depth 128 Size 0 Mode ref, Ref Stage 68, run, start, 9783590081937394
1787664524.243899, NoOp Chain Depth 128 Size 0 Mode ref, Ref Stage 68, run, end, 9783590081958290
1787664524.243913, NoOp Chain Depth 128 Size 0 Mode ref, Ref Stage 69, run, start, 9783590081972834
1787664524.243936, NoOp Chain Depth 128 Size 0 Mode ref, Ref Stage 69, run, end, 9783590081995378
1787664524.243954, NoOp Chain Depth 128 Size 0 Mode ref, Ref Stage 70, run, start, 9783590082013090
1787664524.243977, NoOp Chain Depth 128 Size 0 Mode ref, Ref Stage 70, run, end, 9783590082036194
1787664524.243993, NoOp Chain Depth 128 Size 0 Mode ref, Ref Stage 71, run, start, 9783590082052626
1787664524.244016, NoOp Chain Depth 128 Size 0 Mode ref, Ref Stage 71, run, end, 9783590082074850
1787664524.244027, NoOp Chain Depth 128 Size 0 Mode ref, Ref Stage 72, run, start, 9783590082086690
1787664524.244059, NoOp Chain Depth 128 Size 0 Mode ref, Ref Stage 72, run, end, 9783590082118626
1787664524.244071, NoOp Chain Depth 128 Size 0 Mode ref, Ref Stage 73, run, start, 9783590082130418
1787664524.244102, NoOp Chain Depth 128 Size 0 Mode ref, Ref Stage 73, run, end, 9783590082160865
1787664524.244116, NoOp Chain Depth 128 Size 0 Mode ref, Ref Stage 74, run, start, 9783590082175025
1787664524.244138, NoOp Chain Depth 128 Size 0 Mode ref, Ref Stage 74, run, end, 9783590082196945
1787664524.244152, NoOp Chain Depth 128 Size 0 Mode ref, Ref Stage 75, run, start, 9783590082211569
1787664524.244173, NoOp Chain Depth 128 Size 0 Mode ref, Ref Stage 75, run, end, 9783590082232273
1787664524.244187, NoOp Chain Depth 128 Size 0 Mode ref, Ref Stage 76, run, start, 9783590082246817
1787664524.244211, NoOp Chain Depth 128 Size 0 Mode ref, Ref Stage 76, run, end, 9783590082270369
1787664524.244226, NoOp Chain Depth 128 Size 0 Mode ref, Ref Stage 77, run, start, 9783590082284897
1787664524.244246, NoOp Chain Depth 128 Size 0 Mode ref, Ref Stage 77, run, end, 9783590082305377
1787664524.244260, NoOp Chain Depth 128 Size 0 Mode ref, Ref Stage 78, run, start, 9783590082319697
1787664524.244281, NoOp Chain Depth 128 Size 0 Mode ref, Ref Stage 78, run, end, 9783590082340465
1787664524.244295, NoOp Chain Depth 128 Size 0 Mode ref, Ref Stage 79, run, start, 9783590082354721
1787664524.244318, NoOp Chain Depth 128 Size 0 Mode ref, Ref Stage 79, run, end, 9783590082377009
1787664524.244333, NoOp Chain Depth 128 Size 0 Mode ref, Ref Stage 80, run, start, 9783590082392337
1787664524.244355, NoOp Chain Depth 128 Size 0 Mode ref, Ref Stage 80, run, end, 9783590082414529
1787664524.244370, NoOp Chain Depth 128 Size 0 Mode ref, Ref Stage 81, run, start, 9783590082428945
1787664524.244391, NoOp Chain Depth 128 Size 0 Mode ref, Ref Stage 81, run, end, 9783590082449953
1787664524.244405, NoOp Chain Depth 128 Size 0 Mode ref, Ref Stage 82, run, start, 9783590082464289
1787664524.244426, NoOp Chain Depth 128 Size 0 Mode ref, Ref Stage 82, run, end, 9783590082484673
1787664524.244440, NoOp Chain Depth 128 Size 0 Mode ref, Ref Stage 83, run, start, 9783590082499313
1787664524.244461, NoOp Chain Depth 128 Size 0 Mode ref, Ref Stage 83, run, end, 9783590082519969
1787664524.244475, NoOp Chain Depth 128 Size 0 Mode ref, Ref Stage 84, run, start, 9783590082534161
1787664524.244496, NoOp Chain Depth 128 Size 0 Mode ref, Ref Stage 84, run, end, 9783590082554737
1787664524.244510, NoOp Chain Depth 128 Size 0 Mode ref, Ref Stage 85, run, start, 9783590082569025
1787664524.244532, NoOp Chain Depth 128 Size 0 Mode ref, Ref Stage 85, run, end, 9783590082590881
1787664524.244546, NoOp Chain Depth 128 Size 0 Mode ref, Ref Stage 86, run, start, 9783590082605137
1787664524.244567, NoOp Chain Depth 128 Size 0 Mode ref, Ref Stage 86, run, end, 9783590082625905
1787664524.244581, NoOp Chain Depth 128 Size 0 Mode ref, Ref Stage 87, run, start, 9783590082640241
1787664524.244603, NoOp Chain Depth 128 Size 0 Mode ref, Ref Stage 87, run, end, 9783590082662625
1787664524.244618, NoOp Chain Depth 128 Size 0 Mode ref, Ref Stage 88, run, start, 9783590082677345
1787664524.244641, NoOp Chain Depth 128 Size 0 Mode ref, Ref Stage 88, run, end, 9783590082699617
1787664524.244655, NoOp Chain Depth 128 Size 0 Mode ref, Ref Stage 89, run, start, 9783590082713873
1787664524.244676, NoOp Chain Depth 128 Size 0 Mode ref, Ref Stage 89, run, end, 9783590082735585
1787664524.244691, NoOp Chain Depth 128 Size 0 Mode ref, Ref Stage 90, run, start, 9783590082750001
1787664524.244712, NoOp Chain Depth 128 Size 0 Mode ref, Ref Stage 90, run, end, 9783590082771745
1787664524.244731, NoOp Chain Depth 128 Size 0 Mode ref, Ref Stage 91, run, start, 9783590082790097
1787664524.244751, NoOp Chain Depth 128 Size 0 Mode ref, Ref Stage 91, run, end, 9783590082810593
1787664524.244766, NoOp Chain Depth 128 Size 0 Mode ref, Ref Stage 92, run, start, 9783590082824865
1787664524.244787, NoOp Chain Depth 128 Size 0 Mode ref, Ref Stage 92, run, end, 9783590082845793
1787664524.244801, NoOp Chain Depth 128 Size 0 Mode ref, Ref Stage 93, run, start, 9783590082860289
1787664524.244823, NoOp Chain Depth 128 Size 0 Mode ref, Ref Stage 93, run, end, 9783590082881905
1787664524.244837, NoOp Chain Depth 128 Size 0 Mode ref, Ref Stage 94, run, start, 9783590082895985
1787664524.244857, NoOp Chain Depth 128 Size 0 Mode ref, Ref Stage 94, run, end, 9783590082916705
1787664524.244872, NoOp Chain Depth 128 Size 0 Mode ref, Ref Stage 95, run, start, 9783590082931073
1787664524.244893, NoOp Chain Depth 128 Size 0 Mode ref, Ref Stage 95, run, end, 9783590082951713
1787664524.244909, NoOp Chain Depth 128 Size 0 Mode ref, Ref Stage 96, run, start, 9783590082968065
1787664524.244930, NoOp Chain Depth 128 Size 0 Mode ref, Ref Stage 96, run, end, 9783590082989233
1787664524.244946, NoOp Chain Depth 128 Size 0 Mode ref, Ref Stage 97, run, start, 9783590083005329
1787664524.244969, NoOp Chain Depth 128 Size 0 Mode ref, Ref Stage 97, run, end, 9783590083028289
1787664524.244981, NoOp Chain Depth 128 Size 0 Mode ref, Ref Stage 98, run, start, 9783590083040033
1787664524.245012, NoOp Chain Depth 128 Size 0 Mode ref, Ref Stage 98, run, end, 9783590083071089
1787664524.245026, NoOp Chain Depth 128 Size 0 Mode ref, Ref Stage 99, run, start, 9783590083085489
1787664524.245047, NoOp Chain Depth 128 Size 0 Mode ref, Ref Stage 99, run, end, 9783590083106001
1787664524.245063, NoOp Chain Depth 128 Size 0 Mode ref, Ref Stage 100, run, start, 9783590083122081
1787664524.245085, NoOp Chain Depth 128 Size 0 Mode ref, Ref Stage 100, run, end, 9783590083144081
1787664524.245406, NoOp Chain Depth 128 Size 0 Mode ref, Ref Stage 101, run, start, 9783590083466465
1787664524.245552, NoOp Chain Depth 128 Size 0 Mode ref, Ref Stage 101, run, end, 9783590083611089
1787664524.245567, NoOp Chain Depth 128 Size 0 Mode ref, Ref Stage 102, run, start, 9783590083626145
1787664524.245588, NoOp Chain Depth 128 Size 0 Mode ref, Ref Stage 102, run, end, 9783590083647361
1787664524.245603, NoOp Chain Depth 128 Size 0 Mode ref, Ref Stage 103, run, start, 9783590083662176
1787664524.245624, NoOp Chain Depth 128 Size 0 Mode ref, Ref Stage 103, run, end, 9783590083683264
1787664524.245638, NoOp Chain Depth 128 Size 0 Mode ref, Ref Stage 104, run, start, 9783590083697760
1787664524.245659, NoOp Chain Depth 128 Size 0 Mode ref, Ref Stage 104, run, end, 9783590083718352
1787664524.245673, NoOp Chain Depth 128 Size 0 Mode ref, Ref Stage 105, run, start, 9783590083732672
1787664524.245694, NoOp Chain Depth 128 Size 0 Mode ref, Ref Stage 105, run, end, 9783590083753600
1787664524.245710, NoOp Chain Depth 128 Size 0 Mode ref, Ref Stage 106, run, start, 9783590083768832
1787664524.245735, NoOp Chain Depth 128 Size 0 Mode ref, Ref Stage 106, run, end, 9783590083794320
1787664524.245747, NoOp Chain Depth 128 Size 0 Mode ref, Ref Stage 107, run, start, 9783590083806048
1787664524.245780, NoOp Chain Depth 128 Size 0 Mode ref, Ref Stage 107, run, end, 9783590083838560
1787664524.245794, NoOp Chain Depth 128 Size 0 Mode ref, Ref Stage 108, run, start, 9783590083853088
1787664524.245815, NoOp Chain Depth 128 Size 0 Mode ref, Ref Stage 108, run, end, 9783590083873680
1787664524.245829, NoOp Chain Depth 128 Size 0 Mode ref, Ref Stage 109, run, start, 9783590083888080
1787664524.245851, NoOp Chain Depth 128 Size 0 Mode ref, Ref Stage 109, run, end, 9783590083909984
1787664524.245865, NoOp Chain Depth 128 Size 0 Mode ref, Ref Stage 110, run, start, 9783590083924416
1787664524.245886, NoOp Chain Depth 128 Size 0 Mode ref, Ref Stage 110, run, end, 9783590083945072
1787664524.245901, NoOp Chain Depth 128 Size 0 Mode ref, Ref Stage 111, run, start, 9783590083960576
1787664524.245925, NoOp Chain Depth 128 Size 0 Mode ref, Ref Stage 111, run, end, 9783590083984000
1787664524.245939, NoOp Chain Depth 128 Size 0 Mode ref, Ref Stage 112, run, start, 9783590083998336
1787664524.245963, NoOp Chain Depth 128 Size 0 Mode ref, Ref Stage 112, run, end, 9783590084022496
1787664524.245977, NoOp Chain Depth 128 Size 0 Mode ref, Ref Stage 113, run, start, 9783590084036672
1787664524.246000, NoOp Chain Depth 128 Size 0 Mode ref, Ref Stage 113, run, end, 9783590084059440
1787664524.246014, NoOp Chain Depth 128 Size 0 Mode ref, Ref Stage 114, run, start, 9783590084073824
1787664524.246035, NoOp Chain Depth 128 Size 0 Mode ref, Ref Stage 114, run, end, 9783590084094256
1787664524.246049, NoOp Chain Depth 128 Size 0 Mode ref, Ref Stage 115, run, start, 9783590084108464
1787664524.246070, NoOp Chain Depth 128 Size 0 Mode ref, Ref Stage 115, run, end, 9783590084128992
1787664524.246084, NoOp Chain Depth 128 Size 0 Mode ref, Ref Stage 116, run, start, 9783590084143264
1787664524.246111, NoOp Chain Depth 128 Size 0 Mode ref, Ref Stage 116, run, end, 9783590084170272
1787664524.246127, NoOp Chain Depth 128 Size 0 Mode ref, Ref Stage 117, run, start, 9783590084186720
1787664524.246148, NoOp Chain Depth 128 Size 0 Mode ref, Ref Stage 117, run, end, 9783590084207264
1787664524.246162, NoOp Chain Depth 128 Size 0 Mode ref, Ref Stage 118, run, start, 9783590084221552
1787664524.246184, NoOp Chain Depth 128 Size 0 Mode ref, Ref Stage 118, run, end, 9783590084243792
1787664524.246196, NoOp Chain Depth 128 Size 0 Mode ref, Ref Stage 119, run, start, 9783590084255424
1787664524.246227, NoOp Chain Depth 128 Size 0 Mode ref, Ref Stage 119, run, end, 9783590084285936
1787664524.246241, NoOp Chain Depth 128 Size 0 Mode ref, Ref Stage 120, run, start, 9783590084300208
1787664524.246262, NoOp Chain Depth 128 Size 0 Mode ref, Ref Stage 120, run, end, 9783590084320944
1787664524.246276, NoOp Chain Depth 128 Size 0 Mode ref, Ref Stage 121, run, start, 9783590084335168
1787664524.246298, NoOp Chain Depth 128 Size 0 Mode ref, Ref Stage 121, run, end, 9783590084356800
1787664524.246312, NoOp Chain Depth 128 Size 0 Mode ref, Ref Stage 122, run, start, 9783590084371072
1787664524.246334, NoOp Chain Depth 128 Size 0 Mode ref, Ref Stage 122, run, end, 9783590084392928
1787664524.246348, NoOp Chain Depth 128 Size 0 Mode ref, Ref Stage 123, run, start, 9783590084407392
1787664524.246369, NoOp Chain Depth 128 Size 0 Mode ref, Ref Stage 123, run, end, 9783590084427888
1787664524.246383, NoOp Chain Depth 128 Size 0 Mode ref, Ref Stage 124, run, start, 9783590084442208
1787664524.246404, NoOp Chain Depth 128 Size 0 Mode ref, Ref Stage 124, run, end, 9783590084463216
1787664524.246419, NoOp Chain Depth 128 Size 0 Mode ref, Ref Stage 125, run, start, 9783590084478720
1787664524.246440, NoOp Chain Depth 128 Size 0 Mode ref, Ref Stage 125, run, end, 9783590084499504
1787664524.246454, NoOp Chain Depth 128 Size 0 Mode ref, Ref Stage 126, run, start, 9783590084513872
1787664524.246478, NoOp Chain Depth 128 Size 0 Mode ref, Ref Stage 126, run, end, 9783590084537136
1787664524.246493, NoOp Chain Depth 128 Size 0 Mode ref, Ref Stage 127, run, start, 9783590084552848
1787664524.246517, NoOp Chain Depth 128 Size 0 Mode ref, Ref Stage 127, run, end, 9783590084576064
1787664524.246531, NoOp Chain Depth 128 Size 0 Mode ref, pipeline - train, run, end, 192819137792686749192993035741619080382, 1787664524.238642, 71, 1, 9783590084590960
1787664524.246572, NoOp Chain Depth 128 Size 0 Mode ref, pipeline - train, run, start, 87315235699944709448761878697182533790, 1787664524.246561, 72, 1, 9783590084631712
1787664524.246595, NoOp Chain Depth 128 Size 0 Mode ref, Ref Stage 0, run, start, 9783590084654496
1787664524.246616, NoOp Chain Depth 128 Size 0 Mode ref, Ref Stage 0, run, end, 9783590084675584
1787664524.246631, NoOp Chain Depth 128 Size 0 Mode ref, Ref Stage 1, run, start, 9783590084690160
1787664524.246652, NoOp Chain Depth 128 Size 0 Mode ref, Ref Stage 1, run, end, 9783590084710992
1787664524.246666, NoOp Chain Depth 128 Size 0 Mode ref, Ref Stage 2, run, start, 9783590084725264
1787664524.246688, NoOp Chain Depth 128 Size 0 Mode ref, Ref Stage 2, run, end, 9783590084747584
1787664524.246703, NoOp Chain Depth 128 Size 0 Mode ref, Ref Stage 3, run, start, 9783590084761712
1787664524.246726, NoOp Chain Depth 128 Size 0 Mode ref, Ref Stage 3, run, end, 9783590084784976
1787664524.246740, NoOp Chain Depth 128 Size 0 Mode ref, Ref Stage 4, run, start, 9783590084799408
1787664524.246761, NoOp Chain Depth 128 Size 0 Mode ref, Ref Stage 4, run, end, 9783590084819984
1787664524.246775, NoOp Chain Depth 128 Size 0 Mode ref, Ref Stage 5, run, start, 9783590084834240
1787664524.246798, NoOp Chain Depth 128 Size 0 Mode ref, Ref Stage 5, run, end, 9783590084856784
1787664524.246812, NoOp Chain Depth 128 Size 0 Mode ref, Ref Stage 6, run, start, 9783590084870992
1787664524.246832, NoOp Chain Depth 128 Size 0 Mode ref, Ref Stage 6, run, end, 9783590084891216
1787664524.246846, NoOp Chain Depth 128 Size 0 Mode ref, Ref Stage 7, run, start, 9783590084905360
1787664524.246867, NoOp Chain Depth 128 Size 0 Mode ref, Ref Stage 7, run, end, 9783590084926016
1787664524.246881, NoOp Chain Depth 128 Size 0 Mode ref, Ref Stage 8, run, start, 9783590084940016
1787664524.246902, NoOp Chain Depth 128 Size 0 Mode ref, Ref Stage 8, run, end, 9783590084961440
1787664524.246916, NoOp Chain Depth 128 Size 0 Mode ref, Ref Stage 9, run, start, 9783590084975616
1787664524.246937, NoOp Chain Depth 128 Size 0 Mode ref, Ref Stage 9, run, end, 9783590084997248
1787664524.247026, NoOp Chain Depth 128 Size 0 Mode ref, Ref Stage 10, run, start, 9783590085086080
1787664524.247052, NoOp Chain Depth 128 Size 0 Mode ref, Ref Stage 10, run, end, 9783590085111696
1787664524.247067, NoOp Chain Depth 128 Size 0 Mode ref, Ref Stage 11, run, start, 9783590085126560
1787664524.247090, NoOp Chain Depth 128 Size 0 Mode ref, Ref Stage 11, run, end, 9783590085149103
1787664524.247104, NoOp Chain Depth 128 Size 0 Mode ref, Ref Stage 12, run, start, 9783590085163439
1787664524.247125, NoOp Chain Depth 128 Size 0 Mode ref, Ref Stage 12, run, end, 9783590085184079
1787664524.247140, NoOp Chain Depth 128 Size 0 Mode ref, Ref Stage 13, run, start, 9783590085199759
1787664524.247163, NoOp Chain Depth 128 Size 0 Mode ref, Ref Stage 13, run, end, 9783590085222335
1787664524.247179, NoOp Chain Depth 128 Size 0 Mode ref, Ref Stage 14, run, start, 9783590085238575
1787664524.247749, NoOp Chain Depth 128 Size 0 Mode ref, Ref Stage 14, run, end, 9783590085809647
1787664524.247767, NoOp Chain Depth 128 Size 0 Mode ref, Ref Stage 15, run, start, 9783590085826367
1787664524.247789, NoOp Chain Depth 128 Size 0 Mode ref, Ref Stage 15, run, end, 9783590085848703
1787664524.247804, NoOp Chain Depth 128 Size 0 Mode ref, Ref Stage 16, run, start, 9783590085863519
1787664524.247825, NoOp Chain Depth 128 Size 0 Mode ref, Ref Stage 16, run, end, 9783590085884671
1787664524.247840, NoOp Chain Depth 128 Size 0 Mode ref, Ref Stage 17, run, start, 9783590085899135
1787664524.247861, NoOp Chain Depth 128 Size 0 Mode ref, Ref Stage 17, run, end, 9783590085920383
1787664524.247876, NoOp Chain Depth 128 Size 0 Mode ref, Ref Stage 18, run, start, 9783590085935023
1787664524.247897, NoOp Chain Depth 128 Size 0 Mode ref, Ref Stage 18, run, end, 9783590085956127
1787664524.247911, NoOp Chain Depth 128 Size 0 Mode ref, Ref Stage 19, run, start, 9783590085970879
1787664524.247935, NoOp Chain Depth 128 Size 0 Mode ref, Ref Stage 19, run, end, 9783590085993647
1787664524.247949, NoOp Chain Depth 128 Size 0 Mode ref, Ref Stage 20, run, start, 9783590086008095
1787664524.247981, NoOp Chain Depth 128 Size 0 Mode ref, Ref Stage 20, run, end, 9783590086040463
1787664524.247996, NoOp Chain Depth 128 Size 0 Mode ref, Ref Stage 21, run, start, 9783590086055071
1787664524.248020, NoOp Chain Depth 128 Size 0 Mode ref, Ref Stage 21, run, end, 9783590086079119
1787664524.248035, NoOp Chain Depth 128 Size 0 Mode ref, Ref Stage 22, run, start, 9783590086094127
1787664524.248056, NoOp Chain Depth 128 Size 0 Mode ref, Ref Stage 22, run, end, 9783590086115343
1787664524.248073, NoOp Chain Depth 128 Size 0 Mode ref, Ref Stage 23, run, start, 9783590086132127
1787664524.248095, NoOp Chain Depth 128 Size 0 Mode ref, Ref Stage 23, run, end, 9783590086154079
1787664524.248109, NoOp Chain Depth 128 Size 0 Mode ref, Ref Stage 24, run, start, 9783590086168447
1787664524.248131, NoOp Chain Depth 128 Size 0 Mode ref, Ref Stage 24, run, end, 9783590086190383
1787664524.248145, NoOp Chain Depth 128 Size 0 Mode ref, Ref Stage 25, run, start, 9783590086204767
1787664524.248168, NoOp Chain Depth 128 Size 0 Mode ref, Ref Stage 25, run, end, 9783590086227215
1787664524.248179, NoOp Chain Depth 128 Size 0 Mode ref, Ref Stage 26, run, start, 9783590086238879
1787664524.248211, NoOp Chain Depth 128 Size 0 Mode ref, Ref Stage 26, run, end, 9783590086270143
1787664524.248226, NoOp Chain Depth 128 Size 0 Mode ref, Ref Stage 27, run, start, 9783590086285135
1787664524.248250, NoOp Chain Depth 128 Size 0 Mode ref, Ref Stage 27, run, end, 9783590086309007
1787664524.248262, NoOp Chain Depth 128 Size 0 Mode ref, Ref Stage 28, run, start, 9783590086320863
1787664524.248292, NoOp Chain Depth 128 Size 0 Mode ref, Ref Stage 28, run, end, 9783590086351471
1787664524.248308, NoOp Chain Depth 128 Size 0 Mode ref, Ref Stage 29, run, start, 9783590086367199
1787664524.248330, NoOp Chain Depth 128 Size 0 Mode ref, Ref Stage 29, run, end, 9783590086389375
1787664524.248345, NoOp Chain Depth 128 Size 0 Mode ref, Ref Stage 30, run, start, 9783590086404015
1787664524.248367, NoOp Chain Depth 128 Size 0 Mode ref, Ref Stage 30, run, end, 9783590086425951
1787664524.248381, NoOp Chain Depth 128 Size 0 Mode ref, Ref Stage 31, run, start, 9783590086440367
1787664524.248402, NoOp Chain Depth 128 Size 0 Mode ref, Ref Stage 31, run, end, 9783590086460975
1787664524.248416, NoOp Chain Depth 128 Size 0 Mode ref, Ref Stage 32, run, start, 9783590086475135
1787664524.248436, NoOp Chain Depth 128 Size 0 Mode ref, Ref Stage 32, run, end, 9783590086495679
1787664524.248452, NoOp Chain Depth 128 Size 0 Mode ref, Ref Stage 33, run, start, 9783590086511151
1787664524.248473, NoOp Chain Depth 128 Size 0 Mode ref, Ref Stage 33, run, end, 9783590086532063
1787664524.248487, NoOp Chain Depth 128 Size 0 Mode ref, Ref Stage 34, run, start, 9783590086546447
1787664524.248509, NoOp Chain Depth 128 Size 0 Mode ref, Ref Stage 34, run, end, 9783590086568655
1787664524.248526, NoOp Chain Depth 128 Size 0 Mode ref, Ref Stage 35, run, start, 9783590086585343
1787664524.248548, NoOp Chain Depth 128 Size 0 Mode ref, Ref Stage 35, run, end, 9783590086607535
1787664524.248560, NoOp Chain Depth 128 Size 0 Mode ref, Ref Stage 36, run, start, 9783590086619055
1787664524.249011, NoOp Chain Depth 128 Size 0 Mode ref, Ref Stage 36, run, end, 9783590087070830
1787664524.249027, NoOp Chain Depth 128 Size 0 Mode ref, Ref Stage 37, run, start, 9783590087086574
1787664524.249051, NoOp Chain Depth 128 Size 0 Mode ref, Ref Stage 37, run, end, 9783590087110014
1787664524.249062, NoOp Chain Depth 128 Size 0 Mode ref, Ref Stage 38, run, start, 9783590087121710
1787664524.249093, NoOp Chain Depth 128 Size 0 Mode ref, Ref Stage 38, run, end, 9783590087152558
1787664524.249108, NoOp Chain Depth 128 Size 0 Mode ref, Ref Stage 39, run, start, 9783590087167102
1787664524.249129, NoOp Chain Depth 128 Size 0 Mode ref, Ref Stage 39, run, end, 9783590087187774
1787664524.249143, NoOp Chain Depth 128 Size 0 Mode ref, Ref Stage 40, run, start, 9783590087202238
1787664524.249166, NoOp Chain Depth 128 Size 0 Mode ref, Ref Stage 40, run, end, 9783590087224894
1787664524.249177, NoOp Chain Depth 128 Size 0 Mode ref, Ref Stage 41, run, start, 9783590087236462
1787664524.249208, NoOp Chain Depth 128 Size 0 Mode ref, Ref Stage 41, run, end, 9783590087267390
1787664524.249223, NoOp Chain Depth 128 Size 0 Mode ref, Ref Stage 42, run, start, 9783590087281870
1787664524.249244, NoOp Chain Depth 128 Size 0 Mode ref, Ref Stage 42, run, end, 9783590087302974
1787664524.249259, NoOp Chain Depth 128 Size 0 Mode ref, Ref Stage 43, run, start, 9783590087318046
1787664524.249282, NoOp Chain Depth 128 Size 0 Mode ref, Ref Stage 43, run, end, 9783590087341086
1787664524.249295, NoOp Chain Depth 128 Size 0 Mode ref, Ref Stage 44, run, start, 9783590087354798
1787664524.249329, NoOp Chain Depth 128 Size 0 Mode ref, Ref Stage 44, run, end, 9783590087388270
1787664524.249343, NoOp Chain Depth 128 Size 0 Mode ref, Ref Stage 45, run, start, 9783590087402622
1787664524.249367, NoOp Chain Depth 128 Size 0 Mode ref, Ref Stage 45, run, end, 9783590087426270
1787664524.249378, NoOp Chain Depth 128 Size 0 Mode ref, Ref Stage 46, run, start, 9783590087437870
1787664524.249411, NoOp Chain Depth 128 Size 0 Mode ref, Ref Stage 46, run, end, 9783590087470206
1787664524.249425, NoOp Chain Depth 128 Size 0 Mode ref, Ref Stage 47, run, start, 9783590087484766
1787664524.249448, NoOp Chain Depth 128 Size 0 Mode ref, Ref Stage 47, run, end, 9783590087507230
1787664524.249463, NoOp Chain Depth 128 Size 0 Mode ref, Ref Stage 48, run, start, 9783590087522654
1787664524.249486, NoOp Chain Depth 128 Size 0 Mode ref, Ref Stage 48, run, end, 9783590087545454
1787664524.249501, NoOp Chain Depth 128 Size 0 Mode ref, Ref Stage 49, run, start, 9783590087560302
1787664524.249523, NoOp Chain Depth 128 Size 0 Mode ref, Ref Stage 49, run, end, 9783590087582222
1787664524.249538, NoOp Chain Depth 128 Size 0 Mode ref, Ref Stage 50, run, start, 9783590087597310
1787664524.249961, NoOp Chain Depth 128 Size 0 Mode ref, Ref Stage 50, run, end, 9783590088020974
1787664524.250082, NoOp Chain Depth 128 Size 0 Mode ref, Ref Stage 51, run, start, 9783590088141982
1787664524.250106, NoOp Chain Depth 128 Size 0 Mode ref, Ref Stage 51, run, end, 9783590088165534
1787664524.250121, NoOp Chain Depth 128 Size 0 Mode ref, Ref Stage 52, run, start, 9783590088180398
1787664524.250142, NoOp Chain Depth 128 Size 0 Mode ref, Ref Stage 52, run, end, 9783590088201502
1787664524.250157, NoOp Chain Depth 128 Size 0 Mode ref, Ref Stage 53, run, start, 9783590088215966
1787664524.250179, NoOp Chain Depth 128 Size 0 Mode ref, Ref Stage 53, run, end, 9783590088238397
1787664524.250190, NoOp Chain Depth 128 Size 0 Mode ref, Ref Stage 54, run, start, 9783590088250093
1787664524.250222, NoOp Chain Depth 128 Size 0 Mode ref, Ref Stage 54, run, end, 9783590088281037
1787664524.250236, NoOp Chain Depth 128 Size 0 Mode ref, Ref Stage 55, run, start, 9783590088295405
1787664524.250258, NoOp Chain Depth 128 Size 0 Mode ref, Ref Stage 55, run, end, 9783590088316845
1787664524.250272, NoOp Chain Depth 128 Size 0 Mode ref, Ref Stage 56, run, start, 9783590088331661
1787664524.250296, NoOp Chain Depth 128 Size 0 Mode ref, Ref Stage 56, run, end, 9783590088354669
1787664524.250307, NoOp Chain Depth 128 Size 0 Mode ref, Ref Stage 57, run, start, 9783590088366557
1787664524.250338, NoOp Chain Depth 128 Size 0 Mode ref, Ref Stage 57, run, end, 9783590088397517
1787664524.250353, NoOp Chain Depth 128 Size 0 Mode ref, Ref Stage 58, run, start, 9783590088412813
1787664524.250378, NoOp Chain Depth 128 Size 0 Mode ref, Ref Stage 58, run, end, 9783590088437053
1787664524.250390, NoOp Chain Depth 128 Size 0 Mode ref, Ref Stage 59, run, start, 9783590088448797
1787664524.250421, NoOp Chain Depth 128 Size 0 Mode ref, Ref Stage 59, run, end, 9783590088479869
1787664524.250436, NoOp Chain Depth 128 Size 0 Mode ref, Ref Stage 60, run, start, 9783590088495773
1787664524.250459, NoOp Chain Depth 128 Size 0 Mode ref, Ref Stage 60, run, end, 9783590088518013
1787664524.250473, NoOp Chain Depth 128 Size 0 Mode ref, Ref Stage 61, run, start, 9783590088532333
1787664524.250494, NoOp Chain Depth 128 Size 0 Mode ref, Ref Stage 61, run, end, 9783590088553373
1787664524.250509, NoOp Chain Depth 128 Size 0 Mode ref, Ref Stage 62, run, start, 9783590088567981
1787664524.250530, NoOp Chain Depth 128 Size 0 Mode ref, Ref Stage 62, run, end, 9783590088588861
1787664524.250544, NoOp Chain Depth 128 Size 0 Mode ref, Ref Stage 63, run, start, 9783590088603517
1787664524.250565, NoOp Chain Depth 128 Size 0 Mode ref, Ref Stage 63, run, end, 9783590088624253
1787664524.250581, NoOp Chain Depth 128 Size 0 Mode ref, Ref Stage 64, run, start, 9783590088639965
1787664524.250605, NoOp Chain Depth 128 Size 0 Mode ref, Ref Stage 64, run, end, 9783590088664381
1787664524.250617, NoOp Chain Depth 128 Size 0 Mode ref, Ref Stage 65, run, start, 9783590088676109
1787664524.251057, NoOp Chain Depth 128 Size 0 Mode ref, Ref Stage 65, run, end, 9783590089117309
1787664524.251070, NoOp Chain Depth 128 Size 0 Mode ref, Ref Stage 66, run, start, 9783590089129933
1787664524.251102, NoOp Chain Depth 128 Size 0 Mode ref, Ref Stage 66, run, end, 9783590089161421
1787664524.251117, NoOp Chain Depth 128 Size 0 Mode ref, Ref Stage 67, run, start, 9783590089175917
1787664524.251138, NoOp Chain Depth 128 Size 0 Mode ref, Ref Stage 67, run, end, 9783590089196925
1787664524.251152, NoOp Chain Depth 128 Size 0 Mode ref, Ref Stage 68, run, start, 9783590089211293
1787664524.251173, NoOp Chain Depth 128 Size 0 Mode ref, Ref Stage 68, run, end, 9783590089231917
1787664524.251187, NoOp Chain Depth 128 Size 0 Mode ref, Ref Stage 69, run, start, 9783590089246109
1787664524.251208, NoOp Chain Depth 128 Size 0 Mode ref, Ref Stage 69, run, end, 9783590089267245
1787664524.251223, NoOp Chain Depth 128 Size 0 Mode ref, Ref Stage 70, run, start, 9783590089281741
1787664524.251244, NoOp Chain Depth 128 Size 0 Mode ref, Ref Stage 70, run, end, 9783590089303037
1787664524.251259, NoOp Chain Depth 128 Size 0 Mode ref, Ref Stage 71, run, start, 9783590089318205
1787664524.251281, NoOp Chain Depth 128 Size 0 Mode ref, Ref Stage 71, run, end, 9783590089340845
1787664524.251296, NoOp Chain Depth 128 Size 0 Mode ref, Ref Stage 72, run, start, 9783590089355149
1787664524.251325, NoOp Chain Depth 128 Size 0 Mode ref, Ref Stage 72, run, end, 9783590089384077
1787664524.251336, NoOp Chain Depth 128 Size 0 Mode ref, Ref Stage 73, run, start, 9783590089395613
1787664524.251369, NoOp Chain Depth 128 Size 0 Mode ref, Ref Stage 73, run, end, 9783590089427997
1787664524.251383, NoOp Chain Depth 128 Size 0 Mode ref, Ref Stage 74, run, start, 9783590089442285
1787664524.251404, NoOp Chain Depth 128 Size 0 Mode ref, Ref Stage 74, run, end, 9783590089462749
1787664524.251419, NoOp Chain Depth 128 Size 0 Mode ref, Ref Stage 75, run, start, 9783590089477837
1787664524.251440, NoOp Chain Depth 128 Size 0 Mode ref, Ref Stage 75, run, end, 9783590089499693
1787664524.251452, NoOp Chain Depth 128 Size 0 Mode ref, Ref Stage 76, run, start, 9783590089511437
1787664524.251485, NoOp Chain Depth 128 Size 0 Mode ref, Ref Stage 76, run, end, 9783590089544189
1787664524.251501, NoOp Chain Depth 128 Size 0 Mode ref, Ref Stage 77, run, start, 9783590089559837
1787664524.251521, NoOp Chain Depth 128 Size 0 Mode ref, Ref Stage 77, run, end, 9783590089580525
1787664524.251536, NoOp Chain Depth 128 Size 0 Mode ref, Ref Stage 78, run, start, 9783590089595021
1787664524.251561, NoOp Chain Depth 128 Size 0 Mode ref, Ref Stage 78, run, end, 9783590089620045
1787664524.251575, NoOp Chain Depth 128 Size 0 Mode ref, Ref Stage 79, run, start, 9783590089634317
1787664524.251595, NoOp Chain Depth 128 Size 0 Mode ref, Ref Stage 79, run, end, 9783590089654701
1787664524.251610, NoOp Chain Depth 128 Size 0 Mode ref, Ref Stage 80, run, start, 9783590089669021
1787664524.251632, NoOp Chain Depth 128 Size 0 Mode ref, Ref Stage 80, run, end, 9783590089691549
1787664524.251647, NoOp Chain Depth 128 Size 0 Mode ref, Ref Stage 81, run, start, 9783590089705661
1787664524.251668, NoOp Chain Depth 128 Size 0 Mode ref, Ref Stage 81, run, end, 9783590089727437
1787664524.251683, NoOp Chain Depth 128 Size 0 Mode ref, Ref Stage 82, run, start, 9783590089741773
1787664524.251703, NoOp Chain Depth 128 Size 0 Mode ref, Ref Stage 82, run, end, 9783590089762140
1787664524.251717, NoOp Chain Depth 128 Size 0 Mode ref, Ref Stage 83, run, start, 9783590089776124
1787664524.251737, NoOp Chain Depth 128 Size 0 Mode ref, Ref Stage 83, run, end, 9783590089796508
1787664524.251751, NoOp Chain Depth 128 Size 0 Mode ref, Ref Stage 84, run, start, 9783590089810540
1787664524.251772, NoOp Chain Depth 128 Size 0 Mode ref, Ref Stage 84, run, end, 9783590089830876
1787664524.251787, NoOp Chain Depth 128 Size 0 Mode ref, Ref Stage 85, run, start, 9783590089846876
1787664524.251808, NoOp Chain Depth 128 Size 0 Mode ref, Ref Stage 85, run, end, 9783590089867340
1787664524.251822, NoOp Chain Depth 128 Size 0 Mode ref, Ref Stage 86, run, start, 9783590089881612
1787664524.251844, NoOp Chain Depth 128 Size 0 Mode ref, Ref Stage 86, run, end, 9783590089903580
1787664524.251859, NoOp Chain Depth 128 Size 0 Mode ref, Ref Stage 87, run, start, 9783590089918844
1787664524.251881, NoOp Chain Depth 128 Size 0 Mode ref, Ref Stage 87, run, end, 9783590089940780
1787664524.251894, NoOp Chain Depth 128 Size 0 Mode ref, Ref Stage 88, run, start, 9783590089953868
1787664524.251926, NoOp Chain Depth 128 Size 0 Mode ref, Ref Stage 88, run, end, 9783590089985676
1787664524.251940, NoOp Chain Depth 128 Size 0 Mode ref, Ref Stage 89, run, start, 9783590089999948
1787664524.251966, NoOp Chain Depth 128 Size 0 Mode ref, Ref Stage 89, run, end, 9783590090025564
1787664524.251981, NoOp Chain Depth 128 Size 0 Mode ref, Ref Stage 90, run, start, 9783590090039852
1787664524.252001, NoOp Chain Depth 128 Size 0 Mode ref, Ref Stage 90, run, end, 9783590090060380
1787664524.252016, NoOp Chain Depth 128 Size 0 Mode ref, Ref Stage 91, run, start, 9783590090074988
1787664524.252036, NoOp Chain Depth 128 Size 0 Mode ref, Ref Stage 91, run, end, 9783590090095516
1787664524.252050, NoOp Chain Depth 128 Size 0 Mode ref, Ref Stage 92, run, start, 9783590090109644
1787664524.252072, NoOp Chain Depth 128 Size 0 Mode ref, Ref Stage 92, run, end, 9783590090131468
1787664524.252087, NoOp Chain Depth 128 Size 0 Mode ref, Ref Stage 93, run, start, 9783590090145676
1787664524.252107, NoOp Chain Depth 128 Size 0 Mode ref, Ref Stage 93, run, end, 9783590090166220
1787664524.252121, NoOp Chain Depth 128 Size 0 Mode ref, Ref Stage 94, run, start, 9783590090180604
1787664524.252142, NoOp Chain Depth 128 Size 0 Mode ref, Ref Stage 94, run, end, 9783590090201084
1787664524.252156, NoOp Chain Depth 128 Size 0 Mode ref, Ref Stage 95, run, start, 9783590090215372
1787664524.252177, NoOp Chain Depth 128 Size 0 Mode ref, Ref Stage 95, run, end, 9783590090235788
1787664524.252191, NoOp Chain Depth 128 Size 0 Mode ref, Ref Stage 96, run, start, 9783590090249820
1787664524.252211, NoOp Chain Depth 128 Size 0 Mode ref, Ref Stage 96, run, end, 9783590090270012
1787664524.252227, NoOp Chain Depth 128 Size 0 Mode ref, Ref Stage 97, run, start, 9783590090285788
1787664524.252248, NoOp Chain Depth 128 Size 0 Mode ref, Ref Stage 97, run, end, 9783590090307500
1787664524.252263, NoOp Chain Depth 128 Size 0 Mode ref, Ref Stage 98, run, start, 9783590090321852
1787664524.252283, NoOp Chain Depth 128 Size 0 Mode ref, Ref Stage 98, run, end, 9783590090342364
1787664524.252297, NoOp Chain Depth 128 Size 0 Mode ref, Ref Stage 99, run, start, 9783590090356556
1787664524.252321, NoOp Chain Depth 128 Size 0 Mode ref, Ref Stage 99, run, end, 9783590090379980
1787664524.252334, NoOp Chain Depth 128 Size 0 Mode ref, Ref Stage 100, run, start, 9783590090393068
1787664524.252366, NoOp Chain Depth 128 Size 0 Mode ref, Ref Stage 100, run, end, 9783590090426796
1787664524.252379, NoOp Chain Depth 128 Size 0 Mode ref, Ref Stage 101, run, start, 9783590090438508
1787664524.252411, NoOp Chain Depth 128 Size 0 Mode ref, Ref Stage 101, run, end, 9783590090469788
1787664524.252426, NoOp Chain Depth 128 Size 0 Mode ref, Ref Stage 102, run, start, 9783590090485500
1787664524.252448, NoOp Chain Depth 128 Size 0 Mode ref, Ref Stage 102, run, end, 9783590090507404
1787664524.252464, NoOp Chain Depth 128 Size 0 Mode ref, Ref Stage 103, run, start, 9783590090522860
1787664524.252484, NoOp Chain Depth 128 Size 0 Mode ref, Ref Stage 103, run, end, 9783590090543564
1787664524.252499, NoOp Chain Depth 128 Size 0 Mode ref, Ref Stage 104, run, start, 9783590090558124
1787664524.252519, NoOp Chain Depth 128 Size 0 Mode ref, Ref Stage 104, run, end, 9783590090578588
1787664524.252533, NoOp Chain Depth 128 Size 0 Mode ref, Ref Stage 105, run, start, 9783590090592732
1787664524.252554, NoOp Chain Depth 128 Size 0 Mode ref, Ref Stage 105, run, end, 9783590090613436
1787664524.252570, NoOp Chain Depth 128 Size 0 Mode ref, Ref Stage 106, run, start, 9783590090629436
1787664524.252592, NoOp Chain Depth 128 Size 0 Mode ref, Ref Stage 106, run, end, 9783590090651532
1787664524.252676, NoOp Chain Depth 128 Size 0 Mode ref, Ref Stage 107, run, start, 9783590090735852
1787664524.252702, NoOp Chain Depth 128 Size 0 Mode ref, Ref Stage 107, run, end, 9783590090761532
1787664524.252714, NoOp Chain Depth 128 Size 0 Mode ref, Ref Stage 108, run, start, 9783590090773564
1787664524.252747, NoOp Chain Depth 128 Size 0 Mode ref, Ref Stage 108, run, end, 9783590090806620
1787664524.252762, NoOp Chain Depth 128 Size 0 Mode ref, Ref Stage 109, run, start, 9783590090821708
1787664524.252784, NoOp Chain Depth 128 Size 0 Mode ref, Ref Stage 109, run, end, 9783590090842924
1787664524.252798, NoOp Chain Depth 128 Size 0 Mode ref, Ref Stage 110, run, start, 9783590090857180
1787664524.252818, NoOp Chain Depth 128 Size 0 Mode ref, Ref Stage 110, run, end, 9783590090877660
1787664524.252834, NoOp Chain Depth 128 Size 0 Mode ref, Ref Stage 111, run, start, 9783590090893468
1787664524.252855, NoOp Chain Depth 128 Size 0 Mode ref, Ref Stage 111, run, end, 9783590090914188
1787664524.252869, NoOp Chain Depth 128 Size 0 Mode ref, Ref Stage 112, run, start, 9783590090928300
1787664524.252890, NoOp Chain Depth 128 Size 0 Mode ref, Ref Stage 112, run, end, 9783590090949036
1787664524.252904, NoOp Chain Depth 128 Size 0 Mode ref, Ref Stage 113, run, start, 9783590090963228
1787664524.252926, NoOp Chain Depth 128 Size 0 Mode ref, Ref Stage 113, run, end, 9783590090985260
1787664524.252941, NoOp Chain Depth 128 Size 0 Mode ref, Ref Stage 114, run, start, 9783590090999660
1787664524.252964, NoOp Chain Depth 128 Size 0 Mode ref, Ref Stage 114, run, end, 9783590091022844
1787664524.252979, NoOp Chain Depth 128 Size 0 Mode ref, Ref Stage 115, run, start, 9783590091038476
1787664524.253000, NoOp Chain Depth 128 Size 0 Mode ref, Ref Stage 115, run, end, 9783590091058940
1787664524.253014, NoOp Chain Depth 128 Size 0 Mode ref, Ref Stage 116, run, start, 9783590091073516
1787664524.253037, NoOp Chain Depth 128 Size 0 Mode ref, Ref Stage 116, run, end, 9783590091096300
1787664524.253051, NoOp Chain Depth 128 Size 0 Mode ref, Ref Stage 117, run, start, 9783590091110460
1787664524.253071, NoOp Chain Depth 128 Size 0 Mode ref, Ref Stage 117, run, end, 9783590091130684
1787664524.253086, NoOp Chain Depth 128 Size 0 Mode ref, Ref Stage 118, run, start, 9783590091144892
1787664524.253106, NoOp Chain Depth 128 Size 0 Mode ref, Ref Stage 118, run, end, 9783590091165500
1787664524.253122, NoOp Chain Depth 128 Size 0 Mode ref, Ref Stage 119, run, start, 9783590091181228
1787664524.253144, NoOp Chain Depth 128 Size 0 Mode ref, Ref Stage 119, run, end, 9783590091203452
1787664524.253155, NoOp Chain Depth 128 Size 0 Mode ref, Ref Stage 120, run, start, 9783590091215020
1787664524.253186, NoOp Chain Depth 128 Size 0 Mode ref, Ref Stage 120, run, end, 9783590091245627
1787664524.253201, NoOp Chain Depth 128 Size 0 Mode ref, Ref Stage 121, run, start, 9783590091259931
1787664524.253224, NoOp Chain Depth 128 Size 0 Mode ref, Ref Stage 121, run, end, 9783590091283707
1787664524.253236, NoOp Chain Depth 128 Size 0 Mode ref, Ref Stage 122, run, start, 9783590091295387
1787664524.253267, NoOp Chain Depth 128 Size 0 Mode ref, Ref Stage 122, run, end, 9783590091326331
1787664524.253283, NoOp Chain Depth 128 Size 0 Mode ref, Ref Stage 123, run, start, 9783590091342187
1787664524.253304, NoOp Chain Depth 128 Size 0 Mode ref, Ref Stage 123, run, end, 9783590091362891
1787664524.253319, NoOp Chain Depth 128 Size 0 Mode ref, Ref Stage 124, run, start, 9783590091378491
1787664524.253341, NoOp Chain Depth 128 Size 0 Mode ref, Ref Stage 124, run, end, 9783590091400619
1787664524.253356, NoOp Chain Depth 128 Size 0 Mode ref, Ref Stage 125, run, start, 9783590091414923
1787664524.253376, NoOp Chain Depth 128 Size 0 Mode ref, Ref Stage 125, run, end, 9783590091435563
1787664524.253395, NoOp Chain Depth 128 Size 0 Mode ref, Ref Stage 126, run, start, 9783590091454283
1787664524.253416, NoOp Chain Depth 128 Size 0 Mode ref, Ref Stage 126, run, end, 9783590091475179
1787664524.253431, NoOp Chain Depth 128 Size 0 Mode ref, Ref Stage 127, run, start, 9783590091490507
1787664524.253452, NoOp Chain Depth 128 Size 0 Mode ref, Ref Stage 127, run, end, 9783590091511339
1787664524.253468, NoOp Chain Depth 128 Size 0 Mode ref, pipeline - train, run, end, 87315235699944709448761878697182533790, 1787664524.246561, 72, 1, 9783590091527019
1787664524.253509, NoOp Chain Depth 128 Size 0 Mode ref, pipeline - train, run, start, 55256596058409350795397113547768098290, 1787664524.253498, 73, 1, 9783590091568299
1787664524.253533, NoOp Chain Depth 128 Size 0 Mode ref, Ref Stage 0, run, start, 9783590091592923
1787664524.253555, NoOp Chain Depth 128 Size 0 Mode ref, Ref Stage 0, run, end, 9783590091614091
1787664524.253571, NoOp Chain Depth 128 Size 0 Mode ref, Ref Stage 1, run, start, 9783590091629851
1787664524.253592, NoOp Chain Depth 128 Size 0 Mode ref, Ref Stage 1, run, end, 9783590091650843
1787664524.253606, NoOp Chain Depth 128 Size 0 Mode ref, Ref Stage 2, run, start, 9783590091665179
1787664524.253627, NoOp Chain Depth 128 Size 0 Mode ref, Ref Stage 2, run, end, 9783590091686091
1787664524.253641, NoOp Chain Depth 128 Size 0 Mode ref, Ref Stage 3, run, start, 9783590091700171
1787664524.253662, NoOp Chain Depth 128 Size 0 Mode ref, Ref Stage 3, run, end, 9783590091720875
1787664524.253676, NoOp Chain Depth 128 Size 0 Mode ref, Ref Stage 4, run, start, 9783590091735211
1787664524.253697, NoOp Chain Depth 128 Size 0 Mode ref, Ref Stage 4, run, end, 9783590091756011
1787664524.253711, NoOp Chain Depth 128 Size 0 Mode ref, Ref Stage 5, run, start, 9783590091770331
1787664524.253734, NoOp Chain Depth 128 Size 0 Mode ref, Ref Stage 5, run, end, 9783590091793787
1787664524.253749, NoOp Chain Depth 128 Size 0 Mode ref, Ref Stage 6, run, start, 9783590091807995
1787664524.253771, NoOp Chain Depth 128 Size 0 Mode ref, Ref Stage 6, run, end, 9783590091829899
1787664524.253782, NoOp Chain Depth 128 Size 0 Mode ref, Ref Stage 7, run, start, 9783590091841467
1787664524.253813, NoOp Chain Depth 128 Size 0 Mode ref, Ref Stage 7, run, end, 9783590091872091
1787664524.253827, NoOp Chain Depth 128 Size 0 Mode ref, Ref Stage 8, run, start, 9783590091886475
1787664524.253848, NoOp Chain Depth 128 Size 0 Mode ref, Ref Stage 8, run, end, 9783590091907019
1787664524.253862, NoOp Chain Depth 128 Size 0 Mode ref, Ref Stage 9, run, start, 9783590091921291
1787664524.253884, NoOp Chain Depth 128 Size 0 Mode ref, Ref Stage 9, run, end, 9783590091943035
1787664524.253898, NoOp Chain Depth 128 Size 0 Mode ref, Ref Stage 10, run, start, 9783590091957419
1787664524.253920, NoOp Chain Depth 128 Size 0 Mode ref, Ref Stage 10, run, end, 9783590091979259
1787664524.253935, NoOp Chain Depth 128 Size 0 Mode ref, Ref Stage 11, run, start, 9783590091994283
1787664524.253959, NoOp Chain Depth 128 Size 0 Mode ref, Ref Stage 11, run, end, 9783590092018091
1787664524.253975, NoOp Chain Depth 128 Size 0 Mode ref, Ref Stage 12, run, start, 9783590092034123
1787664524.253997, NoOp Chain Depth 128 Size 0 Mode ref, Ref Stage 12, run, end, 9783590092056315
1787664524.254009, NoOp Chain Depth 128 Size 0 Mode ref, Ref Stage 13, run, start, 9783590092067835
1787664524.254040, NoOp Chain Depth 128 Size 0 Mode ref, Ref Stage 13, run, end, 9783590092099771
1787664524.254055, NoOp Chain Depth 128 Size 0 Mode ref, Ref Stage 14, run, start, 9783590092114091
1787664524.254076, NoOp Chain Depth 128 Size 0 Mode ref, Ref Stage 14, run, end, 9783590092134891
1787664524.254090, NoOp Chain Depth 128 Size 0 Mode ref, Ref Stage 15, run, start, 9783590092149675
1787664524.254112, NoOp Chain Depth 128 Size 0 Mode ref, Ref Stage 15, run, end, 9783590092171771
1787664524.254129, NoOp Chain Depth 128 Size 0 Mode ref, Ref Stage 16, run, start, 9783590092188603
1787664524.254150, NoOp Chain Depth 128 Size 0 Mode ref, Ref Stage 16, run, end, 9783590092209307
1787664524.254164, NoOp Chain Depth 128 Size 0 Mode ref, Ref Stage 17, run, start, 9783590092223659
1787664524.254188, NoOp Chain Depth 128 Size 0 Mode ref, Ref Stage 17, run, end, 9783590092247147
1787664524.254202, NoOp Chain Depth 128 Size 0 Mode ref, Ref Stage 18, run, start, 9783590092261467
1787664524.254223, NoOp Chain Depth 128 Size 0 Mode ref, Ref Stage 18, run, end, 9783590092282187
1787664524.254237, NoOp Chain Depth 128 Size 0 Mode ref, Ref Stage 19, run, start, 9783590092296539
1787664524.254261, NoOp Chain Depth 128 Size 0 Mode ref, Ref Stage 19, run, end, 9783590092319851
1787664524.254693, NoOp Chain Depth 128 Size 0 Mode ref, Ref Stage 20, run, start, 9783590092753691
1787664524.254719, NoOp Chain Depth 128 Size 0 Mode ref, Ref Stage 20, run, end, 9783590092778362
1787664524.254846, NoOp Chain Depth 128 Size 0 Mode ref, Ref Stage 21, run, start, 9783590092905338
1787664524.254869, NoOp Chain Depth 128 Size 0 Mode ref, Ref Stage 21, run, end, 9783590092927818
1787664524.254884, NoOp Chain Depth 128 Size 0 Mode ref, Ref Stage 22, run, start, 9783590092942874
1787664524.254905, NoOp Chain Depth 128 Size 0 Mode ref, Ref Stage 22, run, end, 9783590092964650
1787664524.254920, NoOp Chain Depth 128 Size 0 Mode ref, Ref Stage 23, run, start, 9783590092979258
1787664524.254941, NoOp Chain Depth 128 Size 0 Mode ref, Ref Stage 23, run, end, 9783590092999946
1787664524.254958, NoOp Chain Depth 128 Size 0 Mode ref, Ref Stage 24, run, start, 9783590093017754
1787664524.254980, NoOp Chain Depth 128 Size 0 Mode ref, Ref Stage 24, run, end, 9783590093038954
1787664524.254994, NoOp Chain Depth 128 Size 0 Mode ref, Ref Stage 25, run, start, 9783590093053498
1787664524.255017, NoOp Chain Depth 128 Size 0 Mode ref, Ref Stage 25, run, end, 9783590093076618
1787664524.255029, NoOp Chain Depth 128 Size 0 Mode ref, Ref Stage 26, run, start, 9783590093088634
1787664524.255063, NoOp Chain Depth 128 Size 0 Mode ref, Ref Stage 26, run, end, 9783590093121722
1787664524.255077, NoOp Chain Depth 128 Size 0 Mode ref, Ref Stage 27, run, start, 9783590093136282
1787664524.255100, NoOp Chain Depth 128 Size 0 Mode ref, Ref Stage 27, run, end, 9783590093159322
1787664524.255112, NoOp Chain Depth 128 Size 0 Mode ref, Ref Stage 28, run, start, 9783590093171066
1787664524.255144, NoOp Chain Depth 128 Size 0 Mode ref, Ref Stage 28, run, end, 9783590093202954
1787664524.255155, NoOp Chain Depth 128 Size 0 Mode ref, Ref Stage 29, run, start, 9783590093214506
1787664524.255187, NoOp Chain Depth 128 Size 0 Mode ref, Ref Stage 29, run, end, 9783590093246522
1787664524.255202, NoOp Chain Depth 128 Size 0 Mode ref, Ref Stage 30, run, start, 9783590093261034
1787664524.255223, NoOp Chain Depth 128 Size 0 Mode ref, Ref Stage 30, run, end, 9783590093281802
1787664524.255237, NoOp Chain Depth 128 Size 0 Mode ref, Ref Stage 31, run, start, 9783590093296410
1787664524.255259, NoOp Chain Depth 128 Size 0 Mode ref, Ref Stage 31, run, end, 9783590093318266
1787664524.255273, NoOp Chain Depth 128 Size 0 Mode ref, Ref Stage 32, run, start, 9783590093332474
1787664524.255294, NoOp Chain Depth 128 Size 0 Mode ref, Ref Stage 32, run, end, 9783590093352970
1787664524.255310, NoOp Chain Depth 128 Size 0 Mode ref, Ref Stage 33, run, start, 9783590093369354
1787664524.255332, NoOp Chain Depth 128 Size 0 Mode ref, Ref Stage 33, run, end, 9783590093391146
1787664524.255347, NoOp Chain Depth 128 Size 0 Mode ref, Ref Stage 34, run, start, 9783590093406250
1787664524.255371, NoOp Chain Depth 128 Size 0 Mode ref, Ref Stage 34, run, end, 9783590093430250
1787664524.255383, NoOp Chain Depth 128 Size 0 Mode ref, Ref Stage 35, run, start, 9783590093441818
1787664524.255414, NoOp Chain Depth 128 Size 0 Mode ref, Ref Stage 35, run, end, 9783590093473610
1787664524.255429, NoOp Chain Depth 128 Size 0 Mode ref, Ref Stage 36, run, start, 9783590093488250
1787664524.255452, NoOp Chain Depth 128 Size 0 Mode ref, Ref Stage 36, run, end, 9783590093511466
1787664524.255468, NoOp Chain Depth 128 Size 0 Mode ref, Ref Stage 37, run, start, 9783590093527066
1787664524.255488, NoOp Chain Depth 128 Size 0 Mode ref, Ref Stage 37, run, end, 9783590093547674
1787664524.255506, NoOp Chain Depth 128 Size 0 Mode ref, Ref Stage 38, run, start, 9783590093565146
1787664524.255528, NoOp Chain Depth 128 Size 0 Mode ref, Ref Stage 38, run, end, 9783590093587242
1787664524.255539, NoOp Chain Depth 128 Size 0 Mode ref, Ref Stage 39, run, start, 9783590093598778
1787664524.255570, NoOp Chain Depth 128 Size 0 Mode ref, Ref Stage 39, run, end, 9783590093629146
1787664524.255585, NoOp Chain Depth 128 Size 0 Mode ref, Ref Stage 40, run, start, 9783590093643994
1787664524.255605, NoOp Chain Depth 128 Size 0 Mode ref, Ref Stage 40, run, end, 9783590093664442
1787664524.255619, NoOp Chain Depth 128 Size 0 Mode ref, Ref Stage 41, run, start, 9783590093678810
1787664524.255640, NoOp Chain Depth 128 Size 0 Mode ref, Ref Stage 41, run, end, 9783590093699450
1787664524.255654, NoOp Chain Depth 128 Size 0 Mode ref, Ref Stage 42, run, start, 9783590093713818
1787664524.255685, NoOp Chain Depth 128 Size 0 Mode ref, Ref Stage 42, run, end, 9783590093744218
1787664524.255699, NoOp Chain Depth 128 Size 0 Mode ref, Ref Stage 43, run, start, 9783590093758730
1787664524.255723, NoOp Chain Depth 128 Size 0 Mode ref, Ref Stage 43, run, end, 9783590093782330
1787664524.255735, NoOp Chain Depth 128 Size 0 Mode ref, Ref Stage 44, run, start, 9783590093794586
1787664524.255766, NoOp Chain Depth 128 Size 0 Mode ref, Ref Stage 44, run, end, 9783590093824858
1787664524.255780, NoOp Chain Depth 128 Size 0 Mode ref, Ref Stage 45, run, start, 9783590093839034
1787664524.255802, NoOp Chain Depth 128 Size 0 Mode ref, Ref Stage 45, run, end, 9783590093861002
1787664524.255816, NoOp Chain Depth 128 Size 0 Mode ref, Ref Stage 46, run, start, 9783590093875354
1787664524.255837, NoOp Chain Depth 128 Size 0 Mode ref, Ref Stage 46, run, end, 9783590093896090
1787664524.255852, NoOp Chain Depth 128 Size 0 Mode ref, Ref Stage 47, run, start, 9783590093910842
1787664524.255878, NoOp Chain Depth 128 Size 0 Mode ref, Ref Stage 47, run, end, 9783590093937274
1787664524.255892, NoOp Chain Depth 128 Size 0 Mode ref, Ref Stage 48, run, start, 9783590093951578
1787664524.255914, NoOp Chain Depth 128 Size 0 Mode ref, Ref Stage 48, run, end, 9783590093973258
1787664524.255928, NoOp Chain Depth 128 Size 0 Mode ref, Ref Stage 49, run, start, 9783590093987578
1787664524.256258, NoOp Chain Depth 128 Size 0 Mode ref, Ref Stage 49, run, end, 9783590094317706
1787664524.256386, NoOp Chain Depth 128 Size 0 Mode ref, Ref Stage 50, run, start, 9783590094445129
1787664524.256409, NoOp Chain Depth 128 Size 0 Mode ref, Ref Stage 50, run, end, 9783590094468329
1787664524.256424, NoOp Chain Depth 128 Size 0 Mode ref, Ref Stage 51, run, start, 9783590094483289
1787664524.256446, NoOp Chain Depth 128 Size 0 Mode ref, Ref Stage 51, run, end, 9783590094505161
1787664524.256460, NoOp Chain Depth 128 Size 0 Mode ref, Ref Stage 52, run, start, 9783590094519833
1787664524.256482, NoOp Chain Depth 128 Size 0 Mode ref, Ref Stage 52, run, end, 9783590094541369
1787664524.256497, NoOp Chain Depth 128 Size 0 Mode ref, Ref Stage 53, run, start, 9783590094555929
1787664524.256519, NoOp Chain Depth 128 Size 0 Mode ref, Ref Stage 53, run, end, 9783590094578777
1787664524.256531, NoOp Chain Depth 128 Size 0 Mode ref, Ref Stage 54, run, start, 9783590094590521
1787664524.256563, NoOp Chain Depth 128 Size 0 Mode ref, Ref Stage 54, run, end, 9783590094621881
1787664524.256577, NoOp Chain Depth 128 Size 0 Mode ref, Ref Stage 55, run, start, 9783590094636521
1787664524.256598, NoOp Chain Depth 128 Size 0 Mode ref, Ref Stage 55, run, end, 9783590094657705
1787664524.256614, NoOp Chain Depth 128 Size 0 Mode ref, Ref Stage 56, run, start, 9783590094673017
1787664524.256636, NoOp Chain Depth 128 Size 0 Mode ref, Ref Stage 56, run, end, 9783590094695369
1787664524.256648, NoOp Chain Depth 128 Size 0 Mode ref, Ref Stage 57, run, start, 9783590094706937
1787664524.256679, NoOp Chain Depth 128 Size 0 Mode ref, Ref Stage 57, run, end, 9783590094737849
1787664524.256695, NoOp Chain Depth 128 Size 0 Mode ref, Ref Stage 58, run, start, 9783590094754105
1787664524.256721, NoOp Chain Depth 128 Size 0 Mode ref, Ref Stage 58, run, end, 9783590094780409
1787664524.256733, NoOp Chain Depth 128 Size 0 Mode ref, Ref Stage 59, run, start, 9783590094792153
1787664524.256764, NoOp Chain Depth 128 Size 0 Mode ref, Ref Stage 59, run, end, 9783590094822825
1787664524.256779, NoOp Chain Depth 128 Size 0 Mode ref, Ref Stage 60, run, start, 9783590094838553
1787664524.256800, NoOp Chain Depth 128 Size 0 Mode ref, Ref Stage 60, run, end, 9783590094859145
1787664524.256814, NoOp Chain Depth 128 Size 0 Mode ref, Ref Stage 61, run, start, 9783590094873561
1787664524.256840, NoOp Chain Depth 128 Size 0 Mode ref, Ref Stage 61, run, end, 9783590094898633
1787664524.256852, NoOp Chain Depth 128 Size 0 Mode ref, Ref Stage 62, run, start, 9783590094911609
1787664524.259566, NoOp Chain Depth 128 Size 0 Mode ref, Ref Stage 62, run, end, 9783590097626023
1787664524.259583, NoOp Chain Depth 128 Size 0 Mode ref, Ref Stage 63, run, start, 9783590097642455
1787664524.259605, NoOp Chain Depth 128 Size 0 Mode ref, Ref Stage 63, run, end, 9783590097664583
1787664524.259620, NoOp Chain Depth 128 Size 0 Mode ref, Ref Stage 64, run, start, 9783590097679303
1787664524.259641, NoOp Chain Depth 128 Size 0 Mode ref, Ref Stage 64, run, end, 9783590097700727
1787664524.259656, NoOp Chain Depth 128 Size 0 Mode ref, Ref Stage 65, run, start, 9783590097715271
1787664524.259677, NoOp Chain Depth 128 Size 0 Mode ref, Ref Stage 65, run, end, 9783590097735991
1787664524.259691, NoOp Chain Depth 128 Size 0 Mode ref, Ref Stage 66, run, start, 9783590097750727
1787664524.259713, NoOp Chain Depth 128 Size 0 Mode ref, Ref Stage 66, run, end, 9783590097771911
1787664524.259727, NoOp Chain Depth 128 Size 0 Mode ref, Ref Stage 67, run, start, 9783590097786647
1787664524.259749, NoOp Chain Depth 128 Size 0 Mode ref, Ref Stage 67, run, end, 9783590097808071
1787664524.259763, NoOp Chain Depth 128 Size 0 Mode ref, Ref Stage 68, run, start, 9783590097822679
1787664524.259784, NoOp Chain Depth 128 Size 0 Mode ref, Ref Stage 68, run, end, 9783590097843591
1787664524.259799, NoOp Chain Depth 128 Size 0 Mode ref, Ref Stage 69, run, start, 9783590097858151
1787664524.259820, NoOp Chain Depth 128 Size 0 Mode ref, Ref Stage 69, run, end, 9783590097879047
1787664524.259834, NoOp Chain Depth 128 Size 0 Mode ref, Ref Stage 70, run, start, 9783590097893511
1787664524.259855, NoOp Chain Depth 128 Size 0 Mode ref, Ref Stage 70, run, end, 9783590097914135
1787664524.259869, NoOp Chain Depth 128 Size 0 Mode ref, Ref Stage 71, run, start, 9783590097928551
1787664524.259890, NoOp Chain Depth 128 Size 0 Mode ref, Ref Stage 71, run, end, 9783590097949447
1787664524.259905, NoOp Chain Depth 128 Size 0 Mode ref, Ref Stage 72, run, start, 9783590097963911
1787664524.259927, NoOp Chain Depth 128 Size 0 Mode ref, Ref Stage 72, run, end, 9783590097986199
1787664524.259939, NoOp Chain Depth 128 Size 0 Mode ref, Ref Stage 73, run, start, 9783590097998007
1787664524.259972, NoOp Chain Depth 128 Size 0 Mode ref, Ref Stage 73, run, end, 9783590098031463
1787664524.259987, NoOp Chain Depth 128 Size 0 Mode ref, Ref Stage 74, run, start, 9783590098045831
1787664524.260008, NoOp Chain Depth 128 Size 0 Mode ref, Ref Stage 74, run, end, 9783590098066775
1787664524.260023, NoOp Chain Depth 128 Size 0 Mode ref, Ref Stage 75, run, start, 9783590098081815
1787664524.260043, NoOp Chain Depth 128 Size 0 Mode ref, Ref Stage 75, run, end, 9783590098102295
1787664524.260057, NoOp Chain Depth 128 Size 0 Mode ref, Ref Stage 76, run, start, 9783590098116679
1787664524.260080, NoOp Chain Depth 128 Size 0 Mode ref, Ref Stage 76, run, end, 9783590098139047
1787664524.260091, NoOp Chain Depth 128 Size 0 Mode ref, Ref Stage 77, run, start, 9783590098150679
1787664524.260122, NoOp Chain Depth 128 Size 0 Mode ref, Ref Stage 77, run, end, 9783590098181127
1787664524.260136, NoOp Chain Depth 128 Size 0 Mode ref, Ref Stage 78, run, start, 9783590098195639
1787664524.260157, NoOp Chain Depth 128 Size 0 Mode ref, Ref Stage 78, run, end, 9783590098216407
1787664524.260172, NoOp Chain Depth 128 Size 0 Mode ref, Ref Stage 79, run, start, 9783590098230951
1787664524.260195, NoOp Chain Depth 128 Size 0 Mode ref, Ref Stage 79, run, end, 9783590098253863
1787664524.260209, NoOp Chain Depth 128 Size 0 Mode ref, Ref Stage 80, run, start, 9783590098268311
1787664524.260230, NoOp Chain Depth 128 Size 0 Mode ref, Ref Stage 80, run, end, 9783590098288887
1787664524.260244, NoOp Chain Depth 128 Size 0 Mode ref, Ref Stage 81, run, start, 9783590098303063
1787664524.260264, NoOp Chain Depth 128 Size 0 Mode ref, Ref Stage 81, run, end, 9783590098323735
1787664524.260279, NoOp Chain Depth 128 Size 0 Mode ref, Ref Stage 82, run, start, 9783590098338199
1787664524.260299, NoOp Chain Depth 128 Size 0 Mode ref, Ref Stage 82, run, end, 9783590098358775
1787664524.260314, NoOp Chain Depth 128 Size 0 Mode ref, Ref Stage 83, run, start, 9783590098372967
1787664524.260334, NoOp Chain Depth 128 Size 0 Mode ref, Ref Stage 83, run, end, 9783590098393351
1787664524.260348, NoOp Chain Depth 128 Size 0 Mode ref, Ref Stage 84, run, start, 9783590098407575
1787664524.260370, NoOp Chain Depth 128 Size 0 Mode ref, Ref Stage 84, run, end, 9783590098429543
1787664524.260382, NoOp Chain Depth 128 Size 0 Mode ref, Ref Stage 85, run, start, 9783590098440967
1787664524.260412, NoOp Chain Depth 128 Size 0 Mode ref, Ref Stage 85, run, end, 9783590098471207
1787664524.260426, NoOp Chain Depth 128 Size 0 Mode ref, Ref Stage 86, run, start, 9783590098485623
1787664524.260447, NoOp Chain Depth 128 Size 0 Mode ref, Ref Stage 86, run, end, 9783590098506167
1787664524.260461, NoOp Chain Depth 128 Size 0 Mode ref, Ref Stage 87, run, start, 9783590098520695
1787664524.260482, NoOp Chain Depth 128 Size 0 Mode ref, Ref Stage 87, run, end, 9783590098541079
1787664524.260496, NoOp Chain Depth 128 Size 0 Mode ref, Ref Stage 88, run, start, 9783590098555575
1787664524.260517, NoOp Chain Depth 128 Size 0 Mode ref, Ref Stage 88, run, end, 9783590098576263
1787664524.260531, NoOp Chain Depth 128 Size 0 Mode ref, Ref Stage 89, run, start, 9783590098590535
1787664524.260552, NoOp Chain Depth 128 Size 0 Mode ref, Ref Stage 89, run, end, 9783590098611447
1787664524.260566, NoOp Chain Depth 128 Size 0 Mode ref, Ref Stage 90, run, start, 9783590098625735
1787664524.260587, NoOp Chain Depth 128 Size 0 Mode ref, Ref Stage 90, run, end, 9783590098646455
1787664524.260601, NoOp Chain Depth 128 Size 0 Mode ref, Ref Stage 91, run, start, 9783590098660743
1787664524.260622, NoOp Chain Depth 128 Size 0 Mode ref, Ref Stage 91, run, end, 9783590098681527
1787664524.260637, NoOp Chain Depth 128 Size 0 Mode ref, Ref Stage 92, run, start, 9783590098696119
1787664524.260658, NoOp Chain Depth 128 Size 0 Mode ref, Ref Stage 92, run, end, 9783590098716983
1787664524.260674, NoOp Chain Depth 128 Size 0 Mode ref, Ref Stage 93, run, start, 9783590098733063
1787664524.260695, NoOp Chain Depth 128 Size 0 Mode ref, Ref Stage 93, run, end, 9783590098753959
1787664524.260709, NoOp Chain Depth 128 Size 0 Mode ref, Ref Stage 94, run, start, 9783590098768599
1787664524.260818, NoOp Chain Depth 128 Size 0 Mode ref, Ref Stage 94, run, end, 9783590098877702
1787664524.260835, NoOp Chain Depth 128 Size 0 Mode ref, Ref Stage 95, run, start, 9783590098894342
1787664524.260857, NoOp Chain Depth 128 Size 0 Mode ref, Ref Stage 95, run, end, 9783590098915734
1787664524.260871, NoOp Chain Depth 128 Size 0 Mode ref, Ref Stage 96, run, start, 9783590098930262
1787664524.260894, NoOp Chain Depth 128 Size 0 Mode ref, Ref Stage 96, run, end, 9783590098952854
1787664524.260910, NoOp Chain Depth 128 Size 0 Mode ref, Ref Stage 97, run, start, 9783590098969094
1787664524.260932, NoOp Chain Depth 128 Size 0 Mode ref, Ref Stage 97, run, end, 9783590098991046
1787664524.260948, NoOp Chain Depth 128 Size 0 Mode ref, Ref Stage 98, run, start, 9783590099006998
1787664524.260970, NoOp Chain Depth 128 Size 0 Mode ref, Ref Stage 98, run, end, 9783590099029526
1787664524.260985, NoOp Chain Depth 128 Size 0 Mode ref, Ref Stage 99, run, start, 9783590099044134
1787664524.261288, NoOp Chain Depth 128 Size 0 Mode ref, Ref Stage 99, run, end, 9783590099348790
1787664524.261420, NoOp Chain Depth 128 Size 0 Mode ref, Ref Stage 100, run, start, 9783590099479270
1787664524.261446, NoOp Chain Depth 128 Size 0 Mode ref, Ref Stage 100, run, end, 9783590099505398
1787664524.261458, NoOp Chain Depth 128 Size 0 Mode ref, Ref Stage 101, run, start, 9783590099517702
1787664524.261490, NoOp Chain Depth 128 Size 0 Mode ref, Ref Stage 101, run, end, 9783590099549558
1787664524.261505, NoOp Chain Depth 128 Size 0 Mode ref, Ref Stage 102, run, start, 9783590099564246
1787664524.261526, NoOp Chain Depth 128 Size 0 Mode ref, Ref Stage 102, run, end, 9783590099585222
1787664524.261541, NoOp Chain Depth 128 Size 0 Mode ref, Ref Stage 103, run, start, 9783590099599926
1787664524.261562, NoOp Chain Depth 128 Size 0 Mode ref, Ref Stage 103, run, end, 9783590099620854
1787664524.261576, NoOp Chain Depth 128 Size 0 Mode ref, Ref Stage 104, run, start, 9783590099635318
1787664524.261597, NoOp Chain Depth 128 Size 0 Mode ref, Ref Stage 104, run, end, 9783590099656246
1787664524.261611, NoOp Chain Depth 128 Size 0 Mode ref, Ref Stage 105, run, start, 9783590099670758
1787664524.261632, NoOp Chain Depth 128 Size 0 Mode ref, Ref Stage 105, run, end, 9783590099691846
1787664524.261647, NoOp Chain Depth 128 Size 0 Mode ref, Ref Stage 106, run, start, 9783590099706358
1787664524.261668, NoOp Chain Depth 128 Size 0 Mode ref, Ref Stage 106, run, end, 9783590099727430
1787664524.261683, NoOp Chain Depth 128 Size 0 Mode ref, Ref Stage 107, run, start, 9783590099742742
1787664524.261708, NoOp Chain Depth 128 Size 0 Mode ref, Ref Stage 107, run, end, 9783590099766870
1787664524.261719, NoOp Chain Depth 128 Size 0 Mode ref, Ref Stage 108, run, start, 9783590099778358
1787664524.261753, NoOp Chain Depth 128 Size 0 Mode ref, Ref Stage 108, run, end, 9783590099811958
1787664524.261768, NoOp Chain Depth 128 Size 0 Mode ref, Ref Stage 109, run, start, 9783590099826870
1787664524.261788, NoOp Chain Depth 128 Size 0 Mode ref, Ref Stage 109, run, end, 9783590099847718
1787664524.261803, NoOp Chain Depth 128 Size 0 Mode ref, Ref Stage 110, run, start, 9783590099862150
1787664524.261826, NoOp Chain Depth 128 Size 0 Mode ref, Ref Stage 110, run, end, 9783590099884662
1787664524.261840, NoOp Chain Depth 128 Size 0 Mode ref, Ref Stage 111, run, start, 9783590099899590
1787664524.261861, NoOp Chain Depth 128 Size 0 Mode ref, Ref Stage 111, run, end, 9783590099920870
1787664524.261876, NoOp Chain Depth 128 Size 0 Mode ref, Ref Stage 112, run, start, 9783590099935222
1787664524.261897, NoOp Chain Depth 128 Size 0 Mode ref, Ref Stage 112, run, end, 9783590099955798
1787664524.261911, NoOp Chain Depth 128 Size 0 Mode ref, Ref Stage 113, run, start, 9783590099970182
1787664524.261931, NoOp Chain Depth 128 Size 0 Mode ref, Ref Stage 113, run, end, 9783590099990854
1787664524.261950, NoOp Chain Depth 128 Size 0 Mode ref, Ref Stage 114, run, start, 9783590100008838
1787664524.261971, NoOp Chain Depth 128 Size 0 Mode ref, Ref Stage 114, run, end, 9783590100030326
1787664524.261985, NoOp Chain Depth 128 Size 0 Mode ref, Ref Stage 115, run, start, 9783590100044614
1787664524.262008, NoOp Chain Depth 128 Size 0 Mode ref, Ref Stage 115, run, end, 9783590100066918
1787664524.262022, NoOp Chain Depth 128 Size 0 Mode ref, Ref Stage 116, run, start, 9783590100081302
1787664524.262044, NoOp Chain Depth 128 Size 0 Mode ref, Ref Stage 116, run, end, 9783590100103318
1787664524.262058, NoOp Chain Depth 128 Size 0 Mode ref, Ref Stage 117, run, start, 9783590100117574
1787664524.262079, NoOp Chain Depth 128 Size 0 Mode ref, Ref Stage 117, run, end, 9783590100138534
1787664524.262093, NoOp Chain Depth 128 Size 0 Mode ref, Ref Stage 118, run, start, 9783590100152614
1787664524.262115, NoOp Chain Depth 128 Size 0 Mode ref, Ref Stage 118, run, end, 9783590100174646
1787664524.262130, NoOp Chain Depth 128 Size 0 Mode ref, Ref Stage 119, run, start, 9783590100189686
1787664524.262152, NoOp Chain Depth 128 Size 0 Mode ref, Ref Stage 119, run, end, 9783590100211510
1787664524.262167, NoOp Chain Depth 128 Size 0 Mode ref, Ref Stage 120, run, start, 9783590100226022
1787664524.262191, NoOp Chain Depth 128 Size 0 Mode ref, Ref Stage 120, run, end, 9783590100250118
1787664524.262205, NoOp Chain Depth 128 Size 0 Mode ref, Ref Stage 121, run, start, 9783590100264678
1787664524.262228, NoOp Chain Depth 128 Size 0 Mode ref, Ref Stage 121, run, end, 9783590100287702
1787664524.262240, NoOp Chain Depth 128 Size 0 Mode ref, Ref Stage 122, run, start, 9783590100299398
1787664524.262271, NoOp Chain Depth 128 Size 0 Mode ref, Ref Stage 122, run, end, 9783590100330085
1787664524.262285, NoOp Chain Depth 128 Size 0 Mode ref, Ref Stage 123, run, start, 9783590100344309
1787664524.262307, NoOp Chain Depth 128 Size 0 Mode ref, Ref Stage 123, run, end, 9783590100366293
1787664524.262321, NoOp Chain Depth 128 Size 0 Mode ref, Ref Stage 124, run, start, 9783590100380629
1787664524.262343, NoOp Chain Depth 128 Size 0 Mode ref, Ref Stage 124, run, end, 9783590100402613
1787664524.262357, NoOp Chain Depth 128 Size 0 Mode ref, Ref Stage 125, run, start, 9783590100416757
1787664524.262379, NoOp Chain Depth 128 Size 0 Mode ref, Ref Stage 125, run, end, 9783590100438549
1787664524.262393, NoOp Chain Depth 128 Size 0 Mode ref, Ref Stage 126, run, start, 9783590100452661
1787664524.262414, NoOp Chain Depth 128 Size 0 Mode ref, Ref Stage 126, run, end, 9783590100473365
1787664524.262429, NoOp Chain Depth 128 Size 0 Mode ref, Ref Stage 127, run, start, 9783590100488085
1787664524.262450, NoOp Chain Depth 128 Size 0 Mode ref, Ref Stage 127, run, end, 9783590100508981
1787664524.262465, NoOp Chain Depth 128 Size 0 Mode ref, pipeline - train, run, end, 55256596058409350795397113547768098290, 1787664524.253498, 73, 1, 9783590100524885
1787664524.262505, NoOp Chain Depth 128 Size 0 Mode ref, pipeline - train, run, start, 236687009006147753968761285800940366244, 1787664524.262491, 74, 1, 9783590100564149
1787664524.262528, NoOp Chain Depth 128 Size 0 Mode ref, Ref Stage 0, run, start, 9783590100587045
1787664524.262552, NoOp Chain Depth 128 Size 0 Mode ref, Ref Stage 0, run, end, 9783590100610949
1787664524.262566, NoOp Chain Depth 128 Size 0 Mode ref, Ref Stage 1, run, start, 9783590100625541
1787664524.262593, NoOp Chain Depth 128 Size 0 Mode ref, Ref Stage 1, run, end, 9783590100651685
1787664524.262607, NoOp Chain Depth 128 Size 0 Mode ref, Ref Stage 2, run, start, 9783590100666117
1787664524.262628, NoOp Chain Depth 128 Size 0 Mode ref, Ref Stage 2, run, end, 9783590100687013
1787664524.262642, NoOp Chain Depth 128 Size 0 Mode ref, Ref Stage 3, run, start, 9783590100701749
1787664524.262663, NoOp Chain Depth 128 Size 0 Mode ref, Ref Stage 3, run, end, 9783590100722293
1787664524.262677, NoOp Chain Depth 128 Size 0 Mode ref, Ref Stage 4, run, start, 9783590100736565
1787664524.262698, NoOp Chain Depth 128 Size 0 Mode ref, Ref Stage 4, run, end, 9783590100756965
1787664524.262712, NoOp Chain Depth 128 Size 0 Mode ref, Ref Stage 5, run, start, 9783590100771317
1787664524.262734, NoOp Chain Depth 128 Size 0 Mode ref, Ref Stage 5, run, end, 9783590100793349
1787664524.262748, NoOp Chain Depth 128 Size 0 Mode ref, Ref Stage 6, run, start, 9783590100807685
1787664524.262772, NoOp Chain Depth 128 Size 0 Mode ref, Ref Stage 6, run, end, 9783590100831269
1787664524.262784, NoOp Chain Depth 128 Size 0 Mode ref, Ref Stage 7, run, start, 9783590100843125
1787664524.262815, NoOp Chain Depth 128 Size 0 Mode ref, Ref Stage 7, run, end, 9783590100874197
1787664524.262829, NoOp Chain Depth 128 Size 0 Mode ref, Ref Stage 8, run, start, 9783590100888501
1787664524.262851, NoOp Chain Depth 128 Size 0 Mode ref, Ref Stage 8, run, end, 9783590100910437
1787664524.262866, NoOp Chain Depth 128 Size 0 Mode ref, Ref Stage 9, run, start, 9783590100924821
1787664524.262886, NoOp Chain Depth 128 Size 0 Mode ref, Ref Stage 9, run, end, 9783590100945365
1787664524.262901, NoOp Chain Depth 128 Size 0 Mode ref, Ref Stage 10, run, start, 9783590100959717
1787664524.262922, NoOp Chain Depth 128 Size 0 Mode ref, Ref Stage 10, run, end, 9783590100980581
1787664524.262937, NoOp Chain Depth 128 Size 0 Mode ref, Ref Stage 11, run, start, 9783590100995989
1787664524.262960, NoOp Chain Depth 128 Size 0 Mode ref, Ref Stage 11, run, end, 9783590101019701
1787664524.262977, NoOp Chain Depth 128 Size 0 Mode ref, Ref Stage 12, run, start, 9783590101036501
1787664524.263329, NoOp Chain Depth 128 Size 0 Mode ref, Ref Stage 12, run, end, 9783590101389061
1787664524.263458, NoOp Chain Depth 128 Size 0 Mode ref, Ref Stage 13, run, start, 9783590101517509
1787664524.263483, NoOp Chain Depth 128 Size 0 Mode ref, Ref Stage 13, run, end, 9783590101542101
1787664524.263498, NoOp Chain Depth 128 Size 0 Mode ref, Ref Stage 14, run, start, 9783590101557365
1787664524.263520, NoOp Chain Depth 128 Size 0 Mode ref, Ref Stage 14, run, end, 9783590101578869
1787664524.263534, NoOp Chain Depth 128 Size 0 Mode ref, Ref Stage 15, run, start, 9783590101593333
1787664524.263555, NoOp Chain Depth 128 Size 0 Mode ref, Ref Stage 15, run, end, 9783590101614325
1787664524.263569, NoOp Chain Depth 128 Size 0 Mode ref, Ref Stage 16, run, start, 9783590101628661
1787664524.263590, NoOp Chain Depth 128 Size 0 Mode ref, Ref Stage 16, run, end, 9783590101649685
1787664524.263605, NoOp Chain Depth 128 Size 0 Mode ref, Ref Stage 17, run, start, 9783590101664037
1787664524.263626, NoOp Chain Depth 128 Size 0 Mode ref, Ref Stage 17, run, end, 9783590101684933
1787664524.263640, NoOp Chain Depth 128 Size 0 Mode ref, Ref Stage 18, run, start, 9783590101699413
1787664524.263663, NoOp Chain Depth 128 Size 0 Mode ref, Ref Stage 18, run, end, 9783590101721893
1787664524.263674, NoOp Chain Depth 128 Size 0 Mode ref, Ref Stage 19, run, start, 9783590101733621
1787664524.263706, NoOp Chain Depth 128 Size 0 Mode ref, Ref Stage 19, run, end, 9783590101766725
1787664524.263722, NoOp Chain Depth 128 Size 0 Mode ref, Ref Stage 20, run, start, 9783590101781397
1787664524.263744, NoOp Chain Depth 128 Size 0 Mode ref, Ref Stage 20, run, end, 9783590101803605
1787664524.263759, NoOp Chain Depth 128 Size 0 Mode ref, Ref Stage 21, run, start, 9783590101818053
1787664524.263782, NoOp Chain Depth 128 Size 0 Mode ref, Ref Stage 21, run, end, 9783590101841236
1787664524.263796, NoOp Chain Depth 128 Size 0 Mode ref, Ref Stage 22, run, start, 9783590101855588
1787664524.263817, NoOp Chain Depth 128 Size 0 Mode ref, Ref Stage 22, run, end, 9783590101876500
1787664524.263832, NoOp Chain Depth 128 Size 0 Mode ref, Ref Stage 23, run, start, 9783590101891476
1787664524.263853, NoOp Chain Depth 128 Size 0 Mode ref, Ref Stage 23, run, end, 9783590101912148
1787664524.263867, NoOp Chain Depth 128 Size 0 Mode ref, Ref Stage 24, run, start, 9783590101926516
1787664524.263889, NoOp Chain Depth 128 Size 0 Mode ref, Ref Stage 24, run, end, 9783590101948612
1787664524.263904, NoOp Chain Depth 128 Size 0 Mode ref, Ref Stage 25, run, start, 9783590101962980
1787664524.263926, NoOp Chain Depth 128 Size 0 Mode ref, Ref Stage 25, run, end, 9783590101985268
1787664524.264333, NoOp Chain Depth 128 Size 0 Mode ref, Ref Stage 26, run, start, 9783590102392660
1787664524.264470, NoOp Chain Depth 128 Size 0 Mode ref, Ref Stage 26, run, end, 9783590102529876
1787664524.264486, NoOp Chain Depth 128 Size 0 Mode ref, Ref Stage 27, run, start, 9783590102545284
1787664524.264508, NoOp Chain Depth 128 Size 0 Mode ref, Ref Stage 27, run, end, 9783590102566772
1787664524.264522, NoOp Chain Depth 128 Size 0 Mode ref, Ref Stage 28, run, start, 9783590102581668
1787664524.264545, NoOp Chain Depth 128 Size 0 Mode ref, Ref Stage 28, run, end, 9783590102604164
1787664524.264557, NoOp Chain Depth 128 Size 0 Mode ref, Ref Stage 29, run, start, 9783590102615908
1787664524.264587, NoOp Chain Depth 128 Size 0 Mode ref, Ref Stage 29, run, end, 9783590102646852
1787664524.264602, NoOp Chain Depth 128 Size 0 Mode ref, Ref Stage 30, run, start, 9783590102661188
1787664524.264623, NoOp Chain Depth 128 Size 0 Mode ref, Ref Stage 30, run, end, 9783590102682196
1787664524.264638, NoOp Chain Depth 128 Size 0 Mode ref, Ref Stage 31, run, start, 9783590102696900
1787664524.264660, NoOp Chain Depth 128 Size 0 Mode ref, Ref Stage 31, run, end, 9783590102719524
1787664524.264677, NoOp Chain Depth 128 Size 0 Mode ref, Ref Stage 32, run, start, 9783590102735908
1787664524.264698, NoOp Chain Depth 128 Size 0 Mode ref, Ref Stage 32, run, end, 9783590102756804
1787664524.264712, NoOp Chain Depth 128 Size 0 Mode ref, Ref Stage 33, run, start, 9783590102771284
1787664524.264733, NoOp Chain Depth 128 Size 0 Mode ref, Ref Stage 33, run, end, 9783590102791956
1787664524.264748, NoOp Chain Depth 128 Size 0 Mode ref, Ref Stage 34, run, start, 9783590102807188
1787664524.264770, NoOp Chain Depth 128 Size 0 Mode ref, Ref Stage 34, run, end, 9783590102829508
1787664524.264784, NoOp Chain Depth 128 Size 0 Mode ref, Ref Stage 35, run, start, 9783590102842932
1787664524.264814, NoOp Chain Depth 128 Size 0 Mode ref, Ref Stage 35, run, end, 9783590102873364
1787664524.264828, NoOp Chain Depth 128 Size 0 Mode ref, Ref Stage 36, run, start, 9783590102887796
1787664524.264849, NoOp Chain Depth 128 Size 0 Mode ref, Ref Stage 36, run, end, 9783590102908596
1787664524.264865, NoOp Chain Depth 128 Size 0 Mode ref, Ref Stage 37, run, start, 9783590102924628
1787664524.264886, NoOp Chain Depth 128 Size 0 Mode ref, Ref Stage 37, run, end, 9783590102945428
1787664524.264901, NoOp Chain Depth 128 Size 0 Mode ref, Ref Stage 38, run, start, 9783590102959716
1787664524.264923, NoOp Chain Depth 128 Size 0 Mode ref, Ref Stage 38, run, end, 9783590102983332
1787664524.265246, NoOp Chain Depth 128 Size 0 Mode ref, Ref Stage 39, run, start, 9783590103306196
1787664524.265271, NoOp Chain Depth 128 Size 0 Mode ref, Ref Stage 39, run, end, 9783590103330724
1787664524.265393, NoOp Chain Depth 128 Size 0 Mode ref, Ref Stage 40, run, start, 9783590103452355
1787664524.265415, NoOp Chain Depth 128 Size 0 Mode ref, Ref Stage 40, run, end, 9783590103474387
1787664524.265429, NoOp Chain Depth 128 Size 0 Mode ref, Ref Stage 41, run, start, 9783590103488835
1787664524.265450, NoOp Chain Depth 128 Size 0 Mode ref, Ref Stage 41, run, end, 9783590103509747
1787664524.265465, NoOp Chain Depth 128 Size 0 Mode ref, Ref Stage 42, run, start, 9783590103524531
1787664524.265486, NoOp Chain Depth 128 Size 0 Mode ref, Ref Stage 42, run, end, 9783590103545123
1787664524.265500, NoOp Chain Depth 128 Size 0 Mode ref, Ref Stage 43, run, start, 9783590103559427
1787664524.265521, NoOp Chain Depth 128 Size 0 Mode ref, Ref Stage 43, run, end, 9783590103580035
1787664524.265535, NoOp Chain Depth 128 Size 0 Mode ref, Ref Stage 44, run, start, 9783590103594211
1787664524.265556, NoOp Chain Depth 128 Size 0 Mode ref, Ref Stage 44, run, end, 9783590103615075
1787664524.265570, NoOp Chain Depth 128 Size 0 Mode ref, Ref Stage 45, run, start, 9783590103629491
1787664524.265592, NoOp Chain Depth 128 Size 0 Mode ref, Ref Stage 45, run, end, 9783590103651459
1787664524.265607, NoOp Chain Depth 128 Size 0 Mode ref, Ref Stage 46, run, start, 9783590103665907
1787664524.265627, NoOp Chain Depth 128 Size 0 Mode ref, Ref Stage 46, run, end, 9783590103686483
1787664524.265642, NoOp Chain Depth 128 Size 0 Mode ref, Ref Stage 47, run, start, 9783590103700899
1787664524.265665, NoOp Chain Depth 128 Size 0 Mode ref, Ref Stage 47, run, end, 9783590103723907
1787664524.265679, NoOp Chain Depth 128 Size 0 Mode ref, Ref Stage 48, run, start, 9783590103738147
1787664524.265703, NoOp Chain Depth 128 Size 0 Mode ref, Ref Stage 48, run, end, 9783590103761971
1787664524.265714, NoOp Chain Depth 128 Size 0 Mode ref, Ref Stage 49, run, start, 9783590103773603
1787664524.265745, NoOp Chain Depth 128 Size 0 Mode ref, Ref Stage 49, run, end, 9783590103804467
1787664524.265759, NoOp Chain Depth 128 Size 0 Mode ref, Ref Stage 50, run, start, 9783590103818915
1787664524.265782, NoOp Chain Depth 128 Size 0 Mode ref, Ref Stage 50, run, end, 9783590103841411
1787664524.265795, NoOp Chain Depth 128 Size 0 Mode ref, Ref Stage 51, run, start, 9783590103854467
1787664524.265826, NoOp Chain Depth 128 Size 0 Mode ref, Ref Stage 51, run, end, 9783590103885283
1787664524.265840, NoOp Chain Depth 128 Size 0 Mode ref, Ref Stage 52, run, start, 9783590103899731
1787664524.265863, NoOp Chain Depth 128 Size 0 Mode ref, Ref Stage 52, run, end, 9783590103921955
1787664524.265880, NoOp Chain Depth 128 Size 0 Mode ref, Ref Stage 53, run, start, 9783590103938803
1787664524.265900, NoOp Chain Depth 128 Size 0 Mode ref, Ref Stage 53, run, end, 9783590103959555
1787664524.265915, NoOp Chain Depth 128 Size 0 Mode ref, Ref Stage 54, run, start, 9783590103973971
1787664524.265935, NoOp Chain Depth 128 Size 0 Mode ref, Ref Stage 54, run, end, 9783590103994643
1787664524.265952, NoOp Chain Depth 128 Size 0 Mode ref, Ref Stage 55, run, start, 9783590104011491
1787664524.265974, NoOp Chain Depth 128 Size 0 Mode ref, Ref Stage 55, run, end, 9783590104033091
1787664524.265989, NoOp Chain Depth 128 Size 0 Mode ref, Ref Stage 56, run, start, 9783590104048355
1787664524.266012, NoOp Chain Depth 128 Size 0 Mode ref, Ref Stage 56, run, end, 9783590104071363
1787664524.266416, NoOp Chain Depth 128 Size 0 Mode ref, Ref Stage 57, run, start, 9783590104476243
1787664524.266441, NoOp Chain Depth 128 Size 0 Mode ref, Ref Stage 57, run, end, 9783590104500499
1787664524.266566, NoOp Chain Depth 128 Size 0 Mode ref, Ref Stage 58, run, start, 9783590104625267
1787664524.266588, NoOp Chain Depth 128 Size 0 Mode ref, Ref Stage 58, run, end, 9783590104647379
1787664524.266603, NoOp Chain Depth 128 Size 0 Mode ref, Ref Stage 59, run, start, 9783590104662115
1787664524.266624, NoOp Chain Depth 128 Size 0 Mode ref, Ref Stage 59, run, end, 9783590104683091
1787664524.266638, NoOp Chain Depth 128 Size 0 Mode ref, Ref Stage 60, run, start, 9783590104697603
1787664524.266661, NoOp Chain Depth 128 Size 0 Mode ref, Ref Stage 60, run, end, 9783590104719955
1787664524.266672, NoOp Chain Depth 128 Size 0 Mode ref, Ref Stage 61, run, start, 9783590104731683
1787664524.266703, NoOp Chain Depth 128 Size 0 Mode ref, Ref Stage 61, run, end, 9783590104762435
1787664524.266718, NoOp Chain Depth 128 Size 0 Mode ref, Ref Stage 62, run, start, 9783590104776899
1787664524.266739, NoOp Chain Depth 128 Size 0 Mode ref, Ref Stage 62, run, end, 9783590104798227
1787664524.266753, NoOp Chain Depth 128 Size 0 Mode ref, Ref Stage 63, run, start, 9783590104812771
1787664524.266775, NoOp Chain Depth 128 Size 0 Mode ref, Ref Stage 63, run, end, 9783590104834019
1787664524.266791, NoOp Chain Depth 128 Size 0 Mode ref, Ref Stage 64, run, start, 9783590104850067
1787664524.266812, NoOp Chain Depth 128 Size 0 Mode ref, Ref Stage 64, run, end, 9783590104870755
1787664524.266826, NoOp Chain Depth 128 Size 0 Mode ref, Ref Stage 65, run, start, 9783590104885171
1787664524.266848, NoOp Chain Depth 128 Size 0 Mode ref, Ref Stage 65, run, end, 9783590104907459
1787664524.266863, NoOp Chain Depth 128 Size 0 Mode ref, Ref Stage 66, run, start, 9783590104921971
1787664524.266884, NoOp Chain Depth 128 Size 0 Mode ref, Ref Stage 66, run, end, 9783590104942834
1787664524.266975, NoOp Chain Depth 128 Size 0 Mode ref, Ref Stage 67, run, start, 9783590105034850
1787664524.266999, NoOp Chain Depth 128 Size 0 Mode ref, Ref Stage 67, run, end, 9783590105059010
1787664524.267016, NoOp Chain Depth 128 Size 0 Mode ref, Ref Stage 68, run, start, 9783590105075394
1787664524.267042, NoOp Chain Depth 128 Size 0 Mode ref, Ref Stage 68, run, end, 9783590105100962
1787664524.267056, NoOp Chain Depth 128 Size 0 Mode ref, Ref Stage 69, run, start, 9783590105115586
1787664524.267077, NoOp Chain Depth 128 Size 0 Mode ref, Ref Stage 69, run, end, 9783590105136370
1787664524.267092, NoOp Chain Depth 128 Size 0 Mode ref, Ref Stage 70, run, start, 9783590105150818
1787664524.267114, NoOp Chain Depth 128 Size 0 Mode ref, Ref Stage 70, run, end, 9783590105173058
1787664524.267128, NoOp Chain Depth 128 Size 0 Mode ref, Ref Stage 71, run, start, 9783590105187842
1787664524.267149, NoOp Chain Depth 128 Size 0 Mode ref, Ref Stage 71, run, end, 9783590105208562
1787664524.267164, NoOp Chain Depth 128 Size 0 Mode ref, Ref Stage 72, run, start, 9783590105222850
1787664524.267186, NoOp Chain Depth 128 Size 0 Mode ref, Ref Stage 72, run, end, 9783590105244850
1787664524.267200, NoOp Chain Depth 128 Size 0 Mode ref, Ref Stage 73, run, start, 9783590105259170
1787664524.267224, NoOp Chain Depth 128 Size 0 Mode ref, Ref Stage 73, run, end, 9783590105283010
1787664524.267238, NoOp Chain Depth 128 Size 0 Mode ref, Ref Stage 74, run, start, 9783590105297682
1787664524.267259, NoOp Chain Depth 128 Size 0 Mode ref, Ref Stage 74, run, end, 9783590105318450
1787664524.267274, NoOp Chain Depth 128 Size 0 Mode ref, Ref Stage 75, run, start, 9783590105333778
1787664524.267295, NoOp Chain Depth 128 Size 0 Mode ref, Ref Stage 75, run, end, 9783590105354306
1787664524.267309, NoOp Chain Depth 128 Size 0 Mode ref, Ref Stage 76, run, start, 9783590105368578
1787664524.267332, NoOp Chain Depth 128 Size 0 Mode ref, Ref Stage 76, run, end, 9783590105390802
1787664524.267343, NoOp Chain Depth 128 Size 0 Mode ref, Ref Stage 77, run, start, 9783590105403634
1787664524.267377, NoOp Chain Depth 128 Size 0 Mode ref, Ref Stage 77, run, end, 9783590105436482
1787664524.267390, NoOp Chain Depth 128 Size 0 Mode ref, Ref Stage 78, run, start, 9783590105449538
1787664524.267422, NoOp Chain Depth 128 Size 0 Mode ref, Ref Stage 78, run, end, 9783590105481314
1787664524.267437, NoOp Chain Depth 128 Size 0 Mode ref, Ref Stage 79, run, start, 9783590105495762
1787664524.267459, NoOp Chain Depth 128 Size 0 Mode ref, Ref Stage 79, run, end, 9783590105518498
1787664524.267474, NoOp Chain Depth 128 Size 0 Mode ref, Ref Stage 80, run, start, 9783590105532962
1787664524.267494, NoOp Chain Depth 128 Size 0 Mode ref, Ref Stage 80, run, end, 9783590105553650
1787664524.267509, NoOp Chain Depth 128 Size 0 Mode ref, Ref Stage 81, run, start, 9783590105567970
1787664524.267529, NoOp Chain Depth 128 Size 0 Mode ref, Ref Stage 81, run, end, 9783590105588466
1787664524.267543, NoOp Chain Depth 128 Size 0 Mode ref, Ref Stage 82, run, start, 9783590105602578
1787664524.267564, NoOp Chain Depth 128 Size 0 Mode ref, Ref Stage 82, run, end, 9783590105623266
1787664524.267578, NoOp Chain Depth 128 Size 0 Mode ref, Ref Stage 83, run, start, 9783590105637442
1787664524.267599, NoOp Chain Depth 128 Size 0 Mode ref, Ref Stage 83, run, end, 9783590105657970
1787664524.267614, NoOp Chain Depth 128 Size 0 Mode ref, Ref Stage 84, run, start, 9783590105673394
1787664524.267634, NoOp Chain Depth 128 Size 0 Mode ref, Ref Stage 84, run, end, 9783590105693698
1787664524.267649, NoOp Chain Depth 128 Size 0 Mode ref, Ref Stage 85, run, start, 9783590105708114
1787664524.267669, NoOp Chain Depth 128 Size 0 Mode ref, Ref Stage 85, run, end, 9783590105728626
1787664524.267684, NoOp Chain Depth 128 Size 0 Mode ref, Ref Stage 86, run, start, 9783590105742930
1787664524.267704, NoOp Chain Depth 128 Size 0 Mode ref, Ref Stage 86, run, end, 9783590105763618
1787664524.267719, NoOp Chain Depth 128 Size 0 Mode ref, Ref Stage 87, run, start, 9783590105777890
1787664524.267740, NoOp Chain Depth 128 Size 0 Mode ref, Ref Stage 87, run, end, 9783590105799698
1787664524.267756, NoOp Chain Depth 128 Size 0 Mode ref, Ref Stage 88, run, start, 9783590105814914
1787664524.267778, NoOp Chain Depth 128 Size 0 Mode ref, Ref Stage 88, run, end, 9783590105837186
1787664524.267790, NoOp Chain Depth 128 Size 0 Mode ref, Ref Stage 89, run, start, 9783590105848850
1787664524.267822, NoOp Chain Depth 128 Size 0 Mode ref, Ref Stage 89, run, end, 9783590105880946
1787664524.267836, NoOp Chain Depth 128 Size 0 Mode ref, Ref Stage 90, run, start, 9783590105895266
1787664524.267856, NoOp Chain Depth 128 Size 0 Mode ref, Ref Stage 90, run, end, 9783590105915698
1787664524.267872, NoOp Chain Depth 128 Size 0 Mode ref, Ref Stage 91, run, start, 9783590105931554
1787664524.267894, NoOp Chain Depth 128 Size 0 Mode ref, Ref Stage 91, run, end, 9783590105953474
1787664524.267910, NoOp Chain Depth 128 Size 0 Mode ref, Ref Stage 92, run, start, 9783590105969058
1787664524.267932, NoOp Chain Depth 128 Size 0 Mode ref, Ref Stage 92, run, end, 9783590105990946
1787664524.267947, NoOp Chain Depth 128 Size 0 Mode ref, Ref Stage 93, run, start, 9783590106006338
1787664524.267970, NoOp Chain Depth 128 Size 0 Mode ref, Ref Stage 93, run, end, 9783590106028706
1787664524.267984, NoOp Chain Depth 128 Size 0 Mode ref, Ref Stage 94, run, start, 9783590106042898
1787664524.268007, NoOp Chain Depth 128 Size 0 Mode ref, Ref Stage 94, run, end, 9783590106066546
1787664524.268022, NoOp Chain Depth 128 Size 0 Mode ref, Ref Stage 95, run, start, 9783590106080898
1787664524.268043, NoOp Chain Depth 128 Size 0 Mode ref, Ref Stage 95, run, end, 9783590106101682
1787664524.268057, NoOp Chain Depth 128 Size 0 Mode ref, Ref Stage 96, run, start, 9783590106115906
1787664524.268077, NoOp Chain Depth 128 Size 0 Mode ref, Ref Stage 96, run, end, 9783590106136258
1787664524.268093, NoOp Chain Depth 128 Size 0 Mode ref, Ref Stage 97, run, start, 9783590106151810
1787664524.268113, NoOp Chain Depth 128 Size 0 Mode ref, Ref Stage 97, run, end, 9783590106172226
1787664524.268127, NoOp Chain Depth 128 Size 0 Mode ref, Ref Stage 98, run, start, 9783590106186482
1787664524.268460, NoOp Chain Depth 128 Size 0 Mode ref, Ref Stage 98, run, end, 9783590106520129
1787664524.268588, NoOp Chain Depth 128 Size 0 Mode ref, Ref Stage 99, run, start, 9783590106647905
1787664524.268612, NoOp Chain Depth 128 Size 0 Mode ref, Ref Stage 99, run, end, 9783590106671201
1787664524.268627, NoOp Chain Depth 128 Size 0 Mode ref, Ref Stage 100, run, start, 9783590106686289
1787664524.268648, NoOp Chain Depth 128 Size 0 Mode ref, Ref Stage 100, run, end, 9783590106707505
1787664524.268663, NoOp Chain Depth 128 Size 0 Mode ref, Ref Stage 101, run, start, 9783590106722097
1787664524.268685, NoOp Chain Depth 128 Size 0 Mode ref, Ref Stage 101, run, end, 9783590106744657
1787664524.268697, NoOp Chain Depth 128 Size 0 Mode ref, Ref Stage 102, run, start, 9783590106756417
1787664524.268728, NoOp Chain Depth 128 Size 0 Mode ref, Ref Stage 102, run, end, 9783590106787633
1787664524.268743, NoOp Chain Depth 128 Size 0 Mode ref, Ref Stage 103, run, start, 9783590106802001
1787664524.268764, NoOp Chain Depth 128 Size 0 Mode ref, Ref Stage 103, run, end, 9783590106823057
1787664524.268778, NoOp Chain Depth 128 Size 0 Mode ref, Ref Stage 104, run, start, 9783590106837569
1787664524.268800, NoOp Chain Depth 128 Size 0 Mode ref, Ref Stage 104, run, end, 9783590106858593
1787664524.268815, NoOp Chain Depth 128 Size 0 Mode ref, Ref Stage 105, run, start, 9783590106874385
1787664524.268836, NoOp Chain Depth 128 Size 0 Mode ref, Ref Stage 105, run, end, 9783590106895073
1787664524.268850, NoOp Chain Depth 128 Size 0 Mode ref, Ref Stage 106, run, start, 9783590106909457
1787664524.268871, NoOp Chain Depth 128 Size 0 Mode ref, Ref Stage 106, run, end, 9783590106930129
1787664524.268887, NoOp Chain Depth 128 Size 0 Mode ref, Ref Stage 107, run, start, 9783590106945841
1787664524.268907, NoOp Chain Depth 128 Size 0 Mode ref, Ref Stage 107, run, end, 9783590106966529
1787664524.268921, NoOp Chain Depth 128 Size 0 Mode ref, Ref Stage 108, run, start, 9783590106980673
1787664524.268945, NoOp Chain Depth 128 Size 0 Mode ref, Ref Stage 108, run, end, 9783590107004593
1787664524.268957, NoOp Chain Depth 128 Size 0 Mode ref, Ref Stage 109, run, start, 9783590107016625
1787664524.268991, NoOp Chain Depth 128 Size 0 Mode ref, Ref Stage 109, run, end, 9783590107049777
1787664524.269005, NoOp Chain Depth 128 Size 0 Mode ref, Ref Stage 110, run, start, 9783590107064161
1787664524.269029, NoOp Chain Depth 128 Size 0 Mode ref, Ref Stage 110, run, end, 9783590107088465
1787664524.269043, NoOp Chain Depth 128 Size 0 Mode ref, Ref Stage 111, run, start, 9783590107102641
1787664524.269065, NoOp Chain Depth 128 Size 0 Mode ref, Ref Stage 111, run, end, 9783590107124241
1787664524.269079, NoOp Chain Depth 128 Size 0 Mode ref, Ref Stage 112, run, start, 9783590107138721
1787664524.269100, NoOp Chain Depth 128 Size 0 Mode ref, Ref Stage 112, run, end, 9783590107159297
1787664524.269114, NoOp Chain Depth 128 Size 0 Mode ref, Ref Stage 113, run, start, 9783590107173393
1787664524.269135, NoOp Chain Depth 128 Size 0 Mode ref, Ref Stage 113, run, end, 9783590107193937
1787664524.269149, NoOp Chain Depth 128 Size 0 Mode ref, Ref Stage 114, run, start, 9783590107208177
1787664524.269170, NoOp Chain Depth 128 Size 0 Mode ref, Ref Stage 114, run, end, 9783590107228817
1787664524.269186, NoOp Chain Depth 128 Size 0 Mode ref, Ref Stage 115, run, start, 9783590107245041
1787664524.269207, NoOp Chain Depth 128 Size 0 Mode ref, Ref Stage 115, run, end, 9783590107266593
1787664524.269222, NoOp Chain Depth 128 Size 0 Mode ref, Ref Stage 116, run, start, 9783590107280913
1787664524.269242, NoOp Chain Depth 128 Size 0 Mode ref, Ref Stage 116, run, end, 9783590107301441
1787664524.269256, NoOp Chain Depth 128 Size 0 Mode ref, Ref Stage 117, run, start, 9783590107315649
1787664524.269277, NoOp Chain Depth 128 Size 0 Mode ref, Ref Stage 117, run, end, 9783590107336017
1787664524.269293, NoOp Chain Depth 128 Size 0 Mode ref, Ref Stage 118, run, start, 9783590107351809
1787664524.269313, NoOp Chain Depth 128 Size 0 Mode ref, Ref Stage 118, run, end, 9783590107372433
1787664524.269329, NoOp Chain Depth 128 Size 0 Mode ref, Ref Stage 119, run, start, 9783590107388033
1787664524.269353, NoOp Chain Depth 128 Size 0 Mode ref, Ref Stage 119, run, end, 9783590107412401
1787664524.269367, NoOp Chain Depth 128 Size 0 Mode ref, Ref Stage 120, run, start, 9783590107426481
1787664524.269388, NoOp Chain Depth 128 Size 0 Mode ref, Ref Stage 120, run, end, 9783590107447201
1787664524.269404, NoOp Chain Depth 128 Size 0 Mode ref, Ref Stage 121, run, start, 9783590107462881
1787664524.269426, NoOp Chain Depth 128 Size 0 Mode ref, Ref Stage 121, run, end, 9783590107484945
1787664524.269437, NoOp Chain Depth 128 Size 0 Mode ref, Ref Stage 122, run, start, 9783590107496369
1787664524.269469, NoOp Chain Depth 128 Size 0 Mode ref, Ref Stage 122, run, end, 9783590107528609
1787664524.269481, NoOp Chain Depth 128 Size 0 Mode ref, Ref Stage 123, run, start, 9783590107540033
1787664524.269512, NoOp Chain Depth 128 Size 0 Mode ref, Ref Stage 123, run, end, 9783590107571233
1787664524.269526, NoOp Chain Depth 128 Size 0 Mode ref, Ref Stage 124, run, start, 9783590107585345
1787664524.269548, NoOp Chain Depth 128 Size 0 Mode ref, Ref Stage 124, run, end, 9783590107607393
1787664524.269562, NoOp Chain Depth 128 Size 0 Mode ref, Ref Stage 125, run, start, 9783590107621537
1787664524.269584, NoOp Chain Depth 128 Size 0 Mode ref, Ref Stage 125, run, end, 9783590107643169
1787664524.269598, NoOp Chain Depth 128 Size 0 Mode ref, Ref Stage 126, run, start, 9783590107657473
1787664524.269621, NoOp Chain Depth 128 Size 0 Mode ref, Ref Stage 126, run, end, 9783590107680177
1787664524.269636, NoOp Chain Depth 128 Size 0 Mode ref, Ref Stage 127, run, start, 9783590107694737
1787664524.269656, NoOp Chain Depth 128 Size 0 Mode ref, Ref Stage 127, run, end, 9783590107715345
1787664524.269671, NoOp Chain Depth 128 Size 0 Mode ref, pipeline - train, run, end, 236687009006147753968761285800940366244, 1787664524.262491, 74, 1, 9783590107730625
1787664524.269708, NoOp Chain Depth 128 Size 0 Mode ref, pipeline - train, run, start, 112476239639767810489256220854387984376, 1787664524.269697, 75, 1, 9783590107767265
1787664524.269733, NoOp Chain Depth 128 Size 0 Mode ref, Ref Stage 0, run, start, 9783590107792625
1787664524.269756, NoOp Chain Depth 128 Size 0 Mode ref, Ref Stage 0, run, end, 9783590107815249
1787664524.269768, NoOp Chain Depth 128 Size 0 Mode ref, Ref Stage 1, run, start, 9783590107826833
1787664524.269801, NoOp Chain Depth 128 Size 0 Mode ref, Ref Stage 1, run, end, 9783590107859793
1787664524.269818, NoOp Chain Depth 128 Size 0 Mode ref, Ref Stage 2, run, start, 9783590107876801
1787664524.269838, NoOp Chain Depth 128 Size 0 Mode ref, Ref Stage 2, run, end, 9783590107897505
1787664524.269852, NoOp Chain Depth 128 Size 0 Mode ref, Ref Stage 3, run, start, 9783590107911712
1787664524.269873, NoOp Chain Depth 128 Size 0 Mode ref, Ref Stage 3, run, end, 9783590107932288
1787664524.269887, NoOp Chain Depth 128 Size 0 Mode ref, Ref Stage 4, run, start, 9783590107946576
1787664524.269908, NoOp Chain Depth 128 Size 0 Mode ref, Ref Stage 4, run, end, 9783590107967024
1787664524.269922, NoOp Chain Depth 128 Size 0 Mode ref, Ref Stage 5, run, start, 9783590107981280
1787664524.269946, NoOp Chain Depth 128 Size 0 Mode ref, Ref Stage 5, run, end, 9783590108004864
1787664524.269961, NoOp Chain Depth 128 Size 0 Mode ref, Ref Stage 6, run, start, 9783590108020848
1787664524.269985, NoOp Chain Depth 128 Size 0 Mode ref, Ref Stage 6, run, end, 9783590108044576
1787664524.269997, NoOp Chain Depth 128 Size 0 Mode ref, Ref Stage 7, run, start, 9783590108056224
1787664524.270029, NoOp Chain Depth 128 Size 0 Mode ref, Ref Stage 7, run, end, 9783590108088112
1787664524.270043, NoOp Chain Depth 128 Size 0 Mode ref, Ref Stage 8, run, start, 9783590108102624
1787664524.270066, NoOp Chain Depth 128 Size 0 Mode ref, Ref Stage 8, run, end, 9783590108124816
1787664524.270080, NoOp Chain Depth 128 Size 0 Mode ref, Ref Stage 9, run, start, 9783590108139216
1787664524.270102, NoOp Chain Depth 128 Size 0 Mode ref, Ref Stage 9, run, end, 9783590108160992
1787664524.270117, NoOp Chain Depth 128 Size 0 Mode ref, Ref Stage 10, run, start, 9783590108176736
1787664524.270138, NoOp Chain Depth 128 Size 0 Mode ref, Ref Stage 10, run, end, 9783590108197504
1787664524.270154, NoOp Chain Depth 128 Size 0 Mode ref, Ref Stage 11, run, start, 9783590108212912
1787664524.270176, NoOp Chain Depth 128 Size 0 Mode ref, Ref Stage 11, run, end, 9783590108234880
1787664524.270187, NoOp Chain Depth 128 Size 0 Mode ref, Ref Stage 12, run, start, 9783590108246432
1787664524.270220, NoOp Chain Depth 128 Size 0 Mode ref, Ref Stage 12, run, end, 9783590108279008
1787664524.270234, NoOp Chain Depth 128 Size 0 Mode ref, Ref Stage 13, run, start, 9783590108293456
1787664524.270257, NoOp Chain Depth 128 Size 0 Mode ref, Ref Stage 13, run, end, 9783590108315776
1787664524.270271, NoOp Chain Depth 128 Size 0 Mode ref, Ref Stage 14, run, start, 9783590108330272
1787664524.270293, NoOp Chain Depth 128 Size 0 Mode ref, Ref Stage 14, run, end, 9783590108352256
1787664524.270305, NoOp Chain Depth 128 Size 0 Mode ref, Ref Stage 15, run, start, 9783590108364000
1787664524.270335, NoOp Chain Depth 128 Size 0 Mode ref, Ref Stage 15, run, end, 9783590108394768
1787664524.270350, NoOp Chain Depth 128 Size 0 Mode ref, Ref Stage 16, run, start, 9783590108409136
1787664524.270370, NoOp Chain Depth 128 Size 0 Mode ref, Ref Stage 16, run, end, 9783590108429904
1787664524.270385, NoOp Chain Depth 128 Size 0 Mode ref, Ref Stage 17, run, start, 9783590108444224
1787664524.270406, NoOp Chain Depth 128 Size 0 Mode ref, Ref Stage 17, run, end, 9783590108464736
1787664524.270422, NoOp Chain Depth 128 Size 0 Mode ref, Ref Stage 18, run, start, 9783590108480768
1787664524.270444, NoOp Chain Depth 128 Size 0 Mode ref, Ref Stage 18, run, end, 9783590108503040
1787664524.272365, NoOp Chain Depth 128 Size 0 Mode ref, Ref Stage 19, run, start, 9783590110425487
1787664524.272393, NoOp Chain Depth 128 Size 0 Mode ref, Ref Stage 19, run, end, 9783590110452527
1787664524.272409, NoOp Chain Depth 128 Size 0 Mode ref, Ref Stage 20, run, start, 9783590110468463
1787664524.272431, NoOp Chain Depth 128 Size 0 Mode ref, Ref Stage 20, run, end, 9783590110490431
1787664524.272446, NoOp Chain Depth 128 Size 0 Mode ref, Ref Stage 21, run, start, 9783590110505007
1787664524.272467, NoOp Chain Depth 128 Size 0 Mode ref, Ref Stage 21, run, end, 9783590110526047
1787664524.272481, NoOp Chain Depth 128 Size 0 Mode ref, Ref Stage 22, run, start, 9783590110540511
1787664524.272502, NoOp Chain Depth 128 Size 0 Mode ref, Ref Stage 22, run, end, 9783590110561375
1787664524.272516, NoOp Chain Depth 128 Size 0 Mode ref, Ref Stage 23, run, start, 9783590110575871
1787664524.272538, NoOp Chain Depth 128 Size 0 Mode ref, Ref Stage 23, run, end, 9783590110596815
1787664524.272552, NoOp Chain Depth 128 Size 0 Mode ref, Ref Stage 24, run, start, 9783590110611039
1787664524.272574, NoOp Chain Depth 128 Size 0 Mode ref, Ref Stage 24, run, end, 9783590110633439
1787664524.272586, NoOp Chain Depth 128 Size 0 Mode ref, Ref Stage 25, run, start, 9783590110645535
1787664524.272617, NoOp Chain Depth 128 Size 0 Mode ref, Ref Stage 25, run, end, 9783590110676511
1787664524.272632, NoOp Chain Depth 128 Size 0 Mode ref, Ref Stage 26, run, start, 9783590110691295
1787664524.272655, NoOp Chain Depth 128 Size 0 Mode ref, Ref Stage 26, run, end, 9783590110714031
1787664524.272669, NoOp Chain Depth 128 Size 0 Mode ref, Ref Stage 27, run, start, 9783590110728575
1787664524.272691, NoOp Chain Depth 128 Size 0 Mode ref, Ref Stage 27, run, end, 9783590110749567
1787664524.272705, NoOp Chain Depth 128 Size 0 Mode ref, Ref Stage 28, run, start, 9783590110764031
1787664524.272727, NoOp Chain Depth 128 Size 0 Mode ref, Ref Stage 28, run, end, 9783590110786527
1787664524.272739, NoOp Chain Depth 128 Size 0 Mode ref, Ref Stage 29, run, start, 9783590110798207
1787664524.272769, NoOp Chain Depth 128 Size 0 Mode ref, Ref Stage 29, run, end, 9783590110828719
1787664524.272784, NoOp Chain Depth 128 Size 0 Mode ref, Ref Stage 30, run, start, 9783590110843119
1787664524.272804, NoOp Chain Depth 128 Size 0 Mode ref, Ref Stage 30, run, end, 9783590110863615
1787664524.272819, NoOp Chain Depth 128 Size 0 Mode ref, Ref Stage 31, run, start, 9783590110877983
1787664524.272839, NoOp Chain Depth 128 Size 0 Mode ref, Ref Stage 31, run, end, 9783590110898495
1787664524.272854, NoOp Chain Depth 128 Size 0 Mode ref, Ref Stage 32, run, start, 9783590110912735
1787664524.272874, NoOp Chain Depth 128 Size 0 Mode ref, Ref Stage 32, run, end, 9783590110933407
1787664524.272888, NoOp Chain Depth 128 Size 0 Mode ref, Ref Stage 33, run, start, 9783590110947615
1787664524.272909, NoOp Chain Depth 128 Size 0 Mode ref, Ref Stage 33, run, end, 9783590110968399
1787664524.272924, NoOp Chain Depth 128 Size 0 Mode ref, Ref Stage 34, run, start, 9783590110983631
1787664524.272947, NoOp Chain Depth 128 Size 0 Mode ref, Ref Stage 34, run, end, 9783590111006527
1787664524.272963, NoOp Chain Depth 128 Size 0 Mode ref, Ref Stage 35, run, start, 9783590111021839
1787664524.272983, NoOp Chain Depth 128 Size 0 Mode ref, Ref Stage 35, run, end, 9783590111042462
1787664524.272998, NoOp Chain Depth 128 Size 0 Mode ref, Ref Stage 36, run, start, 9783590111057102
1787664524.273018, NoOp Chain Depth 128 Size 0 Mode ref, Ref Stage 36, run, end, 9783590111077678
1787664524.273033, NoOp Chain Depth 128 Size 0 Mode ref, Ref Stage 37, run, start, 9783590111092622
1787664524.273056, NoOp Chain Depth 128 Size 0 Mode ref, Ref Stage 37, run, end, 9783590111114702
1787664524.273067, NoOp Chain Depth 128 Size 0 Mode ref, Ref Stage 38, run, start, 9783590111126190
1787664524.273098, NoOp Chain Depth 128 Size 0 Mode ref, Ref Stage 38, run, end, 9783590111156622
1787664524.273112, NoOp Chain Depth 128 Size 0 Mode ref, Ref Stage 39, run, start, 9783590111171278
1787664524.273557, NoOp Chain Depth 128 Size 0 Mode ref, Ref Stage 39, run, end, 9783590111617806
1787664524.273692, NoOp Chain Depth 128 Size 0 Mode ref, Ref Stage 40, run, start, 9783590111752062
1787664524.273717, NoOp Chain Depth 128 Size 0 Mode ref, Ref Stage 40, run, end, 9783590111776638
1787664524.273733, NoOp Chain Depth 128 Size 0 Mode ref, Ref Stage 41, run, start, 9783590111792174
1787664524.273755, NoOp Chain Depth 128 Size 0 Mode ref, Ref Stage 41, run, end, 9783590111813950
1787664524.273769, NoOp Chain Depth 128 Size 0 Mode ref, Ref Stage 42, run, start, 9783590111828638
1787664524.273790, NoOp Chain Depth 128 Size 0 Mode ref, Ref Stage 42, run, end, 9783590111849598
1787664524.273805, NoOp Chain Depth 128 Size 0 Mode ref, Ref Stage 43, run, start, 9783590111864270
1787664524.273828, NoOp Chain Depth 128 Size 0 Mode ref, Ref Stage 43, run, end, 9783590111886990
1787664524.273839, NoOp Chain Depth 128 Size 0 Mode ref, Ref Stage 44, run, start, 9783590111898862
1787664524.273874, NoOp Chain Depth 128 Size 0 Mode ref, Ref Stage 44, run, end, 9783590111933566
1787664524.273890, NoOp Chain Depth 128 Size 0 Mode ref, Ref Stage 45, run, start, 9783590111949022
1787664524.273912, NoOp Chain Depth 128 Size 0 Mode ref, Ref Stage 45, run, end, 9783590111971054
1787664524.273927, NoOp Chain Depth 128 Size 0 Mode ref, Ref Stage 46, run, start, 9783590111985966
1787664524.273953, NoOp Chain Depth 128 Size 0 Mode ref, Ref Stage 46, run, end, 9783590112012318
1787664524.273965, NoOp Chain Depth 128 Size 0 Mode ref, Ref Stage 47, run, start, 9783590112024222
1787664524.274426, NoOp Chain Depth 128 Size 0 Mode ref, Ref Stage 47, run, end, 9783590112485374
1787664524.274441, NoOp Chain Depth 128 Size 0 Mode ref, Ref Stage 48, run, start, 9783590112500862
1787664524.274463, NoOp Chain Depth 128 Size 0 Mode ref, Ref Stage 48, run, end, 9783590112521998
1787664524.274477, NoOp Chain Depth 128 Size 0 Mode ref, Ref Stage 49, run, start, 9783590112536589
1787664524.274498, NoOp Chain Depth 128 Size 0 Mode ref, Ref Stage 49, run, end, 9783590112557453
1787664524.274512, NoOp Chain Depth 128 Size 0 Mode ref, Ref Stage 50, run, start, 9783590112571709
1787664524.274535, NoOp Chain Depth 128 Size 0 Mode ref, Ref Stage 50, run, end, 9783590112593933
1787664524.274936, NoOp Chain Depth 128 Size 0 Mode ref, Ref Stage 51, run, start, 9783590112996029
1787664524.274962, NoOp Chain Depth 128 Size 0 Mode ref, Ref Stage 51, run, end, 9783590113021133
1787664524.275077, NoOp Chain Depth 128 Size 0 Mode ref, Ref Stage 52, run, start, 9783590113135933
1787664524.275099, NoOp Chain Depth 128 Size 0 Mode ref, Ref Stage 52, run, end, 9783590113157901
1787664524.275113, NoOp Chain Depth 128 Size 0 Mode ref, Ref Stage 53, run, start, 9783590113172637
1787664524.275134, NoOp Chain Depth 128 Size 0 Mode ref, Ref Stage 53, run, end, 9783590113193341
1787664524.275149, NoOp Chain Depth 128 Size 0 Mode ref, Ref Stage 54, run, start, 9783590113207901
1787664524.275170, NoOp Chain Depth 128 Size 0 Mode ref, Ref Stage 54, run, end, 9783590113228685
1787664524.275184, NoOp Chain Depth 128 Size 0 Mode ref, Ref Stage 55, run, start, 9783590113242957
1787664524.275206, NoOp Chain Depth 128 Size 0 Mode ref, Ref Stage 55, run, end, 9783590113265181
1787664524.275217, NoOp Chain Depth 128 Size 0 Mode ref, Ref Stage 56, run, start, 9783590113276765
1787664524.278742, NoOp Chain Depth 128 Size 0 Mode ref, Ref Stage 56, run, end, 9783590116801995
1787664524.278759, NoOp Chain Depth 128 Size 0 Mode ref, Ref Stage 57, run, start, 9783590116818651
1787664524.278781, NoOp Chain Depth 128 Size 0 Mode ref, Ref Stage 57, run, end, 9783590116840523
1787664524.278796, NoOp Chain Depth 128 Size 0 Mode ref, Ref Stage 58, run, start, 9783590116855195
1787664524.278818, NoOp Chain Depth 128 Size 0 Mode ref, Ref Stage 58, run, end, 9783590116876859
1787664524.278832, NoOp Chain Depth 128 Size 0 Mode ref, Ref Stage 59, run, start, 9783590116891515
1787664524.278853, NoOp Chain Depth 128 Size 0 Mode ref, Ref Stage 59, run, end, 9783590116912635
1787664524.278868, NoOp Chain Depth 128 Size 0 Mode ref, Ref Stage 60, run, start, 9783590116927227
1787664524.278891, NoOp Chain Depth 128 Size 0 Mode ref, Ref Stage 60, run, end, 9783590116950155
1787664524.278903, NoOp Chain Depth 128 Size 0 Mode ref, Ref Stage 61, run, start, 9783590116962139
1787664524.278934, NoOp Chain Depth 128 Size 0 Mode ref, Ref Stage 61, run, end, 9783590116993435
1787664524.278953, NoOp Chain Depth 128 Size 0 Mode ref, Ref Stage 62, run, start, 9783590117012475
1787664524.278975, NoOp Chain Depth 128 Size 0 Mode ref, Ref Stage 62, run, end, 9783590117034171
1787664524.278989, NoOp Chain Depth 128 Size 0 Mode ref, Ref Stage 63, run, start, 9783590117048587
1787664524.279010, NoOp Chain Depth 128 Size 0 Mode ref, Ref Stage 63, run, end, 9783590117069419
1787664524.279025, NoOp Chain Depth 128 Size 0 Mode ref, Ref Stage 64, run, start, 9783590117084059
1787664524.279046, NoOp Chain Depth 128 Size 0 Mode ref, Ref Stage 64, run, end, 9783590117104811
1787664524.279060, NoOp Chain Depth 128 Size 0 Mode ref, Ref Stage 65, run, start, 9783590117119179
1787664524.279081, NoOp Chain Depth 128 Size 0 Mode ref, Ref Stage 65, run, end, 9783590117140042
1787664524.279095, NoOp Chain Depth 128 Size 0 Mode ref, Ref Stage 66, run, start, 9783590117154362
1787664524.279116, NoOp Chain Depth 128 Size 0 Mode ref, Ref Stage 66, run, end, 9783590117175290
1787664524.279131, NoOp Chain Depth 128 Size 0 Mode ref, Ref Stage 67, run, start, 9783590117190586
1787664524.279152, NoOp Chain Depth 128 Size 0 Mode ref, Ref Stage 67, run, end, 9783590117211658
1787664524.279169, NoOp Chain Depth 128 Size 0 Mode ref, Ref Stage 68, run, start, 9783590117228186
1787664524.279191, NoOp Chain Depth 128 Size 0 Mode ref, Ref Stage 68, run, end, 9783590117250490
1787664524.279202, NoOp Chain Depth 128 Size 0 Mode ref, Ref Stage 69, run, start, 9783590117261962
1787664524.279233, NoOp Chain Depth 128 Size 0 Mode ref, Ref Stage 69, run, end, 9783590117292522
1787664524.279248, NoOp Chain Depth 128 Size 0 Mode ref, Ref Stage 70, run, start, 9783590117306874
1787664524.279268, NoOp Chain Depth 128 Size 0 Mode ref, Ref Stage 70, run, end, 9783590117327530
1787664524.279283, NoOp Chain Depth 128 Size 0 Mode ref, Ref Stage 71, run, start, 9783590117341978
1787664524.279304, NoOp Chain Depth 128 Size 0 Mode ref, Ref Stage 71, run, end, 9783590117362826
1787664524.279319, NoOp Chain Depth 128 Size 0 Mode ref, Ref Stage 72, run, start, 9783590117378186
1787664524.279340, NoOp Chain Depth 128 Size 0 Mode ref, Ref Stage 72, run, end, 9783590117398922
1787664524.279354, NoOp Chain Depth 128 Size 0 Mode ref, Ref Stage 73, run, start, 9783590117413210
1787664524.279375, NoOp Chain Depth 128 Size 0 Mode ref, Ref Stage 73, run, end, 9783590117433738
1787664524.279389, NoOp Chain Depth 128 Size 0 Mode ref, Ref Stage 74, run, start, 9783590117448266
1787664524.279410, NoOp Chain Depth 128 Size 0 Mode ref, Ref Stage 74, run, end, 9783590117469002
1787664524.279424, NoOp Chain Depth 128 Size 0 Mode ref, Ref Stage 75, run, start, 9783590117483402
1787664524.279445, NoOp Chain Depth 128 Size 0 Mode ref, Ref Stage 75, run, end, 9783590117504170
1787664524.279459, NoOp Chain Depth 128 Size 0 Mode ref, Ref Stage 76, run, start, 9783590117518842
1787664524.279480, NoOp Chain Depth 128 Size 0 Mode ref, Ref Stage 76, run, end, 9783590117539642
1787664524.279495, NoOp Chain Depth 128 Size 0 Mode ref, Ref Stage 77, run, start, 9783590117554138
1787664524.279518, NoOp Chain Depth 128 Size 0 Mode ref, Ref Stage 77, run, end, 9783590117576906
1787664524.279529, NoOp Chain Depth 128 Size 0 Mode ref, Ref Stage 78, run, start, 9783590117588826
1787664524.279848, NoOp Chain Depth 128 Size 0 Mode ref, Ref Stage 78, run, end, 9783590117908202
1787664524.279861, NoOp Chain Depth 128 Size 0 Mode ref, Ref Stage 79, run, start, 9783590117920634
1787664524.279893, NoOp Chain Depth 128 Size 0 Mode ref, Ref Stage 79, run, end, 9783590117951994
1787664524.279907, NoOp Chain Depth 128 Size 0 Mode ref, Ref Stage 80, run, start, 9783590117966682
1787664524.279928, NoOp Chain Depth 128 Size 0 Mode ref, Ref Stage 80, run, end, 9783590117987450
1787664524.279943, NoOp Chain Depth 128 Size 0 Mode ref, Ref Stage 81, run, start, 9783590118003642
1787664524.279966, NoOp Chain Depth 128 Size 0 Mode ref, Ref Stage 81, run, end, 9783590118025242
1787664524.279980, NoOp Chain Depth 128 Size 0 Mode ref, Ref Stage 82, run, start, 9783590118039418
1787664524.280001, NoOp Chain Depth 128 Size 0 Mode ref, Ref Stage 82, run, end, 9783590118059962
1787664524.280015, NoOp Chain Depth 128 Size 0 Mode ref, Ref Stage 83, run, start, 9783590118074250
1787664524.280035, NoOp Chain Depth 128 Size 0 Mode ref, Ref Stage 83, run, end, 9783590118094922
1787664524.280051, NoOp Chain Depth 128 Size 0 Mode ref, Ref Stage 84, run, start, 9783590118109498
1787664524.280071, NoOp Chain Depth 128 Size 0 Mode ref, Ref Stage 84, run, end, 9783590118129738
1787664524.280085, NoOp Chain Depth 128 Size 0 Mode ref, Ref Stage 85, run, start, 9783590118144282
1787664524.280106, NoOp Chain Depth 128 Size 0 Mode ref, Ref Stage 85, run, end, 9783590118164874
1787664524.280120, NoOp Chain Depth 128 Size 0 Mode ref, Ref Stage 86, run, start, 9783590118179290
1787664524.280141, NoOp Chain Depth 128 Size 0 Mode ref, Ref Stage 86, run, end, 9783590118199994
1787664524.280155, NoOp Chain Depth 128 Size 0 Mode ref, Ref Stage 87, run, start, 9783590118214234
1787664524.280176, NoOp Chain Depth 128 Size 0 Mode ref, Ref Stage 87, run, end, 9783590118234938
1787664524.280191, NoOp Chain Depth 128 Size 0 Mode ref, Ref Stage 88, run, start, 9783590118250234
1787664524.280218, NoOp Chain Depth 128 Size 0 Mode ref, Ref Stage 88, run, end, 9783590118277130
1787664524.280232, NoOp Chain Depth 128 Size 0 Mode ref, Ref Stage 89, run, start, 9783590118291482
1787664524.280254, NoOp Chain Depth 128 Size 0 Mode ref, Ref Stage 89, run, end, 9783590118313642
1787664524.280266, NoOp Chain Depth 128 Size 0 Mode ref, Ref Stage 90, run, start, 9783590118325466
1787664524.280297, NoOp Chain Depth 128 Size 0 Mode ref, Ref Stage 90, run, end, 9783590118355722
1787664524.280311, NoOp Chain Depth 128 Size 0 Mode ref, Ref Stage 91, run, start, 9783590118369866
1787664524.280331, NoOp Chain Depth 128 Size 0 Mode ref, Ref Stage 91, run, end, 9783590118390330
1787664524.280345, NoOp Chain Depth 128 Size 0 Mode ref, Ref Stage 92, run, start, 9783590118404586
1787664524.280366, NoOp Chain Depth 128 Size 0 Mode ref, Ref Stage 92, run, end, 9783590118425210
1787664524.280380, NoOp Chain Depth 128 Size 0 Mode ref, Ref Stage 93, run, start, 9783590118439738
1787664524.280401, NoOp Chain Depth 128 Size 0 Mode ref, Ref Stage 93, run, end, 9783590118460506
1787664524.280416, NoOp Chain Depth 128 Size 0 Mode ref, Ref Stage 94, run, start, 9783590118474858
1787664524.280436, NoOp Chain Depth 128 Size 0 Mode ref, Ref Stage 94, run, end, 9783590118495354
1787664524.280451, NoOp Chain Depth 128 Size 0 Mode ref, Ref Stage 95, run, start, 9783590118509818
1787664524.280472, NoOp Chain Depth 128 Size 0 Mode ref, Ref Stage 95, run, end, 9783590118530666
1787664524.280486, NoOp Chain Depth 128 Size 0 Mode ref, Ref Stage 96, run, start, 9783590118545258
1787664524.280507, NoOp Chain Depth 128 Size 0 Mode ref, Ref Stage 96, run, end, 9783590118566330
1787664524.280521, NoOp Chain Depth 128 Size 0 Mode ref, Ref Stage 97, run, start, 9783590118580714
1787664524.280544, NoOp Chain Depth 128 Size 0 Mode ref, Ref Stage 97, run, end, 9783590118603578
1787664524.280955, NoOp Chain Depth 128 Size 0 Mode ref, Ref Stage 98, run, start, 9783590119014569
1787664524.281083, NoOp Chain Depth 128 Size 0 Mode ref, Ref Stage 98, run, end, 9783590119142953
1787664524.281099, NoOp Chain Depth 128 Size 0 Mode ref, Ref Stage 99, run, start, 9783590119158393
1787664524.281121, NoOp Chain Depth 128 Size 0 Mode ref, Ref Stage 99, run, end, 9783590119179625
1787664524.281135, NoOp Chain Depth 128 Size 0 Mode ref, Ref Stage 100, run, start, 9783590119194313
1787664524.281156, NoOp Chain Depth 128 Size 0 Mode ref, Ref Stage 100, run, end, 9783590119215465
1787664524.281171, NoOp Chain Depth 128 Size 0 Mode ref, Ref Stage 101, run, start, 9783590119230025
1787664524.281193, NoOp Chain Depth 128 Size 0 Mode ref, Ref Stage 101, run, end, 9783590119252457
1787664524.281205, NoOp Chain Depth 128 Size 0 Mode ref, Ref Stage 102, run, start, 9783590119264249
1787664524.281236, NoOp Chain Depth 128 Size 0 Mode ref, Ref Stage 102, run, end, 9783590119295657
1787664524.281251, NoOp Chain Depth 128 Size 0 Mode ref, Ref Stage 103, run, start, 9783590119310345
1787664524.281272, NoOp Chain Depth 128 Size 0 Mode ref, Ref Stage 103, run, end, 9783590119331001
1787664524.281286, NoOp Chain Depth 128 Size 0 Mode ref, Ref Stage 104, run, start, 9783590119345497
1787664524.281307, NoOp Chain Depth 128 Size 0 Mode ref, Ref Stage 104, run, end, 9783590119365929
1787664524.281321, NoOp Chain Depth 128 Size 0 Mode ref, Ref Stage 105, run, start, 9783590119380169
1787664524.281341, NoOp Chain Depth 128 Size 0 Mode ref, Ref Stage 105, run, end, 9783590119400473
1787664524.281356, NoOp Chain Depth 128 Size 0 Mode ref, Ref Stage 106, run, start, 9783590119414857
1787664524.281377, NoOp Chain Depth 128 Size 0 Mode ref, Ref Stage 106, run, end, 9783590119435913
1787664524.281391, NoOp Chain Depth 128 Size 0 Mode ref, Ref Stage 107, run, start, 9783590119450233
1787664524.281412, NoOp Chain Depth 128 Size 0 Mode ref, Ref Stage 107, run, end, 9783590119471145
1787664524.281426, NoOp Chain Depth 128 Size 0 Mode ref, Ref Stage 108, run, start, 9783590119485625
1787664524.281450, NoOp Chain Depth 128 Size 0 Mode ref, Ref Stage 108, run, end, 9783590119510457
1787664524.281468, NoOp Chain Depth 128 Size 0 Mode ref, Ref Stage 109, run, start, 9783590119526937
1787664524.281491, NoOp Chain Depth 128 Size 0 Mode ref, Ref Stage 109, run, end, 9783590119550457
1787664524.281506, NoOp Chain Depth 128 Size 0 Mode ref, Ref Stage 110, run, start, 9783590119564905
1787664524.281527, NoOp Chain Depth 128 Size 0 Mode ref, Ref Stage 110, run, end, 9783590119585609
1787664524.281541, NoOp Chain Depth 128 Size 0 Mode ref, Ref Stage 111, run, start, 9783590119599769
1787664524.281561, NoOp Chain Depth 128 Size 0 Mode ref, Ref Stage 111, run, end, 9783590119620425
1787664524.281575, NoOp Chain Depth 128 Size 0 Mode ref, Ref Stage 112, run, start, 9783590119634729
1787664524.281596, NoOp Chain Depth 128 Size 0 Mode ref, Ref Stage 112, run, end, 9783590119655289
1787664524.281610, NoOp Chain Depth 128 Size 0 Mode ref, Ref Stage 113, run, start, 9783590119669513
1787664524.281632, NoOp Chain Depth 128 Size 0 Mode ref, Ref Stage 113, run, end, 9783590119691209
1787664524.281646, NoOp Chain Depth 128 Size 0 Mode ref, Ref Stage 114, run, start, 9783590119705513
1787664524.281668, NoOp Chain Depth 128 Size 0 Mode ref, Ref Stage 114, run, end, 9783590119727289
1787664524.281682, NoOp Chain Depth 128 Size 0 Mode ref, Ref Stage 115, run, start, 9783590119741417
1787664524.281703, NoOp Chain Depth 128 Size 0 Mode ref, Ref Stage 115, run, end, 9783590119761737
1787664524.281717, NoOp Chain Depth 128 Size 0 Mode ref, Ref Stage 116, run, start, 9783590119776041
1787664524.281738, NoOp Chain Depth 128 Size 0 Mode ref, Ref Stage 116, run, end, 9783590119796601
1787664524.281752, NoOp Chain Depth 128 Size 0 Mode ref, Ref Stage 117, run, start, 9783590119810809
1787664524.281773, NoOp Chain Depth 128 Size 0 Mode ref, Ref Stage 117, run, end, 9783590119832553
1787664524.281787, NoOp Chain Depth 128 Size 0 Mode ref, Ref Stage 118, run, start, 9783590119846681
1787664524.281808, NoOp Chain Depth 128 Size 0 Mode ref, Ref Stage 118, run, end, 9783590119867289
1787664524.281826, NoOp Chain Depth 128 Size 0 Mode ref, Ref Stage 119, run, start, 9783590119885113
1787664524.281846, NoOp Chain Depth 128 Size 0 Mode ref, Ref Stage 119, run, end, 9783590119905577
1787664524.281861, NoOp Chain Depth 128 Size 0 Mode ref, Ref Stage 120, run, start, 9783590119920473
1787664524.281883, NoOp Chain Depth 128 Size 0 Mode ref, Ref Stage 120, run, end, 9783590119942233
1787664524.281898, NoOp Chain Depth 128 Size 0 Mode ref, Ref Stage 121, run, start, 9783590119956633
1787664524.281919, NoOp Chain Depth 128 Size 0 Mode ref, Ref Stage 121, run, end, 9783590119978537
1787664524.281934, NoOp Chain Depth 128 Size 0 Mode ref, Ref Stage 122, run, start, 9783590119992953
1787664524.281957, NoOp Chain Depth 128 Size 0 Mode ref, Ref Stage 122, run, end, 9783590120017673
1787664524.281970, NoOp Chain Depth 128 Size 0 Mode ref, Ref Stage 123, run, start, 9783590120029449
1787664524.282003, NoOp Chain Depth 128 Size 0 Mode ref, Ref Stage 123, run, end, 9783590120061977
1787664524.282017, NoOp Chain Depth 128 Size 0 Mode ref, Ref Stage 124, run, start, 9783590120076105
1787664524.282038, NoOp Chain Depth 128 Size 0 Mode ref, Ref Stage 124, run, end, 9783590120097817
1787664524.282053, NoOp Chain Depth 128 Size 0 Mode ref, Ref Stage 125, run, start, 9783590120112009
1787664524.282073, NoOp Chain Depth 128 Size 0 Mode ref, Ref Stage 125, run, end, 9783590120132568
1787664524.282087, NoOp Chain Depth 128 Size 0 Mode ref, Ref Stage 126, run, start, 9783590120146680
1787664524.282108, NoOp Chain Depth 128 Size 0 Mode ref, Ref Stage 126, run, end, 9783590120167032
1787664524.282123, NoOp Chain Depth 128 Size 0 Mode ref, Ref Stage 127, run, start, 9783590120181688
1787664524.282143, NoOp Chain Depth 128 Size 0 Mode ref, Ref Stage 127, run, end, 9783590120202504
1787664524.282158, NoOp Chain Depth 128 Size 0 Mode ref, pipeline - train, run, end, 112476239639767810489256220854387984376, 1787664524.269697, 75, 1, 9783590120217416
1787664524.282196, NoOp Chain Depth 128 Size 0 Mode ref, pipeline - train, run, start, 188029405787436193734737015524333019192, 1787664524.282184, 76, 1, 9783590120254952
1787664524.282222, NoOp Chain Depth 128 Size 0 Mode ref, Ref Stage 0, run, start, 9783590120281448
1787664524.282247, NoOp Chain Depth 128 Size 0 Mode ref, Ref Stage 0, run, end, 9783590120306712
1787664524.282259, NoOp Chain Depth 128 Size 0 Mode ref, Ref Stage 1, run, start, 9783590120318424
1787664524.282708, NoOp Chain Depth 128 Size 0 Mode ref, Ref Stage 1, run, end, 9783590120768232
1787664524.282725, NoOp Chain Depth 128 Size 0 Mode ref, Ref Stage 2, run, start, 9783590120784168
1787664524.282746, NoOp Chain Depth 128 Size 0 Mode ref, Ref Stage 2, run, end, 9783590120805608
1787664524.282761, NoOp Chain Depth 128 Size 0 Mode ref, Ref Stage 3, run, start, 9783590120820088
1787664524.282782, NoOp Chain Depth 128 Size 0 Mode ref, Ref Stage 3, run, end, 9783590120840856
1787664524.282796, NoOp Chain Depth 128 Size 0 Mode ref, Ref Stage 4, run, start, 9783590120855384
1787664524.282817, NoOp Chain Depth 128 Size 0 Mode ref, Ref Stage 4, run, end, 9783590120875896
1787664524.282830, NoOp Chain Depth 128 Size 0 Mode ref, Ref Stage 5, run, start, 9783590120889960
1787664524.282852, NoOp Chain Depth 128 Size 0 Mode ref, Ref Stage 5, run, end, 9783590120910712
1787664524.282866, NoOp Chain Depth 128 Size 0 Mode ref, Ref Stage 6, run, start, 9783590120925256
1787664524.282887, NoOp Chain Depth 128 Size 0 Mode ref, Ref Stage 6, run, end, 9783590120946248
1787664524.282902, NoOp Chain Depth 128 Size 0 Mode ref, Ref Stage 7, run, start, 9783590120960920
1787664524.282923, NoOp Chain Depth 128 Size 0 Mode ref, Ref Stage 7, run, end, 9783590120981912
1787664524.282937, NoOp Chain Depth 128 Size 0 Mode ref, Ref Stage 8, run, start, 9783590120996328
1787664524.282962, NoOp Chain Depth 128 Size 0 Mode ref, Ref Stage 8, run, end, 9783590121021224
1787664524.282978, NoOp Chain Depth 128 Size 0 Mode ref, Ref Stage 9, run, start, 9783590121037704
1787664524.283000, NoOp Chain Depth 128 Size 0 Mode ref, Ref Stage 9, run, end, 9783590121058776
1787664524.283014, NoOp Chain Depth 128 Size 0 Mode ref, Ref Stage 10, run, start, 9783590121073016
1787664524.283038, NoOp Chain Depth 128 Size 0 Mode ref, Ref Stage 10, run, end, 9783590121097208
1787664524.283050, NoOp Chain Depth 128 Size 0 Mode ref, Ref Stage 11, run, start, 9783590121109256
1787664524.283081, NoOp Chain Depth 128 Size 0 Mode ref, Ref Stage 11, run, end, 9783590121140600
1787664524.283096, NoOp Chain Depth 128 Size 0 Mode ref, Ref Stage 12, run, start, 9783590121155144
1787664524.283118, NoOp Chain Depth 128 Size 0 Mode ref, Ref Stage 12, run, end, 9783590121177128
1787664524.283132, NoOp Chain Depth 128 Size 0 Mode ref, Ref Stage 13, run, start, 9783590121191496
1787664524.283155, NoOp Chain Depth 128 Size 0 Mode ref, Ref Stage 13, run, end, 9783590121214040
1787664524.283170, NoOp Chain Depth 128 Size 0 Mode ref, Ref Stage 14, run, start, 9783590121229352
1787664524.283191, NoOp Chain Depth 128 Size 0 Mode ref, Ref Stage 14, run, end, 9783590121250136
1787664524.283205, NoOp Chain Depth 128 Size 0 Mode ref, Ref Stage 15, run, start, 9783590121264584
1787664524.283227, NoOp Chain Depth 128 Size 0 Mode ref, Ref Stage 15, run, end, 9783590121286008
1787664524.283241, NoOp Chain Depth 128 Size 0 Mode ref, Ref Stage 16, run, start, 9783590121300376
1787664524.283262, NoOp Chain Depth 128 Size 0 Mode ref, Ref Stage 16, run, end, 9783590121320824
1787664524.283276, NoOp Chain Depth 128 Size 0 Mode ref, Ref Stage 17, run, start, 9783590121335272
1787664524.283298, NoOp Chain Depth 128 Size 0 Mode ref, Ref Stage 17, run, end, 9783590121357448
1787664524.283310, NoOp Chain Depth 128 Size 0 Mode ref, Ref Stage 18, run, start, 9783590121369144
1787664524.283343, NoOp Chain Depth 128 Size 0 Mode ref, Ref Stage 18, run, end, 9783590121402072
1787664524.283357, NoOp Chain Depth 128 Size 0 Mode ref, Ref Stage 19, run, start, 9783590121416440
1787664524.283378, NoOp Chain Depth 128 Size 0 Mode ref, Ref Stage 19, run, end, 9783590121437160
1787664524.283392, NoOp Chain Depth 128 Size 0 Mode ref, Ref Stage 20, run, start, 9783590121451640
1787664524.283415, NoOp Chain Depth 128 Size 0 Mode ref, Ref Stage 20, run, end, 9783590121473960
1787664524.283432, NoOp Chain Depth 128 Size 0 Mode ref, Ref Stage 21, run, start, 9783590121491000
1787664524.283453, NoOp Chain Depth 128 Size 0 Mode ref, Ref Stage 21, run, end, 9783590121512152
1787664524.283467, NoOp Chain Depth 128 Size 0 Mode ref, Ref Stage 22, run, start, 9783590121526680
1787664524.283488, NoOp Chain Depth 128 Size 0 Mode ref, Ref Stage 22, run, end, 9783590121547416
1787664524.283502, NoOp Chain Depth 128 Size 0 Mode ref, Ref Stage 23, run, start, 9783590121561496
1787664524.283523, NoOp Chain Depth 128 Size 0 Mode ref, Ref Stage 23, run, end, 9783590121582504
1787664524.283538, NoOp Chain Depth 128 Size 0 Mode ref, Ref Stage 24, run, start, 9783590121597576
1787664524.283561, NoOp Chain Depth 128 Size 0 Mode ref, Ref Stage 24, run, end, 9783590121619720
1787664524.283572, NoOp Chain Depth 128 Size 0 Mode ref, Ref Stage 25, run, start, 9783590121631256
1787664524.283602, NoOp Chain Depth 128 Size 0 Mode ref, Ref Stage 25, run, end, 9783590121661431
1787664524.283617, NoOp Chain Depth 128 Size 0 Mode ref, Ref Stage 26, run, start, 9783590121675767
1787664524.283642, NoOp Chain Depth 128 Size 0 Mode ref, Ref Stage 26, run, end, 9783590121702087
1787664524.283657, NoOp Chain Depth 128 Size 0 Mode ref, Ref Stage 27, run, start, 9783590121716455
1787664524.283679, NoOp Chain Depth 128 Size 0 Mode ref, Ref Stage 27, run, end, 9783590121738311
1787664524.283694, NoOp Chain Depth 128 Size 0 Mode ref, Ref Stage 28, run, start, 9783590121753415
1787664524.283718, NoOp Chain Depth 128 Size 0 Mode ref, Ref Stage 28, run, end, 9783590121777319
1787664524.283730, NoOp Chain Depth 128 Size 0 Mode ref, Ref Stage 29, run, start, 9783590121788999
1787664524.283762, NoOp Chain Depth 128 Size 0 Mode ref, Ref Stage 29, run, end, 9783590121820871
1787664524.283773, NoOp Chain Depth 128 Size 0 Mode ref, Ref Stage 30, run, start, 9783590121832535
1787664524.283804, NoOp Chain Depth 128 Size 0 Mode ref, Ref Stage 30, run, end, 9783590121862855
1787664524.283818, NoOp Chain Depth 128 Size 0 Mode ref, Ref Stage 31, run, start, 9783590121877527
1787664524.283842, NoOp Chain Depth 128 Size 0 Mode ref, Ref Stage 31, run, end, 9783590121901207
1787664524.283858, NoOp Chain Depth 128 Size 0 Mode ref, Ref Stage 32, run, start, 9783590121917367
1787664524.283880, NoOp Chain Depth 128 Size 0 Mode ref, Ref Stage 32, run, end, 9783590121938727
1787664524.283894, NoOp Chain Depth 128 Size 0 Mode ref, Ref Stage 33, run, start, 9783590121953511
1787664524.283916, NoOp Chain Depth 128 Size 0 Mode ref, Ref Stage 33, run, end, 9783590121974839
1787664524.283931, NoOp Chain Depth 128 Size 0 Mode ref, Ref Stage 34, run, start, 9783590121990599
1787664524.283954, NoOp Chain Depth 128 Size 0 Mode ref, Ref Stage 34, run, end, 9783590122013687
1787664524.283972, NoOp Chain Depth 128 Size 0 Mode ref, Ref Stage 35, run, start, 9783590122031735
1787664524.283995, NoOp Chain Depth 128 Size 0 Mode ref, Ref Stage 35, run, end, 9783590122054503
1787664524.284007, NoOp Chain Depth 128 Size 0 Mode ref, Ref Stage 36, run, start, 9783590122066535
1787664524.284537, NoOp Chain Depth 128 Size 0 Mode ref, Ref Stage 36, run, end, 9783590122597431
1787664524.284554, NoOp Chain Depth 128 Size 0 Mode ref, Ref Stage 37, run, start, 9783590122612855
1787664524.284575, NoOp Chain Depth 128 Size 0 Mode ref, Ref Stage 37, run, end, 9783590122633703
1787664524.284589, NoOp Chain Depth 128 Size 0 Mode ref, Ref Stage 38, run, start, 9783590122648231
1787664524.284610, NoOp Chain Depth 128 Size 0 Mode ref, Ref Stage 38, run, end, 9783590122668951
1787664524.284624, NoOp Chain Depth 128 Size 0 Mode ref, Ref Stage 39, run, start, 9783590122683367
1787664524.284645, NoOp Chain Depth 128 Size 0 Mode ref, Ref Stage 39, run, end, 9783590122704007
1787664524.284659, NoOp Chain Depth 128 Size 0 Mode ref, Ref Stage 40, run, start, 9783590122718551
1787664524.284680, NoOp Chain Depth 128 Size 0 Mode ref, Ref Stage 40, run, end, 9783590122739639
1787664524.284695, NoOp Chain Depth 128 Size 0 Mode ref, Ref Stage 41, run, start, 9783590122754343
1787664524.284718, NoOp Chain Depth 128 Size 0 Mode ref, Ref Stage 41, run, end, 9783590122777255
1787664524.284734, NoOp Chain Depth 128 Size 0 Mode ref, Ref Stage 42, run, start, 9783590122793287
1787664524.284755, NoOp Chain Depth 128 Size 0 Mode ref, Ref Stage 42, run, end, 9783590122814183
1787664524.284769, NoOp Chain Depth 128 Size 0 Mode ref, Ref Stage 43, run, start, 9783590122828599
1787664524.284791, NoOp Chain Depth 128 Size 0 Mode ref, Ref Stage 43, run, end, 9783590122850871
1787664524.284803, NoOp Chain Depth 128 Size 0 Mode ref, Ref Stage 44, run, start, 9783590122862647
1787664524.284834, NoOp Chain Depth 128 Size 0 Mode ref, Ref Stage 44, run, end, 9783590122893335
1787664524.284848, NoOp Chain Depth 128 Size 0 Mode ref, Ref Stage 45, run, start, 9783590122907511
1787664524.284871, NoOp Chain Depth 128 Size 0 Mode ref, Ref Stage 45, run, end, 9783590122930487
1787664524.284884, NoOp Chain Depth 128 Size 0 Mode ref, Ref Stage 46, run, start, 9783590122943703
1787664524.284916, NoOp Chain Depth 128 Size 0 Mode ref, Ref Stage 46, run, end, 9783590122975335
1787664524.284930, NoOp Chain Depth 128 Size 0 Mode ref, Ref Stage 47, run, start, 9783590122989799
1787664524.284954, NoOp Chain Depth 128 Size 0 Mode ref, Ref Stage 47, run, end, 9783590123013335
1787664524.284969, NoOp Chain Depth 128 Size 0 Mode ref, Ref Stage 48, run, start, 9783590123028439
1787664524.284990, NoOp Chain Depth 128 Size 0 Mode ref, Ref Stage 48, run, end, 9783590123049015
1787664524.285006, NoOp Chain Depth 128 Size 0 Mode ref, Ref Stage 49, run, start, 9783590123065591
1787664524.285030, NoOp Chain Depth 128 Size 0 Mode ref, Ref Stage 49, run, end, 9783590123089495
1787664524.285042, NoOp Chain Depth 128 Size 0 Mode ref, Ref Stage 50, run, start, 9783590123101031
1787664524.285073, NoOp Chain Depth 128 Size 0 Mode ref, Ref Stage 50, run, end, 9783590123132039
1787664524.285192, NoOp Chain Depth 128 Size 0 Mode ref, Ref Stage 51, run, start, 9783590123251526
1787664524.285217, NoOp Chain Depth 128 Size 0 Mode ref, Ref Stage 51, run, end, 9783590123276102
1787664524.285232, NoOp Chain Depth 128 Size 0 Mode ref, Ref Stage 52, run, start, 9783590123291110
1787664524.285254, NoOp Chain Depth 128 Size 0 Mode ref, Ref Stage 52, run, end, 9783590123313558
1787664524.285269, NoOp Chain Depth 128 Size 0 Mode ref, Ref Stage 53, run, start, 9783590123327958
1787664524.285290, NoOp Chain Depth 128 Size 0 Mode ref, Ref Stage 53, run, end, 9783590123349350
1787664524.285305, NoOp Chain Depth 128 Size 0 Mode ref, Ref Stage 54, run, start, 9783590123363910
1787664524.285329, NoOp Chain Depth 128 Size 0 Mode ref, Ref Stage 54, run, end, 9783590123388614
1787664524.285341, NoOp Chain Depth 128 Size 0 Mode ref, Ref Stage 55, run, start, 9783590123400246
1787664524.285372, NoOp Chain Depth 128 Size 0 Mode ref, Ref Stage 55, run, end, 9783590123431046
1787664524.285386, NoOp Chain Depth 128 Size 0 Mode ref, Ref Stage 56, run, start, 9783590123445238
1787664524.285407, NoOp Chain Depth 128 Size 0 Mode ref, Ref Stage 56, run, end, 9783590123466198
1787664524.285421, NoOp Chain Depth 128 Size 0 Mode ref, Ref Stage 57, run, start, 9783590123480518
1787664524.285444, NoOp Chain Depth 128 Size 0 Mode ref, Ref Stage 57, run, end, 9783590123503030
1787664524.285459, NoOp Chain Depth 128 Size 0 Mode ref, Ref Stage 58, run, start, 9783590123518406
1787664524.285480, NoOp Chain Depth 128 Size 0 Mode ref, Ref Stage 58, run, end, 9783590123539334
1787664524.285494, NoOp Chain Depth 128 Size 0 Mode ref, Ref Stage 59, run, start, 9783590123553542
1787664524.285515, NoOp Chain Depth 128 Size 0 Mode ref, Ref Stage 59, run, end, 9783590123574150
1787664524.285531, NoOp Chain Depth 128 Size 0 Mode ref, Ref Stage 60, run, start, 9783590123590006
1787664524.285554, NoOp Chain Depth 128 Size 0 Mode ref, Ref Stage 60, run, end, 9783590123613222
1787664524.285568, NoOp Chain Depth 128 Size 0 Mode ref, Ref Stage 61, run, start, 9783590123627526
1787664524.285590, NoOp Chain Depth 128 Size 0 Mode ref, Ref Stage 61, run, end, 9783590123649814
1787664524.285602, NoOp Chain Depth 128 Size 0 Mode ref, Ref Stage 62, run, start, 9783590123661158
1787664524.285635, NoOp Chain Depth 128 Size 0 Mode ref, Ref Stage 62, run, end, 9783590123694822
1787664524.285650, NoOp Chain Depth 128 Size 0 Mode ref, Ref Stage 63, run, start, 9783590123709286
1787664524.285672, NoOp Chain Depth 128 Size 0 Mode ref, Ref Stage 63, run, end, 9783590123730934
1787664524.285686, NoOp Chain Depth 128 Size 0 Mode ref, Ref Stage 64, run, start, 9783590123745270
1787664524.285707, NoOp Chain Depth 128 Size 0 Mode ref, Ref Stage 64, run, end, 9783590123766118
1787664524.285721, NoOp Chain Depth 128 Size 0 Mode ref, Ref Stage 65, run, start, 9783590123780326
1787664524.285742, NoOp Chain Depth 128 Size 0 Mode ref, Ref Stage 65, run, end, 9783590123800998
1787664524.285756, NoOp Chain Depth 128 Size 0 Mode ref, Ref Stage 66, run, start, 9783590123815174
1787664524.285776, NoOp Chain Depth 128 Size 0 Mode ref, Ref Stage 66, run, end, 9783590123835638
1787664524.285791, NoOp Chain Depth 128 Size 0 Mode ref, Ref Stage 67, run, start, 9783590123850790
1787664524.285812, NoOp Chain Depth 128 Size 0 Mode ref, Ref Stage 67, run, end, 9783590123871590
1787664524.285826, NoOp Chain Depth 128 Size 0 Mode ref, Ref Stage 68, run, start, 9783590123885926
1787664524.285849, NoOp Chain Depth 128 Size 0 Mode ref, Ref Stage 68, run, end, 9783590123907606
1787664524.285863, NoOp Chain Depth 128 Size 0 Mode ref, Ref Stage 69, run, start, 9783590123921942
1787664524.285883, NoOp Chain Depth 128 Size 0 Mode ref, Ref Stage 69, run, end, 9783590123942438
1787664524.285897, NoOp Chain Depth 128 Size 0 Mode ref, Ref Stage 70, run, start, 9783590123956838
1787664524.285918, NoOp Chain Depth 128 Size 0 Mode ref, Ref Stage 70, run, end, 9783590123977478
1787664524.285933, NoOp Chain Depth 128 Size 0 Mode ref, Ref Stage 71, run, start, 9783590123991734
1787664524.285954, NoOp Chain Depth 128 Size 0 Mode ref, Ref Stage 71, run, end, 9783590124013862
1787664524.285971, NoOp Chain Depth 128 Size 0 Mode ref, Ref Stage 72, run, start, 9783590124030342
1787664524.285992, NoOp Chain Depth 128 Size 0 Mode ref, Ref Stage 72, run, end, 9783590124051158
1787664524.286006, NoOp Chain Depth 128 Size 0 Mode ref, Ref Stage 73, run, start, 9783590124065526
1787664524.286028, NoOp Chain Depth 128 Size 0 Mode ref, Ref Stage 73, run, end, 9783590124087590
1787664524.286044, NoOp Chain Depth 128 Size 0 Mode ref, Ref Stage 74, run, start, 9783590124103110
1787664524.286066, NoOp Chain Depth 128 Size 0 Mode ref, Ref Stage 74, run, end, 9783590124125190
1787664524.286087, NoOp Chain Depth 128 Size 0 Mode ref, Ref Stage 75, run, start, 9783590124145878
1787664524.286107, NoOp Chain Depth 128 Size 0 Mode ref, Ref Stage 75, run, end, 9783590124166662
1787664524.286122, NoOp Chain Depth 128 Size 0 Mode ref, Ref Stage 76, run, start, 9783590124181158
1787664524.286456, NoOp Chain Depth 128 Size 0 Mode ref, Ref Stage 76, run, end, 9783590124515638
1787664524.286586, NoOp Chain Depth 128 Size 0 Mode ref, Ref Stage 77, run, start, 9783590124645366
1787664524.286609, NoOp Chain Depth 128 Size 0 Mode ref, Ref Stage 77, run, end, 9783590124668486
1787664524.286624, NoOp Chain Depth 128 Size 0 Mode ref, Ref Stage 78, run, start, 9783590124683478
1787664524.286647, NoOp Chain Depth 128 Size 0 Mode ref, Ref Stage 78, run, end, 9783590124706054
1787664524.286661, NoOp Chain Depth 128 Size 0 Mode ref, Ref Stage 79, run, start, 9783590124720742
1787664524.286683, NoOp Chain Depth 128 Size 0 Mode ref, Ref Stage 79, run, end, 9783590124741830
1787664524.286697, NoOp Chain Depth 128 Size 0 Mode ref, Ref Stage 80, run, start, 9783590124756533
1787664524.286718, NoOp Chain Depth 128 Size 0 Mode ref, Ref Stage 80, run, end, 9783590124777557
1787664524.286732, NoOp Chain Depth 128 Size 0 Mode ref, Ref Stage 81, run, start, 9783590124791909
1787664524.286754, NoOp Chain Depth 128 Size 0 Mode ref, Ref Stage 81, run, end, 9783590124813077
1787664524.286768, NoOp Chain Depth 128 Size 0 Mode ref, Ref Stage 82, run, start, 9783590124827621
1787664524.286792, NoOp Chain Depth 128 Size 0 Mode ref, Ref Stage 82, run, end, 9783590124851061
1787664524.286807, NoOp Chain Depth 128 Size 0 Mode ref, Ref Stage 83, run, start, 9783590124865733
1787664524.286827, NoOp Chain Depth 128 Size 0 Mode ref, Ref Stage 83, run, end, 9783590124886389
1787664524.286841, NoOp Chain Depth 128 Size 0 Mode ref, Ref Stage 84, run, start, 9783590124900741
1787664524.286868, NoOp Chain Depth 128 Size 0 Mode ref, Ref Stage 84, run, end, 9783590124926949
1787664524.286882, NoOp Chain Depth 128 Size 0 Mode ref, Ref Stage 85, run, start, 9783590124941413
1787664524.286905, NoOp Chain Depth 128 Size 0 Mode ref, Ref Stage 85, run, end, 9783590124963973
1787664524.286916, NoOp Chain Depth 128 Size 0 Mode ref, Ref Stage 86, run, start, 9783590124975877
1787664524.286950, NoOp Chain Depth 128 Size 0 Mode ref, Ref Stage 86, run, end, 9783590125009717
1787664524.286967, NoOp Chain Depth 128 Size 0 Mode ref, Ref Stage 87, run, start, 9783590125026645
1787664524.286988, NoOp Chain Depth 128 Size 0 Mode ref, Ref Stage 87, run, end, 9783590125047541
1787664524.287003, NoOp Chain Depth 128 Size 0 Mode ref, Ref Stage 88, run, start, 9783590125062229
1787664524.287024, NoOp Chain Depth 128 Size 0 Mode ref, Ref Stage 88, run, end, 9783590125083045
1787664524.287039, NoOp Chain Depth 128 Size 0 Mode ref, Ref Stage 89, run, start, 9783590125098101
1787664524.287060, NoOp Chain Depth 128 Size 0 Mode ref, Ref Stage 89, run, end, 9783590125119621
1787664524.287075, NoOp Chain Depth 128 Size 0 Mode ref, Ref Stage 90, run, start, 9783590125133861
1787664524.287097, NoOp Chain Depth 128 Size 0 Mode ref, Ref Stage 90, run, end, 9783590125156181
1787664524.287109, NoOp Chain Depth 128 Size 0 Mode ref, Ref Stage 91, run, start, 9783590125167813
1787664524.287139, NoOp Chain Depth 128 Size 0 Mode ref, Ref Stage 91, run, end, 9783590125197957
1787664524.287153, NoOp Chain Depth 128 Size 0 Mode ref, Ref Stage 92, run, start, 9783590125212181
1787664524.287173, NoOp Chain Depth 128 Size 0 Mode ref, Ref Stage 92, run, end, 9783590125232613
1787664524.287189, NoOp Chain Depth 128 Size 0 Mode ref, Ref Stage 93, run, start, 9783590125248517
1787664524.287210, NoOp Chain Depth 128 Size 0 Mode ref, Ref Stage 93, run, end, 9783590125269141
1787664524.287227, NoOp Chain Depth 128 Size 0 Mode ref, Ref Stage 94, run, start, 9783590125286021
1787664524.287247, NoOp Chain Depth 128 Size 0 Mode ref, Ref Stage 94, run, end, 9783590125306405
1787664524.287262, NoOp Chain Depth 128 Size 0 Mode ref, Ref Stage 95, run, start, 9783590125321717
1787664524.287283, NoOp Chain Depth 128 Size 0 Mode ref, Ref Stage 95, run, end, 9783590125342085
1787664524.287297, NoOp Chain Depth 128 Size 0 Mode ref, Ref Stage 96, run, start, 9783590125356325
1787664524.287319, NoOp Chain Depth 128 Size 0 Mode ref, Ref Stage 96, run, end, 9783590125378181
1787664524.287333, NoOp Chain Depth 128 Size 0 Mode ref, Ref Stage 97, run, start, 9783590125392325
1787664524.287354, NoOp Chain Depth 128 Size 0 Mode ref, Ref Stage 97, run, end, 9783590125412773
1787664524.287368, NoOp Chain Depth 128 Size 0 Mode ref, Ref Stage 98, run, start, 9783590125427125
1787664524.287389, NoOp Chain Depth 128 Size 0 Mode ref, Ref Stage 98, run, end, 9783590125448037
1787664524.287404, NoOp Chain Depth 128 Size 0 Mode ref, Ref Stage 99, run, start, 9783590125463637
1787664524.287425, NoOp Chain Depth 128 Size 0 Mode ref, Ref Stage 99, run, end, 9783590125484261
1787664524.287440, NoOp Chain Depth 128 Size 0 Mode ref, Ref Stage 100, run, start, 9783590125499557
1787664524.287462, NoOp Chain Depth 128 Size 0 Mode ref, Ref Stage 100, run, end, 9783590125521557
1787664524.287477, NoOp Chain Depth 128 Size 0 Mode ref, Ref Stage 101, run, start, 9783590125536085
1787664524.287498, NoOp Chain Depth 128 Size 0 Mode ref, Ref Stage 101, run, end, 9783590125556645
1787664524.287512, NoOp Chain Depth 128 Size 0 Mode ref, Ref Stage 102, run, start, 9783590125571045
1787664524.287534, NoOp Chain Depth 128 Size 0 Mode ref, Ref Stage 102, run, end, 9783590125593541
1787664524.287546, NoOp Chain Depth 128 Size 0 Mode ref, Ref Stage 103, run, start, 9783590125605237
1787664524.287579, NoOp Chain Depth 128 Size 0 Mode ref, Ref Stage 103, run, end, 9783590125638645
1787664524.287594, NoOp Chain Depth 128 Size 0 Mode ref, Ref Stage 104, run, start, 9783590125653013
1787664524.287614, NoOp Chain Depth 128 Size 0 Mode ref, Ref Stage 104, run, end, 9783590125673509
1787664524.287629, NoOp Chain Depth 128 Size 0 Mode ref, Ref Stage 105, run, start, 9783590125687925
1787664524.287650, NoOp Chain Depth 128 Size 0 Mode ref, Ref Stage 105, run, end, 9783590125709125
1787664524.287664, NoOp Chain Depth 128 Size 0 Mode ref, Ref Stage 106, run, start, 9783590125723445
1787664524.287685, NoOp Chain Depth 128 Size 0 Mode ref, Ref Stage 106, run, end, 9783590125743733
1787664524.287699, NoOp Chain Depth 128 Size 0 Mode ref, Ref Stage 107, run, start, 9783590125758149
1787664524.287720, NoOp Chain Depth 128 Size 0 Mode ref, Ref Stage 107, run, end, 9783590125779733
1787664524.287735, NoOp Chain Depth 128 Size 0 Mode ref, Ref Stage 108, run, start, 9783590125794693
1787664524.287757, NoOp Chain Depth 128 Size 0 Mode ref, Ref Stage 108, run, end, 9783590125816293
1787664524.287771, NoOp Chain Depth 128 Size 0 Mode ref, Ref Stage 109, run, start, 9783590125830693
1787664524.287793, NoOp Chain Depth 128 Size 0 Mode ref, Ref Stage 109, run, end, 9783590125852181
1787664524.287807, NoOp Chain Depth 128 Size 0 Mode ref, Ref Stage 110, run, start, 9783590125866325
1787664524.287828, NoOp Chain Depth 128 Size 0 Mode ref, Ref Stage 110, run, end, 9783590125887541
1787664524.287845, NoOp Chain Depth 128 Size 0 Mode ref, Ref Stage 111, run, start, 9783590125903733
1787664524.287865, NoOp Chain Depth 128 Size 0 Mode ref, Ref Stage 111, run, end, 9783590125924053
1787664524.287879, NoOp Chain Depth 128 Size 0 Mode ref, Ref Stage 112, run, start, 9783590125938533
1787664524.287899, NoOp Chain Depth 128 Size 0 Mode ref, Ref Stage 112, run, end, 9783590125958549
1787664524.287914, NoOp Chain Depth 128 Size 0 Mode ref, Ref Stage 113, run, start, 9783590125972757
1787664524.287934, NoOp Chain Depth 128 Size 0 Mode ref, Ref Stage 113, run, end, 9783590125992837
1787664524.287949, NoOp Chain Depth 128 Size 0 Mode ref, Ref Stage 114, run, start, 9783590126008421
1787664524.287970, NoOp Chain Depth 128 Size 0 Mode ref, Ref Stage 114, run, end, 9783590126029253
1787664524.287984, NoOp Chain Depth 128 Size 0 Mode ref, Ref Stage 115, run, start, 9783590126043221
1787664524.288004, NoOp Chain Depth 128 Size 0 Mode ref, Ref Stage 115, run, end, 9783590126063445
1787664524.288018, NoOp Chain Depth 128 Size 0 Mode ref, Ref Stage 116, run, start, 9783590126077573
1787664524.288040, NoOp Chain Depth 128 Size 0 Mode ref, Ref Stage 116, run, end, 9783590126099157
1787664524.288054, NoOp Chain Depth 128 Size 0 Mode ref, Ref Stage 117, run, start, 9783590126113205
1787664524.288076, NoOp Chain Depth 128 Size 0 Mode ref, Ref Stage 117, run, end, 9783590126135493
1787664524.288090, NoOp Chain Depth 128 Size 0 Mode ref, Ref Stage 118, run, start, 9783590126149573
1787664524.288111, NoOp Chain Depth 128 Size 0 Mode ref, Ref Stage 118, run, end, 9783590126170181
1787664524.288125, NoOp Chain Depth 128 Size 0 Mode ref, Ref Stage 119, run, start, 9783590126184437
1787664524.288146, NoOp Chain Depth 128 Size 0 Mode ref, Ref Stage 119, run, end, 9783590126204725
1787664524.288160, NoOp Chain Depth 128 Size 0 Mode ref, Ref Stage 120, run, start, 9783590126219061
1787664524.288181, NoOp Chain Depth 128 Size 0 Mode ref, Ref Stage 120, run, end, 9783590126239556
1787664524.288195, NoOp Chain Depth 128 Size 0 Mode ref, Ref Stage 121, run, start, 9783590126253956
1787664524.288218, NoOp Chain Depth 128 Size 0 Mode ref, Ref Stage 121, run, end, 9783590126276804
1787664524.288234, NoOp Chain Depth 128 Size 0 Mode ref, Ref Stage 122, run, start, 9783590126292788
1787664524.288258, NoOp Chain Depth 128 Size 0 Mode ref, Ref Stage 122, run, end, 9783590126317140
1787664524.288269, NoOp Chain Depth 128 Size 0 Mode ref, Ref Stage 123, run, start, 9783590126328548
1787664524.288300, NoOp Chain Depth 128 Size 0 Mode ref, Ref Stage 123, run, end, 9783590126359204
1787664524.288316, NoOp Chain Depth 128 Size 0 Mode ref, Ref Stage 124, run, start, 9783590126375204
1787664524.288338, NoOp Chain Depth 128 Size 0 Mode ref, Ref Stage 124, run, end, 9783590126396820
1787664524.288352, NoOp Chain Depth 128 Size 0 Mode ref, Ref Stage 125, run, start, 9783590126410868
1787664524.288372, NoOp Chain Depth 128 Size 0 Mode ref, Ref Stage 125, run, end, 9783590126431140
1787664524.288386, NoOp Chain Depth 128 Size 0 Mode ref, Ref Stage 126, run, start, 9783590126445540
1787664524.288407, NoOp Chain Depth 128 Size 0 Mode ref, Ref Stage 126, run, end, 9783590126465812
1787664524.288425, NoOp Chain Depth 128 Size 0 Mode ref, Ref Stage 127, run, start, 9783590126484180
1787664524.288446, NoOp Chain Depth 128 Size 0 Mode ref, Ref Stage 127, run, end, 9783590126505268
1787664524.288461, NoOp Chain Depth 128 Size 0 Mode ref, pipeline - train, run, end, 188029405787436193734737015524333019192, 1787664524.282184, 76, 1, 9783590126520132
1787664524.288497, NoOp Chain Depth 128 Size 0 Mode ref, pipeline - train, run, start, 49624323328502578485056032495616413937, 1787664524.288486, 77, 1, 9783590126556372
1787664524.288917, NoOp Chain Depth 128 Size 0 Mode ref, Ref Stage 0, run, start, 9783590126976916
1787664524.288946, NoOp Chain Depth 128 Size 0 Mode ref, Ref Stage 0, run, end, 9783590127006116
1787664524.289073, NoOp Chain Depth 128 Size 0 Mode ref, Ref Stage 1, run, start, 9783590127132948
1787664524.289096, NoOp Chain Depth 128 Size 0 Mode ref, Ref Stage 1, run, end, 9783590127155764
1787664524.289112, NoOp Chain Depth 128 Size 0 Mode ref, Ref Stage 2, run, start, 9783590127171236
1787664524.289133, NoOp Chain Depth 128 Size 0 Mode ref, Ref Stage 2, run, end, 9783590127192548
1787664524.289148, NoOp Chain Depth 128 Size 0 Mode ref, Ref Stage 3, run, start, 9783590127207028
1787664524.289169, NoOp Chain Depth 128 Size 0 Mode ref, Ref Stage 3, run, end, 9783590127227892
1787664524.289183, NoOp Chain Depth 128 Size 0 Mode ref, Ref Stage 4, run, start, 9783590127242292
1787664524.289204, NoOp Chain Depth 128 Size 0 Mode ref, Ref Stage 4, run, end, 9783590127263428
1787664524.289219, NoOp Chain Depth 128 Size 0 Mode ref, Ref Stage 5, run, start, 9783590127277732
1787664524.289240, NoOp Chain Depth 128 Size 0 Mode ref, Ref Stage 5, run, end, 9783590127298772
1787664524.289254, NoOp Chain Depth 128 Size 0 Mode ref, Ref Stage 6, run, start, 9783590127313220
1787664524.289275, NoOp Chain Depth 128 Size 0 Mode ref, Ref Stage 6, run, end, 9783590127334260
1787664524.289290, NoOp Chain Depth 128 Size 0 Mode ref, Ref Stage 7, run, start, 9783590127348868
1787664524.289311, NoOp Chain Depth 128 Size 0 Mode ref, Ref Stage 7, run, end, 9783590127370740
1787664524.289326, NoOp Chain Depth 128 Size 0 Mode ref, Ref Stage 8, run, start, 9783590127385268
1787664524.289412, NoOp Chain Depth 128 Size 0 Mode ref, Ref Stage 8, run, end, 9783590127471508
1787664524.289429, NoOp Chain Depth 128 Size 0 Mode ref, Ref Stage 9, run, start, 9783590127488980
1787664524.289451, NoOp Chain Depth 128 Size 0 Mode ref, Ref Stage 9, run, end, 9783590127510452
1787664524.289466, NoOp Chain Depth 128 Size 0 Mode ref, Ref Stage 10, run, start, 9783590127525108
1787664524.289490, NoOp Chain Depth 128 Size 0 Mode ref, Ref Stage 10, run, end, 9783590127549540
1787664524.289502, NoOp Chain Depth 128 Size 0 Mode ref, Ref Stage 11, run, start, 9783590127562532
1787664524.289534, NoOp Chain Depth 128 Size 0 Mode ref, Ref Stage 11, run, end, 9783590127593412
1787664524.289549, NoOp Chain Depth 128 Size 0 Mode ref, Ref Stage 12, run, start, 9783590127607780
1787664524.289571, NoOp Chain Depth 128 Size 0 Mode ref, Ref Stage 12, run, end, 9783590127630020
1787664524.289587, NoOp Chain Depth 128 Size 0 Mode ref, Ref Stage 13, run, start, 9783590127645652
1787664524.289607, NoOp Chain Depth 128 Size 0 Mode ref, Ref Stage 13, run, end, 9783590127666468
1787664524.289623, NoOp Chain Depth 128 Size 0 Mode ref, Ref Stage 14, run, start, 9783590127681716
1787664524.289643, NoOp Chain Depth 128 Size 0 Mode ref, Ref Stage 14, run, end, 9783590127702420
1787664524.289660, NoOp Chain Depth 128 Size 0 Mode ref, Ref Stage 15, run, start, 9783590127718724
1787664524.289682, NoOp Chain Depth 128 Size 0 Mode ref, Ref Stage 15, run, end, 9783590127741268
1787664524.289693, NoOp Chain Depth 128 Size 0 Mode ref, Ref Stage 16, run, start, 9783590127752787
1787664524.289724, NoOp Chain Depth 128 Size 0 Mode ref, Ref Stage 16, run, end, 9783590127783475
1787664524.289739, NoOp Chain Depth 128 Size 0 Mode ref, Ref Stage 17, run, start, 9783590127798691
1787664524.289762, NoOp Chain Depth 128 Size 0 Mode ref, Ref Stage 17, run, end, 9783590127820883
1787664524.289773, NoOp Chain Depth 128 Size 0 Mode ref, Ref Stage 18, run, start, 9783590127832323
1787664524.289805, NoOp Chain Depth 128 Size 0 Mode ref, Ref Stage 18, run, end, 9783590127864115
1787664524.289819, NoOp Chain Depth 128 Size 0 Mode ref, Ref Stage 19, run, start, 9783590127878595
1787664524.289841, NoOp Chain Depth 128 Size 0 Mode ref, Ref Stage 19, run, end, 9783590127900387
1787664524.289855, NoOp Chain Depth 128 Size 0 Mode ref, Ref Stage 20, run, start, 9783590127914611
1787664524.289877, NoOp Chain Depth 128 Size 0 Mode ref, Ref Stage 20, run, end, 9783590127936115
1787664524.289891, NoOp Chain Depth 128 Size 0 Mode ref, Ref Stage 21, run, start, 9783590127950387
1787664524.289913, NoOp Chain Depth 128 Size 0 Mode ref, Ref Stage 21, run, end, 9783590127972579
1787664524.289928, NoOp Chain Depth 128 Size 0 Mode ref, Ref Stage 22, run, start, 9783590127986947
1787664524.289950, NoOp Chain Depth 128 Size 0 Mode ref, Ref Stage 22, run, end, 9783590128009107
1787664524.289965, NoOp Chain Depth 128 Size 0 Mode ref, Ref Stage 23, run, start, 9783590128024291
1787664524.289990, NoOp Chain Depth 128 Size 0 Mode ref, Ref Stage 23, run, end, 9783590128048851
1787664524.290004, NoOp Chain Depth 128 Size 0 Mode ref, Ref Stage 24, run, start, 9783590128063299
1787664524.290025, NoOp Chain Depth 128 Size 0 Mode ref, Ref Stage 24, run, end, 9783590128084035
1787664524.290039, NoOp Chain Depth 128 Size 0 Mode ref, Ref Stage 25, run, start, 9783590128098147
1787664524.290063, NoOp Chain Depth 128 Size 0 Mode ref, Ref Stage 25, run, end, 9783590128121795
1787664524.290074, NoOp Chain Depth 128 Size 0 Mode ref, Ref Stage 26, run, start, 9783590128133459
1787664524.290106, NoOp Chain Depth 128 Size 0 Mode ref, Ref Stage 26, run, end, 9783590128165091
1787664524.290121, NoOp Chain Depth 128 Size 0 Mode ref, Ref Stage 27, run, start, 9783590128180115
1787664524.290142, NoOp Chain Depth 128 Size 0 Mode ref, Ref Stage 27, run, end, 9783590128200915
1787664524.290157, NoOp Chain Depth 128 Size 0 Mode ref, Ref Stage 28, run, start, 9783590128216147
1787664524.290179, NoOp Chain Depth 128 Size 0 Mode ref, Ref Stage 28, run, end, 9783590128238243
1787664524.290506, NoOp Chain Depth 128 Size 0 Mode ref, Ref Stage 29, run, start, 9783590128565587
1787664524.290637, NoOp Chain Depth 128 Size 0 Mode ref, Ref Stage 29, run, end, 9783590128696739
1787664524.290649, NoOp Chain Depth 128 Size 0 Mode ref, Ref Stage 30, run, start, 9783590128708851
1787664524.290681, NoOp Chain Depth 128 Size 0 Mode ref, Ref Stage 30, run, end, 9783590128740611
1787664524.290696, NoOp Chain Depth 128 Size 0 Mode ref, Ref Stage 31, run, start, 9783590128755715
1787664524.290717, NoOp Chain Depth 128 Size 0 Mode ref, Ref Stage 31, run, end, 9783590128776467
1787664524.290731, NoOp Chain Depth 128 Size 0 Mode ref, Ref Stage 32, run, start, 9783590128790867
1787664524.290752, NoOp Chain Depth 128 Size 0 Mode ref, Ref Stage 32, run, end, 9783590128811875
1787664524.290767, NoOp Chain Depth 128 Size 0 Mode ref, Ref Stage 33, run, start, 9783590128826563
1787664524.290788, NoOp Chain Depth 128 Size 0 Mode ref, Ref Stage 33, run, end, 9783590128847651
1787664524.290804, NoOp Chain Depth 128 Size 0 Mode ref, Ref Stage 34, run, start, 9783590128862851
1787664524.290826, NoOp Chain Depth 128 Size 0 Mode ref, Ref Stage 34, run, end, 9783590128885555
1787664524.290838, NoOp Chain Depth 128 Size 0 Mode ref, Ref Stage 35, run, start, 9783590128897299
1787664524.290871, NoOp Chain Depth 128 Size 0 Mode ref, Ref Stage 35, run, end, 9783590128930275
1787664524.290886, NoOp Chain Depth 128 Size 0 Mode ref, Ref Stage 36, run, start, 9783590128945235
1787664524.290907, NoOp Chain Depth 128 Size 0 Mode ref, Ref Stage 36, run, end, 9783590128966195
1787664524.290922, NoOp Chain Depth 128 Size 0 Mode ref, Ref Stage 37, run, start, 9783590128981395
1787664524.290943, NoOp Chain Depth 128 Size 0 Mode ref, Ref Stage 37, run, end, 9783590129004115
1787664524.290962, NoOp Chain Depth 128 Size 0 Mode ref, Ref Stage 38, run, start, 9783590129020963
1787664524.290983, NoOp Chain Depth 128 Size 0 Mode ref, Ref Stage 38, run, end, 9783590129041875
1787664524.290997, NoOp Chain Depth 128 Size 0 Mode ref, Ref Stage 39, run, start, 9783590129056515
1787664524.291019, NoOp Chain Depth 128 Size 0 Mode ref, Ref Stage 39, run, end, 9783590129078259
1787664524.291033, NoOp Chain Depth 128 Size 0 Mode ref, Ref Stage 40, run, start, 9783590129092739
1787664524.291054, NoOp Chain Depth 128 Size 0 Mode ref, Ref Stage 40, run, end, 9783590129113475
1787664524.291068, NoOp Chain Depth 128 Size 0 Mode ref, Ref Stage 41, run, start, 9783590129127763
1787664524.291092, NoOp Chain Depth 128 Size 0 Mode ref, Ref Stage 41, run, end, 9783590129151747
1787664524.291107, NoOp Chain Depth 128 Size 0 Mode ref, Ref Stage 42, run, start, 9783590129166195
1787664524.291128, NoOp Chain Depth 128 Size 0 Mode ref, Ref Stage 42, run, end, 9783590129187154
1787664524.291142, NoOp Chain Depth 128 Size 0 Mode ref, Ref Stage 43, run, start, 9783590129201682
1787664524.291165, NoOp Chain Depth 128 Size 0 Mode ref, Ref Stage 43, run, end, 9783590129223874
1787664524.291176, NoOp Chain Depth 128 Size 0 Mode ref, Ref Stage 44, run, start, 9783590129235410
1787664524.291210, NoOp Chain Depth 128 Size 0 Mode ref, Ref Stage 44, run, end, 9783590129269746
1787664524.292165, NoOp Chain Depth 128 Size 0 Mode ref, Ref Stage 45, run, start, 9783590130224994
1787664524.292192, NoOp Chain Depth 128 Size 0 Mode ref, Ref Stage 45, run, end, 9783590130251202
1787664524.292207, NoOp Chain Depth 128 Size 0 Mode ref, Ref Stage 46, run, start, 9783590130266386
1787664524.292228, NoOp Chain Depth 128 Size 0 Mode ref, Ref Stage 46, run, end, 9783590130287458
1787664524.292243, NoOp Chain Depth 128 Size 0 Mode ref, Ref Stage 47, run, start, 9783590130301794
1787664524.292264, NoOp Chain Depth 128 Size 0 Mode ref, Ref Stage 47, run, end, 9783590130322898
1787664524.292278, NoOp Chain Depth 128 Size 0 Mode ref, Ref Stage 48, run, start, 9783590130337330
1787664524.292299, NoOp Chain Depth 128 Size 0 Mode ref, Ref Stage 48, run, end, 9783590130358258
1787664524.292314, NoOp Chain Depth 128 Size 0 Mode ref, Ref Stage 49, run, start, 9783590130372770
1787664524.292336, NoOp Chain Depth 128 Size 0 Mode ref, Ref Stage 49, run, end, 9783590130395298
1787664524.292348, NoOp Chain Depth 128 Size 0 Mode ref, Ref Stage 50, run, start, 9783590130406978
1787664524.292379, NoOp Chain Depth 128 Size 0 Mode ref, Ref Stage 50, run, end, 9783590130437970
1787664524.292394, NoOp Chain Depth 128 Size 0 Mode ref, Ref Stage 51, run, start, 9783590130453170
1787664524.292417, NoOp Chain Depth 128 Size 0 Mode ref, Ref Stage 51, run, end, 9783590130476018
1787664524.292428, NoOp Chain Depth 128 Size 0 Mode ref, Ref Stage 52, run, start, 9783590130487746
1787664524.292459, NoOp Chain Depth 128 Size 0 Mode ref, Ref Stage 52, run, end, 9783590130518258
1787664524.292473, NoOp Chain Depth 128 Size 0 Mode ref, Ref Stage 53, run, start, 9783590130532530
1787664524.292495, NoOp Chain Depth 128 Size 0 Mode ref, Ref Stage 53, run, end, 9783590130554674
1787664524.292507, NoOp Chain Depth 128 Size 0 Mode ref, Ref Stage 54, run, start, 9783590130566290
1787664524.292540, NoOp Chain Depth 128 Size 0 Mode ref, Ref Stage 54, run, end, 9783590130598834
1787664524.292551, NoOp Chain Depth 128 Size 0 Mode ref, Ref Stage 55, run, start, 9783590130610594
1787664524.292584, NoOp Chain Depth 128 Size 0 Mode ref, Ref Stage 55, run, end, 9783590130643586
1787664524.292599, NoOp Chain Depth 128 Size 0 Mode ref, Ref Stage 56, run, start, 9783590130658258
1787664524.292623, NoOp Chain Depth 128 Size 0 Mode ref, Ref Stage 56, run, end, 9783590130682162
1787664524.292637, NoOp Chain Depth 128 Size 0 Mode ref, Ref Stage 57, run, start, 9783590130696770
1787664524.292658, NoOp Chain Depth 128 Size 0 Mode ref, Ref Stage 57, run, end, 9783590130717521
1787664524.292673, NoOp Chain Depth 128 Size 0 Mode ref, Ref Stage 58, run, start, 9783590130731985
1787664524.292694, NoOp Chain Depth 128 Size 0 Mode ref, Ref Stage 58, run, end, 9783590130752801
1787664524.292708, NoOp Chain Depth 128 Size 0 Mode ref, Ref Stage 59, run, start, 9783590130767361
1787664524.292730, NoOp Chain Depth 128 Size 0 Mode ref, Ref Stage 59, run, end, 9783590130789601
1787664524.292746, NoOp Chain Depth 128 Size 0 Mode ref, Ref Stage 60, run, start, 9783590130804993
1787664524.292767, NoOp Chain Depth 128 Size 0 Mode ref, Ref Stage 60, run, end, 9783590130825681
1787664524.292781, NoOp Chain Depth 128 Size 0 Mode ref, Ref Stage 61, run, start, 9783590130840017
1787664524.292802, NoOp Chain Depth 128 Size 0 Mode ref, Ref Stage 61, run, end, 9783590130860865
1787664524.292816, NoOp Chain Depth 128 Size 0 Mode ref, Ref Stage 62, run, start, 9783590130875217
1787664524.292837, NoOp Chain Depth 128 Size 0 Mode ref, Ref Stage 62, run, end, 9783590130896017
1787664524.292852, NoOp Chain Depth 128 Size 0 Mode ref, Ref Stage 63, run, start, 9783590130911041
1787664524.292872, NoOp Chain Depth 128 Size 0 Mode ref, Ref Stage 63, run, end, 9783590130931617
1787664524.292886, NoOp Chain Depth 128 Size 0 Mode ref, Ref Stage 64, run, start, 9783590130945841
1787664524.292916, NoOp Chain Depth 128 Size 0 Mode ref, Ref Stage 64, run, end, 9783590130975137
1787664524.292930, NoOp Chain Depth 128 Size 0 Mode ref, Ref Stage 65, run, start, 9783590130989617
1787664524.292954, NoOp Chain Depth 128 Size 0 Mode ref, Ref Stage 65, run, end, 9783590131013489
1787664524.292969, NoOp Chain Depth 128 Size 0 Mode ref, Ref Stage 66, run, start, 9783590131028481
1787664524.292990, NoOp Chain Depth 128 Size 0 Mode ref, Ref Stage 66, run, end, 9783590131049313
1787664524.293004, NoOp Chain Depth 128 Size 0 Mode ref, Ref Stage 67, run, start, 9783590131063585
1787664524.293025, NoOp Chain Depth 128 Size 0 Mode ref, Ref Stage 67, run, end, 9783590131084433
1787664524.293041, NoOp Chain Depth 128 Size 0 Mode ref, Ref Stage 68, run, start, 9783590131100369
1787664524.293063, NoOp Chain Depth 128 Size 0 Mode ref, Ref Stage 68, run, end, 9783590131122449
1787664524.293077, NoOp Chain Depth 128 Size 0 Mode ref, Ref Stage 69, run, start, 9783590131136833
1787664524.293101, NoOp Chain Depth 128 Size 0 Mode ref, Ref Stage 69, run, end, 9783590131160497
1787664524.293113, NoOp Chain Depth 128 Size 0 Mode ref, Ref Stage 70, run, start, 9783590131172225
1787664524.293146, NoOp Chain Depth 128 Size 0 Mode ref, Ref Stage 70, run, end, 9783590131205489
1787664524.293161, NoOp Chain Depth 128 Size 0 Mode ref, Ref Stage 71, run, start, 9783590131219825
1787664524.293183, NoOp Chain Depth 128 Size 0 Mode ref, Ref Stage 71, run, end, 9783590131241857
1787664524.293197, NoOp Chain Depth 128 Size 0 Mode ref, Ref Stage 72, run, start, 9783590131256129
1787664524.293217, NoOp Chain Depth 128 Size 0 Mode ref, Ref Stage 72, run, end, 9783590131276609
1787664524.293233, NoOp Chain Depth 128 Size 0 Mode ref, Ref Stage 73, run, start, 9783590131291825
1787664524.293258, NoOp Chain Depth 128 Size 0 Mode ref, Ref Stage 73, run, end, 9783590131316849
1787664524.298003, NoOp Chain Depth 128 Size 0 Mode ref, Ref Stage 74, run, start, 9783590136064318
1787664524.298032, NoOp Chain Depth 128 Size 0 Mode ref, Ref Stage 74, run, end, 9783590136091630
1787664524.298048, NoOp Chain Depth 128 Size 0 Mode ref, Ref Stage 75, run, start, 9783590136107326
1787664524.298069, NoOp Chain Depth 128 Size 0 Mode ref, Ref Stage 75, run, end, 9783590136128702
1787664524.298084, NoOp Chain Depth 128 Size 0 Mode ref, Ref Stage 76, run, start, 9783590136143502
1787664524.298105, NoOp Chain Depth 128 Size 0 Mode ref, Ref Stage 76, run, end, 9783590136164222
1787664524.298121, NoOp Chain Depth 128 Size 0 Mode ref, Ref Stage 77, run, start, 9783590136180910
1787664524.298143, NoOp Chain Depth 128 Size 0 Mode ref, Ref Stage 77, run, end, 9783590136202206
1787664524.298157, NoOp Chain Depth 128 Size 0 Mode ref, Ref Stage 78, run, start, 9783590136216814
1787664524.298179, NoOp Chain Depth 128 Size 0 Mode ref, Ref Stage 78, run, end, 9783590136237902
1787664524.298193, NoOp Chain Depth 128 Size 0 Mode ref, Ref Stage 79, run, start, 9783590136252334
1787664524.298214, NoOp Chain Depth 128 Size 0 Mode ref, Ref Stage 79, run, end, 9783590136273038
1787664524.298228, NoOp Chain Depth 128 Size 0 Mode ref, Ref Stage 80, run, start, 9783590136287646
1787664524.298249, NoOp Chain Depth 128 Size 0 Mode ref, Ref Stage 80, run, end, 9783590136308366
1787664524.298264, NoOp Chain Depth 128 Size 0 Mode ref, Ref Stage 81, run, start, 9783590136323054
1787664524.298286, NoOp Chain Depth 128 Size 0 Mode ref, Ref Stage 81, run, end, 9783590136345502
1787664524.298298, NoOp Chain Depth 128 Size 0 Mode ref, Ref Stage 82, run, start, 9783590136357454
1787664524.298329, NoOp Chain Depth 128 Size 0 Mode ref, Ref Stage 82, run, end, 9783590136388126
1787664524.298343, NoOp Chain Depth 128 Size 0 Mode ref, Ref Stage 83, run, start, 9783590136402494
1787664524.298364, NoOp Chain Depth 128 Size 0 Mode ref, Ref Stage 83, run, end, 9783590136423278
1787664524.298378, NoOp Chain Depth 128 Size 0 Mode ref, Ref Stage 84, run, start, 9783590136437614
1787664524.298399, NoOp Chain Depth 128 Size 0 Mode ref, Ref Stage 84, run, end, 9783590136457870
1787664524.298413, NoOp Chain Depth 128 Size 0 Mode ref, Ref Stage 85, run, start, 9783590136472094
1787664524.298434, NoOp Chain Depth 128 Size 0 Mode ref, Ref Stage 85, run, end, 9783590136492734
1787664524.298448, NoOp Chain Depth 128 Size 0 Mode ref, Ref Stage 86, run, start, 9783590136507518
1787664524.298469, NoOp Chain Depth 128 Size 0 Mode ref, Ref Stage 86, run, end, 9783590136528398
1787664524.298483, NoOp Chain Depth 128 Size 0 Mode ref, Ref Stage 87, run, start, 9783590136542686
1787664524.298504, NoOp Chain Depth 128 Size 0 Mode ref, Ref Stage 87, run, end, 9783590136563230
1787664524.298518, NoOp Chain Depth 128 Size 0 Mode ref, Ref Stage 88, run, start, 9783590136577550
1787664524.298539, NoOp Chain Depth 128 Size 0 Mode ref, Ref Stage 88, run, end, 9783590136598206
1787664524.298554, NoOp Chain Depth 128 Size 0 Mode ref, Ref Stage 89, run, start, 9783590136613182
1787664524.298574, NoOp Chain Depth 128 Size 0 Mode ref, Ref Stage 89, run, end, 9783590136633566
1787664524.298589, NoOp Chain Depth 128 Size 0 Mode ref, Ref Stage 90, run, start, 9783590136647694
1787664524.298609, NoOp Chain Depth 128 Size 0 Mode ref, Ref Stage 90, run, end, 9783590136668606
1787664524.298624, NoOp Chain Depth 128 Size 0 Mode ref, Ref Stage 91, run, start, 9783590136683006
1787664524.298646, NoOp Chain Depth 128 Size 0 Mode ref, Ref Stage 91, run, end, 9783590136704878
1787664524.298657, NoOp Chain Depth 128 Size 0 Mode ref, Ref Stage 92, run, start, 9783590136716398
1787664524.298688, NoOp Chain Depth 128 Size 0 Mode ref, Ref Stage 92, run, end, 9783590136746926
1787664524.298702, NoOp Chain Depth 128 Size 0 Mode ref, Ref Stage 93, run, start, 9783590136761182
1787664524.298723, NoOp Chain Depth 128 Size 0 Mode ref, Ref Stage 93, run, end, 9783590136781662
1787664524.298737, NoOp Chain Depth 128 Size 0 Mode ref, Ref Stage 94, run, start, 9783590136795838
1787664524.298757, NoOp Chain Depth 128 Size 0 Mode ref, Ref Stage 94, run, end, 9783590136816093
1787664524.298771, NoOp Chain Depth 128 Size 0 Mode ref, Ref Stage 95, run, start, 9783590136830221
1787664524.298792, NoOp Chain Depth 128 Size 0 Mode ref, Ref Stage 95, run, end, 9783590136850845
1787664524.298806, NoOp Chain Depth 128 Size 0 Mode ref, Ref Stage 96, run, start, 9783590136865069
1787664524.298826, NoOp Chain Depth 128 Size 0 Mode ref, Ref Stage 96, run, end, 9783590136885213
1787664524.298840, NoOp Chain Depth 128 Size 0 Mode ref, Ref Stage 97, run, start, 9783590136899437
1787664524.298862, NoOp Chain Depth 128 Size 0 Mode ref, Ref Stage 97, run, end, 9783590136921293
1787664524.298877, NoOp Chain Depth 128 Size 0 Mode ref, Ref Stage 98, run, start, 9783590136935645
1787664524.298897, NoOp Chain Depth 128 Size 0 Mode ref, Ref Stage 98, run, end, 9783590136956269
1787664524.298912, NoOp Chain Depth 128 Size 0 Mode ref, Ref Stage 99, run, start, 9783590136970717
1787664524.298932, NoOp Chain Depth 128 Size 0 Mode ref, Ref Stage 99, run, end, 9783590136991229
1787664524.298948, NoOp Chain Depth 128 Size 0 Mode ref, Ref Stage 100, run, start, 9783590137007725
1787664524.298970, NoOp Chain Depth 128 Size 0 Mode ref, Ref Stage 100, run, end, 9783590137029213
1787664524.298985, NoOp Chain Depth 128 Size 0 Mode ref, Ref Stage 101, run, start, 9783590137043789
1787664524.299211, NoOp Chain Depth 128 Size 0 Mode ref, Ref Stage 101, run, end, 9783590137270253
1787664524.299335, NoOp Chain Depth 128 Size 0 Mode ref, Ref Stage 102, run, start, 9783590137394877
1787664524.299360, NoOp Chain Depth 128 Size 0 Mode ref, Ref Stage 102, run, end, 9783590137419277
1787664524.299372, NoOp Chain Depth 128 Size 0 Mode ref, Ref Stage 103, run, start, 9783590137431229
1787664524.299402, NoOp Chain Depth 128 Size 0 Mode ref, Ref Stage 103, run, end, 9783590137461869
1787664524.299417, NoOp Chain Depth 128 Size 0 Mode ref, Ref Stage 104, run, start, 9783590137476381
1787664524.299438, NoOp Chain Depth 128 Size 0 Mode ref, Ref Stage 104, run, end, 9783590137497101
1787664524.299452, NoOp Chain Depth 128 Size 0 Mode ref, Ref Stage 105, run, start, 9783590137511613
1787664524.299473, NoOp Chain Depth 128 Size 0 Mode ref, Ref Stage 105, run, end, 9783590137532013
1787664524.299487, NoOp Chain Depth 128 Size 0 Mode ref, Ref Stage 106, run, start, 9783590137546301
1787664524.299508, NoOp Chain Depth 128 Size 0 Mode ref, Ref Stage 106, run, end, 9783590137567021
1787664524.299522, NoOp Chain Depth 128 Size 0 Mode ref, Ref Stage 107, run, start, 9783590137581245
1787664524.299543, NoOp Chain Depth 128 Size 0 Mode ref, Ref Stage 107, run, end, 9783590137602253
1787664524.299557, NoOp Chain Depth 128 Size 0 Mode ref, Ref Stage 108, run, start, 9783590137616733
1787664524.299578, NoOp Chain Depth 128 Size 0 Mode ref, Ref Stage 108, run, end, 9783590137637709
1787664524.299594, NoOp Chain Depth 128 Size 0 Mode ref, Ref Stage 109, run, start, 9783590137653117
1787664524.299617, NoOp Chain Depth 128 Size 0 Mode ref, Ref Stage 109, run, end, 9783590137675821
1787664524.299628, NoOp Chain Depth 128 Size 0 Mode ref, Ref Stage 110, run, start, 9783590137687629
1787664524.299659, NoOp Chain Depth 128 Size 0 Mode ref, Ref Stage 110, run, end, 9783590137718701
1787664524.299674, NoOp Chain Depth 128 Size 0 Mode ref, Ref Stage 111, run, start, 9783590137733373
1787664524.299695, NoOp Chain Depth 128 Size 0 Mode ref, Ref Stage 111, run, end, 9783590137754253
1787664524.299710, NoOp Chain Depth 128 Size 0 Mode ref, Ref Stage 112, run, start, 9783590137768845
1787664524.299731, NoOp Chain Depth 128 Size 0 Mode ref, Ref Stage 112, run, end, 9783590137789645
1787664524.299745, NoOp Chain Depth 128 Size 0 Mode ref, Ref Stage 113, run, start, 9783590137804237
1787664524.299765, NoOp Chain Depth 128 Size 0 Mode ref, Ref Stage 113, run, end, 9783590137824461
1787664524.299780, NoOp Chain Depth 128 Size 0 Mode ref, Ref Stage 114, run, start, 9783590137838733
1787664524.299800, NoOp Chain Depth 128 Size 0 Mode ref, Ref Stage 114, run, end, 9783590137859341
1787664524.299814, NoOp Chain Depth 128 Size 0 Mode ref, Ref Stage 115, run, start, 9783590137873645
1787664524.299835, NoOp Chain Depth 128 Size 0 Mode ref, Ref Stage 115, run, end, 9783590137894189
1787664524.299849, NoOp Chain Depth 128 Size 0 Mode ref, Ref Stage 116, run, start, 9783590137908413
1787664524.299870, NoOp Chain Depth 128 Size 0 Mode ref, Ref Stage 116, run, end, 9783590137928781
1787664524.299884, NoOp Chain Depth 128 Size 0 Mode ref, Ref Stage 117, run, start, 9783590137942989
1787664524.299904, NoOp Chain Depth 128 Size 0 Mode ref, Ref Stage 117, run, end, 9783590137963101
1787664524.299920, NoOp Chain Depth 128 Size 0 Mode ref, Ref Stage 118, run, start, 9783590137979469
1787664524.299941, NoOp Chain Depth 128 Size 0 Mode ref, Ref Stage 118, run, end, 9783590138002157
1787664524.299958, NoOp Chain Depth 128 Size 0 Mode ref, Ref Stage 119, run, start, 9783590138017437
1787664524.299979, NoOp Chain Depth 128 Size 0 Mode ref, Ref Stage 119, run, end, 9783590138038285
1787664524.299994, NoOp Chain Depth 128 Size 0 Mode ref, Ref Stage 120, run, start, 9783590138052813
1787664524.300014, NoOp Chain Depth 128 Size 0 Mode ref, Ref Stage 120, run, end, 9783590138073357
1787664524.300029, NoOp Chain Depth 128 Size 0 Mode ref, Ref Stage 121, run, start, 9783590138088381
1787664524.300050, NoOp Chain Depth 128 Size 0 Mode ref, Ref Stage 121, run, end, 9783590138108877
1787664524.300064, NoOp Chain Depth 128 Size 0 Mode ref, Ref Stage 122, run, start, 9783590138123213
1787664524.300085, NoOp Chain Depth 128 Size 0 Mode ref, Ref Stage 122, run, end, 9783590138143725
1787664524.300099, NoOp Chain Depth 128 Size 0 Mode ref, Ref Stage 123, run, start, 9783590138157981
1787664524.300516, NoOp Chain Depth 128 Size 0 Mode ref, Ref Stage 123, run, end, 9783590138576156
1787664524.300644, NoOp Chain Depth 128 Size 0 Mode ref, Ref Stage 124, run, start, 9783590138703980
1787664524.300668, NoOp Chain Depth 128 Size 0 Mode ref, Ref Stage 124, run, end, 9783590138726812
1787664524.300682, NoOp Chain Depth 128 Size 0 Mode ref, Ref Stage 125, run, start, 9783590138741564
1787664524.300704, NoOp Chain Depth 128 Size 0 Mode ref, Ref Stage 125, run, end, 9783590138762780
1787664524.300718, NoOp Chain Depth 128 Size 0 Mode ref, Ref Stage 126, run, start, 9783590138777164
1787664524.300739, NoOp Chain Depth 128 Size 0 Mode ref, Ref Stage 126, run, end, 9783590138798060
1787664524.300754, NoOp Chain Depth 128 Size 0 Mode ref, Ref Stage 127, run, start, 9783590138812988
1787664524.300775, NoOp Chain Depth 128 Size 0 Mode ref, Ref Stage 127, run, end, 9783590138833884
1787664524.300790, NoOp Chain Depth 128 Size 0 Mode ref, pipeline - train, run, end, 49624323328502578485056032495616413937, 1787664524.288486, 77, 1, 9783590138849020
1787664524.300829, NoOp Chain Depth 128 Size 0 Mode ref, pipeline - train, run, start, 2692765129504855192266352495317806246, 1787664524.300815, 78, 1, 9783590138888812
1787664524.300853, NoOp Chain Depth 128 Size 0 Mode ref, Ref Stage 0, run, start, 9783590138912300
1787664524.300874, NoOp Chain Depth 128 Size 0 Mode ref, Ref Stage 0, run, end, 9783590138933692
1787664524.300889, NoOp Chain Depth 128 Size 0 Mode ref, Ref Stage 1, run, start, 9783590138948396
1787664524.300910, NoOp Chain Depth 128 Size 0 Mode ref, Ref Stage 1, run, end, 9783590138969292
1787664524.300925, NoOp Chain Depth 128 Size 0 Mode ref, Ref Stage 2, run, start, 9783590138983836
1787664524.300947, NoOp Chain Depth 128 Size 0 Mode ref, Ref Stage 2, run, end, 9783590139006540
1787664524.300963, NoOp Chain Depth 128 Size 0 Mode ref, Ref Stage 3, run, start, 9783590139022060
1787664524.300986, NoOp Chain Depth 128 Size 0 Mode ref, Ref Stage 3, run, end, 9783590139044796
1787664524.300997, NoOp Chain Depth 128 Size 0 Mode ref, Ref Stage 4, run, start, 9783590139056636
1787664524.301028, NoOp Chain Depth 128 Size 0 Mode ref, Ref Stage 4, run, end, 9783590139087772
1787664524.301043, NoOp Chain Depth 128 Size 0 Mode ref, Ref Stage 5, run, start, 9783590139102108
1787664524.301064, NoOp Chain Depth 128 Size 0 Mode ref, Ref Stage 5, run, end, 9783590139122796
1787664524.301078, NoOp Chain Depth 128 Size 0 Mode ref, Ref Stage 6, run, start, 9783590139137004
1787664524.301099, NoOp Chain Depth 128 Size 0 Mode ref, Ref Stage 6, run, end, 9783590139157660
1787664524.301113, NoOp Chain Depth 128 Size 0 Mode ref, Ref Stage 7, run, start, 9783590139171980
1787664524.301133, NoOp Chain Depth 128 Size 0 Mode ref, Ref Stage 7, run, end, 9783590139192636
1787664524.301148, NoOp Chain Depth 128 Size 0 Mode ref, Ref Stage 8, run, start, 9783590139206876
1787664524.301169, NoOp Chain Depth 128 Size 0 Mode ref, Ref Stage 8, run, end, 9783590139227692
1787664524.301186, NoOp Chain Depth 128 Size 0 Mode ref, Ref Stage 9, run, start, 9783590139244876
1787664524.301207, NoOp Chain Depth 128 Size 0 Mode ref, Ref Stage 9, run, end, 9783590139266028
1787664524.301221, NoOp Chain Depth 128 Size 0 Mode ref, Ref Stage 10, run, start, 9783590139280556
1787664524.301246, NoOp Chain Depth 128 Size 0 Mode ref, Ref Stage 10, run, end, 9783590139305724
1787664524.301258, NoOp Chain Depth 128 Size 0 Mode ref, Ref Stage 11, run, start, 9783590139317628
1787664524.301291, NoOp Chain Depth 128 Size 0 Mode ref, Ref Stage 11, run, end, 9783590139349820
1787664524.301305, NoOp Chain Depth 128 Size 0 Mode ref, Ref Stage 12, run, start, 9783590139364412
1787664524.301328, NoOp Chain Depth 128 Size 0 Mode ref, Ref Stage 12, run, end, 9783590139386988
1787664524.301342, NoOp Chain Depth 128 Size 0 Mode ref, Ref Stage 13, run, start, 9783590139401564
1787664524.301363, NoOp Chain Depth 128 Size 0 Mode ref, Ref Stage 13, run, end, 9783590139422764
1787664524.301378, NoOp Chain Depth 128 Size 0 Mode ref, Ref Stage 14, run, start, 9783590139437404
1787664524.301399, NoOp Chain Depth 128 Size 0 Mode ref, Ref Stage 14, run, end, 9783590139458508
1787664524.301415, NoOp Chain Depth 128 Size 0 Mode ref, Ref Stage 15, run, start, 9783590139473836
1787664524.301436, NoOp Chain Depth 128 Size 0 Mode ref, Ref Stage 15, run, end, 9783590139494972
1787664524.301450, NoOp Chain Depth 128 Size 0 Mode ref, Ref Stage 16, run, start, 9783590139509532
1787664524.301472, NoOp Chain Depth 128 Size 0 Mode ref, Ref Stage 16, run, end, 9783590139531484
1787664524.301892, NoOp Chain Depth 128 Size 0 Mode ref, Ref Stage 17, run, start, 9783590139951803
1787664524.301917, NoOp Chain Depth 128 Size 0 Mode ref, Ref Stage 17, run, end, 9783590139976235
1787664524.301932, NoOp Chain Depth 128 Size 0 Mode ref, Ref Stage 18, run, start, 9783590139991419
1787664524.301957, NoOp Chain Depth 128 Size 0 Mode ref, Ref Stage 18, run, end, 9783590140016251
1787664524.301969, NoOp Chain Depth 128 Size 0 Mode ref, Ref Stage 19, run, start, 9783590140028155
1787664524.302001, NoOp Chain Depth 128 Size 0 Mode ref, Ref Stage 19, run, end, 9783590140060011
1787664524.302015, NoOp Chain Depth 128 Size 0 Mode ref, Ref Stage 20, run, start, 9783590140074699
1787664524.302037, NoOp Chain Depth 128 Size 0 Mode ref, Ref Stage 20, run, end, 9783590140095595
1787664524.302051, NoOp Chain Depth 128 Size 0 Mode ref, Ref Stage 21, run, start, 9783590140110059
1787664524.302072, NoOp Chain Depth 128 Size 0 Mode ref, Ref Stage 21, run, end, 9783590140131115
1787664524.302086, NoOp Chain Depth 128 Size 0 Mode ref, Ref Stage 22, run, start, 9783590140145771
1787664524.302108, NoOp Chain Depth 128 Size 0 Mode ref, Ref Stage 22, run, end, 9783590140166811
1787664524.302122, NoOp Chain Depth 128 Size 0 Mode ref, Ref Stage 23, run, start, 9783590140181179
1787664524.302145, NoOp Chain Depth 128 Size 0 Mode ref, Ref Stage 23, run, end, 9783590140203691
1787664524.302161, NoOp Chain Depth 128 Size 0 Mode ref, Ref Stage 24, run, start, 9783590140220187
1787664524.302183, NoOp Chain Depth 128 Size 0 Mode ref, Ref Stage 24, run, end, 9783590140242603
1787664524.302198, NoOp Chain Depth 128 Size 0 Mode ref, Ref Stage 25, run, start, 9783590140256955
1787664524.302218, NoOp Chain Depth 128 Size 0 Mode ref, Ref Stage 25, run, end, 9783590140277755
1787664524.302233, NoOp Chain Depth 128 Size 0 Mode ref, Ref Stage 26, run, start, 9783590140292315
1787664524.302253, NoOp Chain Depth 128 Size 0 Mode ref, Ref Stage 26, run, end, 9783590140312811
1787664524.302269, NoOp Chain Depth 128 Size 0 Mode ref, Ref Stage 27, run, start, 9783590140328091
1787664524.302291, NoOp Chain Depth 128 Size 0 Mode ref, Ref Stage 27, run, end, 9783590140350491
1787664524.302303, NoOp Chain Depth 128 Size 0 Mode ref, Ref Stage 28, run, start, 9783590140362027
1787664524.302333, NoOp Chain Depth 128 Size 0 Mode ref, Ref Stage 28, run, end, 9783590140392619
1787664524.302347, NoOp Chain Depth 128 Size 0 Mode ref, Ref Stage 29, run, start, 9783590140407067
1787664524.302369, NoOp Chain Depth 128 Size 0 Mode ref, Ref Stage 29, run, end, 9783590140428267
1787664524.302385, NoOp Chain Depth 128 Size 0 Mode ref, Ref Stage 30, run, start, 9783590140444555
1787664524.302408, NoOp Chain Depth 128 Size 0 Mode ref, Ref Stage 30, run, end, 9783590140467803
1787664524.302420, NoOp Chain Depth 128 Size 0 Mode ref, Ref Stage 31, run, start, 9783590140479531
1787664524.302451, NoOp Chain Depth 128 Size 0 Mode ref, Ref Stage 31, run, end, 9783590140510347
1787664524.302465, NoOp Chain Depth 128 Size 0 Mode ref, Ref Stage 32, run, start, 9783590140524827
1787664524.302488, NoOp Chain Depth 128 Size 0 Mode ref, Ref Stage 32, run, end, 9783590140546779
1787664524.302502, NoOp Chain Depth 128 Size 0 Mode ref, Ref Stage 33, run, start, 9783590140561067
1787664524.302522, NoOp Chain Depth 128 Size 0 Mode ref, Ref Stage 33, run, end, 9783590140581595
1787664524.302537, NoOp Chain Depth 128 Size 0 Mode ref, Ref Stage 34, run, start, 9783590140595979
1787664524.302559, NoOp Chain Depth 128 Size 0 Mode ref, Ref Stage 34, run, end, 9783590140618491
1787664524.302574, NoOp Chain Depth 128 Size 0 Mode ref, Ref Stage 35, run, start, 9783590140632747
1787664524.302596, NoOp Chain Depth 128 Size 0 Mode ref, Ref Stage 35, run, end, 9783590140654827
1787664524.302610, NoOp Chain Depth 128 Size 0 Mode ref, Ref Stage 36, run, start, 9783590140669467
1787664524.302632, NoOp Chain Depth 128 Size 0 Mode ref, Ref Stage 36, run, end, 9783590140691739
1787664524.302647, NoOp Chain Depth 128 Size 0 Mode ref, Ref Stage 37, run, start, 9783590140706155
1787664524.302669, NoOp Chain Depth 128 Size 0 Mode ref, Ref Stage 37, run, end, 9783590140729147
1787664524.302685, NoOp Chain Depth 128 Size 0 Mode ref, Ref Stage 38, run, start, 9783590140744251
1787664524.302707, NoOp Chain Depth 128 Size 0 Mode ref, Ref Stage 38, run, end, 9783590140765931
1787664524.302722, NoOp Chain Depth 128 Size 0 Mode ref, Ref Stage 39, run, start, 9783590140780955
1787664524.303049, NoOp Chain Depth 128 Size 0 Mode ref, Ref Stage 39, run, end, 9783590141109451
1787664524.303181, NoOp Chain Depth 128 Size 0 Mode ref, Ref Stage 40, run, start, 9783590141240891
1787664524.303205, NoOp Chain Depth 128 Size 0 Mode ref, Ref Stage 40, run, end, 9783590141264619
1787664524.303221, NoOp Chain Depth 128 Size 0 Mode ref, Ref Stage 41, run, start, 9783590141279723
1787664524.303242, NoOp Chain Depth 128 Size 0 Mode ref, Ref Stage 41, run, end, 9783590141301163
1787664524.303256, NoOp Chain Depth 128 Size 0 Mode ref, Ref Stage 42, run, start, 9783590141315723
1787664524.303279, NoOp Chain Depth 128 Size 0 Mode ref, Ref Stage 42, run, end, 9783590141337915
1787664524.303290, NoOp Chain Depth 128 Size 0 Mode ref, Ref Stage 43, run, start, 9783590141349867
1787664524.303322, NoOp Chain Depth 128 Size 0 Mode ref, Ref Stage 43, run, end, 9783590141381275
1787664524.303338, NoOp Chain Depth 128 Size 0 Mode ref, Ref Stage 44, run, start, 9783590141396715
1787664524.303360, NoOp Chain Depth 128 Size 0 Mode ref, Ref Stage 44, run, end, 9783590141419402
1787664524.303372, NoOp Chain Depth 128 Size 0 Mode ref, Ref Stage 45, run, start, 9783590141431242
1787664524.303403, NoOp Chain Depth 128 Size 0 Mode ref, Ref Stage 45, run, end, 9783590141462234
1787664524.303417, NoOp Chain Depth 128 Size 0 Mode ref, Ref Stage 46, run, start, 9783590141476650
1787664524.304270, NoOp Chain Depth 128 Size 0 Mode ref, Ref Stage 46, run, end, 9783590142331642
1787664524.304408, NoOp Chain Depth 128 Size 0 Mode ref, Ref Stage 47, run, start, 9783590142468346
1787664524.304435, NoOp Chain Depth 128 Size 0 Mode ref, Ref Stage 47, run, end, 9783590142495018
1787664524.304452, NoOp Chain Depth 128 Size 0 Mode ref, Ref Stage 48, run, start, 9783590142511338
1787664524.304474, NoOp Chain Depth 128 Size 0 Mode ref, Ref Stage 48, run, end, 9783590142533354
1787664524.304489, NoOp Chain Depth 128 Size 0 Mode ref, Ref Stage 49, run, start, 9783590142548698
1787664524.304510, NoOp Chain Depth 128 Size 0 Mode ref, Ref Stage 49, run, end, 9783590142569706
1787664524.304525, NoOp Chain Depth 128 Size 0 Mode ref, Ref Stage 50, run, start, 9783590142584426
1787664524.304549, NoOp Chain Depth 128 Size 0 Mode ref, Ref Stage 50, run, end, 9783590142607962
1787664524.304567, NoOp Chain Depth 128 Size 0 Mode ref, Ref Stage 51, run, start, 9783590142626266
1787664524.304589, NoOp Chain Depth 128 Size 0 Mode ref, Ref Stage 51, run, end, 9783590142648074
1787664524.304603, NoOp Chain Depth 128 Size 0 Mode ref, Ref Stage 52, run, start, 9783590142662778
1787664524.304625, NoOp Chain Depth 128 Size 0 Mode ref, Ref Stage 52, run, end, 9783590142684090
1787664524.305057, NoOp Chain Depth 128 Size 0 Mode ref, Ref Stage 53, run, start, 9783590143116649
1787664524.305082, NoOp Chain Depth 128 Size 0 Mode ref, Ref Stage 53, run, end, 9783590143141961
1787664524.305098, NoOp Chain Depth 128 Size 0 Mode ref, Ref Stage 54, run, start, 9783590143157193
1787664524.305121, NoOp Chain Depth 128 Size 0 Mode ref, Ref Stage 54, run, end, 9783590143180137
1787664524.305133, NoOp Chain Depth 128 Size 0 Mode ref, Ref Stage 55, run, start, 9783590143192041
1787664524.305166, NoOp Chain Depth 128 Size 0 Mode ref, Ref Stage 55, run, end, 9783590143225049
1787664524.305177, NoOp Chain Depth 128 Size 0 Mode ref, Ref Stage 56, run, start, 9783590143236889
1787664524.305209, NoOp Chain Depth 128 Size 0 Mode ref, Ref Stage 56, run, end, 9783590143268201
1787664524.305223, NoOp Chain Depth 128 Size 0 Mode ref, Ref Stage 57, run, start, 9783590143282681
1787664524.305245, NoOp Chain Depth 128 Size 0 Mode ref, Ref Stage 57, run, end, 9783590143303849
1787664524.305259, NoOp Chain Depth 128 Size 0 Mode ref, Ref Stage 58, run, start, 9783590143318473
1787664524.305282, NoOp Chain Depth 128 Size 0 Mode ref, Ref Stage 58, run, end, 9783590143341433
1787664524.305296, NoOp Chain Depth 128 Size 0 Mode ref, Ref Stage 59, run, start, 9783590143355689
1787664524.305317, NoOp Chain Depth 128 Size 0 Mode ref, Ref Stage 59, run, end, 9783590143376633
1787664524.305333, NoOp Chain Depth 128 Size 0 Mode ref, Ref Stage 60, run, start, 9783590143391961
1787664524.305354, NoOp Chain Depth 128 Size 0 Mode ref, Ref Stage 60, run, end, 9783590143412953
1787664524.305368, NoOp Chain Depth 128 Size 0 Mode ref, Ref Stage 61, run, start, 9783590143427561
1787664524.305391, NoOp Chain Depth 128 Size 0 Mode ref, Ref Stage 61, run, end, 9783590143450009
1787664524.305404, NoOp Chain Depth 128 Size 0 Mode ref, Ref Stage 62, run, start, 9783590143463177
1787664524.305435, NoOp Chain Depth 128 Size 0 Mode ref, Ref Stage 62, run, end, 9783590143494617
1787664524.305450, NoOp Chain Depth 128 Size 0 Mode ref, Ref Stage 63, run, start, 9783590143509129
1787664524.305472, NoOp Chain Depth 128 Size 0 Mode ref, Ref Stage 63, run, end, 9783590143531369
1787664524.305487, NoOp Chain Depth 128 Size 0 Mode ref, Ref Stage 64, run, start, 9783590143545945
1787664524.305508, NoOp Chain Depth 128 Size 0 Mode ref, Ref Stage 64, run, end, 9783590143566889
1787664524.305522, NoOp Chain Depth 128 Size 0 Mode ref, Ref Stage 65, run, start, 9783590143581497
1787664524.305543, NoOp Chain Depth 128 Size 0 Mode ref, Ref Stage 65, run, end, 9783590143602233
1787664524.305558, NoOp Chain Depth 128 Size 0 Mode ref, Ref Stage 66, run, start, 9783590143617577
1787664524.305579, NoOp Chain Depth 128 Size 0 Mode ref, Ref Stage 66, run, end, 9783590143638233
1787664524.305595, NoOp Chain Depth 128 Size 0 Mode ref, Ref Stage 67, run, start, 9783590143654233
1787664524.305617, NoOp Chain Depth 128 Size 0 Mode ref, Ref Stage 67, run, end, 9783590143676457
1787664524.305633, NoOp Chain Depth 128 Size 0 Mode ref, Ref Stage 68, run, start, 9783590143692521
1787664524.305655, NoOp Chain Depth 128 Size 0 Mode ref, Ref Stage 68, run, end, 9783590143714537
1787664524.305669, NoOp Chain Depth 128 Size 0 Mode ref, Ref Stage 69, run, start, 9783590143728809
1787664524.305691, NoOp Chain Depth 128 Size 0 Mode ref, Ref Stage 69, run, end, 9783590143749689
1787664524.305705, NoOp Chain Depth 128 Size 0 Mode ref, Ref Stage 70, run, start, 9783590143764057
1787664524.305727, NoOp Chain Depth 128 Size 0 Mode ref, Ref Stage 70, run, end, 9783590143786473
1787664524.305739, NoOp Chain Depth 128 Size 0 Mode ref, Ref Stage 71, run, start, 9783590143798249
1787664524.305773, NoOp Chain Depth 128 Size 0 Mode ref, Ref Stage 71, run, end, 9783590143832105
1787664524.305787, NoOp Chain Depth 128 Size 0 Mode ref, Ref Stage 72, run, start, 9783590143846313
1787664524.305811, NoOp Chain Depth 128 Size 0 Mode ref, Ref Stage 72, run, end, 9783590143870121
1787664524.305824, NoOp Chain Depth 128 Size 0 Mode ref, Ref Stage 73, run, start, 9783590143883609
1787664524.305856, NoOp Chain Depth 128 Size 0 Mode ref, Ref Stage 73, run, end, 9783590143915353
1787664524.305871, NoOp Chain Depth 128 Size 0 Mode ref, Ref Stage 74, run, start, 9783590143929897
1787664524.305892, NoOp Chain Depth 128 Size 0 Mode ref, Ref Stage 74, run, end, 9783590143950905
1787664524.305906, NoOp Chain Depth 128 Size 0 Mode ref, Ref Stage 75, run, start, 9783590143965257
1787664524.305927, NoOp Chain Depth 128 Size 0 Mode ref, Ref Stage 75, run, end, 9783590143986185
1787664524.305941, NoOp Chain Depth 128 Size 0 Mode ref, Ref Stage 76, run, start, 9783590144002057
1787664524.305964, NoOp Chain Depth 128 Size 0 Mode ref, Ref Stage 76, run, end, 9783590144023545
1787664524.305979, NoOp Chain Depth 128 Size 0 Mode ref, Ref Stage 77, run, start, 9783590144038041
1787664524.306000, NoOp Chain Depth 128 Size 0 Mode ref, Ref Stage 77, run, end, 9783590144058809
1787664524.306014, NoOp Chain Depth 128 Size 0 Mode ref, Ref Stage 78, run, start, 9783590144073289
1787664524.306036, NoOp Chain Depth 128 Size 0 Mode ref, Ref Stage 78, run, end, 9783590144094633
1787664524.306050, NoOp Chain Depth 128 Size 0 Mode ref, Ref Stage 79, run, start, 9783590144109209
1787664524.306072, NoOp Chain Depth 128 Size 0 Mode ref, Ref Stage 79, run, end, 9783590144131465
1787664524.306087, NoOp Chain Depth 128 Size 0 Mode ref, Ref Stage 80, run, start, 9783590144146649
1787664524.306108, NoOp Chain Depth 128 Size 0 Mode ref, Ref Stage 80, run, end, 9783590144167497
1787664524.306124, NoOp Chain Depth 128 Size 0 Mode ref, Ref Stage 81, run, start, 9783590144183305
1787664524.306146, NoOp Chain Depth 128 Size 0 Mode ref, Ref Stage 81, run, end, 9783590144205161
1787664524.306160, NoOp Chain Depth 128 Size 0 Mode ref, Ref Stage 82, run, start, 9783590144219705
1787664524.306181, NoOp Chain Depth 128 Size 0 Mode ref, Ref Stage 82, run, end, 9783590144240345
1787664524.306197, NoOp Chain Depth 128 Size 0 Mode ref, Ref Stage 83, run, start, 9783590144256201
1787664524.306218, NoOp Chain Depth 128 Size 0 Mode ref, Ref Stage 83, run, end, 9783590144276985
1787664524.306232, NoOp Chain Depth 128 Size 0 Mode ref, Ref Stage 84, run, start, 9783590144291337
1787664524.306254, NoOp Chain Depth 128 Size 0 Mode ref, Ref Stage 84, run, end, 9783590144313337
1787664524.306270, NoOp Chain Depth 128 Size 0 Mode ref, Ref Stage 85, run, start, 9783590144329417
1787664524.306293, NoOp Chain Depth 128 Size 0 Mode ref, Ref Stage 85, run, end, 9783590144351721
1787664524.306307, NoOp Chain Depth 128 Size 0 Mode ref, Ref Stage 86, run, start, 9783590144366121
1787664524.306328, NoOp Chain Depth 128 Size 0 Mode ref, Ref Stage 86, run, end, 9783590144387097
1787664524.306342, NoOp Chain Depth 128 Size 0 Mode ref, Ref Stage 87, run, start, 9783590144401625
1787664524.306363, NoOp Chain Depth 128 Size 0 Mode ref, Ref Stage 87, run, end, 9783590144422073
1787664524.306377, NoOp Chain Depth 128 Size 0 Mode ref, Ref Stage 88, run, start, 9783590144436297
1787664524.306398, NoOp Chain Depth 128 Size 0 Mode ref, Ref Stage 88, run, end, 9783590144456809
1787664524.306413, NoOp Chain Depth 128 Size 0 Mode ref, Ref Stage 89, run, start, 9783590144472072
1787664524.306435, NoOp Chain Depth 128 Size 0 Mode ref, Ref Stage 89, run, end, 9783590144493784
1787664524.306449, NoOp Chain Depth 128 Size 0 Mode ref, Ref Stage 90, run, start, 9783590144508104
1787664524.306470, NoOp Chain Depth 128 Size 0 Mode ref, Ref Stage 90, run, end, 9783590144528792
1787664524.306484, NoOp Chain Depth 128 Size 0 Mode ref, Ref Stage 91, run, start, 9783590144543048
1787664524.307037, NoOp Chain Depth 128 Size 0 Mode ref, Ref Stage 91, run, end, 9783590145097208
1787664524.307170, NoOp Chain Depth 128 Size 0 Mode ref, Ref Stage 92, run, start, 9783590145229656
1787664524.307194, NoOp Chain Depth 128 Size 0 Mode ref, Ref Stage 92, run, end, 9783590145253816
1787664524.307210, NoOp Chain Depth 128 Size 0 Mode ref, Ref Stage 93, run, start, 9783590145268904
1787664524.307231, NoOp Chain Depth 128 Size 0 Mode ref, Ref Stage 93, run, end, 9783590145290280
1787664524.307245, NoOp Chain Depth 128 Size 0 Mode ref, Ref Stage 94, run, start, 9783590145304792
1787664524.307266, NoOp Chain Depth 128 Size 0 Mode ref, Ref Stage 94, run, end, 9783590145325336
1787664524.307280, NoOp Chain Depth 128 Size 0 Mode ref, Ref Stage 95, run, start, 9783590145339688
1787664524.307301, NoOp Chain Depth 128 Size 0 Mode ref, Ref Stage 95, run, end, 9783590145360200
1787664524.307315, NoOp Chain Depth 128 Size 0 Mode ref, Ref Stage 96, run, start, 9783590145374536
1787664524.307336, NoOp Chain Depth 128 Size 0 Mode ref, Ref Stage 96, run, end, 9783590145395208
1787664524.307351, NoOp Chain Depth 128 Size 0 Mode ref, Ref Stage 97, run, start, 9783590145409832
1787664524.307371, NoOp Chain Depth 128 Size 0 Mode ref, Ref Stage 97, run, end, 9783590145430568
1787664524.307386, NoOp Chain Depth 128 Size 0 Mode ref, Ref Stage 98, run, start, 9783590145445256
1787664524.307409, NoOp Chain Depth 128 Size 0 Mode ref, Ref Stage 98, run, end, 9783590145468376
1787664524.307424, NoOp Chain Depth 128 Size 0 Mode ref, Ref Stage 99, run, start, 9783590145482808
1787664524.307445, NoOp Chain Depth 128 Size 0 Mode ref, Ref Stage 99, run, end, 9783590145503784
1787664524.307460, NoOp Chain Depth 128 Size 0 Mode ref, Ref Stage 100, run, start, 9783590145520696
1787664524.307484, NoOp Chain Depth 128 Size 0 Mode ref, Ref Stage 100, run, end, 9783590145543288
1787664524.307502, NoOp Chain Depth 128 Size 0 Mode ref, Ref Stage 101, run, start, 9783590145561208
1787664524.307533, NoOp Chain Depth 128 Size 0 Mode ref, Ref Stage 101, run, end, 9783590145592104
1787664524.307547, NoOp Chain Depth 128 Size 0 Mode ref, Ref Stage 102, run, start, 9783590145606616
1787664524.307568, NoOp Chain Depth 128 Size 0 Mode ref, Ref Stage 102, run, end, 9783590145627368
1787664524.307582, NoOp Chain Depth 128 Size 0 Mode ref, Ref Stage 103, run, start, 9783590145641704
1787664524.307611, NoOp Chain Depth 128 Size 0 Mode ref, Ref Stage 103, run, end, 9783590145670024
1787664524.307622, NoOp Chain Depth 128 Size 0 Mode ref, Ref Stage 104, run, start, 9783590145681704
1787664524.307653, NoOp Chain Depth 128 Size 0 Mode ref, Ref Stage 104, run, end, 9783590145712824
1787664524.307669, NoOp Chain Depth 128 Size 0 Mode ref, Ref Stage 105, run, start, 9783590145728792
1787664524.307692, NoOp Chain Depth 128 Size 0 Mode ref, Ref Stage 105, run, end, 9783590145750712
1787664524.307706, NoOp Chain Depth 128 Size 0 Mode ref, Ref Stage 106, run, start, 9783590145765240
1787664524.307727, NoOp Chain Depth 128 Size 0 Mode ref, Ref Stage 106, run, end, 9783590145786104
1787664524.307741, NoOp Chain Depth 128 Size 0 Mode ref, Ref Stage 107, run, start, 9783590145800504
1787664524.307762, NoOp Chain Depth 128 Size 0 Mode ref, Ref Stage 107, run, end, 9783590145821208
1787664524.307776, NoOp Chain Depth 128 Size 0 Mode ref, Ref Stage 108, run, start, 9783590145835656
1787664524.307797, NoOp Chain Depth 128 Size 0 Mode ref, Ref Stage 108, run, end, 9783590145856392
1787664524.307811, NoOp Chain Depth 128 Size 0 Mode ref, Ref Stage 109, run, start, 9783590145870888
1787664524.307833, NoOp Chain Depth 128 Size 0 Mode ref, Ref Stage 109, run, end, 9783590145891944
1787664524.307847, NoOp Chain Depth 128 Size 0 Mode ref, Ref Stage 110, run, start, 9783590145906248
1787664524.307871, NoOp Chain Depth 128 Size 0 Mode ref, Ref Stage 110, run, end, 9783590145930376
1787664524.307883, NoOp Chain Depth 128 Size 0 Mode ref, Ref Stage 111, run, start, 9783590145942152
1787664524.307913, NoOp Chain Depth 128 Size 0 Mode ref, Ref Stage 111, run, end, 9783590145972488
1787664524.307928, NoOp Chain Depth 128 Size 0 Mode ref, Ref Stage 112, run, start, 9783590145986728
1787664524.307952, NoOp Chain Depth 128 Size 0 Mode ref, Ref Stage 112, run, end, 9783590146011256
1787664524.307969, NoOp Chain Depth 128 Size 0 Mode ref, Ref Stage 113, run, start, 9783590146027944
1787664524.307989, NoOp Chain Depth 128 Size 0 Mode ref, Ref Stage 113, run, end, 9783590146048631
1787664524.308004, NoOp Chain Depth 128 Size 0 Mode ref, Ref Stage 114, run, start, 9783590146063047
1787664524.308026, NoOp Chain Depth 128 Size 0 Mode ref, Ref Stage 114, run, end, 9783590146085143
1787664524.308042, NoOp Chain Depth 128 Size 0 Mode ref, Ref Stage 115, run, start, 9783590146101191
1787664524.308063, NoOp Chain Depth 128 Size 0 Mode ref, Ref Stage 115, run, end, 9783590146121655
1787664524.308078, NoOp Chain Depth 128 Size 0 Mode ref, Ref Stage 116, run, start, 9783590146136935
1787664524.308100, NoOp Chain Depth 128 Size 0 Mode ref, Ref Stage 116, run, end, 9783590146158887
1787664524.308114, NoOp Chain Depth 128 Size 0 Mode ref, Ref Stage 117, run, start, 9783590146173335
1787664524.308135, NoOp Chain Depth 128 Size 0 Mode ref, Ref Stage 117, run, end, 9783590146193911
1787664524.308149, NoOp Chain Depth 128 Size 0 Mode ref, Ref Stage 118, run, start, 9783590146208183
1787664524.308170, NoOp Chain Depth 128 Size 0 Mode ref, Ref Stage 118, run, end, 9783590146229031
1787664524.308184, NoOp Chain Depth 128 Size 0 Mode ref, Ref Stage 119, run, start, 9783590146243351
1787664524.308205, NoOp Chain Depth 128 Size 0 Mode ref, Ref Stage 119, run, end, 9783590146263975
1787664524.308219, NoOp Chain Depth 128 Size 0 Mode ref, Ref Stage 120, run, start, 9783590146278231
1787664524.308241, NoOp Chain Depth 128 Size 0 Mode ref, Ref Stage 120, run, end, 9783590146299975
1787664524.308255, NoOp Chain Depth 128 Size 0 Mode ref, Ref Stage 121, run, start, 9783590146314407
1787664524.308277, NoOp Chain Depth 128 Size 0 Mode ref, Ref Stage 121, run, end, 9783590146336103
1787664524.308292, NoOp Chain Depth 128 Size 0 Mode ref, Ref Stage 122, run, start, 9783590146350871
1787664524.308622, NoOp Chain Depth 128 Size 0 Mode ref, Ref Stage 122, run, end, 9783590146682263
1787664524.308751, NoOp Chain Depth 128 Size 0 Mode ref, Ref Stage 123, run, start, 9783590146810135
1787664524.308774, NoOp Chain Depth 128 Size 0 Mode ref, Ref Stage 123, run, end, 9783590146832983
1787664524.308789, NoOp Chain Depth 128 Size 0 Mode ref, Ref Stage 124, run, start, 9783590146848935
1787664524.308811, NoOp Chain Depth 128 Size 0 Mode ref, Ref Stage 124, run, end, 9783590146870551
1787664524.308826, NoOp Chain Depth 128 Size 0 Mode ref, Ref Stage 125, run, start, 9783590146885319
1787664524.308847, NoOp Chain Depth 128 Size 0 Mode ref, Ref Stage 125, run, end, 9783590146906439
1787664524.308862, NoOp Chain Depth 128 Size 0 Mode ref, Ref Stage 126, run, start, 9783590146920887
1787664524.308883, NoOp Chain Depth 128 Size 0 Mode ref, Ref Stage 126, run, end, 9783590146942103
1787664524.308898, NoOp Chain Depth 128 Size 0 Mode ref, Ref Stage 127, run, start, 9783590146957159
1787664524.308919, NoOp Chain Depth 128 Size 0 Mode ref, Ref Stage 127, run, end, 9783590146978247
1787664524.308934, NoOp Chain Depth 128 Size 0 Mode ref, pipeline - train, run, end, 2692765129504855192266352495317806246, 1787664524.300815, 78, 1, 9783590146993447
1787664524.308973, NoOp Chain Depth 128 Size 0 Mode ref, pipeline - train, run, start, 154491383725653924920195533821407584679, 1787664524.308962, 79, 1, 9783590147032391
1787664524.308997, NoOp Chain Depth 128 Size 0 Mode ref, Ref Stage 0, run, start, 9783590147055911
1787664524.309018, NoOp Chain Depth 128 Size 0 Mode ref, Ref Stage 0, run, end, 9783590147077335
1787664524.309033, NoOp Chain Depth 128 Size 0 Mode ref, Ref Stage 1, run, start, 9783590147092007
1787664524.309054, NoOp Chain Depth 128 Size 0 Mode ref, Ref Stage 1, run, end, 9783590147112967
1787664524.309068, NoOp Chain Depth 128 Size 0 Mode ref, Ref Stage 2, run, start, 9783590147127463
1787664524.309090, NoOp Chain Depth 128 Size 0 Mode ref, Ref Stage 2, run, end, 9783590147149831
1787664524.309105, NoOp Chain Depth 128 Size 0 Mode ref, Ref Stage 3, run, start, 9783590147164407
1787664524.309129, NoOp Chain Depth 128 Size 0 Mode ref, Ref Stage 3, run, end, 9783590147188567
1787664524.309144, NoOp Chain Depth 128 Size 0 Mode ref, Ref Stage 4, run, start, 9783590147203063
1787664524.309169, NoOp Chain Depth 128 Size 0 Mode ref, Ref Stage 4, run, end, 9783590147228167
1787664524.309180, NoOp Chain Depth 128 Size 0 Mode ref, Ref Stage 5, run, start, 9783590147239783
1787664524.309212, NoOp Chain Depth 128 Size 0 Mode ref, Ref Stage 5, run, end, 9783590147270759
1787664524.309226, NoOp Chain Depth 128 Size 0 Mode ref, Ref Stage 6, run, start, 9783590147285143
1787664524.309247, NoOp Chain Depth 128 Size 0 Mode ref, Ref Stage 6, run, end, 9783590147305719
1787664524.309261, NoOp Chain Depth 128 Size 0 Mode ref, Ref Stage 7, run, start, 9783590147320359
1787664524.309283, NoOp Chain Depth 128 Size 0 Mode ref, Ref Stage 7, run, end, 9783590147342039
1787664524.309297, NoOp Chain Depth 128 Size 0 Mode ref, Ref Stage 8, run, start, 9783590147356519
1787664524.309318, NoOp Chain Depth 128 Size 0 Mode ref, Ref Stage 8, run, end, 9783590147377047
1787664524.309333, NoOp Chain Depth 128 Size 0 Mode ref, Ref Stage 9, run, start, 9783590147392215
1787664524.309354, NoOp Chain Depth 128 Size 0 Mode ref, Ref Stage 9, run, end, 9783590147412903
1787664524.309368, NoOp Chain Depth 128 Size 0 Mode ref, Ref Stage 10, run, start, 9783590147427143
1787664524.309390, NoOp Chain Depth 128 Size 0 Mode ref, Ref Stage 10, run, end, 9783590147449255
1787664524.309790, NoOp Chain Depth 128 Size 0 Mode ref, Ref Stage 11, run, start, 9783590147849862
1787664524.309814, NoOp Chain Depth 128 Size 0 Mode ref, Ref Stage 11, run, end, 9783590147873142
1787664524.309829, NoOp Chain Depth 128 Size 0 Mode ref, Ref Stage 12, run, start, 9783590147888038
1787664524.309852, NoOp Chain Depth 128 Size 0 Mode ref, Ref Stage 12, run, end, 9783590147911686
1787664524.310053, NoOp Chain Depth 128 Size 0 Mode ref, Ref Stage 13, run, start, 9783590148113366
1787664524.310080, NoOp Chain Depth 128 Size 0 Mode ref, Ref Stage 13, run, end, 9783590148138950
1787664524.310095, NoOp Chain Depth 128 Size 0 Mode ref, Ref Stage 14, run, start, 9783590148154374
1787664524.310116, NoOp Chain Depth 128 Size 0 Mode ref, Ref Stage 14, run, end, 9783590148175382
1787664524.310130, NoOp Chain Depth 128 Size 0 Mode ref, Ref Stage 15, run, start, 9783590148189734
1787664524.310151, NoOp Chain Depth 128 Size 0 Mode ref, Ref Stage 15, run, end, 9783590148210438
1787664524.310166, NoOp Chain Depth 128 Size 0 Mode ref, Ref Stage 16, run, start, 9783590148224902
1787664524.310188, NoOp Chain Depth 128 Size 0 Mode ref, Ref Stage 16, run, end, 9783590148247350
1787664524.310200, NoOp Chain Depth 128 Size 0 Mode ref, Ref Stage 17, run, start, 9783590148259494
1787664524.310232, NoOp Chain Depth 128 Size 0 Mode ref, Ref Stage 17, run, end, 9783590148291126
1787664524.310247, NoOp Chain Depth 128 Size 0 Mode ref, Ref Stage 18, run, start, 9783590148306086
1787664524.310268, NoOp Chain Depth 128 Size 0 Mode ref, Ref Stage 18, run, end, 9783590148327030
1787664524.310282, NoOp Chain Depth 128 Size 0 Mode ref, Ref Stage 19, run, start, 9783590148341590
1787664524.310304, NoOp Chain Depth 128 Size 0 Mode ref, Ref Stage 19, run, end, 9783590148363078
1787664524.310318, NoOp Chain Depth 128 Size 0 Mode ref, Ref Stage 20, run, start, 9783590148377798
1787664524.310340, NoOp Chain Depth 128 Size 0 Mode ref, Ref Stage 20, run, end, 9783590148399094
1787664524.310354, NoOp Chain Depth 128 Size 0 Mode ref, Ref Stage 21, run, start, 9783590148413606
1787664524.310375, NoOp Chain Depth 128 Size 0 Mode ref, Ref Stage 21, run, end, 9783590148434550
1787664524.310390, NoOp Chain Depth 128 Size 0 Mode ref, Ref Stage 22, run, start, 9783590148449174
1787664524.310412, NoOp Chain Depth 128 Size 0 Mode ref, Ref Stage 22, run, end, 9783590148471638
1787664524.310428, NoOp Chain Depth 128 Size 0 Mode ref, Ref Stage 23, run, start, 9783590148487030
1787664524.310449, NoOp Chain Depth 128 Size 0 Mode ref, Ref Stage 23, run, end, 9783590148508710
1787664524.310467, NoOp Chain Depth 128 Size 0 Mode ref, Ref Stage 24, run, start, 9783590148526358
1787664524.310488, NoOp Chain Depth 128 Size 0 Mode ref, Ref Stage 24, run, end, 9783590148547846
1787664524.310503, NoOp Chain Depth 128 Size 0 Mode ref, Ref Stage 25, run, start, 9783590148562438
1787664524.310524, NoOp Chain Depth 128 Size 0 Mode ref, Ref Stage 25, run, end, 9783590148583126
1787664524.310538, NoOp Chain Depth 128 Size 0 Mode ref, Ref Stage 26, run, start, 9783590148597414
1787664524.310559, NoOp Chain Depth 128 Size 0 Mode ref, Ref Stage 26, run, end, 9783590148618086
1787664524.310574, NoOp Chain Depth 128 Size 0 Mode ref, Ref Stage 27, run, start, 9783590148633030
1787664524.310596, NoOp Chain Depth 128 Size 0 Mode ref, Ref Stage 27, run, end, 9783590148655606
1787664524.314950, NoOp Chain Depth 128 Size 0 Mode ref, Ref Stage 28, run, start, 9783590153010979
1787664524.314978, NoOp Chain Depth 128 Size 0 Mode ref, Ref Stage 28, run, end, 9783590153037763
1787664524.314994, NoOp Chain Depth 128 Size 0 Mode ref, Ref Stage 29, run, start, 9783590153053507
1787664524.315017, NoOp Chain Depth 128 Size 0 Mode ref, Ref Stage 29, run, end, 9783590153075667
1787664524.315031, NoOp Chain Depth 128 Size 0 Mode ref, Ref Stage 30, run, start, 9783590153090371
1787664524.315053, NoOp Chain Depth 128 Size 0 Mode ref, Ref Stage 30, run, end, 9783590153111827
1787664524.315067, NoOp Chain Depth 128 Size 0 Mode ref, Ref Stage 31, run, start, 9783590153126659
1787664524.315089, NoOp Chain Depth 128 Size 0 Mode ref, Ref Stage 31, run, end, 9783590153148147
1787664524.315104, NoOp Chain Depth 128 Size 0 Mode ref, Ref Stage 32, run, start, 9783590153162819
1787664524.315125, NoOp Chain Depth 128 Size 0 Mode ref, Ref Stage 32, run, end, 9783590153184003
1787664524.315140, NoOp Chain Depth 128 Size 0 Mode ref, Ref Stage 33, run, start, 9783590153198755
1787664524.315161, NoOp Chain Depth 128 Size 0 Mode ref, Ref Stage 33, run, end, 9783590153220147
1787664524.315176, NoOp Chain Depth 128 Size 0 Mode ref, Ref Stage 34, run, start, 9783590153234851
1787664524.315197, NoOp Chain Depth 128 Size 0 Mode ref, Ref Stage 34, run, end, 9783590153256035
1787664524.315211, NoOp Chain Depth 128 Size 0 Mode ref, Ref Stage 35, run, start, 9783590153270707
1787664524.315233, NoOp Chain Depth 128 Size 0 Mode ref, Ref Stage 35, run, end, 9783590153291843
1787664524.315248, NoOp Chain Depth 128 Size 0 Mode ref, Ref Stage 36, run, start, 9783590153307075
1787664524.315269, NoOp Chain Depth 128 Size 0 Mode ref, Ref Stage 36, run, end, 9783590153328067
1787664524.315283, NoOp Chain Depth 128 Size 0 Mode ref, Ref Stage 37, run, start, 9783590153342675
1787664524.315304, NoOp Chain Depth 128 Size 0 Mode ref, Ref Stage 37, run, end, 9783590153363363
1787664524.315319, NoOp Chain Depth 128 Size 0 Mode ref, Ref Stage 38, run, start, 9783590153377891
1787664524.315341, NoOp Chain Depth 128 Size 0 Mode ref, Ref Stage 38, run, end, 9783590153400611
1787664524.315353, NoOp Chain Depth 128 Size 0 Mode ref, Ref Stage 39, run, start, 9783590153412755
1787664524.315384, NoOp Chain Depth 128 Size 0 Mode ref, Ref Stage 39, run, end, 9783590153443523
1787664524.315399, NoOp Chain Depth 128 Size 0 Mode ref, Ref Stage 40, run, start, 9783590153457923
1787664524.315420, NoOp Chain Depth 128 Size 0 Mode ref, Ref Stage 40, run, end, 9783590153478995
1787664524.315434, NoOp Chain Depth 128 Size 0 Mode ref, Ref Stage 41, run, start, 9783590153493379
1787664524.315455, NoOp Chain Depth 128 Size 0 Mode ref, Ref Stage 41, run, end, 9783590153514291
1787664524.315470, NoOp Chain Depth 128 Size 0 Mode ref, Ref Stage 42, run, start, 9783590153529395
1787664524.315493, NoOp Chain Depth 128 Size 0 Mode ref, Ref Stage 42, run, end, 9783590153552051
1787664524.315708, NoOp Chain Depth 128 Size 0 Mode ref, Ref Stage 43, run, start, 9783590153768370
1787664524.315834, NoOp Chain Depth 128 Size 0 Mode ref, Ref Stage 43, run, end, 9783590153893458
1787664524.315849, NoOp Chain Depth 128 Size 0 Mode ref, Ref Stage 44, run, start, 9783590153908626
1787664524.315876, NoOp Chain Depth 128 Size 0 Mode ref, Ref Stage 44, run, end, 9783590153935362
1787664524.315891, NoOp Chain Depth 128 Size 0 Mode ref, Ref Stage 45, run, start, 9783590153949762
1787664524.315912, NoOp Chain Depth 128 Size 0 Mode ref, Ref Stage 45, run, end, 9783590153970802
1787664524.315926, NoOp Chain Depth 128 Size 0 Mode ref, Ref Stage 46, run, start, 9783590153985426
1787664524.315950, NoOp Chain Depth 128 Size 0 Mode ref, Ref Stage 46, run, end, 9783590154009090
1787664524.315965, NoOp Chain Depth 128 Size 0 Mode ref, Ref Stage 47, run, start, 9783590154024450
1787664524.315986, NoOp Chain Depth 128 Size 0 Mode ref, Ref Stage 47, run, end, 9783590154045442
1787664524.316000, NoOp Chain Depth 128 Size 0 Mode ref, Ref Stage 48, run, start, 9783590154059906
1787664524.316022, NoOp Chain Depth 128 Size 0 Mode ref, Ref Stage 48, run, end, 9783590154081074
1787664524.316036, NoOp Chain Depth 128 Size 0 Mode ref, Ref Stage 49, run, start, 9783590154095490
1787664524.316057, NoOp Chain Depth 128 Size 0 Mode ref, Ref Stage 49, run, end, 9783590154116450
1787664524.316072, NoOp Chain Depth 128 Size 0 Mode ref, Ref Stage 50, run, start, 9783590154131058
1787664524.316093, NoOp Chain Depth 128 Size 0 Mode ref, Ref Stage 50, run, end, 9783590154151746
1787664524.316107, NoOp Chain Depth 128 Size 0 Mode ref, Ref Stage 51, run, start, 9783590154166274
1787664524.316128, NoOp Chain Depth 128 Size 0 Mode ref, Ref Stage 51, run, end, 9783590154187138
1787664524.316142, NoOp Chain Depth 128 Size 0 Mode ref, Ref Stage 52, run, start, 9783590154201602
1787664524.316165, NoOp Chain Depth 128 Size 0 Mode ref, Ref Stage 52, run, end, 9783590154224178
1787664524.316559, NoOp Chain Depth 128 Size 0 Mode ref, Ref Stage 53, run, start, 9783590154619298
1787664524.316686, NoOp Chain Depth 128 Size 0 Mode ref, Ref Stage 53, run, end, 9783590154745346
1787664524.316701, NoOp Chain Depth 128 Size 0 Mode ref, Ref Stage 54, run, start, 9783590154760386
1787664524.316722, NoOp Chain Depth 128 Size 0 Mode ref, Ref Stage 54, run, end, 9783590154781426
1787664524.316736, NoOp Chain Depth 128 Size 0 Mode ref, Ref Stage 55, run, start, 9783590154795858
1787664524.316759, NoOp Chain Depth 128 Size 0 Mode ref, Ref Stage 55, run, end, 9783590154818354
1787664524.316771, NoOp Chain Depth 128 Size 0 Mode ref, Ref Stage 56, run, start, 9783590154829938
1787664524.316802, NoOp Chain Depth 128 Size 0 Mode ref, Ref Stage 56, run, end, 9783590154861314
1787664524.316817, NoOp Chain Depth 128 Size 0 Mode ref, Ref Stage 57, run, start, 9783590154875890
1787664524.316838, NoOp Chain Depth 128 Size 0 Mode ref, Ref Stage 57, run, end, 9783590154897218
1787664524.316853, NoOp Chain Depth 128 Size 0 Mode ref, Ref Stage 58, run, start, 9783590154911762
1787664524.316874, NoOp Chain Depth 128 Size 0 Mode ref, Ref Stage 58, run, end, 9783590154932706
1787664524.316888, NoOp Chain Depth 128 Size 0 Mode ref, Ref Stage 59, run, start, 9783590154946994
1787664524.316909, NoOp Chain Depth 128 Size 0 Mode ref, Ref Stage 59, run, end, 9783590154967634
1787664524.316923, NoOp Chain Depth 128 Size 0 Mode ref, Ref Stage 60, run, start, 9783590154982114
1787664524.316946, NoOp Chain Depth 128 Size 0 Mode ref, Ref Stage 60, run, end, 9783590155005314
1787664524.316961, NoOp Chain Depth 128 Size 0 Mode ref, Ref Stage 61, run, start, 9783590155020626
1787664524.316983, NoOp Chain Depth 128 Size 0 Mode ref, Ref Stage 61, run, end, 9783590155042050
1787664524.316997, NoOp Chain Depth 128 Size 0 Mode ref, Ref Stage 62, run, start, 9783590155056466
1787664524.317019, NoOp Chain Depth 128 Size 0 Mode ref, Ref Stage 62, run, end, 9783590155077714
1787664524.317033, NoOp Chain Depth 128 Size 0 Mode ref, Ref Stage 63, run, start, 9783590155092274
1787664524.317054, NoOp Chain Depth 128 Size 0 Mode ref, Ref Stage 63, run, end, 9783590155113345
1787664524.317069, NoOp Chain Depth 128 Size 0 Mode ref, Ref Stage 64, run, start, 9783590155127793
1787664524.317090, NoOp Chain Depth 128 Size 0 Mode ref, Ref Stage 64, run, end, 9783590155148865
1787664524.317104, NoOp Chain Depth 128 Size 0 Mode ref, Ref Stage 65, run, start, 9783590155163137
1787664524.317127, NoOp Chain Depth 128 Size 0 Mode ref, Ref Stage 65, run, end, 9783590155185745
1787664524.317141, NoOp Chain Depth 128 Size 0 Mode ref, Ref Stage 66, run, start, 9783590155199825
1787664524.317162, NoOp Chain Depth 128 Size 0 Mode ref, Ref Stage 66, run, end, 9783590155220657
1787664524.317176, NoOp Chain Depth 128 Size 0 Mode ref, Ref Stage 67, run, start, 9783590155234833
1787664524.317197, NoOp Chain Depth 128 Size 0 Mode ref, Ref Stage 67, run, end, 9783590155255713
1787664524.317212, NoOp Chain Depth 128 Size 0 Mode ref, Ref Stage 68, run, start, 9783590155270865
1787664524.317232, NoOp Chain Depth 128 Size 0 Mode ref, Ref Stage 68, run, end, 9783590155291633
1787664524.317247, NoOp Chain Depth 128 Size 0 Mode ref, Ref Stage 69, run, start, 9783590155305985
1787664524.317268, NoOp Chain Depth 128 Size 0 Mode ref, Ref Stage 69, run, end, 9783590155326993
1787664524.317282, NoOp Chain Depth 128 Size 0 Mode ref, Ref Stage 70, run, start, 9783590155341441
1787664524.317303, NoOp Chain Depth 128 Size 0 Mode ref, Ref Stage 70, run, end, 9783590155362241
1787664524.317317, NoOp Chain Depth 128 Size 0 Mode ref, Ref Stage 71, run, start, 9783590155376449
1787664524.317338, NoOp Chain Depth 128 Size 0 Mode ref, Ref Stage 71, run, end, 9783590155397313
1787664524.317353, NoOp Chain Depth 128 Size 0 Mode ref, Ref Stage 72, run, start, 9783590155411841
1787664524.317375, NoOp Chain Depth 128 Size 0 Mode ref, Ref Stage 72, run, end, 9783590155433969
1787664524.317386, NoOp Chain Depth 128 Size 0 Mode ref, Ref Stage 73, run, start, 9783590155445633
1787664524.317417, NoOp Chain Depth 128 Size 0 Mode ref, Ref Stage 73, run, end, 9783590155476161
1787664524.317431, NoOp Chain Depth 128 Size 0 Mode ref, Ref Stage 74, run, start, 9783590155490433
1787664524.317452, NoOp Chain Depth 128 Size 0 Mode ref, Ref Stage 74, run, end, 9783590155511377
1787664524.317466, NoOp Chain Depth 128 Size 0 Mode ref, Ref Stage 75, run, start, 9783590155525537
1787664524.317487, NoOp Chain Depth 128 Size 0 Mode ref, Ref Stage 75, run, end, 9783590155546177
1787664524.317502, NoOp Chain Depth 128 Size 0 Mode ref, Ref Stage 76, run, start, 9783590155560689
1787664524.317522, NoOp Chain Depth 128 Size 0 Mode ref, Ref Stage 76, run, end, 9783590155581089
1787664524.317536, NoOp Chain Depth 128 Size 0 Mode ref, Ref Stage 77, run, start, 9783590155595457
1787664524.317557, NoOp Chain Depth 128 Size 0 Mode ref, Ref Stage 77, run, end, 9783590155616193
1787664524.317571, NoOp Chain Depth 128 Size 0 Mode ref, Ref Stage 78, run, start, 9783590155630641
1787664524.317592, NoOp Chain Depth 128 Size 0 Mode ref, Ref Stage 78, run, end, 9783590155651553
1787664524.317607, NoOp Chain Depth 128 Size 0 Mode ref, Ref Stage 79, run, start, 9783590155666161
1787664524.317628, NoOp Chain Depth 128 Size 0 Mode ref, Ref Stage 79, run, end, 9783590155686865
1787664524.317642, NoOp Chain Depth 128 Size 0 Mode ref, Ref Stage 80, run, start, 9783590155701201
1787664524.317663, NoOp Chain Depth 128 Size 0 Mode ref, Ref Stage 80, run, end, 9783590155721777
1787664524.317677, NoOp Chain Depth 128 Size 0 Mode ref, Ref Stage 81, run, start, 9783590155736657
1787664524.317698, NoOp Chain Depth 128 Size 0 Mode ref, Ref Stage 81, run, end, 9783590155757505
1787664524.317712, NoOp Chain Depth 128 Size 0 Mode ref, Ref Stage 82, run, start, 9783590155771713
1787664524.318043, NoOp Chain Depth 128 Size 0 Mode ref, Ref Stage 82, run, end, 9783590156103025
1787664524.318172, NoOp Chain Depth 128 Size 0 Mode ref, Ref Stage 83, run, start, 9783590156231697
1787664524.318196, NoOp Chain Depth 128 Size 0 Mode ref, Ref Stage 83, run, end, 9783590156255153
1787664524.318211, NoOp Chain Depth 128 Size 0 Mode ref, Ref Stage 84, run, start, 9783590156269937
1787664524.318232, NoOp Chain Depth 128 Size 0 Mode ref, Ref Stage 84, run, end, 9783590156291169
1787664524.318247, NoOp Chain Depth 128 Size 0 Mode ref, Ref Stage 85, run, start, 9783590156306449
1787664524.318268, NoOp Chain Depth 128 Size 0 Mode ref, Ref Stage 85, run, end, 9783590156327489
1787664524.318285, NoOp Chain Depth 128 Size 0 Mode ref, Ref Stage 86, run, start, 9783590156343985
1787664524.318306, NoOp Chain Depth 128 Size 0 Mode ref, Ref Stage 86, run, end, 9783590156365041
1787664524.318320, NoOp Chain Depth 128 Size 0 Mode ref, Ref Stage 87, run, start, 9783590156379681
1787664524.318342, NoOp Chain Depth 128 Size 0 Mode ref, Ref Stage 87, run, end, 9783590156400993
1787664524.318357, NoOp Chain Depth 128 Size 0 Mode ref, Ref Stage 88, run, start, 9783590156415761
1787664524.318378, NoOp Chain Depth 128 Size 0 Mode ref, Ref Stage 88, run, end, 9783590156437121
1787664524.318392, NoOp Chain Depth 128 Size 0 Mode ref, Ref Stage 89, run, start, 9783590156451361
1787664524.318413, NoOp Chain Depth 128 Size 0 Mode ref, Ref Stage 89, run, end, 9783590156472145
1787664524.318427, NoOp Chain Depth 128 Size 0 Mode ref, Ref Stage 90, run, start, 9783590156486689
1787664524.318450, NoOp Chain Depth 128 Size 0 Mode ref, Ref Stage 90, run, end, 9783590156509249
1787664524.318853, NoOp Chain Depth 128 Size 0 Mode ref, Ref Stage 91, run, start, 9783590156912672
1787664524.318986, NoOp Chain Depth 128 Size 0 Mode ref, Ref Stage 91, run, end, 9783590157045296
1787664524.319001, NoOp Chain Depth 128 Size 0 Mode ref, Ref Stage 92, run, start, 9783590157060576
1787664524.319023, NoOp Chain Depth 128 Size 0 Mode ref, Ref Stage 92, run, end, 9783590157081856
1787664524.319037, NoOp Chain Depth 128 Size 0 Mode ref, Ref Stage 93, run, start, 9783590157096416
1787664524.319060, NoOp Chain Depth 128 Size 0 Mode ref, Ref Stage 93, run, end, 9783590157118992
1787664524.319071, NoOp Chain Depth 128 Size 0 Mode ref, Ref Stage 94, run, start, 9783590157130608
1787664524.319102, NoOp Chain Depth 128 Size 0 Mode ref, Ref Stage 94, run, end, 9783590157161184
1787664524.319117, NoOp Chain Depth 128 Size 0 Mode ref, Ref Stage 95, run, start, 9783590157175680
1787664524.319137, NoOp Chain Depth 128 Size 0 Mode ref, Ref Stage 95, run, end, 9783590157196288
1787664524.319152, NoOp Chain Depth 128 Size 0 Mode ref, Ref Stage 96, run, start, 9783590157210736
1787664524.319172, NoOp Chain Depth 128 Size 0 Mode ref, Ref Stage 96, run, end, 9783590157231280
1787664524.319186, NoOp Chain Depth 128 Size 0 Mode ref, Ref Stage 97, run, start, 9783590157245792
1787664524.319207, NoOp Chain Depth 128 Size 0 Mode ref, Ref Stage 97, run, end, 9783590157266592
1787664524.319222, NoOp Chain Depth 128 Size 0 Mode ref, Ref Stage 98, run, start, 9783590157281840
1787664524.319244, NoOp Chain Depth 128 Size 0 Mode ref, Ref Stage 98, run, end, 9783590157303136
1787664524.319261, NoOp Chain Depth 128 Size 0 Mode ref, Ref Stage 99, run, start, 9783590157320032
1787664524.319282, NoOp Chain Depth 128 Size 0 Mode ref, Ref Stage 99, run, end, 9783590157341248
1787664524.319297, NoOp Chain Depth 128 Size 0 Mode ref, Ref Stage 100, run, start, 9783590157355760
1787664524.319318, NoOp Chain Depth 128 Size 0 Mode ref, Ref Stage 100, run, end, 9783590157376624
1787664524.319332, NoOp Chain Depth 128 Size 0 Mode ref, Ref Stage 101, run, start, 9783590157391056
1787664524.319353, NoOp Chain Depth 128 Size 0 Mode ref, Ref Stage 101, run, end, 9783590157411808
1787664524.319367, NoOp Chain Depth 128 Size 0 Mode ref, Ref Stage 102, run, start, 9783590157426352
1787664524.319388, NoOp Chain Depth 128 Size 0 Mode ref, Ref Stage 102, run, end, 9783590157447136
1787664524.319403, NoOp Chain Depth 128 Size 0 Mode ref, Ref Stage 103, run, start, 9783590157462112
1787664524.319721, NoOp Chain Depth 128 Size 0 Mode ref, Ref Stage 103, run, end, 9783590157781168
1787664524.319843, NoOp Chain Depth 128 Size 0 Mode ref, Ref Stage 104, run, start, 9783590157902816
1787664524.319867, NoOp Chain Depth 128 Size 0 Mode ref, Ref Stage 104, run, end, 9783590157926640
1787664524.319879, NoOp Chain Depth 128 Size 0 Mode ref, Ref Stage 105, run, start, 9783590157938416
1787664524.319910, NoOp Chain Depth 128 Size 0 Mode ref, Ref Stage 105, run, end, 9783590157969344
1787664524.319925, NoOp Chain Depth 128 Size 0 Mode ref, Ref Stage 106, run, start, 9783590157984128
1787664524.319949, NoOp Chain Depth 128 Size 0 Mode ref, Ref Stage 106, run, end, 9783590158008560
1787664524.319965, NoOp Chain Depth 128 Size 0 Mode ref, Ref Stage 107, run, start, 9783590158023984
1787664524.319986, NoOp Chain Depth 128 Size 0 Mode ref, Ref Stage 107, run, end, 9783590158044992
1787664524.320000, NoOp Chain Depth 128 Size 0 Mode ref, Ref Stage 108, run, start, 9783590158059440
1787664524.320021, NoOp Chain Depth 128 Size 0 Mode ref, Ref Stage 108, run, end, 9783590158080496
1787664524.320036, NoOp Chain Depth 128 Size 0 Mode ref, Ref Stage 109, run, start, 9783590158095024
1787664524.320058, NoOp Chain Depth 128 Size 0 Mode ref, Ref Stage 109, run, end, 9783590158117504
1787664524.320073, NoOp Chain Depth 128 Size 0 Mode ref, Ref Stage 110, run, start, 9783590158132688
1787664524.320094, NoOp Chain Depth 128 Size 0 Mode ref, Ref Stage 110, run, end, 9783590158153504
1787664524.320109, NoOp Chain Depth 128 Size 0 Mode ref, Ref Stage 111, run, start, 9783590158167792
1787664524.320131, NoOp Chain Depth 128 Size 0 Mode ref, Ref Stage 111, run, end, 9783590158190192
1787664524.320142, NoOp Chain Depth 128 Size 0 Mode ref, Ref Stage 112, run, start, 9783590158201792
1787664524.320175, NoOp Chain Depth 128 Size 0 Mode ref, Ref Stage 112, run, end, 9783590158235359
1787664524.320190, NoOp Chain Depth 128 Size 0 Mode ref, Ref Stage 113, run, start, 9783590158249823
1787664524.320212, NoOp Chain Depth 128 Size 0 Mode ref, Ref Stage 113, run, end, 9783590158271823
1787664524.320227, NoOp Chain Depth 128 Size 0 Mode ref, Ref Stage 114, run, start, 9783590158286287
1787664524.320249, NoOp Chain Depth 128 Size 0 Mode ref, Ref Stage 114, run, end, 9783590158308127
1787664524.320264, NoOp Chain Depth 128 Size 0 Mode ref, Ref Stage 115, run, start, 9783590158323727
1787664524.320286, NoOp Chain Depth 128 Size 0 Mode ref, Ref Stage 115, run, end, 9783590158344991
1787664524.320301, NoOp Chain Depth 128 Size 0 Mode ref, Ref Stage 116, run, start, 9783590158359759
1787664524.320322, NoOp Chain Depth 128 Size 0 Mode ref, Ref Stage 116, run, end, 9783590158380943
1787664524.320336, NoOp Chain Depth 128 Size 0 Mode ref, Ref Stage 117, run, start, 9783590158395631
1787664524.320358, NoOp Chain Depth 128 Size 0 Mode ref, Ref Stage 117, run, end, 9783590158416959
1787664524.320372, NoOp Chain Depth 128 Size 0 Mode ref, Ref Stage 118, run, start, 9783590158431631
1787664524.320395, NoOp Chain Depth 128 Size 0 Mode ref, Ref Stage 118, run, end, 9783590158454079
1787664524.320409, NoOp Chain Depth 128 Size 0 Mode ref, Ref Stage 119, run, start, 9783590158468735
1787664524.320431, NoOp Chain Depth 128 Size 0 Mode ref, Ref Stage 119, run, end, 9783590158490191
1787664524.320445, NoOp Chain Depth 128 Size 0 Mode ref, Ref Stage 120, run, start, 9783590158504415
1787664524.320466, NoOp Chain Depth 128 Size 0 Mode ref, Ref Stage 120, run, end, 9783590158525135
1787664524.320481, NoOp Chain Depth 128 Size 0 Mode ref, Ref Stage 121, run, start, 9783590158540095
1787664524.320502, NoOp Chain Depth 128 Size 0 Mode ref, Ref Stage 121, run, end, 9783590158560751
1787664524.320516, NoOp Chain Depth 128 Size 0 Mode ref, Ref Stage 122, run, start, 9783590158575263
1787664524.320537, NoOp Chain Depth 128 Size 0 Mode ref, Ref Stage 122, run, end, 9783590158595871
1787664524.320551, NoOp Chain Depth 128 Size 0 Mode ref, Ref Stage 123, run, start, 9783590158610239
1787664524.320572, NoOp Chain Depth 128 Size 0 Mode ref, Ref Stage 123, run, end, 9783590158631039
1787664524.320586, NoOp Chain Depth 128 Size 0 Mode ref, Ref Stage 124, run, start, 9783590158645471
1787664524.320607, NoOp Chain Depth 128 Size 0 Mode ref, Ref Stage 124, run, end, 9783590158666591
1787664524.320622, NoOp Chain Depth 128 Size 0 Mode ref, Ref Stage 125, run, start, 9783590158681183
1787664524.320645, NoOp Chain Depth 128 Size 0 Mode ref, Ref Stage 125, run, end, 9783590158703711
1787664524.320660, NoOp Chain Depth 128 Size 0 Mode ref, Ref Stage 126, run, start, 9783590158718991
1787664524.320680, NoOp Chain Depth 128 Size 0 Mode ref, Ref Stage 126, run, end, 9783590158739647
1787664524.320698, NoOp Chain Depth 128 Size 0 Mode ref, Ref Stage 127, run, start, 9783590158757007
1787664524.320719, NoOp Chain Depth 128 Size 0 Mode ref, Ref Stage 127, run, end, 9783590158777967
1787664524.320735, NoOp Chain Depth 128 Size 0 Mode ref, pipeline - train, run, end, 154491383725653924920195533821407584679, 1787664524.308962, 79, 1, 9783590158794079
1787664524.320775, NoOp Chain Depth 128 Size 0 Mode ref, pipeline - train, run, start, 5715325699302714366074823643318745220, 1787664524.320760, 80, 1, 9783590158834239
1787664524.320798, NoOp Chain Depth 128 Size 0 Mode ref, Ref Stage 0, run, start, 9783590158857071
1787664524.320819, NoOp Chain Depth 128 Size 0 Mode ref, Ref Stage 0, run, end, 9783590158878575
1787664524.320835, NoOp Chain Depth 128 Size 0 Mode ref, Ref Stage 1, run, start, 9783590158894015
1787664524.320857, NoOp Chain Depth 128 Size 0 Mode ref, Ref Stage 1, run, end, 9783590158916047
1787664524.320872, NoOp Chain Depth 128 Size 0 Mode ref, Ref Stage 2, run, start, 9783590158931279
1787664524.320893, NoOp Chain Depth 128 Size 0 Mode ref, Ref Stage 2, run, end, 9783590158952015
1787664524.320907, NoOp Chain Depth 128 Size 0 Mode ref, Ref Stage 3, run, start, 9783590158966271
1787664524.320927, NoOp Chain Depth 128 Size 0 Mode ref, Ref Stage 3, run, end, 9783590158986735
1787664524.320942, NoOp Chain Depth 128 Size 0 Mode ref, Ref Stage 4, run, start, 9783590159002575
1787664524.321353, NoOp Chain Depth 128 Size 0 Mode ref, Ref Stage 4, run, end, 9783590159413263
1787664524.321479, NoOp Chain Depth 128 Size 0 Mode ref, Ref Stage 5, run, start, 9783590159539135
1787664524.321503, NoOp Chain Depth 128 Size 0 Mode ref, Ref Stage 5, run, end, 9783590159562399
1787664524.321518, NoOp Chain Depth 128 Size 0 Mode ref, Ref Stage 6, run, start, 9783590159577375
1787664524.321539, NoOp Chain Depth 128 Size 0 Mode ref, Ref Stage 6, run, end, 9783590159598447
1787664524.321553, NoOp Chain Depth 128 Size 0 Mode ref, Ref Stage 7, run, start, 9783590159612783
1787664524.321574, NoOp Chain Depth 128 Size 0 Mode ref, Ref Stage 7, run, end, 9783590159633423
1787664524.321589, NoOp Chain Depth 128 Size 0 Mode ref, Ref Stage 8, run, start, 9783590159647695
1787664524.321609, NoOp Chain Depth 128 Size 0 Mode ref, Ref Stage 8, run, end, 9783590159668063
1787664524.321623, NoOp Chain Depth 128 Size 0 Mode ref, Ref Stage 9, run, start, 9783590159682543
1787664524.321645, NoOp Chain Depth 128 Size 0 Mode ref, Ref Stage 9, run, end, 9783590159704655
1787664524.321657, NoOp Chain Depth 128 Size 0 Mode ref, Ref Stage 10, run, start, 9783590159716367
1787664524.321688, NoOp Chain Depth 128 Size 0 Mode ref, Ref Stage 10, run, end, 9783590159747454
1787664524.321703, NoOp Chain Depth 128 Size 0 Mode ref, Ref Stage 11, run, start, 9783590159762078
1787664524.321727, NoOp Chain Depth 128 Size 0 Mode ref, Ref Stage 11, run, end, 9783590159785598
1787664524.321741, NoOp Chain Depth 128 Size 0 Mode ref, Ref Stage 12, run, start, 9783590159800046
1787664524.321762, NoOp Chain Depth 128 Size 0 Mode ref, Ref Stage 12, run, end, 9783590159821614
1787664524.321777, NoOp Chain Depth 128 Size 0 Mode ref, Ref Stage 13, run, start, 9783590159836030
1787664524.321798, NoOp Chain Depth 128 Size 0 Mode ref, Ref Stage 13, run, end, 9783590159857006
1787664524.321812, NoOp Chain Depth 128 Size 0 Mode ref, Ref Stage 14, run, start, 9783590159871470
1787664524.321834, NoOp Chain Depth 128 Size 0 Mode ref, Ref Stage 14, run, end, 9783590159893038
1787664524.321848, NoOp Chain Depth 128 Size 0 Mode ref, Ref Stage 15, run, start, 9783590159907326
1787664524.321869, NoOp Chain Depth 128 Size 0 Mode ref, Ref Stage 15, run, end, 9783590159928270
1787664524.321884, NoOp Chain Depth 128 Size 0 Mode ref, Ref Stage 16, run, start, 9783590159943582
1787664524.321906, NoOp Chain Depth 128 Size 0 Mode ref, Ref Stage 16, run, end, 9783590159965774
1787664524.321922, NoOp Chain Depth 128 Size 0 Mode ref, Ref Stage 17, run, start, 9783590159981358
1787664524.321946, NoOp Chain Depth 128 Size 0 Mode ref, Ref Stage 17, run, end, 9783590160004878
1787664524.321961, NoOp Chain Depth 128 Size 0 Mode ref, Ref Stage 18, run, start, 9783590160020286
1787664524.321985, NoOp Chain Depth 128 Size 0 Mode ref, Ref Stage 18, run, end, 9783590160044718
1787664524.322304, NoOp Chain Depth 128 Size 0 Mode ref, Ref Stage 19, run, start, 9783590160364334
1787664524.322433, NoOp Chain Depth 128 Size 0 Mode ref, Ref Stage 19, run, end, 9783590160493118
1787664524.322446, NoOp Chain Depth 128 Size 0 Mode ref, Ref Stage 20, run, start, 9783590160505470
1787664524.322478, NoOp Chain Depth 128 Size 0 Mode ref, Ref Stage 20, run, end, 9783590160537054
1787664524.322492, NoOp Chain Depth 128 Size 0 Mode ref, Ref Stage 21, run, start, 9783590160551790
1787664524.322513, NoOp Chain Depth 128 Size 0 Mode ref, Ref Stage 21, run, end, 9783590160572606
1787664524.322528, NoOp Chain Depth 128 Size 0 Mode ref, Ref Stage 22, run, start, 9783590160587262
1787664524.322549, NoOp Chain Depth 128 Size 0 Mode ref, Ref Stage 22, run, end, 9783590160608110
1787664524.322563, NoOp Chain Depth 128 Size 0 Mode ref, Ref Stage 23, run, start, 9783590160622590
1787664524.322584, NoOp Chain Depth 128 Size 0 Mode ref, Ref Stage 23, run, end, 9783590160643582
1787664524.322599, NoOp Chain Depth 128 Size 0 Mode ref, Ref Stage 24, run, start, 9783590160658046
1787664524.322619, NoOp Chain Depth 128 Size 0 Mode ref, Ref Stage 24, run, end, 9783590160678670
1787664524.322634, NoOp Chain Depth 128 Size 0 Mode ref, Ref Stage 25, run, start, 9783590160693726
1787664524.322655, NoOp Chain Depth 128 Size 0 Mode ref, Ref Stage 25, run, end, 9783590160714462
1787664524.322670, NoOp Chain Depth 128 Size 0 Mode ref, Ref Stage 26, run, start, 9783590160728830
1787664524.322692, NoOp Chain Depth 128 Size 0 Mode ref, Ref Stage 26, run, end, 9783590160751166
1787664524.322705, NoOp Chain Depth 128 Size 0 Mode ref, Ref Stage 27, run, start, 9783590160764542
1787664524.322736, NoOp Chain Depth 128 Size 0 Mode ref, Ref Stage 27, run, end, 9783590160795390
1787664524.322751, NoOp Chain Depth 128 Size 0 Mode ref, Ref Stage 28, run, start, 9783590160809934
1787664524.322771, NoOp Chain Depth 128 Size 0 Mode ref, Ref Stage 28, run, end, 9783590160830334
1787664524.322786, NoOp Chain Depth 128 Size 0 Mode ref, Ref Stage 29, run, start, 9783590160844862
1787664524.322806, NoOp Chain Depth 128 Size 0 Mode ref, Ref Stage 29, run, end, 9783590160865486
1787664524.322821, NoOp Chain Depth 128 Size 0 Mode ref, Ref Stage 30, run, start, 9783590160879982
1787664524.322841, NoOp Chain Depth 128 Size 0 Mode ref, Ref Stage 30, run, end, 9783590160900350
1787664524.322860, NoOp Chain Depth 128 Size 0 Mode ref, Ref Stage 31, run, start, 9783590160919678
1787664524.322888, NoOp Chain Depth 128 Size 0 Mode ref, Ref Stage 31, run, end, 9783590160947374
1787664524.322903, NoOp Chain Depth 128 Size 0 Mode ref, Ref Stage 32, run, start, 9783590160962046
1787664524.322925, NoOp Chain Depth 128 Size 0 Mode ref, Ref Stage 32, run, end, 9783590160983742
1787664524.322939, NoOp Chain Depth 128 Size 0 Mode ref, Ref Stage 33, run, start, 9783590160998078
1787664524.322962, NoOp Chain Depth 128 Size 0 Mode ref, Ref Stage 33, run, end, 9783590161021390
1787664524.322976, NoOp Chain Depth 128 Size 0 Mode ref, Ref Stage 34, run, start, 9783590161035614
1787664524.322997, NoOp Chain Depth 128 Size 0 Mode ref, Ref Stage 34, run, end, 9783590161056030
1787664524.323011, NoOp Chain Depth 128 Size 0 Mode ref, Ref Stage 35, run, start, 9783590161070350
1787664524.323032, NoOp Chain Depth 128 Size 0 Mode ref, Ref Stage 35, run, end, 9783590161090974
1787664524.323047, NoOp Chain Depth 128 Size 0 Mode ref, Ref Stage 36, run, start, 9783590161106686
1787664524.323069, NoOp Chain Depth 128 Size 0 Mode ref, Ref Stage 36, run, end, 9783590161128110
1787664524.323083, NoOp Chain Depth 128 Size 0 Mode ref, Ref Stage 37, run, start, 9783590161142270
1787664524.323105, NoOp Chain Depth 128 Size 0 Mode ref, Ref Stage 37, run, end, 9783590161164062
1787664524.323120, NoOp Chain Depth 128 Size 0 Mode ref, Ref Stage 38, run, start, 9783590161178957
1787664524.323142, NoOp Chain Depth 128 Size 0 Mode ref, Ref Stage 38, run, end, 9783590161201677
1787664524.323154, NoOp Chain Depth 128 Size 0 Mode ref, Ref Stage 39, run, start, 9783590161213373
1787664524.323187, NoOp Chain Depth 128 Size 0 Mode ref, Ref Stage 39, run, end, 9783590161245997
1787664524.323201, NoOp Chain Depth 128 Size 0 Mode ref, Ref Stage 40, run, start, 9783590161260381
1787664524.323222, NoOp Chain Depth 128 Size 0 Mode ref, Ref Stage 40, run, end, 9783590161281101
1787664524.323236, NoOp Chain Depth 128 Size 0 Mode ref, Ref Stage 41, run, start, 9783590161295485
1787664524.323257, NoOp Chain Depth 128 Size 0 Mode ref, Ref Stage 41, run, end, 9783590161316221
1787664524.323271, NoOp Chain Depth 128 Size 0 Mode ref, Ref Stage 42, run, start, 9783590161330429
1787664524.323294, NoOp Chain Depth 128 Size 0 Mode ref, Ref Stage 42, run, end, 9783590161353229
1787664524.323308, NoOp Chain Depth 128 Size 0 Mode ref, Ref Stage 43, run, start, 9783590161367597
1787664524.323329, NoOp Chain Depth 128 Size 0 Mode ref, Ref Stage 43, run, end, 9783590161388013
1787664524.323343, NoOp Chain Depth 128 Size 0 Mode ref, Ref Stage 44, run, start, 9783590161402141
1787664524.323868, NoOp Chain Depth 128 Size 0 Mode ref, Ref Stage 44, run, end, 9783590161929389
1787664524.323885, NoOp Chain Depth 128 Size 0 Mode ref, Ref Stage 45, run, start, 9783590161944749
1787664524.324034, NoOp Chain Depth 128 Size 0 Mode ref, Ref Stage 45, run, end, 9783590162094157
1787664524.324051, NoOp Chain Depth 128 Size 0 Mode ref, Ref Stage 46, run, start, 9783590162110413
1787664524.324072, NoOp Chain Depth 128 Size 0 Mode ref, Ref Stage 46, run, end, 9783590162131661
1787664524.324087, NoOp Chain Depth 128 Size 0 Mode ref, Ref Stage 47, run, start, 9783590162146461
1787664524.324108, NoOp Chain Depth 128 Size 0 Mode ref, Ref Stage 47, run, end, 9783590162167373
1787664524.324123, NoOp Chain Depth 128 Size 0 Mode ref, Ref Stage 48, run, start, 9783590162181949
1787664524.324144, NoOp Chain Depth 128 Size 0 Mode ref, Ref Stage 48, run, end, 9783590162202797
1787664524.324158, NoOp Chain Depth 128 Size 0 Mode ref, Ref Stage 49, run, start, 9783590162217149
1787664524.324179, NoOp Chain Depth 128 Size 0 Mode ref, Ref Stage 49, run, end, 9783590162238605
1787664524.324194, NoOp Chain Depth 128 Size 0 Mode ref, Ref Stage 50, run, start, 9783590162253245
1787664524.324215, NoOp Chain Depth 128 Size 0 Mode ref, Ref Stage 50, run, end, 9783590162274205
1787664524.324229, NoOp Chain Depth 128 Size 0 Mode ref, Ref Stage 51, run, start, 9783590162288765
1787664524.324252, NoOp Chain Depth 128 Size 0 Mode ref, Ref Stage 51, run, end, 9783590162311229
1787664524.324263, NoOp Chain Depth 128 Size 0 Mode ref, Ref Stage 52, run, start, 9783590162322877
1787664524.324295, NoOp Chain Depth 128 Size 0 Mode ref, Ref Stage 52, run, end, 9783590162353997
1787664524.324309, NoOp Chain Depth 128 Size 0 Mode ref, Ref Stage 53, run, start, 9783590162368445
1787664524.324333, NoOp Chain Depth 128 Size 0 Mode ref, Ref Stage 53, run, end, 9783590162392125
1787664524.324348, NoOp Chain Depth 128 Size 0 Mode ref, Ref Stage 54, run, start, 9783590162407309
1787664524.324370, NoOp Chain Depth 128 Size 0 Mode ref, Ref Stage 54, run, end, 9783590162429629
1787664524.324382, NoOp Chain Depth 128 Size 0 Mode ref, Ref Stage 55, run, start, 9783590162442141
1787664524.324415, NoOp Chain Depth 128 Size 0 Mode ref, Ref Stage 55, run, end, 9783590162474029
1787664524.324428, NoOp Chain Depth 128 Size 0 Mode ref, Ref Stage 56, run, start, 9783590162486781
1787664524.324459, NoOp Chain Depth 128 Size 0 Mode ref, Ref Stage 56, run, end, 9783590162517661
1787664524.324473, NoOp Chain Depth 128 Size 0 Mode ref, Ref Stage 57, run, start, 9783590162532381
1787664524.324494, NoOp Chain Depth 128 Size 0 Mode ref, Ref Stage 57, run, end, 9783590162553245
1787664524.324508, NoOp Chain Depth 128 Size 0 Mode ref, Ref Stage 58, run, start, 9783590162567629
1787664524.324531, NoOp Chain Depth 128 Size 0 Mode ref, Ref Stage 58, run, end, 9783590162590381
1787664524.324546, NoOp Chain Depth 128 Size 0 Mode ref, Ref Stage 59, run, start, 9783590162605149
1787664524.324569, NoOp Chain Depth 128 Size 0 Mode ref, Ref Stage 59, run, end, 9783590162627885
1787664524.324583, NoOp Chain Depth 128 Size 0 Mode ref, Ref Stage 60, run, start, 9783590162642509
1787664524.324604, NoOp Chain Depth 128 Size 0 Mode ref, Ref Stage 60, run, end, 9783590162663373
1787664524.324619, NoOp Chain Depth 128 Size 0 Mode ref, Ref Stage 61, run, start, 9783590162677869
1787664524.324640, NoOp Chain Depth 128 Size 0 Mode ref, Ref Stage 61, run, end, 9783590162698780
1787664524.324654, NoOp Chain Depth 128 Size 0 Mode ref, Ref Stage 62, run, start, 9783590162713212
1787664524.324676, NoOp Chain Depth 128 Size 0 Mode ref, Ref Stage 62, run, end, 9783590162735212
1787664524.324690, NoOp Chain Depth 128 Size 0 Mode ref, Ref Stage 63, run, start, 9783590162749804
1787664524.324712, NoOp Chain Depth 128 Size 0 Mode ref, Ref Stage 63, run, end, 9783590162771356
1787664524.324727, NoOp Chain Depth 128 Size 0 Mode ref, Ref Stage 64, run, start, 9783590162785708
1787664524.324748, NoOp Chain Depth 128 Size 0 Mode ref, Ref Stage 64, run, end, 9783590162807100
1787664524.324762, NoOp Chain Depth 128 Size 0 Mode ref, Ref Stage 65, run, start, 9783590162821500
1787664524.324783, NoOp Chain Depth 128 Size 0 Mode ref, Ref Stage 65, run, end, 9783590162842268
1787664524.324797, NoOp Chain Depth 128 Size 0 Mode ref, Ref Stage 66, run, start, 9783590162856572
1787664524.324818, NoOp Chain Depth 128 Size 0 Mode ref, Ref Stage 66, run, end, 9783590162877180
1787664524.324832, NoOp Chain Depth 128 Size 0 Mode ref, Ref Stage 67, run, start, 9783590162891500
1787664524.324853, NoOp Chain Depth 128 Size 0 Mode ref, Ref Stage 67, run, end, 9783590162911852
1787664524.324867, NoOp Chain Depth 128 Size 0 Mode ref, Ref Stage 68, run, start, 9783590162926108
1787664524.324887, NoOp Chain Depth 128 Size 0 Mode ref, Ref Stage 68, run, end, 9783590162946444
1787664524.324902, NoOp Chain Depth 128 Size 0 Mode ref, Ref Stage 69, run, start, 9783590162961836
1787664524.324925, NoOp Chain Depth 128 Size 0 Mode ref, Ref Stage 69, run, end, 9783590162983852
1787664524.324941, NoOp Chain Depth 128 Size 0 Mode ref, Ref Stage 70, run, start, 9783590163000060
1787664524.324966, NoOp Chain Depth 128 Size 0 Mode ref, Ref Stage 70, run, end, 9783590163024908
1787664524.324980, NoOp Chain Depth 128 Size 0 Mode ref, Ref Stage 71, run, start, 9783590163039308
1787664524.325001, NoOp Chain Depth 128 Size 0 Mode ref, Ref Stage 71, run, end, 9783590163060028
1787664524.325016, NoOp Chain Depth 128 Size 0 Mode ref, Ref Stage 72, run, start, 9783590163075132
1787664524.325038, NoOp Chain Depth 128 Size 0 Mode ref, Ref Stage 72, run, end, 9783590163097436
1787664524.325050, NoOp Chain Depth 128 Size 0 Mode ref, Ref Stage 73, run, start, 9783590163109052
1787664524.325080, NoOp Chain Depth 128 Size 0 Mode ref, Ref Stage 73, run, end, 9783590163139580
1787664524.325095, NoOp Chain Depth 128 Size 0 Mode ref, Ref Stage 74, run, start, 9783590163153996
1787664524.325117, NoOp Chain Depth 128 Size 0 Mode ref, Ref Stage 74, run, end, 9783590163175868
1787664524.325131, NoOp Chain Depth 128 Size 0 Mode ref, Ref Stage 75, run, start, 9783590163190316
1787664524.325153, NoOp Chain Depth 128 Size 0 Mode ref, Ref Stage 75, run, end, 9783590163212092
1787664524.325167, NoOp Chain Depth 128 Size 0 Mode ref, Ref Stage 76, run, start, 9783590163226412
1787664524.325188, NoOp Chain Depth 128 Size 0 Mode ref, Ref Stage 76, run, end, 9783590163246908
1787664524.325202, NoOp Chain Depth 128 Size 0 Mode ref, Ref Stage 77, run, start, 9783590163261180
1787664524.325223, NoOp Chain Depth 128 Size 0 Mode ref, Ref Stage 77, run, end, 9783590163281868
1787664524.325237, NoOp Chain Depth 128 Size 0 Mode ref, Ref Stage 78, run, start, 9783590163296156
1787664524.325258, NoOp Chain Depth 128 Size 0 Mode ref, Ref Stage 78, run, end, 9783590163316812
1787664524.325272, NoOp Chain Depth 128 Size 0 Mode ref, Ref Stage 79, run, start, 9783590163331068
1787664524.325293, NoOp Chain Depth 128 Size 0 Mode ref, Ref Stage 79, run, end, 9783590163352524
1787664524.325308, NoOp Chain Depth 128 Size 0 Mode ref, Ref Stage 80, run, start, 9783590163366924
1787664524.325330, NoOp Chain Depth 128 Size 0 Mode ref, Ref Stage 80, run, end, 9783590163389260
1787664524.325345, NoOp Chain Depth 128 Size 0 Mode ref, Ref Stage 81, run, start, 9783590163404396
1787664524.325368, NoOp Chain Depth 128 Size 0 Mode ref, Ref Stage 81, run, end, 9783590163426908
1787664524.325383, NoOp Chain Depth 128 Size 0 Mode ref, Ref Stage 82, run, start, 9783590163442220
1787664524.325415, NoOp Chain Depth 128 Size 0 Mode ref, Ref Stage 82, run, end, 9783590163474300
1787664524.325426, NoOp Chain Depth 128 Size 0 Mode ref, Ref Stage 83, run, start, 9783590163485836
1787664524.325458, NoOp Chain Depth 128 Size 0 Mode ref, Ref Stage 83, run, end, 9783590163517452
1787664524.325474, NoOp Chain Depth 128 Size 0 Mode ref, Ref Stage 84, run, start, 9783590163532860
1787664524.325495, NoOp Chain Depth 128 Size 0 Mode ref, Ref Stage 84, run, end, 9783590163554252
1787664524.325511, NoOp Chain Depth 128 Size 0 Mode ref, Ref Stage 85, run, start, 9783590163570012
1787664524.325533, NoOp Chain Depth 128 Size 0 Mode ref, Ref Stage 85, run, end, 9783590163591980
1787664524.325548, NoOp Chain Depth 128 Size 0 Mode ref, Ref Stage 86, run, start, 9783590163607180
1787664524.325569, NoOp Chain Depth 128 Size 0 Mode ref, Ref Stage 86, run, end, 9783590163628444
1787664524.325585, NoOp Chain Depth 128 Size 0 Mode ref, Ref Stage 87, run, start, 9783590163643996
1787664524.325607, NoOp Chain Depth 128 Size 0 Mode ref, Ref Stage 87, run, end, 9783590163666172
1787664524.325622, NoOp Chain Depth 128 Size 0 Mode ref, Ref Stage 88, run, start, 9783590163681164
1787664524.325643, NoOp Chain Depth 128 Size 0 Mode ref, Ref Stage 88, run, end, 9783590163702044
1787664524.325657, NoOp Chain Depth 128 Size 0 Mode ref, Ref Stage 89, run, start, 9783590163716428
1787664524.325681, NoOp Chain Depth 128 Size 0 Mode ref, Ref Stage 89, run, end, 9783590163740044
1787664524.325692, NoOp Chain Depth 128 Size 0 Mode ref, Ref Stage 90, run, start, 9783590163751436
1787664524.325723, NoOp Chain Depth 128 Size 0 Mode ref, Ref Stage 90, run, end, 9783590163782748
1787664524.325738, NoOp Chain Depth 128 Size 0 Mode ref, Ref Stage 91, run, start, 9783590163797612
1787664524.325759, NoOp Chain Depth 128 Size 0 Mode ref, Ref Stage 91, run, end, 9783590163818476
1787664524.325774, NoOp Chain Depth 128 Size 0 Mode ref, Ref Stage 92, run, start, 9783590163832972
1787664524.325794, NoOp Chain Depth 128 Size 0 Mode ref, Ref Stage 92, run, end, 9783590163853388
1787664524.325809, NoOp Chain Depth 128 Size 0 Mode ref, Ref Stage 93, run, start, 9783590163867804
1787664524.325830, NoOp Chain Depth 128 Size 0 Mode ref, Ref Stage 93, run, end, 9783590163889388
1787664524.325845, NoOp Chain Depth 128 Size 0 Mode ref, Ref Stage 94, run, start, 9783590163903692
1787664524.325866, NoOp Chain Depth 128 Size 0 Mode ref, Ref Stage 94, run, end, 9783590163925548
1787664524.325878, NoOp Chain Depth 128 Size 0 Mode ref, Ref Stage 95, run, start, 9783590163937212
1787664524.325910, NoOp Chain Depth 128 Size 0 Mode ref, Ref Stage 95, run, end, 9783590163968684
1787664524.325924, NoOp Chain Depth 128 Size 0 Mode ref, Ref Stage 96, run, start, 9783590163983004
1787664524.325946, NoOp Chain Depth 128 Size 0 Mode ref, Ref Stage 96, run, end, 9783590164004940
1787664524.325961, NoOp Chain Depth 128 Size 0 Mode ref, Ref Stage 97, run, start, 9783590164019884
1787664524.325982, NoOp Chain Depth 128 Size 0 Mode ref, Ref Stage 97, run, end, 9783590164040972
1787664524.325997, NoOp Chain Depth 128 Size 0 Mode ref, Ref Stage 98, run, start, 9783590164056236
1787664524.326019, NoOp Chain Depth 128 Size 0 Mode ref, Ref Stage 98, run, end, 9783590164077948
1787664524.326033, NoOp Chain Depth 128 Size 0 Mode ref, Ref Stage 99, run, start, 9783590164092444
1787664524.326054, NoOp Chain Depth 128 Size 0 Mode ref, Ref Stage 99, run, end, 9783590164113324
1787664524.326068, NoOp Chain Depth 128 Size 0 Mode ref, Ref Stage 100, run, start, 9783590164127628
1787664524.326089, NoOp Chain Depth 128 Size 0 Mode ref, Ref Stage 100, run, end, 9783590164148220
1787664524.326106, NoOp Chain Depth 128 Size 0 Mode ref, Ref Stage 101, run, start, 9783590164165068
1787664524.326129, NoOp Chain Depth 128 Size 0 Mode ref, Ref Stage 101, run, end, 9783590164187963
1787664524.326144, NoOp Chain Depth 128 Size 0 Mode ref, Ref Stage 102, run, start, 9783590164203243
1787664524.326492, NoOp Chain Depth 128 Size 0 Mode ref, Ref Stage 102, run, end, 9783590164552539
1787664524.326617, NoOp Chain Depth 128 Size 0 Mode ref, Ref Stage 103, run, start, 9783590164676587
1787664524.326640, NoOp Chain Depth 128 Size 0 Mode ref, Ref Stage 103, run, end, 9783590164699771
1787664524.326655, NoOp Chain Depth 128 Size 0 Mode ref, Ref Stage 104, run, start, 9783590164714923
1787664524.326677, NoOp Chain Depth 128 Size 0 Mode ref, Ref Stage 104, run, end, 9783590164736107
1787664524.326691, NoOp Chain Depth 128 Size 0 Mode ref, Ref Stage 105, run, start, 9783590164750699
1787664524.326714, NoOp Chain Depth 128 Size 0 Mode ref, Ref Stage 105, run, end, 9783590164773339
1787664524.326726, NoOp Chain Depth 128 Size 0 Mode ref, Ref Stage 106, run, start, 9783590164785195
1787664524.326757, NoOp Chain Depth 128 Size 0 Mode ref, Ref Stage 106, run, end, 9783590164816107
1787664524.326771, NoOp Chain Depth 128 Size 0 Mode ref, Ref Stage 107, run, start, 9783590164830667
1787664524.326792, NoOp Chain Depth 128 Size 0 Mode ref, Ref Stage 107, run, end, 9783590164851755
1787664524.326807, NoOp Chain Depth 128 Size 0 Mode ref, Ref Stage 108, run, start, 9783590164866203
1787664524.326828, NoOp Chain Depth 128 Size 0 Mode ref, Ref Stage 108, run, end, 9783590164887291
1787664524.326843, NoOp Chain Depth 128 Size 0 Mode ref, Ref Stage 109, run, start, 9783590164902027
1787664524.326866, NoOp Chain Depth 128 Size 0 Mode ref, Ref Stage 109, run, end, 9783590164925595
1787664524.326881, NoOp Chain Depth 128 Size 0 Mode ref, Ref Stage 110, run, start, 9783590164940331
1787664524.326902, NoOp Chain Depth 128 Size 0 Mode ref, Ref Stage 110, run, end, 9783590164961259
1787664524.326917, NoOp Chain Depth 128 Size 0 Mode ref, Ref Stage 111, run, start, 9783590164976283
1787664524.326940, NoOp Chain Depth 128 Size 0 Mode ref, Ref Stage 111, run, end, 9783590164999003
1787664524.326958, NoOp Chain Depth 128 Size 0 Mode ref, Ref Stage 112, run, start, 9783590165017243
1787664524.326980, NoOp Chain Depth 128 Size 0 Mode ref, Ref Stage 112, run, end, 9783590165039691
1787664524.326992, NoOp Chain Depth 128 Size 0 Mode ref, Ref Stage 113, run, start, 9783590165051083
1787664524.327022, NoOp Chain Depth 128 Size 0 Mode ref, Ref Stage 113, run, end, 9783590165081451
1787664524.327036, NoOp Chain Depth 128 Size 0 Mode ref, Ref Stage 114, run, start, 9783590165095963
1787664524.327057, NoOp Chain Depth 128 Size 0 Mode ref, Ref Stage 114, run, end, 9783590165116443
1787664524.327071, NoOp Chain Depth 128 Size 0 Mode ref, Ref Stage 115, run, start, 9783590165130907
1787664524.327092, NoOp Chain Depth 128 Size 0 Mode ref, Ref Stage 115, run, end, 9783590165151515
1787664524.327106, NoOp Chain Depth 128 Size 0 Mode ref, Ref Stage 116, run, start, 9783590165165899
1787664524.327128, NoOp Chain Depth 128 Size 0 Mode ref, Ref Stage 116, run, end, 9783590165188251
1787664524.327143, NoOp Chain Depth 128 Size 0 Mode ref, Ref Stage 117, run, start, 9783590165202683
1787664524.327165, NoOp Chain Depth 128 Size 0 Mode ref, Ref Stage 117, run, end, 9783590165224379
1787664524.327179, NoOp Chain Depth 128 Size 0 Mode ref, Ref Stage 118, run, start, 9783590165238635
1787664524.327200, NoOp Chain Depth 128 Size 0 Mode ref, Ref Stage 118, run, end, 9783590165259291
1787664524.327214, NoOp Chain Depth 128 Size 0 Mode ref, Ref Stage 119, run, start, 9783590165273499
1787664524.327235, NoOp Chain Depth 128 Size 0 Mode ref, Ref Stage 119, run, end, 9783590165293739
1787664524.327249, NoOp Chain Depth 128 Size 0 Mode ref, Ref Stage 120, run, start, 9783590165307867
1787664524.327270, NoOp Chain Depth 128 Size 0 Mode ref, Ref Stage 120, run, end, 9783590165329339
1787664524.327285, NoOp Chain Depth 128 Size 0 Mode ref, Ref Stage 121, run, start, 9783590165344523
1787664524.327309, NoOp Chain Depth 128 Size 0 Mode ref, Ref Stage 121, run, end, 9783590165367899
1787664524.327323, NoOp Chain Depth 128 Size 0 Mode ref, Ref Stage 122, run, start, 9783590165382731
1787664524.327345, NoOp Chain Depth 128 Size 0 Mode ref, Ref Stage 122, run, end, 9783590165404571
1787664524.331917, NoOp Chain Depth 128 Size 0 Mode ref, Ref Stage 123, run, start, 9783590169977320
1787664524.331946, NoOp Chain Depth 128 Size 0 Mode ref, Ref Stage 123, run, end, 9783590170005816
1787664524.331963, NoOp Chain Depth 128 Size 0 Mode ref, Ref Stage 124, run, start, 9783590170022776
1787664524.331985, NoOp Chain Depth 128 Size 0 Mode ref, Ref Stage 124, run, end, 9783590170044744
1787664524.332000, NoOp Chain Depth 128 Size 0 Mode ref, Ref Stage 125, run, start, 9783590170059448
1787664524.332021, NoOp Chain Depth 128 Size 0 Mode ref, Ref Stage 125, run, end, 9783590170080472
1787664524.332036, NoOp Chain Depth 128 Size 0 Mode ref, Ref Stage 126, run, start, 9783590170095064
1787664524.332057, NoOp Chain Depth 128 Size 0 Mode ref, Ref Stage 126, run, end, 9783590170116008
1787664524.332072, NoOp Chain Depth 128 Size 0 Mode ref, Ref Stage 127, run, start, 9783590170131208
1787664524.332093, NoOp Chain Depth 128 Size 0 Mode ref, Ref Stage 127, run, end, 9783590170151736
1787664524.332107, NoOp Chain Depth 128 Size 0 Mode ref, pipeline - train, run, end, 5715325699302714366074823643318745220, 1787664524.320760, 80, 1, 9783590170166536
1787664524.332144, NoOp Chain Depth 128 Size 0 Mode ref, pipeline - train, run, start, 32803464600038380995431626832846407822, 1787664524.332132, 81, 1, 9783590170202904
1787664524.332166, NoOp Chain Depth 128 Size 0 Mode ref, Ref Stage 0, run, start, 9783590170225624
1787664524.332188, NoOp Chain Depth 128 Size 0 Mode ref, Ref Stage 0, run, end, 9783590170246904
1787664524.332202, NoOp Chain Depth 128 Size 0 Mode ref, Ref Stage 1, run, start, 9783590170261816
1787664524.332223, NoOp Chain Depth 128 Size 0 Mode ref, Ref Stage 1, run, end, 9783590170282615
1787664524.332238, NoOp Chain Depth 128 Size 0 Mode ref, Ref Stage 2, run, start, 9783590170297159
1787664524.332259, NoOp Chain Depth 128 Size 0 Mode ref, Ref Stage 2, run, end, 9783590170318311
1787664524.332273, NoOp Chain Depth 128 Size 0 Mode ref, Ref Stage 3, run, start, 9783590170332775
1787664524.332373, NoOp Chain Depth 128 Size 0 Mode ref, Ref Stage 3, run, end, 9783590170432391
1787664524.332494, NoOp Chain Depth 128 Size 0 Mode ref, Ref Stage 4, run, start, 9783590170553255
1787664524.332517, NoOp Chain Depth 128 Size 0 Mode ref, Ref Stage 4, run, end, 9783590170575927
1787664524.332532, NoOp Chain Depth 128 Size 0 Mode ref, Ref Stage 5, run, start, 9783590170591063
1787664524.332555, NoOp Chain Depth 128 Size 0 Mode ref, Ref Stage 5, run, end, 9783590170614279
1787664524.332567, NoOp Chain Depth 128 Size 0 Mode ref, Ref Stage 6, run, start, 9783590170626135
1787664524.332598, NoOp Chain Depth 128 Size 0 Mode ref, Ref Stage 6, run, end, 9783590170657111
1787664524.332612, NoOp Chain Depth 128 Size 0 Mode ref, Ref Stage 7, run, start, 9783590170671495
1787664524.332633, NoOp Chain Depth 128 Size 0 Mode ref, Ref Stage 7, run, end, 9783590170692007
1787664524.332647, NoOp Chain Depth 128 Size 0 Mode ref, Ref Stage 8, run, start, 9783590170706263
1787664524.332668, NoOp Chain Depth 128 Size 0 Mode ref, Ref Stage 8, run, end, 9783590170726903
1787664524.332682, NoOp Chain Depth 128 Size 0 Mode ref, Ref Stage 9, run, start, 9783590170741591
1787664524.332703, NoOp Chain Depth 128 Size 0 Mode ref, Ref Stage 9, run, end, 9783590170762359
1787664524.332718, NoOp Chain Depth 128 Size 0 Mode ref, Ref Stage 10, run, start, 9783590170776871
1787664524.332739, NoOp Chain Depth 128 Size 0 Mode ref, Ref Stage 10, run, end, 9783590170798247
1787664524.332754, NoOp Chain Depth 128 Size 0 Mode ref, Ref Stage 11, run, start, 9783590170813719
1787664524.332776, NoOp Chain Depth 128 Size 0 Mode ref, Ref Stage 11, run, end, 9783590170834823
1787664524.332790, NoOp Chain Depth 128 Size 0 Mode ref, Ref Stage 12, run, start, 9783590170849399
1787664524.333117, NoOp Chain Depth 128 Size 0 Mode ref, Ref Stage 12, run, end, 9783590171177271
1787664524.333240, NoOp Chain Depth 128 Size 0 Mode ref, Ref Stage 13, run, start, 9783590171299911
1787664524.333263, NoOp Chain Depth 128 Size 0 Mode ref, Ref Stage 13, run, end, 9783590171322375
1787664524.333278, NoOp Chain Depth 128 Size 0 Mode ref, Ref Stage 14, run, start, 9783590171336855
1787664524.333298, NoOp Chain Depth 128 Size 0 Mode ref, Ref Stage 14, run, end, 9783590171357687
1787664524.333313, NoOp Chain Depth 128 Size 0 Mode ref, Ref Stage 15, run, start, 9783590171372183
1787664524.333334, NoOp Chain Depth 128 Size 0 Mode ref, Ref Stage 15, run, end, 9783590171392919
1787664524.333349, NoOp Chain Depth 128 Size 0 Mode ref, Ref Stage 16, run, start, 9783590171408119
1787664524.333369, NoOp Chain Depth 128 Size 0 Mode ref, Ref Stage 16, run, end, 9783590171428615
1787664524.333384, NoOp Chain Depth 128 Size 0 Mode ref, Ref Stage 17, run, start, 9783590171442903
1787664524.333406, NoOp Chain Depth 128 Size 0 Mode ref, Ref Stage 17, run, end, 9783590171465335
1787664524.333418, NoOp Chain Depth 128 Size 0 Mode ref, Ref Stage 18, run, start, 9783590171477175
1787664524.333449, NoOp Chain Depth 128 Size 0 Mode ref, Ref Stage 18, run, end, 9783590171508199
1787664524.333464, NoOp Chain Depth 128 Size 0 Mode ref, Ref Stage 19, run, start, 9783590171522871
1787664524.333485, NoOp Chain Depth 128 Size 0 Mode ref, Ref Stage 19, run, end, 9783590171544183
1787664524.333500, NoOp Chain Depth 128 Size 0 Mode ref, Ref Stage 20, run, start, 9783590171558951
1787664524.333521, NoOp Chain Depth 128 Size 0 Mode ref, Ref Stage 20, run, end, 9783590171580055
1787664524.333535, NoOp Chain Depth 128 Size 0 Mode ref, Ref Stage 21, run, start, 9783590171594759
1787664524.333557, NoOp Chain Depth 128 Size 0 Mode ref, Ref Stage 21, run, end, 9783590171615911
1787664524.333571, NoOp Chain Depth 128 Size 0 Mode ref, Ref Stage 22, run, start, 9783590171630695
1787664524.333592, NoOp Chain Depth 128 Size 0 Mode ref, Ref Stage 22, run, end, 9783590171651559
1787664524.333607, NoOp Chain Depth 128 Size 0 Mode ref, Ref Stage 23, run, start, 9783590171666007
1787664524.333628, NoOp Chain Depth 128 Size 0 Mode ref, Ref Stage 23, run, end, 9783590171686919
1787664524.333642, NoOp Chain Depth 128 Size 0 Mode ref, Ref Stage 24, run, start, 9783590171701303
1787664524.333663, NoOp Chain Depth 128 Size 0 Mode ref, Ref Stage 24, run, end, 9783590171721943
1787664524.333677, NoOp Chain Depth 128 Size 0 Mode ref, Ref Stage 25, run, start, 9783590171736119
1787664524.333698, NoOp Chain Depth 128 Size 0 Mode ref, Ref Stage 25, run, end, 9783590171757015
1787664524.333712, NoOp Chain Depth 128 Size 0 Mode ref, Ref Stage 26, run, start, 9783590171771255
1787664524.333735, NoOp Chain Depth 128 Size 0 Mode ref, Ref Stage 26, run, end, 9783590171793559
1787664524.333746, NoOp Chain Depth 128 Size 0 Mode ref, Ref Stage 27, run, start, 9783590171805318
1787664524.333777, NoOp Chain Depth 128 Size 0 Mode ref, Ref Stage 27, run, end, 9783590171836550
1787664524.333791, NoOp Chain Depth 128 Size 0 Mode ref, Ref Stage 28, run, start, 9783590171850934
1787664524.333812, NoOp Chain Depth 128 Size 0 Mode ref, Ref Stage 28, run, end, 9783590171871382
1787664524.333827, NoOp Chain Depth 128 Size 0 Mode ref, Ref Stage 29, run, start, 9783590171886150
1787664524.333848, NoOp Chain Depth 128 Size 0 Mode ref, Ref Stage 29, run, end, 9783590171907254
1787664524.333862, NoOp Chain Depth 128 Size 0 Mode ref, Ref Stage 30, run, start, 9783590171921622
1787664524.333883, NoOp Chain Depth 128 Size 0 Mode ref, Ref Stage 30, run, end, 9783590171942422
1787664524.333898, NoOp Chain Depth 128 Size 0 Mode ref, Ref Stage 31, run, start, 9783590171956998
1787664524.333919, NoOp Chain Depth 128 Size 0 Mode ref, Ref Stage 31, run, end, 9783590171977718
1787664524.333933, NoOp Chain Depth 128 Size 0 Mode ref, Ref Stage 32, run, start, 9783590171991958
1787664524.333956, NoOp Chain Depth 128 Size 0 Mode ref, Ref Stage 32, run, end, 9783590172014950
1787664524.333973, NoOp Chain Depth 128 Size 0 Mode ref, Ref Stage 33, run, start, 9783590172031958
1787664524.333993, NoOp Chain Depth 128 Size 0 Mode ref, Ref Stage 33, run, end, 9783590172052710
1787664524.334008, NoOp Chain Depth 128 Size 0 Mode ref, Ref Stage 34, run, start, 9783590172066918
1787664524.334028, NoOp Chain Depth 128 Size 0 Mode ref, Ref Stage 34, run, end, 9783590172087670
1787664524.334044, NoOp Chain Depth 128 Size 0 Mode ref, Ref Stage 35, run, start, 9783590172102774
1787664524.334064, NoOp Chain Depth 128 Size 0 Mode ref, Ref Stage 35, run, end, 9783590172123206
1787664524.334079, NoOp Chain Depth 128 Size 0 Mode ref, Ref Stage 36, run, start, 9783590172138422
1787664524.334100, NoOp Chain Depth 128 Size 0 Mode ref, Ref Stage 36, run, end, 9783590172159158
1787664524.334114, NoOp Chain Depth 128 Size 0 Mode ref, Ref Stage 37, run, start, 9783590172173462
1787664524.334135, NoOp Chain Depth 128 Size 0 Mode ref, Ref Stage 37, run, end, 9783590172193878
1787664524.334149, NoOp Chain Depth 128 Size 0 Mode ref, Ref Stage 38, run, start, 9783590172208038
1787664524.334169, NoOp Chain Depth 128 Size 0 Mode ref, Ref Stage 38, run, end, 9783590172228470
1787664524.334184, NoOp Chain Depth 128 Size 0 Mode ref, Ref Stage 39, run, start, 9783590172243046
1787664524.334205, NoOp Chain Depth 128 Size 0 Mode ref, Ref Stage 39, run, end, 9783590172263846
1787664524.334219, NoOp Chain Depth 128 Size 0 Mode ref, Ref Stage 40, run, start, 9783590172278166
1787664524.334240, NoOp Chain Depth 128 Size 0 Mode ref, Ref Stage 40, run, end, 9783590172298806
1787664524.334254, NoOp Chain Depth 128 Size 0 Mode ref, Ref Stage 41, run, start, 9783590172313174
1787664524.334275, NoOp Chain Depth 128 Size 0 Mode ref, Ref Stage 41, run, end, 9783590172333958
1787664524.334289, NoOp Chain Depth 128 Size 0 Mode ref, Ref Stage 42, run, start, 9783590172348246
1787664524.334310, NoOp Chain Depth 128 Size 0 Mode ref, Ref Stage 42, run, end, 9783590172368742
1787664524.334806, NoOp Chain Depth 128 Size 0 Mode ref, Ref Stage 43, run, start, 9783590172866038
1787664524.334832, NoOp Chain Depth 128 Size 0 Mode ref, Ref Stage 43, run, end, 9783590172891046
1787664524.334847, NoOp Chain Depth 128 Size 0 Mode ref, Ref Stage 44, run, start, 9783590172906518
1787664524.334869, NoOp Chain Depth 128 Size 0 Mode ref, Ref Stage 44, run, end, 9783590172927926
1787664524.334883, NoOp Chain Depth 128 Size 0 Mode ref, Ref Stage 45, run, start, 9783590172942694
1787664524.334905, NoOp Chain Depth 128 Size 0 Mode ref, Ref Stage 45, run, end, 9783590172963734
1787664524.334919, NoOp Chain Depth 128 Size 0 Mode ref, Ref Stage 46, run, start, 9783590172978534
1787664524.334940, NoOp Chain Depth 128 Size 0 Mode ref, Ref Stage 46, run, end, 9783590172999606
1787664524.334958, NoOp Chain Depth 128 Size 0 Mode ref, Ref Stage 47, run, start, 9783590173017414
1787664524.334979, NoOp Chain Depth 128 Size 0 Mode ref, Ref Stage 47, run, end, 9783590173038566
1787664524.334994, NoOp Chain Depth 128 Size 0 Mode ref, Ref Stage 48, run, start, 9783590173053238
1787664524.335015, NoOp Chain Depth 128 Size 0 Mode ref, Ref Stage 48, run, end, 9783590173074294
1787664524.335030, NoOp Chain Depth 128 Size 0 Mode ref, Ref Stage 49, run, start, 9783590173089110
1787664524.335051, NoOp Chain Depth 128 Size 0 Mode ref, Ref Stage 49, run, end, 9783590173109846
1787664524.335065, NoOp Chain Depth 128 Size 0 Mode ref, Ref Stage 50, run, start, 9783590173124294
1787664524.335086, NoOp Chain Depth 128 Size 0 Mode ref, Ref Stage 50, run, end, 9783590173144918
1787664524.335100, NoOp Chain Depth 128 Size 0 Mode ref, Ref Stage 51, run, start, 9783590173159350
1787664524.335121, NoOp Chain Depth 128 Size 0 Mode ref, Ref Stage 51, run, end, 9783590173180230
1787664524.335135, NoOp Chain Depth 128 Size 0 Mode ref, Ref Stage 52, run, start, 9783590173194694
1787664524.335156, NoOp Chain Depth 128 Size 0 Mode ref, Ref Stage 52, run, end, 9783590173215654
1787664524.335171, NoOp Chain Depth 128 Size 0 Mode ref, Ref Stage 53, run, start, 9783590173230214
1787664524.335191, NoOp Chain Depth 128 Size 0 Mode ref, Ref Stage 53, run, end, 9783590173250806
1787664524.335208, NoOp Chain Depth 128 Size 0 Mode ref, Ref Stage 54, run, start, 9783590173267270
1787664524.335229, NoOp Chain Depth 128 Size 0 Mode ref, Ref Stage 54, run, end, 9783590173287990
1787664524.335243, NoOp Chain Depth 128 Size 0 Mode ref, Ref Stage 55, run, start, 9783590173302438
1787664524.335264, NoOp Chain Depth 128 Size 0 Mode ref, Ref Stage 55, run, end, 9783590173323206
1787664524.335278, NoOp Chain Depth 128 Size 0 Mode ref, Ref Stage 56, run, start, 9783590173337494
1787664524.335299, NoOp Chain Depth 128 Size 0 Mode ref, Ref Stage 56, run, end, 9783590173357958
1787664524.335313, NoOp Chain Depth 128 Size 0 Mode ref, Ref Stage 57, run, start, 9783590173372373
1787664524.335334, NoOp Chain Depth 128 Size 0 Mode ref, Ref Stage 57, run, end, 9783590173392677
1787664524.335348, NoOp Chain Depth 128 Size 0 Mode ref, Ref Stage 58, run, start, 9783590173407045
1787664524.335369, NoOp Chain Depth 128 Size 0 Mode ref, Ref Stage 58, run, end, 9783590173428021
1787664524.335384, NoOp Chain Depth 128 Size 0 Mode ref, Ref Stage 59, run, start, 9783590173442757
1787664524.335405, NoOp Chain Depth 128 Size 0 Mode ref, Ref Stage 59, run, end, 9783590173464117
1787664524.335419, NoOp Chain Depth 128 Size 0 Mode ref, Ref Stage 60, run, start, 9783590173478709
1787664524.335441, NoOp Chain Depth 128 Size 0 Mode ref, Ref Stage 60, run, end, 9783590173499829
1787664524.335455, NoOp Chain Depth 128 Size 0 Mode ref, Ref Stage 61, run, start, 9783590173514357
1787664524.335476, NoOp Chain Depth 128 Size 0 Mode ref, Ref Stage 61, run, end, 9783590173535109
1787664524.335490, NoOp Chain Depth 128 Size 0 Mode ref, Ref Stage 62, run, start, 9783590173549541
1787664524.335513, NoOp Chain Depth 128 Size 0 Mode ref, Ref Stage 62, run, end, 9783590173572341
1787664524.335528, NoOp Chain Depth 128 Size 0 Mode ref, Ref Stage 63, run, start, 9783590173587109
1787664524.335553, NoOp Chain Depth 128 Size 0 Mode ref, Ref Stage 63, run, end, 9783590173612437
1787664524.335568, NoOp Chain Depth 128 Size 0 Mode ref, Ref Stage 64, run, start, 9783590173626821
1787664524.335588, NoOp Chain Depth 128 Size 0 Mode ref, Ref Stage 64, run, end, 9783590173647653
1787664524.335603, NoOp Chain Depth 128 Size 0 Mode ref, Ref Stage 65, run, start, 9783590173662053
1787664524.335730, NoOp Chain Depth 128 Size 0 Mode ref, Ref Stage 65, run, end, 9783590173790789
1787664524.335749, NoOp Chain Depth 128 Size 0 Mode ref, Ref Stage 66, run, start, 9783590173807893
1787664524.335771, NoOp Chain Depth 128 Size 0 Mode ref, Ref Stage 66, run, end, 9783590173830293
1787664524.335787, NoOp Chain Depth 128 Size 0 Mode ref, Ref Stage 67, run, start, 9783590173845925
1787664524.335809, NoOp Chain Depth 128 Size 0 Mode ref, Ref Stage 67, run, end, 9783590173868005
1787664524.335823, NoOp Chain Depth 128 Size 0 Mode ref, Ref Stage 68, run, start, 9783590173882213
1787664524.335850, NoOp Chain Depth 128 Size 0 Mode ref, Ref Stage 68, run, end, 9783590173909509
1787664524.335864, NoOp Chain Depth 128 Size 0 Mode ref, Ref Stage 69, run, start, 9783590173923653
1787664524.335887, NoOp Chain Depth 128 Size 0 Mode ref, Ref Stage 69, run, end, 9783590173946709
1787664524.335902, NoOp Chain Depth 128 Size 0 Mode ref, Ref Stage 70, run, start, 9783590173961573
1787664524.335924, NoOp Chain Depth 128 Size 0 Mode ref, Ref Stage 70, run, end, 9783590173983061
1787664524.335938, NoOp Chain Depth 128 Size 0 Mode ref, Ref Stage 71, run, start, 9783590173997893
1787664524.335963, NoOp Chain Depth 128 Size 0 Mode ref, Ref Stage 71, run, end, 9783590174021893
1787664524.335978, NoOp Chain Depth 128 Size 0 Mode ref, Ref Stage 72, run, start, 9783590174036725
1787664524.336001, NoOp Chain Depth 128 Size 0 Mode ref, Ref Stage 72, run, end, 9783590174060069
1787664524.336013, NoOp Chain Depth 128 Size 0 Mode ref, Ref Stage 73, run, start, 9783590174072165
1787664524.336048, NoOp Chain Depth 128 Size 0 Mode ref, Ref Stage 73, run, end, 9783590174106837
1787664524.336059, NoOp Chain Depth 128 Size 0 Mode ref, Ref Stage 74, run, start, 9783590174118453
1787664524.336091, NoOp Chain Depth 128 Size 0 Mode ref, Ref Stage 74, run, end, 9783590174150565
1787664524.336106, NoOp Chain Depth 128 Size 0 Mode ref, Ref Stage 75, run, start, 9783590174164869
1787664524.336126, NoOp Chain Depth 128 Size 0 Mode ref, Ref Stage 75, run, end, 9783590174185525
1787664524.336141, NoOp Chain Depth 128 Size 0 Mode ref, Ref Stage 76, run, start, 9783590174199733
1787664524.336161, NoOp Chain Depth 128 Size 0 Mode ref, Ref Stage 76, run, end, 9783590174220245
1787664524.336175, NoOp Chain Depth 128 Size 0 Mode ref, Ref Stage 77, run, start, 9783590174234533
1787664524.336196, NoOp Chain Depth 128 Size 0 Mode ref, Ref Stage 77, run, end, 9783590174255573
1787664524.336211, NoOp Chain Depth 128 Size 0 Mode ref, Ref Stage 78, run, start, 9783590174269925
1787664524.336231, NoOp Chain Depth 128 Size 0 Mode ref, Ref Stage 78, run, end, 9783590174290597
1787664524.336246, NoOp Chain Depth 128 Size 0 Mode ref, Ref Stage 79, run, start, 9783590174305317
1787664524.336268, NoOp Chain Depth 128 Size 0 Mode ref, Ref Stage 79, run, end, 9783590174327877
1787664524.336283, NoOp Chain Depth 128 Size 0 Mode ref, Ref Stage 80, run, start, 9783590174342373
1787664524.336305, NoOp Chain Depth 128 Size 0 Mode ref, Ref Stage 80, run, end, 9783590174364037
1787664524.336320, NoOp Chain Depth 128 Size 0 Mode ref, Ref Stage 81, run, start, 9783590174379045
1787664524.336343, NoOp Chain Depth 128 Size 0 Mode ref, Ref Stage 81, run, end, 9783590174401941
1787664524.336357, NoOp Chain Depth 128 Size 0 Mode ref, Ref Stage 82, run, start, 9783590174416181
1787664524.336379, NoOp Chain Depth 128 Size 0 Mode ref, Ref Stage 82, run, end, 9783590174438405
1787664524.336391, NoOp Chain Depth 128 Size 0 Mode ref, Ref Stage 83, run, start, 9783590174449989
1787664524.336423, NoOp Chain Depth 128 Size 0 Mode ref, Ref Stage 83, run, end, 9783590174482005
1787664524.336437, NoOp Chain Depth 128 Size 0 Mode ref, Ref Stage 84, run, start, 9783590174496213
1787664524.336458, NoOp Chain Depth 128 Size 0 Mode ref, Ref Stage 84, run, end, 9783590174517557
1787664524.336472, NoOp Chain Depth 128 Size 0 Mode ref, Ref Stage 85, run, start, 9783590174531605
1787664524.336493, NoOp Chain Depth 128 Size 0 Mode ref, Ref Stage 85, run, end, 9783590174552037
1787664524.336507, NoOp Chain Depth 128 Size 0 Mode ref, Ref Stage 86, run, start, 9783590174566613
1787664524.336528, NoOp Chain Depth 128 Size 0 Mode ref, Ref Stage 86, run, end, 9783590174587125
1787664524.336542, NoOp Chain Depth 128 Size 0 Mode ref, Ref Stage 87, run, start, 9783590174601381
1787664524.336563, NoOp Chain Depth 128 Size 0 Mode ref, Ref Stage 87, run, end, 9783590174621861
1787664524.336578, NoOp Chain Depth 128 Size 0 Mode ref, Ref Stage 88, run, start, 9783590174637093
1787664524.336598, NoOp Chain Depth 128 Size 0 Mode ref, Ref Stage 88, run, end, 9783590174657605
1787664524.336613, NoOp Chain Depth 128 Size 0 Mode ref, Ref Stage 89, run, start, 9783590174672389
1787664524.336957, NoOp Chain Depth 128 Size 0 Mode ref, Ref Stage 89, run, end, 9783590175017588
1787664524.337105, NoOp Chain Depth 128 Size 0 Mode ref, Ref Stage 90, run, start, 9783590175164740
1787664524.337129, NoOp Chain Depth 128 Size 0 Mode ref, Ref Stage 90, run, end, 9783590175188052
1787664524.337144, NoOp Chain Depth 128 Size 0 Mode ref, Ref Stage 91, run, start, 9783590175202820
1787664524.337165, NoOp Chain Depth 128 Size 0 Mode ref, Ref Stage 91, run, end, 9783590175223780
1787664524.337179, NoOp Chain Depth 128 Size 0 Mode ref, Ref Stage 92, run, start, 9783590175238420
1787664524.337200, NoOp Chain Depth 128 Size 0 Mode ref, Ref Stage 92, run, end, 9783590175259284
1787664524.337215, NoOp Chain Depth 128 Size 0 Mode ref, Ref Stage 93, run, start, 9783590175274004
1787664524.337236, NoOp Chain Depth 128 Size 0 Mode ref, Ref Stage 93, run, end, 9783590175295204
1787664524.337250, NoOp Chain Depth 128 Size 0 Mode ref, Ref Stage 94, run, start, 9783590175309764
1787664524.337273, NoOp Chain Depth 128 Size 0 Mode ref, Ref Stage 94, run, end, 9783590175332020
1787664524.337284, NoOp Chain Depth 128 Size 0 Mode ref, Ref Stage 95, run, start, 9783590175343716
1787664524.337317, NoOp Chain Depth 128 Size 0 Mode ref, Ref Stage 95, run, end, 9783590175376628
1787664524.337332, NoOp Chain Depth 128 Size 0 Mode ref, Ref Stage 96, run, start, 9783590175391012
1787664524.337353, NoOp Chain Depth 128 Size 0 Mode ref, Ref Stage 96, run, end, 9783590175412564
1787664524.337368, NoOp Chain Depth 128 Size 0 Mode ref, Ref Stage 97, run, start, 9783590175426964
1787664524.337388, NoOp Chain Depth 128 Size 0 Mode ref, Ref Stage 97, run, end, 9783590175447332
1787664524.337402, NoOp Chain Depth 128 Size 0 Mode ref, Ref Stage 98, run, start, 9783590175461652
1787664524.337423, NoOp Chain Depth 128 Size 0 Mode ref, Ref Stage 98, run, end, 9783590175482100
1787664524.337437, NoOp Chain Depth 128 Size 0 Mode ref, Ref Stage 99, run, start, 9783590175496452
1787664524.337458, NoOp Chain Depth 128 Size 0 Mode ref, Ref Stage 99, run, end, 9783590175516884
1787664524.337473, NoOp Chain Depth 128 Size 0 Mode ref, Ref Stage 100, run, start, 9783590175532628
1787664524.337495, NoOp Chain Depth 128 Size 0 Mode ref, Ref Stage 100, run, end, 9783590175554020
1787664524.337510, NoOp Chain Depth 128 Size 0 Mode ref, Ref Stage 101, run, start, 9783590175569140
1787664524.338059, NoOp Chain Depth 128 Size 0 Mode ref, Ref Stage 101, run, end, 9783590176119508
1787664524.338186, NoOp Chain Depth 128 Size 0 Mode ref, Ref Stage 102, run, start, 9783590176245284
1787664524.338210, NoOp Chain Depth 128 Size 0 Mode ref, Ref Stage 102, run, end, 9783590176269172
1787664524.338225, NoOp Chain Depth 128 Size 0 Mode ref, Ref Stage 103, run, start, 9783590176284372
1787664524.338246, NoOp Chain Depth 128 Size 0 Mode ref, Ref Stage 103, run, end, 9783590176305652
1787664524.338261, NoOp Chain Depth 128 Size 0 Mode ref, Ref Stage 104, run, start, 9783590176320292
1787664524.338282, NoOp Chain Depth 128 Size 0 Mode ref, Ref Stage 104, run, end, 9783590176340964
1787664524.338296, NoOp Chain Depth 128 Size 0 Mode ref, Ref Stage 105, run, start, 9783590176355492
1787664524.338317, NoOp Chain Depth 128 Size 0 Mode ref, Ref Stage 105, run, end, 9783590176376004
1787664524.338331, NoOp Chain Depth 128 Size 0 Mode ref, Ref Stage 106, run, start, 9783590176390371
1787664524.338354, NoOp Chain Depth 128 Size 0 Mode ref, Ref Stage 106, run, end, 9783590176413267
1787664524.338366, NoOp Chain Depth 128 Size 0 Mode ref, Ref Stage 107, run, start, 9783590176425187
1787664524.338397, NoOp Chain Depth 128 Size 0 Mode ref, Ref Stage 107, run, end, 9783590176456211
1787664524.338412, NoOp Chain Depth 128 Size 0 Mode ref, Ref Stage 108, run, start, 9783590176470803
1787664524.338433, NoOp Chain Depth 128 Size 0 Mode ref, Ref Stage 108, run, end, 9783590176491699
1787664524.338447, NoOp Chain Depth 128 Size 0 Mode ref, Ref Stage 109, run, start, 9783590176506227
1787664524.338468, NoOp Chain Depth 128 Size 0 Mode ref, Ref Stage 109, run, end, 9783590176527139
1787664524.338482, NoOp Chain Depth 128 Size 0 Mode ref, Ref Stage 110, run, start, 9783590176541715
1787664524.338505, NoOp Chain Depth 128 Size 0 Mode ref, Ref Stage 110, run, end, 9783590176564035
1787664524.338519, NoOp Chain Depth 128 Size 0 Mode ref, Ref Stage 111, run, start, 9783590176578451
1787664524.338540, NoOp Chain Depth 128 Size 0 Mode ref, Ref Stage 111, run, end, 9783590176599235
1787664524.338557, NoOp Chain Depth 128 Size 0 Mode ref, Ref Stage 112, run, start, 9783590176616227
1787664524.338580, NoOp Chain Depth 128 Size 0 Mode ref, Ref Stage 112, run, end, 9783590176639715
1787664524.338592, NoOp Chain Depth 128 Size 0 Mode ref, Ref Stage 113, run, start, 9783590176651267
1787664524.338623, NoOp Chain Depth 128 Size 0 Mode ref, Ref Stage 113, run, end, 9783590176682387
1787664524.338637, NoOp Chain Depth 128 Size 0 Mode ref, Ref Stage 114, run, start, 9783590176696579
1787664524.338658, NoOp Chain Depth 128 Size 0 Mode ref, Ref Stage 114, run, end, 9783590176717315
1787664524.338672, NoOp Chain Depth 128 Size 0 Mode ref, Ref Stage 115, run, start, 9783590176731619
1787664524.338694, NoOp Chain Depth 128 Size 0 Mode ref, Ref Stage 115, run, end, 9783590176753075
1787664524.338710, NoOp Chain Depth 128 Size 0 Mode ref, Ref Stage 116, run, start, 9783590176769251
1787664524.338731, NoOp Chain Depth 128 Size 0 Mode ref, Ref Stage 116, run, end, 9783590176790099
1787664524.338745, NoOp Chain Depth 128 Size 0 Mode ref, Ref Stage 117, run, start, 9783590176804355
1787664524.338766, NoOp Chain Depth 128 Size 0 Mode ref, Ref Stage 117, run, end, 9783590176824963
1787664524.338780, NoOp Chain Depth 128 Size 0 Mode ref, Ref Stage 118, run, start, 9783590176839171
1787664524.338800, NoOp Chain Depth 128 Size 0 Mode ref, Ref Stage 118, run, end, 9783590176859507
1787664524.338815, NoOp Chain Depth 128 Size 0 Mode ref, Ref Stage 119, run, start, 9783590176873859
1787664524.338837, NoOp Chain Depth 128 Size 0 Mode ref, Ref Stage 119, run, end, 9783590176896243
1787664524.338851, NoOp Chain Depth 128 Size 0 Mode ref, Ref Stage 120, run, start, 9783590176910547
1787664524.338873, NoOp Chain Depth 128 Size 0 Mode ref, Ref Stage 120, run, end, 9783590176932275
1787664524.338889, NoOp Chain Depth 128 Size 0 Mode ref, Ref Stage 121, run, start, 9783590176948259
1787664524.338912, NoOp Chain Depth 128 Size 0 Mode ref, Ref Stage 121, run, end, 9783590176971699
1787664524.338924, NoOp Chain Depth 128 Size 0 Mode ref, Ref Stage 122, run, start, 9783590176983235
1787664524.338957, NoOp Chain Depth 128 Size 0 Mode ref, Ref Stage 122, run, end, 9783590177016371
1787664524.338972, NoOp Chain Depth 128 Size 0 Mode ref, Ref Stage 123, run, start, 9783590177031347
1787664524.338994, NoOp Chain Depth 128 Size 0 Mode ref, Ref Stage 123, run, end, 9783590177052979
1787664524.339008, NoOp Chain Depth 128 Size 0 Mode ref, Ref Stage 124, run, start, 9783590177067491
1787664524.339029, NoOp Chain Depth 128 Size 0 Mode ref, Ref Stage 124, run, end, 9783590177088131
1787664524.339044, NoOp Chain Depth 128 Size 0 Mode ref, Ref Stage 125, run, start, 9783590177103571
1787664524.339065, NoOp Chain Depth 128 Size 0 Mode ref, Ref Stage 125, run, end, 9783590177124307
1787664524.339079, NoOp Chain Depth 128 Size 0 Mode ref, Ref Stage 126, run, start, 9783590177138739
1787664524.339101, NoOp Chain Depth 128 Size 0 Mode ref, Ref Stage 126, run, end, 9783590177160259
1787664524.339116, NoOp Chain Depth 128 Size 0 Mode ref, Ref Stage 127, run, start, 9783590177174883
1787664524.339137, NoOp Chain Depth 128 Size 0 Mode ref, Ref Stage 127, run, end, 9783590177195619
1787664524.339151, NoOp Chain Depth 128 Size 0 Mode ref, pipeline - train, run, end, 32803464600038380995431626832846407822, 1787664524.332132, 81, 1, 9783590177210403
1787664524.339188, NoOp Chain Depth 128 Size 0 Mode ref, pipeline - train, run, start, 278064385150603612738395743416734746172, 1787664524.339177, 82, 1, 9783590177247427
1787664524.339210, NoOp Chain Depth 128 Size 0 Mode ref, Ref Stage 0, run, start, 9783590177269635
1787664524.339231, NoOp Chain Depth 128 Size 0 Mode ref, Ref Stage 0, run, end, 9783590177290595
1787664524.339246, NoOp Chain Depth 128 Size 0 Mode ref, Ref Stage 1, run, start, 9783590177305171
1787664524.339268, NoOp Chain Depth 128 Size 0 Mode ref, Ref Stage 1, run, end, 9783590177327011
1787664524.339282, NoOp Chain Depth 128 Size 0 Mode ref, Ref Stage 2, run, start, 9783590177341363
1787664524.339305, NoOp Chain Depth 128 Size 0 Mode ref, Ref Stage 2, run, end, 9783590177364803
1787664524.339637, NoOp Chain Depth 128 Size 0 Mode ref, Ref Stage 3, run, start, 9783590177696963
1787664524.339772, NoOp Chain Depth 128 Size 0 Mode ref, Ref Stage 3, run, end, 9783590177831027
1787664524.339787, NoOp Chain Depth 128 Size 0 Mode ref, Ref Stage 4, run, start, 9783590177846307
1787664524.339808, NoOp Chain Depth 128 Size 0 Mode ref, Ref Stage 4, run, end, 9783590177867491
1787664524.339823, NoOp Chain Depth 128 Size 0 Mode ref, Ref Stage 5, run, start, 9783590177882099
1787664524.339845, NoOp Chain Depth 128 Size 0 Mode ref, Ref Stage 5, run, end, 9783590177904594
1787664524.340241, NoOp Chain Depth 128 Size 0 Mode ref, Ref Stage 6, run, start, 9783590178300882
1787664524.340378, NoOp Chain Depth 128 Size 0 Mode ref, Ref Stage 6, run, end, 9783590178437330
1787664524.340393, NoOp Chain Depth 128 Size 0 Mode ref, Ref Stage 7, run, start, 9783590178452450
1787664524.340415, NoOp Chain Depth 128 Size 0 Mode ref, Ref Stage 7, run, end, 9783590178473506
1787664524.340429, NoOp Chain Depth 128 Size 0 Mode ref, Ref Stage 8, run, start, 9783590178487906
1787664524.340450, NoOp Chain Depth 128 Size 0 Mode ref, Ref Stage 8, run, end, 9783590178508722
1787664524.340464, NoOp Chain Depth 128 Size 0 Mode ref, Ref Stage 9, run, start, 9783590178523426
1787664524.340485, NoOp Chain Depth 128 Size 0 Mode ref, Ref Stage 9, run, end, 9783590178544178
1787664524.340499, NoOp Chain Depth 128 Size 0 Mode ref, Ref Stage 10, run, start, 9783590178558690
1787664524.340520, NoOp Chain Depth 128 Size 0 Mode ref, Ref Stage 10, run, end, 9783590178579682
1787664524.340535, NoOp Chain Depth 128 Size 0 Mode ref, Ref Stage 11, run, start, 9783590178594114
1787664524.340557, NoOp Chain Depth 128 Size 0 Mode ref, Ref Stage 11, run, end, 9783590178616594
1787664524.340871, NoOp Chain Depth 128 Size 0 Mode ref, Ref Stage 12, run, start, 9783590178931282
1787664524.340898, NoOp Chain Depth 128 Size 0 Mode ref, Ref Stage 12, run, end, 9783590178957010
1787664524.340909, NoOp Chain Depth 128 Size 0 Mode ref, Ref Stage 13, run, start, 9783590178968914
1787664524.341046, NoOp Chain Depth 128 Size 0 Mode ref, Ref Stage 13, run, end, 9783590179105458
1787664524.341061, NoOp Chain Depth 128 Size 0 Mode ref, Ref Stage 14, run, start, 9783590179120210
1787664524.341082, NoOp Chain Depth 128 Size 0 Mode ref, Ref Stage 14, run, end, 9783590179141330
1787664524.341097, NoOp Chain Depth 128 Size 0 Mode ref, Ref Stage 15, run, start, 9783590179156130
1787664524.341118, NoOp Chain Depth 128 Size 0 Mode ref, Ref Stage 15, run, end, 9783590179177314
1787664524.341133, NoOp Chain Depth 128 Size 0 Mode ref, Ref Stage 16, run, start, 9783590179191810
1787664524.341154, NoOp Chain Depth 128 Size 0 Mode ref, Ref Stage 16, run, end, 9783590179212834
1787664524.341168, NoOp Chain Depth 128 Size 0 Mode ref, Ref Stage 17, run, start, 9783590179227874
1787664524.341190, NoOp Chain Depth 128 Size 0 Mode ref, Ref Stage 17, run, end, 9783590179249250
1787664524.341205, NoOp Chain Depth 128 Size 0 Mode ref, Ref Stage 18, run, start, 9783590179264114
1787664524.341226, NoOp Chain Depth 128 Size 0 Mode ref, Ref Stage 18, run, end, 9783590179285586
1787664524.341241, NoOp Chain Depth 128 Size 0 Mode ref, Ref Stage 19, run, start, 9783590179300066
1787664524.341266, NoOp Chain Depth 128 Size 0 Mode ref, Ref Stage 19, run, end, 9783590179325842
1787664524.341278, NoOp Chain Depth 128 Size 0 Mode ref, Ref Stage 20, run, start, 9783590179337714
1787664524.341309, NoOp Chain Depth 128 Size 0 Mode ref, Ref Stage 20, run, end, 9783590179368482
1787664524.341324, NoOp Chain Depth 128 Size 0 Mode ref, Ref Stage 21, run, start, 9783590179383090
1787664524.341345, NoOp Chain Depth 128 Size 0 Mode ref, Ref Stage 21, run, end, 9783590179403858
1787664524.341359, NoOp Chain Depth 128 Size 0 Mode ref, Ref Stage 22, run, start, 9783590179418482
1787664524.341381, NoOp Chain Depth 128 Size 0 Mode ref, Ref Stage 22, run, end, 9783590179440466
1787664524.341397, NoOp Chain Depth 128 Size 0 Mode ref, Ref Stage 23, run, start, 9783590179455841
1787664524.341418, NoOp Chain Depth 128 Size 0 Mode ref, Ref Stage 23, run, end, 9783590179476609
1787664524.341432, NoOp Chain Depth 128 Size 0 Mode ref, Ref Stage 24, run, start, 9783590179490881
1787664524.341453, NoOp Chain Depth 128 Size 0 Mode ref, Ref Stage 24, run, end, 9783590179512465
1787664524.341468, NoOp Chain Depth 128 Size 0 Mode ref, Ref Stage 25, run, start, 9783590179526993
1787664524.341488, NoOp Chain Depth 128 Size 0 Mode ref, Ref Stage 25, run, end, 9783590179547537
1787664524.341503, NoOp Chain Depth 128 Size 0 Mode ref, Ref Stage 26, run, start, 9783590179562369
1787664524.341526, NoOp Chain Depth 128 Size 0 Mode ref, Ref Stage 26, run, end, 9783590179584849
1787664524.341537, NoOp Chain Depth 128 Size 0 Mode ref, Ref Stage 27, run, start, 9783590179596529
1787664524.341571, NoOp Chain Depth 128 Size 0 Mode ref, Ref Stage 27, run, end, 9783590179630193
1787664524.341585, NoOp Chain Depth 128 Size 0 Mode ref, Ref Stage 28, run, start, 9783590179644689
1787664524.341606, NoOp Chain Depth 128 Size 0 Mode ref, Ref Stage 28, run, end, 9783590179665281
1787664524.341620, NoOp Chain Depth 128 Size 0 Mode ref, Ref Stage 29, run, start, 9783590179679729
1787664524.341641, NoOp Chain Depth 128 Size 0 Mode ref, Ref Stage 29, run, end, 9783590179700273
1787664524.341655, NoOp Chain Depth 128 Size 0 Mode ref, Ref Stage 30, run, start, 9783590179714577
1787664524.341678, NoOp Chain Depth 128 Size 0 Mode ref, Ref Stage 30, run, end, 9783590179737441
1787664524.341692, NoOp Chain Depth 128 Size 0 Mode ref, Ref Stage 31, run, start, 9783590179751729
1787664524.341713, NoOp Chain Depth 128 Size 0 Mode ref, Ref Stage 31, run, end, 9783590179772273
1787664524.341727, NoOp Chain Depth 128 Size 0 Mode ref, Ref Stage 32, run, start, 9783590179786641
1787664524.341748, NoOp Chain Depth 128 Size 0 Mode ref, Ref Stage 32, run, end, 9783590179807377
1787664524.341763, NoOp Chain Depth 128 Size 0 Mode ref, Ref Stage 33, run, start, 9783590179822705
1787664524.341785, NoOp Chain Depth 128 Size 0 Mode ref, Ref Stage 33, run, end, 9783590179844609
1787664524.341802, NoOp Chain Depth 128 Size 0 Mode ref, Ref Stage 34, run, start, 9783590179861201
1787664524.341823, NoOp Chain Depth 128 Size 0 Mode ref, Ref Stage 34, run, end, 9783590179881889
1787664524.341840, NoOp Chain Depth 128 Size 0 Mode ref, Ref Stage 35, run, start, 9783590179899041
1787664524.341860, NoOp Chain Depth 128 Size 0 Mode ref, Ref Stage 35, run, end, 9783590179919649
1787664524.341876, NoOp Chain Depth 128 Size 0 Mode ref, Ref Stage 36, run, start, 9783590179934865
1787664524.341896, NoOp Chain Depth 128 Size 0 Mode ref, Ref Stage 36, run, end, 9783590179955345
1787664524.341911, NoOp Chain Depth 128 Size 0 Mode ref, Ref Stage 37, run, start, 9783590179969665
1787664524.341931, NoOp Chain Depth 128 Size 0 Mode ref, Ref Stage 37, run, end, 9783590179990129
1787664524.341947, NoOp Chain Depth 128 Size 0 Mode ref, Ref Stage 38, run, start, 9783590180005953
1787664524.342049, NoOp Chain Depth 128 Size 0 Mode ref, Ref Stage 38, run, end, 9783590180109121
1787664524.342564, NoOp Chain Depth 128 Size 0 Mode ref, Ref Stage 39, run, start, 9783590180624289
1787664524.342591, NoOp Chain Depth 128 Size 0 Mode ref, Ref Stage 39, run, end, 9783590180650257
1787664524.342607, NoOp Chain Depth 128 Size 0 Mode ref, Ref Stage 40, run, start, 9783590180666065
1787664524.342628, NoOp Chain Depth 128 Size 0 Mode ref, Ref Stage 40, run, end, 9783590180687553
1787664524.342643, NoOp Chain Depth 128 Size 0 Mode ref, Ref Stage 41, run, start, 9783590180702209
1787664524.342664, NoOp Chain Depth 128 Size 0 Mode ref, Ref Stage 41, run, end, 9783590180723105
1787664524.342678, NoOp Chain Depth 128 Size 0 Mode ref, Ref Stage 42, run, start, 9783590180737601
1787664524.342701, NoOp Chain Depth 128 Size 0 Mode ref, Ref Stage 42, run, end, 9783590180759953
1787664524.343019, NoOp Chain Depth 128 Size 0 Mode ref, Ref Stage 43, run, start, 9783590181079360
1787664524.343043, NoOp Chain Depth 128 Size 0 Mode ref, Ref Stage 43, run, end, 9783590181102592
1787664524.343165, NoOp Chain Depth 128 Size 0 Mode ref, Ref Stage 44, run, start, 9783590181225104
1787664524.343188, NoOp Chain Depth 128 Size 0 Mode ref, Ref Stage 44, run, end, 9783590181246848
1787664524.343202, NoOp Chain Depth 128 Size 0 Mode ref, Ref Stage 45, run, start, 9783590181261840
1787664524.343224, NoOp Chain Depth 128 Size 0 Mode ref, Ref Stage 45, run, end, 9783590181283104
1787664524.343239, NoOp Chain Depth 128 Size 0 Mode ref, Ref Stage 46, run, start, 9783590181297856
1787664524.343260, NoOp Chain Depth 128 Size 0 Mode ref, Ref Stage 46, run, end, 9783590181318976
1787664524.343275, NoOp Chain Depth 128 Size 0 Mode ref, Ref Stage 47, run, start, 9783590181333744
1787664524.343295, NoOp Chain Depth 128 Size 0 Mode ref, Ref Stage 47, run, end, 9783590181354464
1787664524.343312, NoOp Chain Depth 128 Size 0 Mode ref, Ref Stage 48, run, start, 9783590181371216
1787664524.343333, NoOp Chain Depth 128 Size 0 Mode ref, Ref Stage 48, run, end, 9783590181392128
1787664524.343348, NoOp Chain Depth 128 Size 0 Mode ref, Ref Stage 49, run, start, 9783590181406704
1787664524.343369, NoOp Chain Depth 128 Size 0 Mode ref, Ref Stage 49, run, end, 9783590181427552
1787664524.343383, NoOp Chain Depth 128 Size 0 Mode ref, Ref Stage 50, run, start, 9783590181442032
1787664524.343404, NoOp Chain Depth 128 Size 0 Mode ref, Ref Stage 50, run, end, 9783590181462992
1787664524.343418, NoOp Chain Depth 128 Size 0 Mode ref, Ref Stage 51, run, start, 9783590181477584
1787664524.343439, NoOp Chain Depth 128 Size 0 Mode ref, Ref Stage 51, run, end, 9783590181498720
1787664524.343454, NoOp Chain Depth 128 Size 0 Mode ref, Ref Stage 52, run, start, 9783590181513200
1787664524.343476, NoOp Chain Depth 128 Size 0 Mode ref, Ref Stage 52, run, end, 9783590181535488
1787664524.343488, NoOp Chain Depth 128 Size 0 Mode ref, Ref Stage 53, run, start, 9783590181547376
1787664524.343526, NoOp Chain Depth 128 Size 0 Mode ref, Ref Stage 53, run, end, 9783590181585744
1787664524.343542, NoOp Chain Depth 128 Size 0 Mode ref, Ref Stage 54, run, start, 9783590181601104
1787664524.343563, NoOp Chain Depth 128 Size 0 Mode ref, Ref Stage 54, run, end, 9783590181621808
1787664524.343577, NoOp Chain Depth 128 Size 0 Mode ref, Ref Stage 55, run, start, 9783590181636208
1787664524.343598, NoOp Chain Depth 128 Size 0 Mode ref, Ref Stage 55, run, end, 9783590181656688
1787664524.344115, NoOp Chain Depth 128 Size 0 Mode ref, Ref Stage 56, run, start, 9783590182174592
1787664524.344141, NoOp Chain Depth 128 Size 0 Mode ref, Ref Stage 56, run, end, 9783590182200192
1787664524.344156, NoOp Chain Depth 128 Size 0 Mode ref, Ref Stage 57, run, start, 9783590182215536
1787664524.344178, NoOp Chain Depth 128 Size 0 Mode ref, Ref Stage 57, run, end, 9783590182236816
1787664524.344192, NoOp Chain Depth 128 Size 0 Mode ref, Ref Stage 58, run, start, 9783590182251360
1787664524.344213, NoOp Chain Depth 128 Size 0 Mode ref, Ref Stage 58, run, end, 9783590182272144
1787664524.344228, NoOp Chain Depth 128 Size 0 Mode ref, Ref Stage 59, run, start, 9783590182286816
1787664524.344249, NoOp Chain Depth 128 Size 0 Mode ref, Ref Stage 59, run, end, 9783590182307952
1787664524.344263, NoOp Chain Depth 128 Size 0 Mode ref, Ref Stage 60, run, start, 9783590182322368
1787664524.344284, NoOp Chain Depth 128 Size 0 Mode ref, Ref Stage 60, run, end, 9783590182343312
1787664524.344299, NoOp Chain Depth 128 Size 0 Mode ref, Ref Stage 61, run, start, 9783590182357840
1787664524.344319, NoOp Chain Depth 128 Size 0 Mode ref, Ref Stage 61, run, end, 9783590182378560
1787664524.344334, NoOp Chain Depth 128 Size 0 Mode ref, Ref Stage 62, run, start, 9783590182393056
1787664524.344356, NoOp Chain Depth 128 Size 0 Mode ref, Ref Stage 62, run, end, 9783590182415488
1787664524.344372, NoOp Chain Depth 128 Size 0 Mode ref, Ref Stage 63, run, start, 9783590182430880
1787664524.344392, NoOp Chain Depth 128 Size 0 Mode ref, Ref Stage 63, run, end, 9783590182451136
1787664524.344407, NoOp Chain Depth 128 Size 0 Mode ref, Ref Stage 64, run, start, 9783590182466384
1787664524.344428, NoOp Chain Depth 128 Size 0 Mode ref, Ref Stage 64, run, end, 9783590182486928
1787664524.344442, NoOp Chain Depth 128 Size 0 Mode ref, Ref Stage 65, run, start, 9783590182501056
1787664524.344462, NoOp Chain Depth 128 Size 0 Mode ref, Ref Stage 65, run, end, 9783590182521423
1787664524.344476, NoOp Chain Depth 128 Size 0 Mode ref, Ref Stage 66, run, start, 9783590182535599
1787664524.344497, NoOp Chain Depth 128 Size 0 Mode ref, Ref Stage 66, run, end, 9783590182555951
1787664524.344511, NoOp Chain Depth 128 Size 0 Mode ref, Ref Stage 67, run, start, 9783590182570527
1787664524.344532, NoOp Chain Depth 128 Size 0 Mode ref, Ref Stage 67, run, end, 9783590182590735
1787664524.344546, NoOp Chain Depth 128 Size 0 Mode ref, Ref Stage 68, run, start, 9783590182604927
1787664524.344566, NoOp Chain Depth 128 Size 0 Mode ref, Ref Stage 68, run, end, 9783590182625119
1787664524.344583, NoOp Chain Depth 128 Size 0 Mode ref, Ref Stage 69, run, start, 9783590182642063
1787664524.344604, NoOp Chain Depth 128 Size 0 Mode ref, Ref Stage 69, run, end, 9783590182663551
1787664524.344619, NoOp Chain Depth 128 Size 0 Mode ref, Ref Stage 70, run, start, 9783590182678095
1787664524.344639, NoOp Chain Depth 128 Size 0 Mode ref, Ref Stage 70, run, end, 9783590182698479
1787664524.344654, NoOp Chain Depth 128 Size 0 Mode ref, Ref Stage 71, run, start, 9783590182712719
1787664524.344675, NoOp Chain Depth 128 Size 0 Mode ref, Ref Stage 71, run, end, 9783590182733967
1787664524.344690, NoOp Chain Depth 128 Size 0 Mode ref, Ref Stage 72, run, start, 9783590182749199
1787664524.344711, NoOp Chain Depth 128 Size 0 Mode ref, Ref Stage 72, run, end, 9783590182769855
1787664524.344725, NoOp Chain Depth 128 Size 0 Mode ref, Ref Stage 73, run, start, 9783590182784111
1787664524.344747, NoOp Chain Depth 128 Size 0 Mode ref, Ref Stage 73, run, end, 9783590182806143
1787664524.346962, NoOp Chain Depth 128 Size 0 Mode ref, Ref Stage 74, run, start, 9783590185022110
1787664524.346987, NoOp Chain Depth 128 Size 0 Mode ref, Ref Stage 74, run, end, 9783590185047102
1787664524.347003, NoOp Chain Depth 128 Size 0 Mode ref, Ref Stage 75, run, start, 9783590185062094
1787664524.347024, NoOp Chain Depth 128 Size 0 Mode ref, Ref Stage 75, run, end, 9783590185083438
1787664524.347039, NoOp Chain Depth 128 Size 0 Mode ref, Ref Stage 76, run, start, 9783590185097758
1787664524.347059, NoOp Chain Depth 128 Size 0 Mode ref, Ref Stage 76, run, end, 9783590185119630
1787664524.347075, NoOp Chain Depth 128 Size 0 Mode ref, Ref Stage 77, run, start, 9783590185134046
1787664524.347098, NoOp Chain Depth 128 Size 0 Mode ref, Ref Stage 77, run, end, 9783590185156782
1787664524.347112, NoOp Chain Depth 128 Size 0 Mode ref, Ref Stage 78, run, start, 9783590185171310
1787664524.347133, NoOp Chain Depth 128 Size 0 Mode ref, Ref Stage 78, run, end, 9783590185192158
1787664524.347749, NoOp Chain Depth 128 Size 0 Mode ref, Ref Stage 79, run, start, 9783590185808893
1787664524.347772, NoOp Chain Depth 128 Size 0 Mode ref, Ref Stage 79, run, end, 9783590185831053
1787664524.347786, NoOp Chain Depth 128 Size 0 Mode ref, Ref Stage 80, run, start, 9783590185845901
1787664524.347807, NoOp Chain Depth 128 Size 0 Mode ref, Ref Stage 80, run, end, 9783590185866493
1787664524.347821, NoOp Chain Depth 128 Size 0 Mode ref, Ref Stage 81, run, start, 9783590185880861
1787664524.347842, NoOp Chain Depth 128 Size 0 Mode ref, Ref Stage 81, run, end, 9783590185901741
1787664524.347857, NoOp Chain Depth 128 Size 0 Mode ref, Ref Stage 82, run, start, 9783590185916285
1787664524.347878, NoOp Chain Depth 128 Size 0 Mode ref, Ref Stage 82, run, end, 9783590185937005
1787664524.347892, NoOp Chain Depth 128 Size 0 Mode ref, Ref Stage 83, run, start, 9783590185951309
1787664524.347913, NoOp Chain Depth 128 Size 0 Mode ref, Ref Stage 83, run, end, 9783590185971933
1787664524.347927, NoOp Chain Depth 128 Size 0 Mode ref, Ref Stage 84, run, start, 9783590185986141
1787664524.347950, NoOp Chain Depth 128 Size 0 Mode ref, Ref Stage 84, run, end, 9783590186008733
1787664524.347965, NoOp Chain Depth 128 Size 0 Mode ref, Ref Stage 85, run, start, 9783590186023741
1787664524.347985, NoOp Chain Depth 128 Size 0 Mode ref, Ref Stage 85, run, end, 9783590186044349
1787664524.348000, NoOp Chain Depth 128 Size 0 Mode ref, Ref Stage 86, run, start, 9783590186058717
1787664524.348020, NoOp Chain Depth 128 Size 0 Mode ref, Ref Stage 86, run, end, 9783590186079277
1787664524.348034, NoOp Chain Depth 128 Size 0 Mode ref, Ref Stage 87, run, start, 9783590186093597
1787664524.348055, NoOp Chain Depth 128 Size 0 Mode ref, Ref Stage 87, run, end, 9783590186114125
1787664524.348069, NoOp Chain Depth 128 Size 0 Mode ref, Ref Stage 88, run, start, 9783590186128429
1787664524.348091, NoOp Chain Depth 128 Size 0 Mode ref, Ref Stage 88, run, end, 9783590186150685
1787664524.348103, NoOp Chain Depth 128 Size 0 Mode ref, Ref Stage 89, run, start, 9783590186162317
1787664524.348136, NoOp Chain Depth 128 Size 0 Mode ref, Ref Stage 89, run, end, 9783590186194813
1787664524.348150, NoOp Chain Depth 128 Size 0 Mode ref, Ref Stage 90, run, start, 9783590186209117
1787664524.348171, NoOp Chain Depth 128 Size 0 Mode ref, Ref Stage 90, run, end, 9783590186229677
1787664524.348185, NoOp Chain Depth 128 Size 0 Mode ref, Ref Stage 91, run, start, 9783590186244221
1787664524.348206, NoOp Chain Depth 128 Size 0 Mode ref, Ref Stage 91, run, end, 9783590186264957
1787664524.348220, NoOp Chain Depth 128 Size 0 Mode ref, Ref Stage 92, run, start, 9783590186279389
1787664524.348241, NoOp Chain Depth 128 Size 0 Mode ref, Ref Stage 92, run, end, 9783590186299965
1787664524.348255, NoOp Chain Depth 128 Size 0 Mode ref, Ref Stage 93, run, start, 9783590186314557
1787664524.348276, NoOp Chain Depth 128 Size 0 Mode ref, Ref Stage 93, run, end, 9783590186335277
1787664524.348290, NoOp Chain Depth 128 Size 0 Mode ref, Ref Stage 94, run, start, 9783590186349933
1787664524.348314, NoOp Chain Depth 128 Size 0 Mode ref, Ref Stage 94, run, end, 9783590186372813
1787664524.348325, NoOp Chain Depth 128 Size 0 Mode ref, Ref Stage 95, run, start, 9783590186384445
1787664524.348356, NoOp Chain Depth 128 Size 0 Mode ref, Ref Stage 95, run, end, 9783590186414989
1787664524.348370, NoOp Chain Depth 128 Size 0 Mode ref, Ref Stage 96, run, start, 9783590186429501
1787664524.348391, NoOp Chain Depth 128 Size 0 Mode ref, Ref Stage 96, run, end, 9783590186449949
1787664524.348405, NoOp Chain Depth 128 Size 0 Mode ref, Ref Stage 97, run, start, 9783590186464221
1787664524.348426, NoOp Chain Depth 128 Size 0 Mode ref, Ref Stage 97, run, end, 9783590186484893
1787664524.348440, NoOp Chain Depth 128 Size 0 Mode ref, Ref Stage 98, run, start, 9783590186499325
1787664524.348460, NoOp Chain Depth 128 Size 0 Mode ref, Ref Stage 98, run, end, 9783590186519805
1787664524.348475, NoOp Chain Depth 128 Size 0 Mode ref, Ref Stage 99, run, start, 9783590186533917
1787664524.348495, NoOp Chain Depth 128 Size 0 Mode ref, Ref Stage 99, run, end, 9783590186554461
1787664524.348510, NoOp Chain Depth 128 Size 0 Mode ref, Ref Stage 100, run, start, 9783590186568765
1787664524.348532, NoOp Chain Depth 128 Size 0 Mode ref, Ref Stage 100, run, end, 9783590186590797
1787664524.348544, NoOp Chain Depth 128 Size 0 Mode ref, Ref Stage 101, run, start, 9783590186603309
1787664524.348790, NoOp Chain Depth 128 Size 0 Mode ref, Ref Stage 101, run, end, 9783590186850301
1787664524.348806, NoOp Chain Depth 128 Size 0 Mode ref, Ref Stage 102, run, start, 9783590186865853
1787664524.348828, NoOp Chain Depth 128 Size 0 Mode ref, Ref Stage 102, run, end, 9783590186887421
1787664524.348843, NoOp Chain Depth 128 Size 0 Mode ref, Ref Stage 103, run, start, 9783590186902077
1787664524.348864, NoOp Chain Depth 128 Size 0 Mode ref, Ref Stage 103, run, end, 9783590186922909
1787664524.348878, NoOp Chain Depth 128 Size 0 Mode ref, Ref Stage 104, run, start, 9783590186937389
1787664524.348899, NoOp Chain Depth 128 Size 0 Mode ref, Ref Stage 104, run, end, 9783590186958253
1787664524.348913, NoOp Chain Depth 128 Size 0 Mode ref, Ref Stage 105, run, start, 9783590186972589
1787664524.348934, NoOp Chain Depth 128 Size 0 Mode ref, Ref Stage 105, run, end, 9783590186993213
1787664524.348950, NoOp Chain Depth 128 Size 0 Mode ref, Ref Stage 106, run, start, 9783590187009261
1787664524.348974, NoOp Chain Depth 128 Size 0 Mode ref, Ref Stage 106, run, end, 9783590187032957
1787664524.348985, NoOp Chain Depth 128 Size 0 Mode ref, Ref Stage 107, run, start, 9783590187044781
1787664524.349017, NoOp Chain Depth 128 Size 0 Mode ref, Ref Stage 107, run, end, 9783590187076205
1787664524.349031, NoOp Chain Depth 128 Size 0 Mode ref, Ref Stage 108, run, start, 9783590187090509
1787664524.349052, NoOp Chain Depth 128 Size 0 Mode ref, Ref Stage 108, run, end, 9783590187111069
1787664524.349066, NoOp Chain Depth 128 Size 0 Mode ref, Ref Stage 109, run, start, 9783590187125404
1787664524.349087, NoOp Chain Depth 128 Size 0 Mode ref, Ref Stage 109, run, end, 9783590187146124
1787664524.349103, NoOp Chain Depth 128 Size 0 Mode ref, Ref Stage 110, run, start, 9783590187162508
1787664524.349124, NoOp Chain Depth 128 Size 0 Mode ref, Ref Stage 110, run, end, 9783590187183116
1787664524.349138, NoOp Chain Depth 128 Size 0 Mode ref, Ref Stage 111, run, start, 9783590187197324
1787664524.349159, NoOp Chain Depth 128 Size 0 Mode ref, Ref Stage 111, run, end, 9783590187218332
1787664524.349174, NoOp Chain Depth 128 Size 0 Mode ref, Ref Stage 112, run, start, 9783590187233580
1787664524.349195, NoOp Chain Depth 128 Size 0 Mode ref, Ref Stage 112, run, end, 9783590187254444
1787664524.349209, NoOp Chain Depth 128 Size 0 Mode ref, Ref Stage 113, run, start, 9783590187268476
1787664524.349230, NoOp Chain Depth 128 Size 0 Mode ref, Ref Stage 113, run, end, 9783590187288876
1787664524.349244, NoOp Chain Depth 128 Size 0 Mode ref, Ref Stage 114, run, start, 9783590187303244
1787664524.349267, NoOp Chain Depth 128 Size 0 Mode ref, Ref Stage 114, run, end, 9783590187325676
1787664524.349282, NoOp Chain Depth 128 Size 0 Mode ref, Ref Stage 115, run, start, 9783590187340988
1787664524.349304, NoOp Chain Depth 128 Size 0 Mode ref, Ref Stage 115, run, end, 9783590187363308
1787664524.349316, NoOp Chain Depth 128 Size 0 Mode ref, Ref Stage 116, run, start, 9783590187374956
1787664524.349347, NoOp Chain Depth 128 Size 0 Mode ref, Ref Stage 116, run, end, 9783590187405868
1787664524.349361, NoOp Chain Depth 128 Size 0 Mode ref, Ref Stage 117, run, start, 9783590187420268
1787664524.349383, NoOp Chain Depth 128 Size 0 Mode ref, Ref Stage 117, run, end, 9783590187441884
1787664524.349397, NoOp Chain Depth 128 Size 0 Mode ref, Ref Stage 118, run, start, 9783590187456252
1787664524.349418, NoOp Chain Depth 128 Size 0 Mode ref, Ref Stage 118, run, end, 9783590187476924
1787664524.349433, NoOp Chain Depth 128 Size 0 Mode ref, Ref Stage 119, run, start, 9783590187492476
1787664524.349455, NoOp Chain Depth 128 Size 0 Mode ref, Ref Stage 119, run, end, 9783590187514044
1787664524.349469, NoOp Chain Depth 128 Size 0 Mode ref, Ref Stage 120, run, start, 9783590187528284
1787664524.349491, NoOp Chain Depth 128 Size 0 Mode ref, Ref Stage 120, run, end, 9783590187550188
1787664524.349506, NoOp Chain Depth 128 Size 0 Mode ref, Ref Stage 121, run, start, 9783590187565020
1787664524.349528, NoOp Chain Depth 128 Size 0 Mode ref, Ref Stage 121, run, end, 9783590187587020
1787664524.349539, NoOp Chain Depth 128 Size 0 Mode ref, Ref Stage 122, run, start, 9783590187598588
1787664524.349570, NoOp Chain Depth 128 Size 0 Mode ref, Ref Stage 122, run, end, 9783590187629324
1787664524.349584, NoOp Chain Depth 128 Size 0 Mode ref, Ref Stage 123, run, start, 9783590187643612
1787664524.349605, NoOp Chain Depth 128 Size 0 Mode ref, Ref Stage 123, run, end, 9783590187664252
1787664524.349619, NoOp Chain Depth 128 Size 0 Mode ref, Ref Stage 124, run, start, 9783590187678476
1787664524.349640, NoOp Chain Depth 128 Size 0 Mode ref, Ref Stage 124, run, end, 9783590187699084
1787664524.349654, NoOp Chain Depth 128 Size 0 Mode ref, Ref Stage 125, run, start, 9783590187713356
1787664524.349675, NoOp Chain Depth 128 Size 0 Mode ref, Ref Stage 125, run, end, 9783590187734556
1787664524.349691, NoOp Chain Depth 128 Size 0 Mode ref, Ref Stage 126, run, start, 9783590187749980
1787664524.349712, NoOp Chain Depth 128 Size 0 Mode ref, Ref Stage 126, run, end, 9783590187771212
1787664524.349726, NoOp Chain Depth 128 Size 0 Mode ref, Ref Stage 127, run, start, 9783590187785788
1787664524.349747, NoOp Chain Depth 128 Size 0 Mode ref, Ref Stage 127, run, end, 9783590187806524
1787664524.349762, NoOp Chain Depth 128 Size 0 Mode ref, pipeline - train, run, end, 278064385150603612738395743416734746172, 1787664524.339177, 82, 1, 9783590187821516
1787664524.349798, NoOp Chain Depth 128 Size 0 Mode ref, pipeline - train, run, start, 307921597728038970937159595530102056266, 1787664524.349787, 83, 1, 9783590187857836
1787664524.349821, NoOp Chain Depth 128 Size 0 Mode ref, Ref Stage 0, run, start, 9783590187880076
1787664524.349842, NoOp Chain Depth 128 Size 0 Mode ref, Ref Stage 0, run, end, 9783590187901580
1787664524.349860, NoOp Chain Depth 128 Size 0 Mode ref, Ref Stage 1, run, start, 9783590187919596
1787664524.349884, NoOp Chain Depth 128 Size 0 Mode ref, Ref Stage 1, run, end, 9783590187943372
1787664524.349896, NoOp Chain Depth 128 Size 0 Mode ref, Ref Stage 2, run, start, 9783590187955020
1787664524.349931, NoOp Chain Depth 128 Size 0 Mode ref, Ref Stage 2, run, end, 9783590187990028
1787664524.349947, NoOp Chain Depth 128 Size 0 Mode ref, Ref Stage 3, run, start, 9783590188005916
1787664524.349968, NoOp Chain Depth 128 Size 0 Mode ref, Ref Stage 3, run, end, 9783590188027500
1787664524.349984, NoOp Chain Depth 128 Size 0 Mode ref, Ref Stage 4, run, start, 9783590188042924
1787664524.350006, NoOp Chain Depth 128 Size 0 Mode ref, Ref Stage 4, run, end, 9783590188065004
1787664524.350017, NoOp Chain Depth 128 Size 0 Mode ref, Ref Stage 5, run, start, 9783590188076636
1787664524.350048, NoOp Chain Depth 128 Size 0 Mode ref, Ref Stage 5, run, end, 9783590188107004
1787664524.350064, NoOp Chain Depth 128 Size 0 Mode ref, Ref Stage 6, run, start, 9783590188122828
1787664524.350087, NoOp Chain Depth 128 Size 0 Mode ref, Ref Stage 6, run, end, 9783590188145772
1787664524.350101, NoOp Chain Depth 128 Size 0 Mode ref, Ref Stage 7, run, start, 9783590188160348
1787664524.350122, NoOp Chain Depth 128 Size 0 Mode ref, Ref Stage 7, run, end, 9783590188181068
1787664524.350136, NoOp Chain Depth 128 Size 0 Mode ref, Ref Stage 8, run, start, 9783590188195340
1787664524.350157, NoOp Chain Depth 128 Size 0 Mode ref, Ref Stage 8, run, end, 9783590188215868
1787664524.350171, NoOp Chain Depth 128 Size 0 Mode ref, Ref Stage 9, run, start, 9783590188230492
1787664524.350192, NoOp Chain Depth 128 Size 0 Mode ref, Ref Stage 9, run, end, 9783590188251068
1787664524.350207, NoOp Chain Depth 128 Size 0 Mode ref, Ref Stage 10, run, start, 9783590188266236
1787664524.350230, NoOp Chain Depth 128 Size 0 Mode ref, Ref Stage 10, run, end, 9783590188288764
1787664524.350243, NoOp Chain Depth 128 Size 0 Mode ref, Ref Stage 11, run, start, 9783590188302028
1787664524.350274, NoOp Chain Depth 128 Size 0 Mode ref, Ref Stage 11, run, end, 9783590188332764
1787664524.350288, NoOp Chain Depth 128 Size 0 Mode ref, Ref Stage 12, run, start, 9783590188347772
1787664524.350313, NoOp Chain Depth 128 Size 0 Mode ref, Ref Stage 12, run, end, 9783590188372124
1787664524.350325, NoOp Chain Depth 128 Size 0 Mode ref, Ref Stage 13, run, start, 9783590188383964
1787664524.350356, NoOp Chain Depth 128 Size 0 Mode ref, Ref Stage 13, run, end, 9783590188415516
1787664524.350371, NoOp Chain Depth 128 Size 0 Mode ref, Ref Stage 14, run, start, 9783590188429916
1787664524.350391, NoOp Chain Depth 128 Size 0 Mode ref, Ref Stage 14, run, end, 9783590188450396
1787664524.350405, NoOp Chain Depth 128 Size 0 Mode ref, Ref Stage 15, run, start, 9783590188464556
1787664524.350427, NoOp Chain Depth 128 Size 0 Mode ref, Ref Stage 15, run, end, 9783590188486028
1787664524.350441, NoOp Chain Depth 128 Size 0 Mode ref, Ref Stage 16, run, start, 9783590188500348
1787664524.350462, NoOp Chain Depth 128 Size 0 Mode ref, Ref Stage 16, run, end, 9783590188520748
1787664524.350476, NoOp Chain Depth 128 Size 0 Mode ref, Ref Stage 17, run, start, 9783590188535148
1787664524.350497, NoOp Chain Depth 128 Size 0 Mode ref, Ref Stage 17, run, end, 9783590188556492
1787664524.350512, NoOp Chain Depth 128 Size 0 Mode ref, Ref Stage 18, run, start, 9783590188570796
1787664524.350532, NoOp Chain Depth 128 Size 0 Mode ref, Ref Stage 18, run, end, 9783590188591500
1787664524.350547, NoOp Chain Depth 128 Size 0 Mode ref, Ref Stage 19, run, start, 9783590188606540
1787664524.350568, NoOp Chain Depth 128 Size 0 Mode ref, Ref Stage 19, run, end, 9783590188627451
1787664524.350584, NoOp Chain Depth 128 Size 0 Mode ref, Ref Stage 20, run, start, 9783590188642747
1787664524.351021, NoOp Chain Depth 128 Size 0 Mode ref, Ref Stage 20, run, end, 9783590189081547
1787664524.351156, NoOp Chain Depth 128 Size 0 Mode ref, Ref Stage 21, run, start, 9783590189215275
1787664524.351184, NoOp Chain Depth 128 Size 0 Mode ref, Ref Stage 21, run, end, 9783590189243787
1787664524.351200, NoOp Chain Depth 128 Size 0 Mode ref, Ref Stage 22, run, start, 9783590189259323
1787664524.351222, NoOp Chain Depth 128 Size 0 Mode ref, Ref Stage 22, run, end, 9783590189281147
1787664524.351236, NoOp Chain Depth 128 Size 0 Mode ref, Ref Stage 23, run, start, 9783590189295755
1787664524.351258, NoOp Chain Depth 128 Size 0 Mode ref, Ref Stage 23, run, end, 9783590189316731
1787664524.351272, NoOp Chain Depth 128 Size 0 Mode ref, Ref Stage 24, run, start, 9783590189331259
1787664524.351293, NoOp Chain Depth 128 Size 0 Mode ref, Ref Stage 24, run, end, 9783590189352107
1787664524.351307, NoOp Chain Depth 128 Size 0 Mode ref, Ref Stage 25, run, start, 9783590189366411
1787664524.351328, NoOp Chain Depth 128 Size 0 Mode ref, Ref Stage 25, run, end, 9783590189387387
1787664524.351343, NoOp Chain Depth 128 Size 0 Mode ref, Ref Stage 26, run, start, 9783590189401787
1787664524.351363, NoOp Chain Depth 128 Size 0 Mode ref, Ref Stage 26, run, end, 9783590189422683
1787664524.351378, NoOp Chain Depth 128 Size 0 Mode ref, Ref Stage 27, run, start, 9783590189437019
1787664524.351402, NoOp Chain Depth 128 Size 0 Mode ref, Ref Stage 27, run, end, 9783590189460795
1787664524.351413, NoOp Chain Depth 128 Size 0 Mode ref, Ref Stage 28, run, start, 9783590189472619
1787664524.351444, NoOp Chain Depth 128 Size 0 Mode ref, Ref Stage 28, run, end, 9783590189503291
1787664524.351460, NoOp Chain Depth 128 Size 0 Mode ref, Ref Stage 29, run, start, 9783590189519035
1787664524.351481, NoOp Chain Depth 128 Size 0 Mode ref, Ref Stage 29, run, end, 9783590189540091
1787664524.351497, NoOp Chain Depth 128 Size 0 Mode ref, Ref Stage 30, run, start, 9783590189556347
1787664524.351519, NoOp Chain Depth 128 Size 0 Mode ref, Ref Stage 30, run, end, 9783590189578203
1787664524.351534, NoOp Chain Depth 128 Size 0 Mode ref, Ref Stage 31, run, start, 9783590189592795
1787664524.351556, NoOp Chain Depth 128 Size 0 Mode ref, Ref Stage 31, run, end, 9783590189614923
1787664524.351570, NoOp Chain Depth 128 Size 0 Mode ref, Ref Stage 32, run, start, 9783590189629723
1787664524.351591, NoOp Chain Depth 128 Size 0 Mode ref, Ref Stage 32, run, end, 9783590189650715
1787664524.351607, NoOp Chain Depth 128 Size 0 Mode ref, Ref Stage 33, run, start, 9783590189665867
1787664524.351629, NoOp Chain Depth 128 Size 0 Mode ref, Ref Stage 33, run, end, 9783590189688171
1787664524.351643, NoOp Chain Depth 128 Size 0 Mode ref, Ref Stage 34, run, start, 9783590189702603
1787664524.351664, NoOp Chain Depth 128 Size 0 Mode ref, Ref Stage 34, run, end, 9783590189723227
1787664524.351678, NoOp Chain Depth 128 Size 0 Mode ref, Ref Stage 35, run, start, 9783590189737483
1787664524.351699, NoOp Chain Depth 128 Size 0 Mode ref, Ref Stage 35, run, end, 9783590189758091
1787664524.351714, NoOp Chain Depth 128 Size 0 Mode ref, Ref Stage 36, run, start, 9783590189773195
1787664524.351734, NoOp Chain Depth 128 Size 0 Mode ref, Ref Stage 36, run, end, 9783590189793643
1787664524.351749, NoOp Chain Depth 128 Size 0 Mode ref, Ref Stage 37, run, start, 9783590189807931
1787664524.351769, NoOp Chain Depth 128 Size 0 Mode ref, Ref Stage 37, run, end, 9783590189828251
1787664524.351784, NoOp Chain Depth 128 Size 0 Mode ref, Ref Stage 38, run, start, 9783590189842603
1787664524.352115, NoOp Chain Depth 128 Size 0 Mode ref, Ref Stage 38, run, end, 9783590190174826
1787664524.352240, NoOp Chain Depth 128 Size 0 Mode ref, Ref Stage 39, run, start, 9783590190299786
1787664524.352263, NoOp Chain Depth 128 Size 0 Mode ref, Ref Stage 39, run, end, 9783590190322842
1787664524.352278, NoOp Chain Depth 128 Size 0 Mode ref, Ref Stage 40, run, start, 9783590190337690
1787664524.352300, NoOp Chain Depth 128 Size 0 Mode ref, Ref Stage 40, run, end, 9783590190358906
1787664524.352315, NoOp Chain Depth 128 Size 0 Mode ref, Ref Stage 41, run, start, 9783590190374170
1787664524.352336, NoOp Chain Depth 128 Size 0 Mode ref, Ref Stage 41, run, end, 9783590190395178
1787664524.352350, NoOp Chain Depth 128 Size 0 Mode ref, Ref Stage 42, run, start, 9783590190409626
1787664524.352373, NoOp Chain Depth 128 Size 0 Mode ref, Ref Stage 42, run, end, 9783590190432426
1787664524.352388, NoOp Chain Depth 128 Size 0 Mode ref, Ref Stage 43, run, start, 9783590190447130
1787664524.352409, NoOp Chain Depth 128 Size 0 Mode ref, Ref Stage 43, run, end, 9783590190468010
1787664524.352423, NoOp Chain Depth 128 Size 0 Mode ref, Ref Stage 44, run, start, 9783590190482522
1787664524.352546, NoOp Chain Depth 128 Size 0 Mode ref, Ref Stage 44, run, end, 9783590190605962
1787664524.352564, NoOp Chain Depth 128 Size 0 Mode ref, Ref Stage 45, run, start, 9783590190623194
1787664524.352586, NoOp Chain Depth 128 Size 0 Mode ref, Ref Stage 45, run, end, 9783590190645418
1787664524.352603, NoOp Chain Depth 128 Size 0 Mode ref, Ref Stage 46, run, start, 9783590190661914
1787664524.352623, NoOp Chain Depth 128 Size 0 Mode ref, Ref Stage 46, run, end, 9783590190682650
1787664524.352638, NoOp Chain Depth 128 Size 0 Mode ref, Ref Stage 47, run, start, 9783590190697386
1787664524.352659, NoOp Chain Depth 128 Size 0 Mode ref, Ref Stage 47, run, end, 9783590190718282
1787664524.352673, NoOp Chain Depth 128 Size 0 Mode ref, Ref Stage 48, run, start, 9783590190732794
1787664524.352695, NoOp Chain Depth 128 Size 0 Mode ref, Ref Stage 48, run, end, 9783590190754490
1787664524.352710, NoOp Chain Depth 128 Size 0 Mode ref, Ref Stage 49, run, start, 9783590190769642
1787664524.352734, NoOp Chain Depth 128 Size 0 Mode ref, Ref Stage 49, run, end, 9783590190793658
1787664524.352746, NoOp Chain Depth 128 Size 0 Mode ref, Ref Stage 50, run, start, 9783590190805482
1787664524.352777, NoOp Chain Depth 128 Size 0 Mode ref, Ref Stage 50, run, end, 9783590190836170
1787664524.352792, NoOp Chain Depth 128 Size 0 Mode ref, Ref Stage 51, run, start, 9783590190851370
1787664524.352814, NoOp Chain Depth 128 Size 0 Mode ref, Ref Stage 51, run, end, 9783590190872986
1787664524.352829, NoOp Chain Depth 128 Size 0 Mode ref, Ref Stage 52, run, start, 9783590190888026
1787664524.352851, NoOp Chain Depth 128 Size 0 Mode ref, Ref Stage 52, run, end, 9783590190910218
1787664524.352862, NoOp Chain Depth 128 Size 0 Mode ref, Ref Stage 53, run, start, 9783590190921642
1787664524.352893, NoOp Chain Depth 128 Size 0 Mode ref, Ref Stage 53, run, end, 9783590190952186
1787664524.352908, NoOp Chain Depth 128 Size 0 Mode ref, Ref Stage 54, run, start, 9783590190967210
1787664524.352928, NoOp Chain Depth 128 Size 0 Mode ref, Ref Stage 54, run, end, 9783590190987690
1787664524.353473, NoOp Chain Depth 128 Size 0 Mode ref, Ref Stage 55, run, start, 9783590191533834
1787664524.353502, NoOp Chain Depth 128 Size 0 Mode ref, Ref Stage 55, run, end, 9783590191561658
1787664524.353518, NoOp Chain Depth 128 Size 0 Mode ref, Ref Stage 56, run, start, 9783590191577258
1787664524.353539, NoOp Chain Depth 128 Size 0 Mode ref, Ref Stage 56, run, end, 9783590191599098
1787664524.353554, NoOp Chain Depth 128 Size 0 Mode ref, Ref Stage 57, run, start, 9783590191613722
1787664524.353577, NoOp Chain Depth 128 Size 0 Mode ref, Ref Stage 57, run, end, 9783590191636474
1787664524.353589, NoOp Chain Depth 128 Size 0 Mode ref, Ref Stage 58, run, start, 9783590191648377
1787664524.353620, NoOp Chain Depth 128 Size 0 Mode ref, Ref Stage 58, run, end, 9783590191679513
1787664524.353635, NoOp Chain Depth 128 Size 0 Mode ref, Ref Stage 59, run, start, 9783590191694169
1787664524.353656, NoOp Chain Depth 128 Size 0 Mode ref, Ref Stage 59, run, end, 9783590191715401
1787664524.353671, NoOp Chain Depth 128 Size 0 Mode ref, Ref Stage 60, run, start, 9783590191730137
1787664524.353692, NoOp Chain Depth 128 Size 0 Mode ref, Ref Stage 60, run, end, 9783590191751321
1787664524.353707, NoOp Chain Depth 128 Size 0 Mode ref, Ref Stage 61, run, start, 9783590191765865
1787664524.353728, NoOp Chain Depth 128 Size 0 Mode ref, Ref Stage 61, run, end, 9783590191786617
1787664524.353742, NoOp Chain Depth 128 Size 0 Mode ref, Ref Stage 62, run, start, 9783590191801273
1787664524.353765, NoOp Chain Depth 128 Size 0 Mode ref, Ref Stage 62, run, end, 9783590191824009
1787664524.353781, NoOp Chain Depth 128 Size 0 Mode ref, Ref Stage 63, run, start, 9783590191840313
1787664524.353806, NoOp Chain Depth 128 Size 0 Mode ref, Ref Stage 63, run, end, 9783590191865785
1787664524.353821, NoOp Chain Depth 128 Size 0 Mode ref, Ref Stage 64, run, start, 9783590191880137
1787664524.353842, NoOp Chain Depth 128 Size 0 Mode ref, Ref Stage 64, run, end, 9783590191901577
1787664524.353857, NoOp Chain Depth 128 Size 0 Mode ref, Ref Stage 65, run, start, 9783590191915945
1787664524.353878, NoOp Chain Depth 128 Size 0 Mode ref, Ref Stage 65, run, end, 9783590191936585
1787664524.353892, NoOp Chain Depth 128 Size 0 Mode ref, Ref Stage 66, run, start, 9783590191951113
1787664524.353912, NoOp Chain Depth 128 Size 0 Mode ref, Ref Stage 66, run, end, 9783590191971529
1787664524.353927, NoOp Chain Depth 128 Size 0 Mode ref, Ref Stage 67, run, start, 9783590191985881
1787664524.353951, NoOp Chain Depth 128 Size 0 Mode ref, Ref Stage 67, run, end, 9783590192010089
1787664524.353966, NoOp Chain Depth 128 Size 0 Mode ref, Ref Stage 68, run, start, 9783590192025209
1787664524.353989, NoOp Chain Depth 128 Size 0 Mode ref, Ref Stage 68, run, end, 9783590192048153
1787664524.354003, NoOp Chain Depth 128 Size 0 Mode ref, Ref Stage 69, run, start, 9783590192062585
1787664524.354025, NoOp Chain Depth 128 Size 0 Mode ref, Ref Stage 69, run, end, 9783590192084185
1787664524.354039, NoOp Chain Depth 128 Size 0 Mode ref, Ref Stage 70, run, start, 9783590192098681
1787664524.354061, NoOp Chain Depth 128 Size 0 Mode ref, Ref Stage 70, run, end, 9783590192120233
1787664524.354075, NoOp Chain Depth 128 Size 0 Mode ref, Ref Stage 71, run, start, 9783590192134697
1787664524.354096, NoOp Chain Depth 128 Size 0 Mode ref, Ref Stage 71, run, end, 9783590192155337
1787664524.354111, NoOp Chain Depth 128 Size 0 Mode ref, Ref Stage 72, run, start, 9783590192170729
1787664524.354134, NoOp Chain Depth 128 Size 0 Mode ref, Ref Stage 72, run, end, 9783590192192841
1787664524.354145, NoOp Chain Depth 128 Size 0 Mode ref, Ref Stage 73, run, start, 9783590192204521
1787664524.354177, NoOp Chain Depth 128 Size 0 Mode ref, Ref Stage 73, run, end, 9783590192236137
1787664524.354192, NoOp Chain Depth 128 Size 0 Mode ref, Ref Stage 74, run, start, 9783590192250921
1787664524.354214, NoOp Chain Depth 128 Size 0 Mode ref, Ref Stage 74, run, end, 9783590192273513
1787664524.354229, NoOp Chain Depth 128 Size 0 Mode ref, Ref Stage 75, run, start, 9783590192287993
1787664524.354249, NoOp Chain Depth 128 Size 0 Mode ref, Ref Stage 75, run, end, 9783590192308489
1787664524.354264, NoOp Chain Depth 128 Size 0 Mode ref, Ref Stage 76, run, start, 9783590192323033
1787664524.354285, NoOp Chain Depth 128 Size 0 Mode ref, Ref Stage 76, run, end, 9783590192343913
1787664524.354299, NoOp Chain Depth 128 Size 0 Mode ref, Ref Stage 77, run, start, 9783590192358057
1787664524.354319, NoOp Chain Depth 128 Size 0 Mode ref, Ref Stage 77, run, end, 9783590192378505
1787664524.354334, NoOp Chain Depth 128 Size 0 Mode ref, Ref Stage 78, run, start, 9783590192392937
1787664524.354354, NoOp Chain Depth 128 Size 0 Mode ref, Ref Stage 78, run, end, 9783590192413657
1787664524.354369, NoOp Chain Depth 128 Size 0 Mode ref, Ref Stage 79, run, start, 9783590192428041
1787664524.354389, NoOp Chain Depth 128 Size 0 Mode ref, Ref Stage 79, run, end, 9783590192448649
1787664524.354404, NoOp Chain Depth 128 Size 0 Mode ref, Ref Stage 80, run, start, 9783590192463145
1787664524.354426, NoOp Chain Depth 128 Size 0 Mode ref, Ref Stage 80, run, end, 9783590192485225
1787664524.354440, NoOp Chain Depth 128 Size 0 Mode ref, Ref Stage 81, run, start, 9783590192499657
1787664524.354461, NoOp Chain Depth 128 Size 0 Mode ref, Ref Stage 81, run, end, 9783590192520153
1787664524.354475, NoOp Chain Depth 128 Size 0 Mode ref, Ref Stage 82, run, start, 9783590192534377
1787664524.354497, NoOp Chain Depth 128 Size 0 Mode ref, Ref Stage 82, run, end, 9783590192556745
1787664524.354512, NoOp Chain Depth 128 Size 0 Mode ref, Ref Stage 83, run, start, 9783590192571225
1787664524.354535, NoOp Chain Depth 128 Size 0 Mode ref, Ref Stage 83, run, end, 9783590192594217
1787664524.354550, NoOp Chain Depth 128 Size 0 Mode ref, Ref Stage 84, run, start, 9783590192609049
1787664524.354572, NoOp Chain Depth 128 Size 0 Mode ref, Ref Stage 84, run, end, 9783590192630809
1787664524.354586, NoOp Chain Depth 128 Size 0 Mode ref, Ref Stage 85, run, start, 9783590192645113
1787664524.354607, NoOp Chain Depth 128 Size 0 Mode ref, Ref Stage 85, run, end, 9783590192666329
1787664524.354623, NoOp Chain Depth 128 Size 0 Mode ref, Ref Stage 86, run, start, 9783590192681961
1787664524.354643, NoOp Chain Depth 128 Size 0 Mode ref, Ref Stage 86, run, end, 9783590192702521
1787664524.354658, NoOp Chain Depth 128 Size 0 Mode ref, Ref Stage 87, run, start, 9783590192717385
1787664524.354679, NoOp Chain Depth 128 Size 0 Mode ref, Ref Stage 87, run, end, 9783590192738137
1787664524.354694, NoOp Chain Depth 128 Size 0 Mode ref, Ref Stage 88, run, start, 9783590192753129
1787664524.354714, NoOp Chain Depth 128 Size 0 Mode ref, Ref Stage 88, run, end, 9783590192773417
1787664524.354728, NoOp Chain Depth 128 Size 0 Mode ref, Ref Stage 89, run, start, 9783590192787545
1787664524.354749, NoOp Chain Depth 128 Size 0 Mode ref, Ref Stage 89, run, end, 9783590192808041
1787664524.354763, NoOp Chain Depth 128 Size 0 Mode ref, Ref Stage 90, run, start, 9783590192822377
1787664524.354788, NoOp Chain Depth 128 Size 0 Mode ref, Ref Stage 90, run, end, 9783590192846761
1787664524.354799, NoOp Chain Depth 128 Size 0 Mode ref, Ref Stage 91, run, start, 9783590192858393
1787664524.354829, NoOp Chain Depth 128 Size 0 Mode ref, Ref Stage 91, run, end, 9783590192888649
1787664524.354844, NoOp Chain Depth 128 Size 0 Mode ref, Ref Stage 92, run, start, 9783590192902905
1787664524.354865, NoOp Chain Depth 128 Size 0 Mode ref, Ref Stage 92, run, end, 9783590192923977
1787664524.354879, NoOp Chain Depth 128 Size 0 Mode ref, Ref Stage 93, run, start, 9783590192938281
1787664524.354899, NoOp Chain Depth 128 Size 0 Mode ref, Ref Stage 93, run, end, 9783590192958665
1787664524.354914, NoOp Chain Depth 128 Size 0 Mode ref, Ref Stage 94, run, start, 9783590192973609
1787664524.356954, NoOp Chain Depth 128 Size 0 Mode ref, Ref Stage 94, run, end, 9783590195014535
1787664524.357609, NoOp Chain Depth 128 Size 0 Mode ref, Ref Stage 95, run, start, 9783590195668743
1787664524.357634, NoOp Chain Depth 128 Size 0 Mode ref, Ref Stage 95, run, end, 9783590195693415
1787664524.357650, NoOp Chain Depth 128 Size 0 Mode ref, Ref Stage 96, run, start, 9783590195708903
1787664524.357671, NoOp Chain Depth 128 Size 0 Mode ref, Ref Stage 96, run, end, 9783590195730471
1787664524.357686, NoOp Chain Depth 128 Size 0 Mode ref, Ref Stage 97, run, start, 9783590195745047
1787664524.357707, NoOp Chain Depth 128 Size 0 Mode ref, Ref Stage 97, run, end, 9783590195765847
1787664524.357721, NoOp Chain Depth 128 Size 0 Mode ref, Ref Stage 98, run, start, 9783590195780407
1787664524.357742, NoOp Chain Depth 128 Size 0 Mode ref, Ref Stage 98, run, end, 9783590195800999
1787664524.357756, NoOp Chain Depth 128 Size 0 Mode ref, Ref Stage 99, run, start, 9783590195815399
1787664524.357777, NoOp Chain Depth 128 Size 0 Mode ref, Ref Stage 99, run, end, 9783590195836039
1787664524.357791, NoOp Chain Depth 128 Size 0 Mode ref, Ref Stage 100, run, start, 9783590195850359
1787664524.357812, NoOp Chain Depth 128 Size 0 Mode ref, Ref Stage 100, run, end, 9783590195870871
1787664524.357826, NoOp Chain Depth 128 Size 0 Mode ref, Ref Stage 101, run, start, 9783590195885255
1787664524.357847, NoOp Chain Depth 128 Size 0 Mode ref, Ref Stage 101, run, end, 9783590195905959
1787664524.357861, NoOp Chain Depth 128 Size 0 Mode ref, Ref Stage 102, run, start, 9783590195920583
1787664524.357884, NoOp Chain Depth 128 Size 0 Mode ref, Ref Stage 102, run, end, 9783590195943303
1787664524.358169, NoOp Chain Depth 128 Size 0 Mode ref, Ref Stage 103, run, start, 9783590196228838
1787664524.358305, NoOp Chain Depth 128 Size 0 Mode ref, Ref Stage 103, run, end, 9783590196365174
1787664524.358321, NoOp Chain Depth 128 Size 0 Mode ref, Ref Stage 104, run, start, 9783590196380678
1787664524.358346, NoOp Chain Depth 128 Size 0 Mode ref, Ref Stage 104, run, end, 9783590196405062
1787664524.358361, NoOp Chain Depth 128 Size 0 Mode ref, Ref Stage 105, run, start, 9783590196419814
1787664524.358382, NoOp Chain Depth 128 Size 0 Mode ref, Ref Stage 105, run, end, 9783590196440694
1787664524.358396, NoOp Chain Depth 128 Size 0 Mode ref, Ref Stage 106, run, start, 9783590196455446
1787664524.358417, NoOp Chain Depth 128 Size 0 Mode ref, Ref Stage 106, run, end, 9783590196476486
1787664524.358432, NoOp Chain Depth 128 Size 0 Mode ref, Ref Stage 107, run, start, 9783590196490934
1787664524.358454, NoOp Chain Depth 128 Size 0 Mode ref, Ref Stage 107, run, end, 9783590196513670
1787664524.358466, NoOp Chain Depth 128 Size 0 Mode ref, Ref Stage 108, run, start, 9783590196525590
1787664524.358497, NoOp Chain Depth 128 Size 0 Mode ref, Ref Stage 108, run, end, 9783590196556422
1787664524.358512, NoOp Chain Depth 128 Size 0 Mode ref, Ref Stage 109, run, start, 9783590196570998
1787664524.358533, NoOp Chain Depth 128 Size 0 Mode ref, Ref Stage 109, run, end, 9783590196591894
1787664524.358547, NoOp Chain Depth 128 Size 0 Mode ref, Ref Stage 110, run, start, 9783590196606278
1787664524.358568, NoOp Chain Depth 128 Size 0 Mode ref, Ref Stage 110, run, end, 9783590196627046
1787664524.358582, NoOp Chain Depth 128 Size 0 Mode ref, Ref Stage 111, run, start, 9783590196641398
1787664524.358603, NoOp Chain Depth 128 Size 0 Mode ref, Ref Stage 111, run, end, 9783590196661990
1787664524.358617, NoOp Chain Depth 128 Size 0 Mode ref, Ref Stage 112, run, start, 9783590196676630
1787664524.358639, NoOp Chain Depth 128 Size 0 Mode ref, Ref Stage 112, run, end, 9783590196697670
1787664524.358654, NoOp Chain Depth 128 Size 0 Mode ref, Ref Stage 113, run, start, 9783590196712918
1787664524.358676, NoOp Chain Depth 128 Size 0 Mode ref, Ref Stage 113, run, end, 9783590196735494
1787664524.358688, NoOp Chain Depth 128 Size 0 Mode ref, Ref Stage 114, run, start, 9783590196747302
1787664524.358719, NoOp Chain Depth 128 Size 0 Mode ref, Ref Stage 114, run, end, 9783590196777990
1787664524.358733, NoOp Chain Depth 128 Size 0 Mode ref, Ref Stage 115, run, start, 9783590196792582
1787664524.358757, NoOp Chain Depth 128 Size 0 Mode ref, Ref Stage 115, run, end, 9783590196815910
1787664524.358768, NoOp Chain Depth 128 Size 0 Mode ref, Ref Stage 116, run, start, 9783590196827654
1787664524.358799, NoOp Chain Depth 128 Size 0 Mode ref, Ref Stage 116, run, end, 9783590196858470
1787664524.358814, NoOp Chain Depth 128 Size 0 Mode ref, Ref Stage 117, run, start, 9783590196873126
1787664524.358836, NoOp Chain Depth 128 Size 0 Mode ref, Ref Stage 117, run, end, 9783590196895318
1787664524.358848, NoOp Chain Depth 128 Size 0 Mode ref, Ref Stage 118, run, start, 9783590196907014
1787664524.358879, NoOp Chain Depth 128 Size 0 Mode ref, Ref Stage 118, run, end, 9783590196937926
1787664524.358893, NoOp Chain Depth 128 Size 0 Mode ref, Ref Stage 119, run, start, 9783590196952374
1787664524.358914, NoOp Chain Depth 128 Size 0 Mode ref, Ref Stage 119, run, end, 9783590196972918
1787664524.358928, NoOp Chain Depth 128 Size 0 Mode ref, Ref Stage 120, run, start, 9783590196987174
1787664524.358951, NoOp Chain Depth 128 Size 0 Mode ref, Ref Stage 120, run, end, 9783590197009942
1787664524.358966, NoOp Chain Depth 128 Size 0 Mode ref, Ref Stage 121, run, start, 9783590197025350
1787664524.358988, NoOp Chain Depth 128 Size 0 Mode ref, Ref Stage 121, run, end, 9783590197047638
1787664524.359000, NoOp Chain Depth 128 Size 0 Mode ref, Ref Stage 122, run, start, 9783590197059270
1787664524.359030, NoOp Chain Depth 128 Size 0 Mode ref, Ref Stage 122, run, end, 9783590197089814
1787664524.359045, NoOp Chain Depth 128 Size 0 Mode ref, Ref Stage 123, run, start, 9783590197104054
1787664524.359066, NoOp Chain Depth 128 Size 0 Mode ref, Ref Stage 123, run, end, 9783590197124726
1787664524.359080, NoOp Chain Depth 128 Size 0 Mode ref, Ref Stage 124, run, start, 9783590197139014
1787664524.359100, NoOp Chain Depth 128 Size 0 Mode ref, Ref Stage 124, run, end, 9783590197159638
1787664524.359117, NoOp Chain Depth 128 Size 0 Mode ref, Ref Stage 125, run, start, 9783590197175782
1787664524.359138, NoOp Chain Depth 128 Size 0 Mode ref, Ref Stage 125, run, end, 9783590197196630
1787664524.359152, NoOp Chain Depth 128 Size 0 Mode ref, Ref Stage 126, run, start, 9783590197210822
1787664524.359172, NoOp Chain Depth 128 Size 0 Mode ref, Ref Stage 126, run, end, 9783590197231462
1787664524.359187, NoOp Chain Depth 128 Size 0 Mode ref, Ref Stage 127, run, start, 9783590197246166
1787664524.359208, NoOp Chain Depth 128 Size 0 Mode ref, Ref Stage 127, run, end, 9783590197266886
1787664524.359222, NoOp Chain Depth 128 Size 0 Mode ref, pipeline - train, run, end, 307921597728038970937159595530102056266, 1787664524.349787, 83, 1, 9783590197281622
1787664524.359259, NoOp Chain Depth 128 Size 0 Mode ref, pipeline - train, run, start, 86280765260458740889816990607831981513, 1787664524.359247, 84, 1, 9783590197318182
1787664524.359281, NoOp Chain Depth 128 Size 0 Mode ref, Ref Stage 0, run, start, 9783590197340886
1787664524.359303, NoOp Chain Depth 128 Size 0 Mode ref, Ref Stage 0, run, end, 9783590197362582
1787664524.359320, NoOp Chain Depth 128 Size 0 Mode ref, Ref Stage 1, run, start, 9783590197379734
1787664524.359343, NoOp Chain Depth 128 Size 0 Mode ref, Ref Stage 1, run, end, 9783590197402726
1787664524.359355, NoOp Chain Depth 128 Size 0 Mode ref, Ref Stage 2, run, start, 9783590197414406
1787664524.359890, NoOp Chain Depth 128 Size 0 Mode ref, Ref Stage 2, run, end, 9783590197950597
1787664524.359907, NoOp Chain Depth 128 Size 0 Mode ref, Ref Stage 3, run, start, 9783590197966533
1787664524.359929, NoOp Chain Depth 128 Size 0 Mode ref, Ref Stage 3, run, end, 9783590197988277
1787664524.359946, NoOp Chain Depth 128 Size 0 Mode ref, Ref Stage 4, run, start, 9783590198005637
1787664524.359970, NoOp Chain Depth 128 Size 0 Mode ref, Ref Stage 4, run, end, 9783590198029221
1787664524.359982, NoOp Chain Depth 128 Size 0 Mode ref, Ref Stage 5, run, start, 9783590198040981
1787664524.360013, NoOp Chain Depth 128 Size 0 Mode ref, Ref Stage 5, run, end, 9783590198072149
1787664524.360027, NoOp Chain Depth 128 Size 0 Mode ref, Ref Stage 6, run, start, 9783590198086773
1787664524.360049, NoOp Chain Depth 128 Size 0 Mode ref, Ref Stage 6, run, end, 9783590198107845
1787664524.360063, NoOp Chain Depth 128 Size 0 Mode ref, Ref Stage 7, run, start, 9783590198122325
1787664524.360086, NoOp Chain Depth 128 Size 0 Mode ref, Ref Stage 7, run, end, 9783590198145413
1787664524.360102, NoOp Chain Depth 128 Size 0 Mode ref, Ref Stage 8, run, start, 9783590198161237
1787664524.360124, NoOp Chain Depth 128 Size 0 Mode ref, Ref Stage 8, run, end, 9783590198183621
1787664524.360140, NoOp Chain Depth 128 Size 0 Mode ref, Ref Stage 9, run, start, 9783590198199253
1787664524.360161, NoOp Chain Depth 128 Size 0 Mode ref, Ref Stage 9, run, end, 9783590198220085
1787664524.360175, NoOp Chain Depth 128 Size 0 Mode ref, Ref Stage 10, run, start, 9783590198234581
1787664524.360198, NoOp Chain Depth 128 Size 0 Mode ref, Ref Stage 10, run, end, 9783590198257189
1787664524.360209, NoOp Chain Depth 128 Size 0 Mode ref, Ref Stage 11, run, start, 9783590198268773
1787664524.360240, NoOp Chain Depth 128 Size 0 Mode ref, Ref Stage 11, run, end, 9783590198299573
1787664524.360255, NoOp Chain Depth 128 Size 0 Mode ref, Ref Stage 12, run, start, 9783590198314853
1787664524.360279, NoOp Chain Depth 128 Size 0 Mode ref, Ref Stage 12, run, end, 9783590198338261
1787664524.360291, NoOp Chain Depth 128 Size 0 Mode ref, Ref Stage 13, run, start, 9783590198349781
1787664524.360734, NoOp Chain Depth 128 Size 0 Mode ref, Ref Stage 13, run, end, 9783590198793573
1787664524.360750, NoOp Chain Depth 128 Size 0 Mode ref, Ref Stage 14, run, start, 9783590198809253
1787664524.360772, NoOp Chain Depth 128 Size 0 Mode ref, Ref Stage 14, run, end, 9783590198830757
1787664524.360786, NoOp Chain Depth 128 Size 0 Mode ref, Ref Stage 15, run, start, 9783590198845429
1787664524.360807, NoOp Chain Depth 128 Size 0 Mode ref, Ref Stage 15, run, end, 9783590198866229
1787664524.360823, NoOp Chain Depth 128 Size 0 Mode ref, Ref Stage 16, run, start, 9783590198882693
1787664524.360844, NoOp Chain Depth 128 Size 0 Mode ref, Ref Stage 16, run, end, 9783590198903621
1787664524.360859, NoOp Chain Depth 128 Size 0 Mode ref, Ref Stage 17, run, start, 9783590198918181
1787664524.360880, NoOp Chain Depth 128 Size 0 Mode ref, Ref Stage 17, run, end, 9783590198939109
1787664524.360894, NoOp Chain Depth 128 Size 0 Mode ref, Ref Stage 18, run, start, 9783590198953701
1787664524.360915, NoOp Chain Depth 128 Size 0 Mode ref, Ref Stage 18, run, end, 9783590198974517
1787664524.360930, NoOp Chain Depth 128 Size 0 Mode ref, Ref Stage 19, run, start, 9783590198988965
1787664524.360959, NoOp Chain Depth 128 Size 0 Mode ref, Ref Stage 19, run, end, 9783590199017829
1787664524.360971, NoOp Chain Depth 128 Size 0 Mode ref, Ref Stage 20, run, start, 9783590199030117
1787664524.361502, NoOp Chain Depth 128 Size 0 Mode ref, Ref Stage 20, run, end, 9783590199562404
1787664524.361519, NoOp Chain Depth 128 Size 0 Mode ref, Ref Stage 21, run, start, 9783590199578404
1787664524.361541, NoOp Chain Depth 128 Size 0 Mode ref, Ref Stage 21, run, end, 9783590199600164
1787664524.361556, NoOp Chain Depth 128 Size 0 Mode ref, Ref Stage 22, run, start, 9783590199615204
1787664524.361578, NoOp Chain Depth 128 Size 0 Mode ref, Ref Stage 22, run, end, 9783590199636676
1787664524.361592, NoOp Chain Depth 128 Size 0 Mode ref, Ref Stage 23, run, start, 9783590199651316
1787664524.361614, NoOp Chain Depth 128 Size 0 Mode ref, Ref Stage 23, run, end, 9783590199673300
1787664524.361629, NoOp Chain Depth 128 Size 0 Mode ref, Ref Stage 24, run, start, 9783590199688676
1787664524.361651, NoOp Chain Depth 128 Size 0 Mode ref, Ref Stage 24, run, end, 9783590199710196
1787664524.361665, NoOp Chain Depth 128 Size 0 Mode ref, Ref Stage 25, run, start, 9783590199724788
1787664524.361687, NoOp Chain Depth 128 Size 0 Mode ref, Ref Stage 25, run, end, 9783590199746004
1787664524.361701, NoOp Chain Depth 128 Size 0 Mode ref, Ref Stage 26, run, start, 9783590199760548
1787664524.361724, NoOp Chain Depth 128 Size 0 Mode ref, Ref Stage 26, run, end, 9783590199783364
1787664524.361738, NoOp Chain Depth 128 Size 0 Mode ref, Ref Stage 27, run, start, 9783590199797972
1787664524.361762, NoOp Chain Depth 128 Size 0 Mode ref, Ref Stage 27, run, end, 9783590199821236
1787664524.361773, NoOp Chain Depth 128 Size 0 Mode ref, Ref Stage 28, run, start, 9783590199832932
1787664524.361806, NoOp Chain Depth 128 Size 0 Mode ref, Ref Stage 28, run, end, 9783590199865012
1787664524.361820, NoOp Chain Depth 128 Size 0 Mode ref, Ref Stage 29, run, start, 9783590199879332
1787664524.361845, NoOp Chain Depth 128 Size 0 Mode ref, Ref Stage 29, run, end, 9783590199904356
1787664524.361859, NoOp Chain Depth 128 Size 0 Mode ref, Ref Stage 30, run, start, 9783590199918628
1787664524.361881, NoOp Chain Depth 128 Size 0 Mode ref, Ref Stage 30, run, end, 9783590199940228
1787664524.361896, NoOp Chain Depth 128 Size 0 Mode ref, Ref Stage 31, run, start, 9783590199954836
1787664524.361917, NoOp Chain Depth 128 Size 0 Mode ref, Ref Stage 31, run, end, 9783590199976804
1787664524.361932, NoOp Chain Depth 128 Size 0 Mode ref, Ref Stage 32, run, start, 9783590199991588
1787664524.361957, NoOp Chain Depth 128 Size 0 Mode ref, Ref Stage 32, run, end, 9783590200015844
1787664524.361973, NoOp Chain Depth 128 Size 0 Mode ref, Ref Stage 33, run, start, 9783590200031892
1787664524.361994, NoOp Chain Depth 128 Size 0 Mode ref, Ref Stage 33, run, end, 9783590200053060
1787664524.362008, NoOp Chain Depth 128 Size 0 Mode ref, Ref Stage 34, run, start, 9783590200067732
1787664524.362030, NoOp Chain Depth 128 Size 0 Mode ref, Ref Stage 34, run, end, 9783590200089044
1787664524.362044, NoOp Chain Depth 128 Size 0 Mode ref, Ref Stage 35, run, start, 9783590200103828
1787664524.362065, NoOp Chain Depth 128 Size 0 Mode ref, Ref Stage 35, run, end, 9783590200124516
1787664524.362080, NoOp Chain Depth 128 Size 0 Mode ref, Ref Stage 36, run, start, 9783590200139604
1787664524.362103, NoOp Chain Depth 128 Size 0 Mode ref, Ref Stage 36, run, end, 9783590200162068
1787664524.362117, NoOp Chain Depth 128 Size 0 Mode ref, Ref Stage 37, run, start, 9783590200176196
1787664524.362139, NoOp Chain Depth 128 Size 0 Mode ref, Ref Stage 37, run, end, 9783590200198100
1787664524.362150, NoOp Chain Depth 128 Size 0 Mode ref, Ref Stage 38, run, start, 9783590200209604
1787664524.362182, NoOp Chain Depth 128 Size 0 Mode ref, Ref Stage 38, run, end, 9783590200240852
1787664524.362196, NoOp Chain Depth 128 Size 0 Mode ref, Ref Stage 39, run, start, 9783590200255316
1787664524.362217, NoOp Chain Depth 128 Size 0 Mode ref, Ref Stage 39, run, end, 9783590200275924
1787664524.362231, NoOp Chain Depth 128 Size 0 Mode ref, Ref Stage 40, run, start, 9783590200290404
1787664524.362252, NoOp Chain Depth 128 Size 0 Mode ref, Ref Stage 40, run, end, 9783590200310996
1787664524.362266, NoOp Chain Depth 128 Size 0 Mode ref, Ref Stage 41, run, start, 9783590200325236
1787664524.362288, NoOp Chain Depth 128 Size 0 Mode ref, Ref Stage 41, run, end, 9783590200346932
1787664524.362302, NoOp Chain Depth 128 Size 0 Mode ref, Ref Stage 42, run, start, 9783590200361188
1787664524.362322, NoOp Chain Depth 128 Size 0 Mode ref, Ref Stage 42, run, end, 9783590200381764
1787664524.362337, NoOp Chain Depth 128 Size 0 Mode ref, Ref Stage 43, run, start, 9783590200396196
1787664524.362359, NoOp Chain Depth 128 Size 0 Mode ref, Ref Stage 43, run, end, 9783590200417764
1787664524.362374, NoOp Chain Depth 128 Size 0 Mode ref, Ref Stage 44, run, start, 9783590200432772
1787664524.362395, NoOp Chain Depth 128 Size 0 Mode ref, Ref Stage 44, run, end, 9783590200454628
1787664524.362411, NoOp Chain Depth 128 Size 0 Mode ref, Ref Stage 45, run, start, 9783590200470068
1787664524.362735, NoOp Chain Depth 128 Size 0 Mode ref, Ref Stage 45, run, end, 9783590200794819
1787664524.362863, NoOp Chain Depth 128 Size 0 Mode ref, Ref Stage 46, run, start, 9783590200922371
1787664524.362886, NoOp Chain Depth 128 Size 0 Mode ref, Ref Stage 46, run, end, 9783590200945139
1787664524.362900, NoOp Chain Depth 128 Size 0 Mode ref, Ref Stage 47, run, start, 9783590200959843
1787664524.362922, NoOp Chain Depth 128 Size 0 Mode ref, Ref Stage 47, run, end, 9783590200980819
1787664524.362936, NoOp Chain Depth 128 Size 0 Mode ref, Ref Stage 48, run, start, 9783590200995235
1787664524.362960, NoOp Chain Depth 128 Size 0 Mode ref, Ref Stage 48, run, end, 9783590201018755
1787664524.362975, NoOp Chain Depth 128 Size 0 Mode ref, Ref Stage 49, run, start, 9783590201034227
1787664524.362998, NoOp Chain Depth 128 Size 0 Mode ref, Ref Stage 49, run, end, 9783590201056707
1787664524.365460, NoOp Chain Depth 128 Size 0 Mode ref, Ref Stage 50, run, start, 9783590203520130
1787664524.365486, NoOp Chain Depth 128 Size 0 Mode ref, Ref Stage 50, run, end, 9783590203545186
1787664524.365501, NoOp Chain Depth 128 Size 0 Mode ref, Ref Stage 51, run, start, 9783590203560466
1787664524.365522, NoOp Chain Depth 128 Size 0 Mode ref, Ref Stage 51, run, end, 9783590203581746
1787664524.365537, NoOp Chain Depth 128 Size 0 Mode ref, Ref Stage 52, run, start, 9783590203596242
1787664524.365558, NoOp Chain Depth 128 Size 0 Mode ref, Ref Stage 52, run, end, 9783590203617394
1787664524.365573, NoOp Chain Depth 128 Size 0 Mode ref, Ref Stage 53, run, start, 9783590203632082
1787664524.365594, NoOp Chain Depth 128 Size 0 Mode ref, Ref Stage 53, run, end, 9783590203653106
1787664524.365608, NoOp Chain Depth 128 Size 0 Mode ref, Ref Stage 54, run, start, 9783590203667954
1787664524.365632, NoOp Chain Depth 128 Size 0 Mode ref, Ref Stage 54, run, end, 9783590203690658
1787664524.365643, NoOp Chain Depth 128 Size 0 Mode ref, Ref Stage 55, run, start, 9783590203702450
1787664524.365674, NoOp Chain Depth 128 Size 0 Mode ref, Ref Stage 55, run, end, 9783590203733762
1787664524.365689, NoOp Chain Depth 128 Size 0 Mode ref, Ref Stage 56, run, start, 9783590203748290
1787664524.365710, NoOp Chain Depth 128 Size 0 Mode ref, Ref Stage 56, run, end, 9783590203769026
1787664524.365724, NoOp Chain Depth 128 Size 0 Mode ref, Ref Stage 57, run, start, 9783590203783506
1787664524.365747, NoOp Chain Depth 128 Size 0 Mode ref, Ref Stage 57, run, end, 9783590203806225
1787664524.365762, NoOp Chain Depth 128 Size 0 Mode ref, Ref Stage 58, run, start, 9783590203821457
1787664524.365785, NoOp Chain Depth 128 Size 0 Mode ref, Ref Stage 58, run, end, 9783590203844145
1787664524.365796, NoOp Chain Depth 128 Size 0 Mode ref, Ref Stage 59, run, start, 9783590203855809
1787664524.365827, NoOp Chain Depth 128 Size 0 Mode ref, Ref Stage 59, run, end, 9783590203886465
1787664524.365842, NoOp Chain Depth 128 Size 0 Mode ref, Ref Stage 60, run, start, 9783590203900801
1787664524.365862, NoOp Chain Depth 128 Size 0 Mode ref, Ref Stage 60, run, end, 9783590203921665
1787664524.365877, NoOp Chain Depth 128 Size 0 Mode ref, Ref Stage 61, run, start, 9783590203936049
1787664524.365897, NoOp Chain Depth 128 Size 0 Mode ref, Ref Stage 61, run, end, 9783590203956689
1787664524.365912, NoOp Chain Depth 128 Size 0 Mode ref, Ref Stage 62, run, start, 9783590203970913
1787664524.365932, NoOp Chain Depth 128 Size 0 Mode ref, Ref Stage 62, run, end, 9783590203991409
1787664524.365948, NoOp Chain Depth 128 Size 0 Mode ref, Ref Stage 63, run, start, 9783590204007505
1787664524.365970, NoOp Chain Depth 128 Size 0 Mode ref, Ref Stage 63, run, end, 9783590204028865
1787664524.365984, NoOp Chain Depth 128 Size 0 Mode ref, Ref Stage 64, run, start, 9783590204043185
1787664524.366005, NoOp Chain Depth 128 Size 0 Mode ref, Ref Stage 64, run, end, 9783590204064225
1787664524.366019, NoOp Chain Depth 128 Size 0 Mode ref, Ref Stage 65, run, start, 9783590204078689
1787664524.366040, NoOp Chain Depth 128 Size 0 Mode ref, Ref Stage 65, run, end, 9783590204099521
1787664524.366055, NoOp Chain Depth 128 Size 0 Mode ref, Ref Stage 66, run, start, 9783590204114001
1787664524.366076, NoOp Chain Depth 128 Size 0 Mode ref, Ref Stage 66, run, end, 9783590204134833
1787664524.366090, NoOp Chain Depth 128 Size 0 Mode ref, Ref Stage 67, run, start, 9783590204149073
1787664524.366111, NoOp Chain Depth 128 Size 0 Mode ref, Ref Stage 67, run, end, 9783590204169937
1787664524.366125, NoOp Chain Depth 128 Size 0 Mode ref, Ref Stage 68, run, start, 9783590204184337
1787664524.366146, NoOp Chain Depth 128 Size 0 Mode ref, Ref Stage 68, run, end, 9783590204205041
1787664524.366160, NoOp Chain Depth 128 Size 0 Mode ref, Ref Stage 69, run, start, 9783590204219265
1787664524.366181, NoOp Chain Depth 128 Size 0 Mode ref, Ref Stage 69, run, end, 9783590204240129
1787664524.366195, NoOp Chain Depth 128 Size 0 Mode ref, Ref Stage 70, run, start, 9783590204254625
1787664524.366216, NoOp Chain Depth 128 Size 0 Mode ref, Ref Stage 70, run, end, 9783590204275457
1787664524.366230, NoOp Chain Depth 128 Size 0 Mode ref, Ref Stage 71, run, start, 9783590204289921
1787664524.366251, NoOp Chain Depth 128 Size 0 Mode ref, Ref Stage 71, run, end, 9783590204310385
1787664524.366266, NoOp Chain Depth 128 Size 0 Mode ref, Ref Stage 72, run, start, 9783590204324881
1787664524.366288, NoOp Chain Depth 128 Size 0 Mode ref, Ref Stage 72, run, end, 9783590204347153
1787664524.366299, NoOp Chain Depth 128 Size 0 Mode ref, Ref Stage 73, run, start, 9783590204358849
1787664524.366330, NoOp Chain Depth 128 Size 0 Mode ref, Ref Stage 73, run, end, 9783590204389505
1787664524.366345, NoOp Chain Depth 128 Size 0 Mode ref, Ref Stage 74, run, start, 9783590204404065
1787664524.366366, NoOp Chain Depth 128 Size 0 Mode ref, Ref Stage 74, run, end, 9783590204424865
1787664524.366380, NoOp Chain Depth 128 Size 0 Mode ref, Ref Stage 75, run, start, 9783590204439905
1787664524.366402, NoOp Chain Depth 128 Size 0 Mode ref, Ref Stage 75, run, end, 9783590204460993
1787664524.366416, NoOp Chain Depth 128 Size 0 Mode ref, Ref Stage 76, run, start, 9783590204475537
1787664524.366439, NoOp Chain Depth 128 Size 0 Mode ref, Ref Stage 76, run, end, 9783590204498193
1787664524.366453, NoOp Chain Depth 128 Size 0 Mode ref, Ref Stage 77, run, start, 9783590204512497
1787664524.366583, NoOp Chain Depth 128 Size 0 Mode ref, Ref Stage 77, run, end, 9783590204643153
1787664524.366603, NoOp Chain Depth 128 Size 0 Mode ref, Ref Stage 78, run, start, 9783590204662337
1787664524.366626, NoOp Chain Depth 128 Size 0 Mode ref, Ref Stage 78, run, end, 9783590204684977
1787664524.366641, NoOp Chain Depth 128 Size 0 Mode ref, Ref Stage 79, run, start, 9783590204700353
1787664524.366662, NoOp Chain Depth 128 Size 0 Mode ref, Ref Stage 79, run, end, 9783590204721217
1787664524.366676, NoOp Chain Depth 128 Size 0 Mode ref, Ref Stage 80, run, start, 9783590204735505
1787664524.366697, NoOp Chain Depth 128 Size 0 Mode ref, Ref Stage 80, run, end, 9783590204755905
1787664524.366711, NoOp Chain Depth 128 Size 0 Mode ref, Ref Stage 81, run, start, 9783590204770065
1787664524.366731, NoOp Chain Depth 128 Size 0 Mode ref, Ref Stage 81, run, end, 9783590204790641
1787664524.366746, NoOp Chain Depth 128 Size 0 Mode ref, Ref Stage 82, run, start, 9783590204804881
1787664524.366766, NoOp Chain Depth 128 Size 0 Mode ref, Ref Stage 82, run, end, 9783590204825393
1787664524.366781, NoOp Chain Depth 128 Size 0 Mode ref, Ref Stage 83, run, start, 9783590204840609
1787664524.366802, NoOp Chain Depth 128 Size 0 Mode ref, Ref Stage 83, run, end, 9783590204861281
1787664524.366816, NoOp Chain Depth 128 Size 0 Mode ref, Ref Stage 84, run, start, 9783590204875393
1787664524.366838, NoOp Chain Depth 128 Size 0 Mode ref, Ref Stage 84, run, end, 9783590204897041
1787664524.366852, NoOp Chain Depth 128 Size 0 Mode ref, Ref Stage 85, run, start, 9783590204911201
1787664524.366873, NoOp Chain Depth 128 Size 0 Mode ref, Ref Stage 85, run, end, 9783590204931937
1787664524.366887, NoOp Chain Depth 128 Size 0 Mode ref, Ref Stage 86, run, start, 9783590204946033
1787664524.366907, NoOp Chain Depth 128 Size 0 Mode ref, Ref Stage 86, run, end, 9783590204966385
1787664524.366921, NoOp Chain Depth 128 Size 0 Mode ref, Ref Stage 87, run, start, 9783590204980561
1787664524.366943, NoOp Chain Depth 128 Size 0 Mode ref, Ref Stage 87, run, end, 9783590205004257
1787664524.366962, NoOp Chain Depth 128 Size 0 Mode ref, Ref Stage 88, run, start, 9783590205021009
1787664524.366982, NoOp Chain Depth 128 Size 0 Mode ref, Ref Stage 88, run, end, 9783590205041409
1787664524.366996, NoOp Chain Depth 128 Size 0 Mode ref, Ref Stage 89, run, start, 9783590205055617
1787664524.367018, NoOp Chain Depth 128 Size 0 Mode ref, Ref Stage 89, run, end, 9783590205076865
1787664524.367032, NoOp Chain Depth 128 Size 0 Mode ref, Ref Stage 90, run, start, 9783590205091121
1787664524.367056, NoOp Chain Depth 128 Size 0 Mode ref, Ref Stage 90, run, end, 9783590205115313
1787664524.367068, NoOp Chain Depth 128 Size 0 Mode ref, Ref Stage 91, run, start, 9783590205126961
1787664524.367100, NoOp Chain Depth 128 Size 0 Mode ref, Ref Stage 91, run, end, 9783590205158993
1787664524.367112, NoOp Chain Depth 128 Size 0 Mode ref, Ref Stage 92, run, start, 9783590205171473
1787664524.367281, NoOp Chain Depth 128 Size 0 Mode ref, Ref Stage 92, run, end, 9783590205341040
1787664524.367298, NoOp Chain Depth 128 Size 0 Mode ref, Ref Stage 93, run, start, 9783590205357088
1787664524.367730, NoOp Chain Depth 128 Size 0 Mode ref, Ref Stage 93, run, end, 9783590205789856
1787664524.367744, NoOp Chain Depth 128 Size 0 Mode ref, Ref Stage 94, run, start, 9783590205803968
1787664524.367890, NoOp Chain Depth 128 Size 0 Mode ref, Ref Stage 94, run, end, 9783590205949840
1787664524.367906, NoOp Chain Depth 128 Size 0 Mode ref, Ref Stage 95, run, start, 9783590205965200
1787664524.367927, NoOp Chain Depth 128 Size 0 Mode ref, Ref Stage 95, run, end, 9783590205986624
1787664524.367942, NoOp Chain Depth 128 Size 0 Mode ref, Ref Stage 96, run, start, 9783590206003920
1787664524.367967, NoOp Chain Depth 128 Size 0 Mode ref, Ref Stage 96, run, end, 9783590206026384
1787664524.367982, NoOp Chain Depth 128 Size 0 Mode ref, Ref Stage 97, run, start, 9783590206040960
1787664524.368003, NoOp Chain Depth 128 Size 0 Mode ref, Ref Stage 97, run, end, 9783590206061824
1787664524.368017, NoOp Chain Depth 128 Size 0 Mode ref, Ref Stage 98, run, start, 9783590206076192
1787664524.368040, NoOp Chain Depth 128 Size 0 Mode ref, Ref Stage 98, run, end, 9783590206099440
1787664524.368055, NoOp Chain Depth 128 Size 0 Mode ref, Ref Stage 99, run, start, 9783590206114768
1787664524.368077, NoOp Chain Depth 128 Size 0 Mode ref, Ref Stage 99, run, end, 9783590206135712
1787664524.368091, NoOp Chain Depth 128 Size 0 Mode ref, Ref Stage 100, run, start, 9783590206150128
1787664524.368112, NoOp Chain Depth 128 Size 0 Mode ref, Ref Stage 100, run, end, 9783590206170864
1787664524.368126, NoOp Chain Depth 128 Size 0 Mode ref, Ref Stage 101, run, start, 9783590206185120
1787664524.368147, NoOp Chain Depth 128 Size 0 Mode ref, Ref Stage 101, run, end, 9783590206206288
1787664524.368162, NoOp Chain Depth 128 Size 0 Mode ref, Ref Stage 102, run, start, 9783590206221072
1787664524.368183, NoOp Chain Depth 128 Size 0 Mode ref, Ref Stage 102, run, end, 9783590206242112
1787664524.368197, NoOp Chain Depth 128 Size 0 Mode ref, Ref Stage 103, run, start, 9783590206256608
1787664524.368218, NoOp Chain Depth 128 Size 0 Mode ref, Ref Stage 103, run, end, 9783590206277456
1787664524.368233, NoOp Chain Depth 128 Size 0 Mode ref, Ref Stage 104, run, start, 9783590206291936
1787664524.368256, NoOp Chain Depth 128 Size 0 Mode ref, Ref Stage 104, run, end, 9783590206315264
1787664524.368271, NoOp Chain Depth 128 Size 0 Mode ref, Ref Stage 105, run, start, 9783590206330720
1787664524.368292, NoOp Chain Depth 128 Size 0 Mode ref, Ref Stage 105, run, end, 9783590206351456
1787664524.368306, NoOp Chain Depth 128 Size 0 Mode ref, Ref Stage 106, run, start, 9783590206365664
1787664524.368327, NoOp Chain Depth 128 Size 0 Mode ref, Ref Stage 106, run, end, 9783590206386128
1787664524.368341, NoOp Chain Depth 128 Size 0 Mode ref, Ref Stage 107, run, start, 9783590206400896
1787664524.368665, NoOp Chain Depth 128 Size 0 Mode ref, Ref Stage 107, run, end, 9783590206724960
1787664524.368797, NoOp Chain Depth 128 Size 0 Mode ref, Ref Stage 108, run, start, 9783590206856655
1787664524.368820, NoOp Chain Depth 128 Size 0 Mode ref, Ref Stage 108, run, end, 9783590206879727
1787664524.368835, NoOp Chain Depth 128 Size 0 Mode ref, Ref Stage 109, run, start, 9783590206894735
1787664524.368858, NoOp Chain Depth 128 Size 0 Mode ref, Ref Stage 109, run, end, 9783590206916767
1787664524.368872, NoOp Chain Depth 128 Size 0 Mode ref, Ref Stage 110, run, start, 9783590206931487
1787664524.368894, NoOp Chain Depth 128 Size 0 Mode ref, Ref Stage 110, run, end, 9783590206952831
1787664524.368908, NoOp Chain Depth 128 Size 0 Mode ref, Ref Stage 111, run, start, 9783590206967455
1787664524.368929, NoOp Chain Depth 128 Size 0 Mode ref, Ref Stage 111, run, end, 9783590206988335
1787664524.368945, NoOp Chain Depth 128 Size 0 Mode ref, Ref Stage 112, run, start, 9783590207004639
1787664524.368968, NoOp Chain Depth 128 Size 0 Mode ref, Ref Stage 112, run, end, 9783590207026559
1787664524.368982, NoOp Chain Depth 128 Size 0 Mode ref, Ref Stage 113, run, start, 9783590207041055
1787664524.369003, NoOp Chain Depth 128 Size 0 Mode ref, Ref Stage 113, run, end, 9783590207062015
1787664524.369017, NoOp Chain Depth 128 Size 0 Mode ref, Ref Stage 114, run, start, 9783590207076271
1787664524.369039, NoOp Chain Depth 128 Size 0 Mode ref, Ref Stage 114, run, end, 9783590207098671
1787664524.369054, NoOp Chain Depth 128 Size 0 Mode ref, Ref Stage 115, run, start, 9783590207113279
1787664524.369078, NoOp Chain Depth 128 Size 0 Mode ref, Ref Stage 115, run, end, 9783590207137103
1787664524.369483, NoOp Chain Depth 128 Size 0 Mode ref, Ref Stage 116, run, start, 9783590207542751
1787664524.369616, NoOp Chain Depth 128 Size 0 Mode ref, Ref Stage 116, run, end, 9783590207675839
1787664524.369632, NoOp Chain Depth 128 Size 0 Mode ref, Ref Stage 117, run, start, 9783590207690863
1787664524.369653, NoOp Chain Depth 128 Size 0 Mode ref, Ref Stage 117, run, end, 9783590207711919
1787664524.369667, NoOp Chain Depth 128 Size 0 Mode ref, Ref Stage 118, run, start, 9783590207726591
1787664524.369688, NoOp Chain Depth 128 Size 0 Mode ref, Ref Stage 118, run, end, 9783590207747487
1787664524.369705, NoOp Chain Depth 128 Size 0 Mode ref, Ref Stage 119, run, start, 9783590207764239
1787664524.369726, NoOp Chain Depth 128 Size 0 Mode ref, Ref Stage 119, run, end, 9783590207785183
1787664524.369740, NoOp Chain Depth 128 Size 0 Mode ref, Ref Stage 120, run, start, 9783590207799823
1787664524.369761, NoOp Chain Depth 128 Size 0 Mode ref, Ref Stage 120, run, end, 9783590207820751
1787664524.369776, NoOp Chain Depth 128 Size 0 Mode ref, Ref Stage 121, run, start, 9783590207835327
1787664524.369797, NoOp Chain Depth 128 Size 0 Mode ref, Ref Stage 121, run, end, 9783590207856239
1787664524.369812, NoOp Chain Depth 128 Size 0 Mode ref, Ref Stage 122, run, start, 9783590207870799
1787664524.369834, NoOp Chain Depth 128 Size 0 Mode ref, Ref Stage 122, run, end, 9783590207893007
1787664524.369845, NoOp Chain Depth 128 Size 0 Mode ref, Ref Stage 123, run, start, 9783590207904879
1787664524.369876, NoOp Chain Depth 128 Size 0 Mode ref, Ref Stage 123, run, end, 9783590207935455
1787664524.369890, NoOp Chain Depth 128 Size 0 Mode ref, Ref Stage 124, run, start, 9783590207949871
1787664524.369917, NoOp Chain Depth 128 Size 0 Mode ref, Ref Stage 124, run, end, 9783590207976367
1787664524.369931, NoOp Chain Depth 128 Size 0 Mode ref, Ref Stage 125, run, start, 9783590207991119
1787664524.369956, NoOp Chain Depth 128 Size 0 Mode ref, Ref Stage 125, run, end, 9783590208015519
1787664524.369972, NoOp Chain Depth 128 Size 0 Mode ref, Ref Stage 126, run, start, 9783590208031151
1787664524.369993, NoOp Chain Depth 128 Size 0 Mode ref, Ref Stage 126, run, end, 9783590208052031
1787664524.370008, NoOp Chain Depth 128 Size 0 Mode ref, Ref Stage 127, run, start, 9783590208066943
1787664524.370028, NoOp Chain Depth 128 Size 0 Mode ref, Ref Stage 127, run, end, 9783590208087791
1787664524.370043, NoOp Chain Depth 128 Size 0 Mode ref, pipeline - train, run, end, 86280765260458740889816990607831981513, 1787664524.359247, 84, 1, 9783590208102671
1787664524.370083, NoOp Chain Depth 128 Size 0 Mode ref, pipeline - train, run, start, 251476734609196471440112363982355374069, 1787664524.370070, 85, 1, 9783590208141855
1787664524.370105, NoOp Chain Depth 128 Size 0 Mode ref, Ref Stage 0, run, start, 9783590208164591
1787664524.370128, NoOp Chain Depth 128 Size 0 Mode ref, Ref Stage 0, run, end, 9783590208187471
1787664524.370140, NoOp Chain Depth 128 Size 0 Mode ref, Ref Stage 1, run, start, 9783590208199311
1787664524.370172, NoOp Chain Depth 128 Size 0 Mode ref, Ref Stage 1, run, end, 9783590208231279
1787664524.370193, NoOp Chain Depth 128 Size 0 Mode ref, Ref Stage 2, run, start, 9783590208251983
1787664524.370215, NoOp Chain Depth 128 Size 0 Mode ref, Ref Stage 2, run, end, 9783590208274175
1787664524.370229, NoOp Chain Depth 128 Size 0 Mode ref, Ref Stage 3, run, start, 9783590208288607
1787664524.370250, NoOp Chain Depth 128 Size 0 Mode ref, Ref Stage 3, run, end, 9783590208309247
1787664524.370264, NoOp Chain Depth 128 Size 0 Mode ref, Ref Stage 4, run, start, 9783590208323423
1787664524.370285, NoOp Chain Depth 128 Size 0 Mode ref, Ref Stage 4, run, end, 9783590208344239
1787664524.370299, NoOp Chain Depth 128 Size 0 Mode ref, Ref Stage 5, run, start, 9783590208358414
1787664524.370320, NoOp Chain Depth 128 Size 0 Mode ref, Ref Stage 5, run, end, 9783590208379054
1787664524.370335, NoOp Chain Depth 128 Size 0 Mode ref, Ref Stage 6, run, start, 9783590208394142
1787664524.370357, NoOp Chain Depth 128 Size 0 Mode ref, Ref Stage 6, run, end, 9783590208415918
1787664524.370371, NoOp Chain Depth 128 Size 0 Mode ref, Ref Stage 7, run, start, 9783590208430206
1787664524.370393, NoOp Chain Depth 128 Size 0 Mode ref, Ref Stage 7, run, end, 9783590208452638
1787664524.370730, NoOp Chain Depth 128 Size 0 Mode ref, Ref Stage 8, run, start, 9783590208790302
1787664524.370864, NoOp Chain Depth 128 Size 0 Mode ref, Ref Stage 8, run, end, 9783590208924110
1787664524.370880, NoOp Chain Depth 128 Size 0 Mode ref, Ref Stage 9, run, start, 9783590208939534
1787664524.370902, NoOp Chain Depth 128 Size 0 Mode ref, Ref Stage 9, run, end, 9783590208960702
1787664524.370918, NoOp Chain Depth 128 Size 0 Mode ref, Ref Stage 10, run, start, 9783590208977470
1787664524.370939, NoOp Chain Depth 128 Size 0 Mode ref, Ref Stage 10, run, end, 9783590208998638
1787664524.370957, NoOp Chain Depth 128 Size 0 Mode ref, Ref Stage 11, run, start, 9783590209015838
1787664524.370979, NoOp Chain Depth 128 Size 0 Mode ref, Ref Stage 11, run, end, 9783590209038174
1787664524.370990, NoOp Chain Depth 128 Size 0 Mode ref, Ref Stage 12, run, start, 9783590209049774
1787664524.371022, NoOp Chain Depth 128 Size 0 Mode ref, Ref Stage 12, run, end, 9783590209081502
1787664524.371037, NoOp Chain Depth 128 Size 0 Mode ref, Ref Stage 13, run, start, 9783590209095998
1787664524.371058, NoOp Chain Depth 128 Size 0 Mode ref, Ref Stage 13, run, end, 9783590209117390
1787664524.371073, NoOp Chain Depth 128 Size 0 Mode ref, Ref Stage 14, run, start, 9783590209132974
1787664524.371096, NoOp Chain Depth 128 Size 0 Mode ref, Ref Stage 14, run, end, 9783590209155294
1787664524.371110, NoOp Chain Depth 128 Size 0 Mode ref, Ref Stage 15, run, start, 9783590209169806
1787664524.371131, NoOp Chain Depth 128 Size 0 Mode ref, Ref Stage 15, run, end, 9783590209190654
1787664524.371146, NoOp Chain Depth 128 Size 0 Mode ref, Ref Stage 16, run, start, 9783590209205182
1787664524.371167, NoOp Chain Depth 128 Size 0 Mode ref, Ref Stage 16, run, end, 9783590209225870
1787664524.371182, NoOp Chain Depth 128 Size 0 Mode ref, Ref Stage 17, run, start, 9783590209241198
1787664524.371202, NoOp Chain Depth 128 Size 0 Mode ref, Ref Stage 17, run, end, 9783590209261854
1787664524.371217, NoOp Chain Depth 128 Size 0 Mode ref, Ref Stage 18, run, start, 9783590209275998
1787664524.371239, NoOp Chain Depth 128 Size 0 Mode ref, Ref Stage 18, run, end, 9783590209298174
1787664524.371250, NoOp Chain Depth 128 Size 0 Mode ref, Ref Stage 19, run, start, 9783590209309806
1787664524.371282, NoOp Chain Depth 128 Size 0 Mode ref, Ref Stage 19, run, end, 9783590209340958
1787664524.371296, NoOp Chain Depth 128 Size 0 Mode ref, Ref Stage 20, run, start, 9783590209355406
1787664524.371317, NoOp Chain Depth 128 Size 0 Mode ref, Ref Stage 20, run, end, 9783590209376622
1787664524.371333, NoOp Chain Depth 128 Size 0 Mode ref, Ref Stage 21, run, start, 9783590209391854
1787664524.371355, NoOp Chain Depth 128 Size 0 Mode ref, Ref Stage 21, run, end, 9783590209413870
1787664524.371369, NoOp Chain Depth 128 Size 0 Mode ref, Ref Stage 22, run, start, 9783590209428366
1787664524.371393, NoOp Chain Depth 128 Size 0 Mode ref, Ref Stage 22, run, end, 9783590209451966
1787664524.371404, NoOp Chain Depth 128 Size 0 Mode ref, Ref Stage 23, run, start, 9783590209463486
1787664524.371435, NoOp Chain Depth 128 Size 0 Mode ref, Ref Stage 23, run, end, 9783590209494302
1787664524.371450, NoOp Chain Depth 128 Size 0 Mode ref, Ref Stage 24, run, start, 9783590209508846
1787664524.371470, NoOp Chain Depth 128 Size 0 Mode ref, Ref Stage 24, run, end, 9783590209529502
1787664524.371485, NoOp Chain Depth 128 Size 0 Mode ref, Ref Stage 25, run, start, 9783590209543790
1787664524.371506, NoOp Chain Depth 128 Size 0 Mode ref, Ref Stage 25, run, end, 9783590209565054
1787664524.371520, NoOp Chain Depth 128 Size 0 Mode ref, Ref Stage 26, run, start, 9783590209579166
1787664524.371542, NoOp Chain Depth 128 Size 0 Mode ref, Ref Stage 26, run, end, 9783590209600766
1787664524.371556, NoOp Chain Depth 128 Size 0 Mode ref, Ref Stage 27, run, start, 9783590209615070
1787664524.371577, NoOp Chain Depth 128 Size 0 Mode ref, Ref Stage 27, run, end, 9783590209636750
1787664524.371592, NoOp Chain Depth 128 Size 0 Mode ref, Ref Stage 28, run, start, 9783590209650974
1787664524.371615, NoOp Chain Depth 128 Size 0 Mode ref, Ref Stage 28, run, end, 9783590209674430
1787664524.371627, NoOp Chain Depth 128 Size 0 Mode ref, Ref Stage 29, run, start, 9783590209686174
1787664524.371657, NoOp Chain Depth 128 Size 0 Mode ref, Ref Stage 29, run, end, 9783590209716798
1787664524.371672, NoOp Chain Depth 128 Size 0 Mode ref, Ref Stage 30, run, start, 9783590209731070
1787664524.371692, NoOp Chain Depth 128 Size 0 Mode ref, Ref Stage 30, run, end, 9783590209751566
1787664524.371711, NoOp Chain Depth 128 Size 0 Mode ref, Ref Stage 31, run, start, 9783590209769710
1787664524.371731, NoOp Chain Depth 128 Size 0 Mode ref, Ref Stage 31, run, end, 9783590209790382
1787664524.371745, NoOp Chain Depth 128 Size 0 Mode ref, Ref Stage 32, run, start, 9783590209804638
1787664524.371766, NoOp Chain Depth 128 Size 0 Mode ref, Ref Stage 32, run, end, 9783590209825214
1787664524.371781, NoOp Chain Depth 128 Size 0 Mode ref, Ref Stage 33, run, start, 9783590209840750
1787664524.371803, NoOp Chain Depth 128 Size 0 Mode ref, Ref Stage 33, run, end, 9783590209862574
1787664524.371818, NoOp Chain Depth 128 Size 0 Mode ref, Ref Stage 34, run, start, 9783590209876670
1787664524.371839, NoOp Chain Depth 128 Size 0 Mode ref, Ref Stage 34, run, end, 9783590209898254
1787664524.371853, NoOp Chain Depth 128 Size 0 Mode ref, Ref Stage 35, run, start, 9783590209912397
1787664524.371874, NoOp Chain Depth 128 Size 0 Mode ref, Ref Stage 35, run, end, 9783590209932717
1787664524.371889, NoOp Chain Depth 128 Size 0 Mode ref, Ref Stage 36, run, start, 9783590209947853
1787664524.371909, NoOp Chain Depth 128 Size 0 Mode ref, Ref Stage 36, run, end, 9783590209968173
1787664524.371924, NoOp Chain Depth 128 Size 0 Mode ref, Ref Stage 37, run, start, 9783590209983309
1787664524.371946, NoOp Chain Depth 128 Size 0 Mode ref, Ref Stage 37, run, end, 9783590210005069
1787664524.371962, NoOp Chain Depth 128 Size 0 Mode ref, Ref Stage 38, run, start, 9783590210020957
1787664524.371986, NoOp Chain Depth 128 Size 0 Mode ref, Ref Stage 38, run, end, 9783590210044941
1787664524.372550, NoOp Chain Depth 128 Size 0 Mode ref, Ref Stage 39, run, start, 9783590210610669
1787664524.372576, NoOp Chain Depth 128 Size 0 Mode ref, Ref Stage 39, run, end, 9783590210635709
1787664524.372701, NoOp Chain Depth 128 Size 0 Mode ref, Ref Stage 40, run, start, 9783590210760381
1787664524.372723, NoOp Chain Depth 128 Size 0 Mode ref, Ref Stage 40, run, end, 9783590210782701
1787664524.372738, NoOp Chain Depth 128 Size 0 Mode ref, Ref Stage 41, run, start, 9783590210797277
1787664524.372759, NoOp Chain Depth 128 Size 0 Mode ref, Ref Stage 41, run, end, 9783590210818541
1787664524.372774, NoOp Chain Depth 128 Size 0 Mode ref, Ref Stage 42, run, start, 9783590210832877
1787664524.372794, NoOp Chain Depth 128 Size 0 Mode ref, Ref Stage 42, run, end, 9783590210853597
1787664524.372809, NoOp Chain Depth 128 Size 0 Mode ref, Ref Stage 43, run, start, 9783590210867885
1787664524.372829, NoOp Chain Depth 128 Size 0 Mode ref, Ref Stage 43, run, end, 9783590210888349
1787664524.372843, NoOp Chain Depth 128 Size 0 Mode ref, Ref Stage 44, run, start, 9783590210902685
1787664524.372867, NoOp Chain Depth 128 Size 0 Mode ref, Ref Stage 44, run, end, 9783590210925693
1787664524.372879, NoOp Chain Depth 128 Size 0 Mode ref, Ref Stage 45, run, start, 9783590210937981
1787664524.372910, NoOp Chain Depth 128 Size 0 Mode ref, Ref Stage 45, run, end, 9783590210969133
1787664524.372924, NoOp Chain Depth 128 Size 0 Mode ref, Ref Stage 46, run, start, 9783590210983629
1787664524.372947, NoOp Chain Depth 128 Size 0 Mode ref, Ref Stage 46, run, end, 9783590211006749
1787664524.372963, NoOp Chain Depth 128 Size 0 Mode ref, Ref Stage 47, run, start, 9783590211022109
1787664524.372987, NoOp Chain Depth 128 Size 0 Mode ref, Ref Stage 47, run, end, 9783590211046061
1787664524.373002, NoOp Chain Depth 128 Size 0 Mode ref, Ref Stage 48, run, start, 9783590211060877
1787664524.373027, NoOp Chain Depth 128 Size 0 Mode ref, Ref Stage 48, run, end, 9783590211086381
1787664524.373350, NoOp Chain Depth 128 Size 0 Mode ref, Ref Stage 49, run, start, 9783590211409772
1787664524.373489, NoOp Chain Depth 128 Size 0 Mode ref, Ref Stage 49, run, end, 9783590211548716
1787664524.373504, NoOp Chain Depth 128 Size 0 Mode ref, Ref Stage 50, run, start, 9783590211563740
1787664524.373526, NoOp Chain Depth 128 Size 0 Mode ref, Ref Stage 50, run, end, 9783590211584844
1787664524.373540, NoOp Chain Depth 128 Size 0 Mode ref, Ref Stage 51, run, start, 9783590211599708
1787664524.373564, NoOp Chain Depth 128 Size 0 Mode ref, Ref Stage 51, run, end, 9783590211622812
1787664524.373578, NoOp Chain Depth 128 Size 0 Mode ref, Ref Stage 52, run, start, 9783590211637484
1787664524.373600, NoOp Chain Depth 128 Size 0 Mode ref, Ref Stage 52, run, end, 9783590211658716
1787664524.373614, NoOp Chain Depth 128 Size 0 Mode ref, Ref Stage 53, run, start, 9783590211673468
1787664524.373635, NoOp Chain Depth 128 Size 0 Mode ref, Ref Stage 53, run, end, 9783590211694588
1787664524.373651, NoOp Chain Depth 128 Size 0 Mode ref, Ref Stage 54, run, start, 9783590211710060
1787664524.373672, NoOp Chain Depth 128 Size 0 Mode ref, Ref Stage 54, run, end, 9783590211731068
1787664524.373686, NoOp Chain Depth 128 Size 0 Mode ref, Ref Stage 55, run, start, 9783590211745708
1787664524.373708, NoOp Chain Depth 128 Size 0 Mode ref, Ref Stage 55, run, end, 9783590211766844
1787664524.373722, NoOp Chain Depth 128 Size 0 Mode ref, Ref Stage 56, run, start, 9783590211781260
1787664524.373743, NoOp Chain Depth 128 Size 0 Mode ref, Ref Stage 56, run, end, 9783590211802012
1787664524.373757, NoOp Chain Depth 128 Size 0 Mode ref, Ref Stage 57, run, start, 9783590211816428
1787664524.373779, NoOp Chain Depth 128 Size 0 Mode ref, Ref Stage 57, run, end, 9783590211838700
1787664524.373795, NoOp Chain Depth 128 Size 0 Mode ref, Ref Stage 58, run, start, 9783590211854156
1787664524.373816, NoOp Chain Depth 128 Size 0 Mode ref, Ref Stage 58, run, end, 9783590211875772
1787664524.373831, NoOp Chain Depth 128 Size 0 Mode ref, Ref Stage 59, run, start, 9783590211890204
1787664524.373853, NoOp Chain Depth 128 Size 0 Mode ref, Ref Stage 59, run, end, 9783590211912396
1787664524.373865, NoOp Chain Depth 128 Size 0 Mode ref, Ref Stage 60, run, start, 9783590211924044
1787664524.373989, NoOp Chain Depth 128 Size 0 Mode ref, Ref Stage 60, run, end, 9783590212048940
1787664524.374002, NoOp Chain Depth 128 Size 0 Mode ref, Ref Stage 61, run, start, 9783590212061996
1787664524.374036, NoOp Chain Depth 128 Size 0 Mode ref, Ref Stage 61, run, end, 9783590212095516
1787664524.374051, NoOp Chain Depth 128 Size 0 Mode ref, Ref Stage 62, run, start, 9783590212110044
1787664524.374072, NoOp Chain Depth 128 Size 0 Mode ref, Ref Stage 62, run, end, 9783590212130972
1787664524.374087, NoOp Chain Depth 128 Size 0 Mode ref, Ref Stage 63, run, start, 9783590212145932
1787664524.374107, NoOp Chain Depth 128 Size 0 Mode ref, Ref Stage 63, run, end, 9783590212166604
1787664524.374122, NoOp Chain Depth 128 Size 0 Mode ref, Ref Stage 64, run, start, 9783590212180940
1787664524.374145, NoOp Chain Depth 128 Size 0 Mode ref, Ref Stage 64, run, end, 9783590212204300
1787664524.374160, NoOp Chain Depth 128 Size 0 Mode ref, Ref Stage 65, run, start, 9783590212219500
1787664524.374181, NoOp Chain Depth 128 Size 0 Mode ref, Ref Stage 65, run, end, 9783590212240444
1787664524.374195, NoOp Chain Depth 128 Size 0 Mode ref, Ref Stage 66, run, start, 9783590212254860
1787664524.374219, NoOp Chain Depth 128 Size 0 Mode ref, Ref Stage 66, run, end, 9783590212278060
1787664524.374233, NoOp Chain Depth 128 Size 0 Mode ref, Ref Stage 67, run, start, 9783590212292540
1787664524.374254, NoOp Chain Depth 128 Size 0 Mode ref, Ref Stage 67, run, end, 9783590212313452
1787664524.374269, NoOp Chain Depth 128 Size 0 Mode ref, Ref Stage 68, run, start, 9783590212328060
1787664524.374290, NoOp Chain Depth 128 Size 0 Mode ref, Ref Stage 68, run, end, 9783590212348956
1787664524.374304, NoOp Chain Depth 128 Size 0 Mode ref, Ref Stage 69, run, start, 9783590212363228
1787664524.374326, NoOp Chain Depth 128 Size 0 Mode ref, Ref Stage 69, run, end, 9783590212385148
1787664524.374342, NoOp Chain Depth 128 Size 0 Mode ref, Ref Stage 70, run, start, 9783590212401036
1787664524.374364, NoOp Chain Depth 128 Size 0 Mode ref, Ref Stage 70, run, end, 9783590212423852
1787664524.374379, NoOp Chain Depth 128 Size 0 Mode ref, Ref Stage 71, run, start, 9783590212438428
1787664524.374400, NoOp Chain Depth 128 Size 0 Mode ref, Ref Stage 71, run, end, 9783590212459532
1787664524.374416, NoOp Chain Depth 128 Size 0 Mode ref, Ref Stage 72, run, start, 9783590212475628
1787664524.374439, NoOp Chain Depth 128 Size 0 Mode ref, Ref Stage 72, run, end, 9783590212498556
1787664524.374451, NoOp Chain Depth 128 Size 0 Mode ref, Ref Stage 73, run, start, 9783590212510380
1787664524.374483, NoOp Chain Depth 128 Size 0 Mode ref, Ref Stage 73, run, end, 9783590212542092
1787664524.374497, NoOp Chain Depth 128 Size 0 Mode ref, Ref Stage 74, run, start, 9783590212556492
1787664524.374519, NoOp Chain Depth 128 Size 0 Mode ref, Ref Stage 74, run, end, 9783590212578348
1787664524.374534, NoOp Chain Depth 128 Size 0 Mode ref, Ref Stage 75, run, start, 9783590212592972
1787664524.374555, NoOp Chain Depth 128 Size 0 Mode ref, Ref Stage 75, run, end, 9783590212613836
1787664524.374569, NoOp Chain Depth 128 Size 0 Mode ref, Ref Stage 76, run, start, 9783590212628412
1787664524.374590, NoOp Chain Depth 128 Size 0 Mode ref, Ref Stage 76, run, end, 9783590212649580
1787664524.374605, NoOp Chain Depth 128 Size 0 Mode ref, Ref Stage 77, run, start, 9783590212664460
1787664524.374626, NoOp Chain Depth 128 Size 0 Mode ref, Ref Stage 77, run, end, 9783590212685260
1787664524.374641, NoOp Chain Depth 128 Size 0 Mode ref, Ref Stage 78, run, start, 9783590212699852
1787664524.374662, NoOp Chain Depth 128 Size 0 Mode ref, Ref Stage 78, run, end, 9783590212720828
1787664524.374676, NoOp Chain Depth 128 Size 0 Mode ref, Ref Stage 79, run, start, 9783590212735388
1787664524.374696, NoOp Chain Depth 128 Size 0 Mode ref, Ref Stage 79, run, end, 9783590212755676
1787664524.374712, NoOp Chain Depth 128 Size 0 Mode ref, Ref Stage 80, run, start, 9783590212770940
1787664524.374732, NoOp Chain Depth 128 Size 0 Mode ref, Ref Stage 80, run, end, 9783590212792076
1787664524.374748, NoOp Chain Depth 128 Size 0 Mode ref, Ref Stage 81, run, start, 9783590212807436
1787664524.374770, NoOp Chain Depth 128 Size 0 Mode ref, Ref Stage 81, run, end, 9783590212828748
1787664524.374784, NoOp Chain Depth 128 Size 0 Mode ref, Ref Stage 82, run, start, 9783590212843068
1787664524.374804, NoOp Chain Depth 128 Size 0 Mode ref, Ref Stage 82, run, end, 9783590212863324
1787664524.374818, NoOp Chain Depth 128 Size 0 Mode ref, Ref Stage 83, run, start, 9783590212877468
1787664524.374839, NoOp Chain Depth 128 Size 0 Mode ref, Ref Stage 83, run, end, 9783590212897867
1787664524.374853, NoOp Chain Depth 128 Size 0 Mode ref, Ref Stage 84, run, start, 9783590212911995
1787664524.374874, NoOp Chain Depth 128 Size 0 Mode ref, Ref Stage 84, run, end, 9783590212933259
1787664524.374888, NoOp Chain Depth 128 Size 0 Mode ref, Ref Stage 85, run, start, 9783590212947419
1787664524.374910, NoOp Chain Depth 128 Size 0 Mode ref, Ref Stage 85, run, end, 9783590212969019
1787664524.374924, NoOp Chain Depth 128 Size 0 Mode ref, Ref Stage 86, run, start, 9783590212983371
1787664524.374947, NoOp Chain Depth 128 Size 0 Mode ref, Ref Stage 86, run, end, 9783590213006363
1787664524.374962, NoOp Chain Depth 128 Size 0 Mode ref, Ref Stage 87, run, start, 9783590213021707
1787664524.374985, NoOp Chain Depth 128 Size 0 Mode ref, Ref Stage 87, run, end, 9783590213043611
1787664524.375000, NoOp Chain Depth 128 Size 0 Mode ref, Ref Stage 88, run, start, 9783590213059147
1787664524.375021, NoOp Chain Depth 128 Size 0 Mode ref, Ref Stage 88, run, end, 9783590213079899
1787664524.375035, NoOp Chain Depth 128 Size 0 Mode ref, Ref Stage 89, run, start, 9783590213094251
1787664524.375056, NoOp Chain Depth 128 Size 0 Mode ref, Ref Stage 89, run, end, 9783590213114779
1787664524.375071, NoOp Chain Depth 128 Size 0 Mode ref, Ref Stage 90, run, start, 9783590213130059
1787664524.375093, NoOp Chain Depth 128 Size 0 Mode ref, Ref Stage 90, run, end, 9783590213151563
1787664524.375630, NoOp Chain Depth 128 Size 0 Mode ref, Ref Stage 91, run, start, 9783590213690491
1787664524.375657, NoOp Chain Depth 128 Size 0 Mode ref, Ref Stage 91, run, end, 9783590213716459
1787664524.375673, NoOp Chain Depth 128 Size 0 Mode ref, Ref Stage 92, run, start, 9783590213732347
1787664524.375695, NoOp Chain Depth 128 Size 0 Mode ref, Ref Stage 92, run, end, 9783590213754507
1787664524.375715, NoOp Chain Depth 128 Size 0 Mode ref, Ref Stage 93, run, start, 9783590213774571
1787664524.375738, NoOp Chain Depth 128 Size 0 Mode ref, Ref Stage 93, run, end, 9783590213797483
1787664524.375750, NoOp Chain Depth 128 Size 0 Mode ref, Ref Stage 94, run, start, 9783590213809531
1787664524.375782, NoOp Chain Depth 128 Size 0 Mode ref, Ref Stage 94, run, end, 9783590213840923
1787664524.375797, NoOp Chain Depth 128 Size 0 Mode ref, Ref Stage 95, run, start, 9783590213855643
1787664524.375818, NoOp Chain Depth 128 Size 0 Mode ref, Ref Stage 95, run, end, 9783590213877291
1787664524.375833, NoOp Chain Depth 128 Size 0 Mode ref, Ref Stage 96, run, start, 9783590213891835
1787664524.375854, NoOp Chain Depth 128 Size 0 Mode ref, Ref Stage 96, run, end, 9783590213912891
1787664524.375868, NoOp Chain Depth 128 Size 0 Mode ref, Ref Stage 97, run, start, 9783590213927595
1787664524.375889, NoOp Chain Depth 128 Size 0 Mode ref, Ref Stage 97, run, end, 9783590213948571
1787664524.375906, NoOp Chain Depth 128 Size 0 Mode ref, Ref Stage 98, run, start, 9783590213964971
1787664524.375927, NoOp Chain Depth 128 Size 0 Mode ref, Ref Stage 98, run, end, 9783590213985979
1787664524.375941, NoOp Chain Depth 128 Size 0 Mode ref, Ref Stage 99, run, start, 9783590214003099
1787664524.375966, NoOp Chain Depth 128 Size 0 Mode ref, Ref Stage 99, run, end, 9783590214024987
1787664524.375982, NoOp Chain Depth 128 Size 0 Mode ref, Ref Stage 100, run, start, 9783590214041291
1787664524.376003, NoOp Chain Depth 128 Size 0 Mode ref, Ref Stage 100, run, end, 9783590214061963
1787664524.376019, NoOp Chain Depth 128 Size 0 Mode ref, Ref Stage 101, run, start, 9783590214078059
1787664524.376040, NoOp Chain Depth 128 Size 0 Mode ref, Ref Stage 101, run, end, 9783590214098875
1787664524.376054, NoOp Chain Depth 128 Size 0 Mode ref, Ref Stage 102, run, start, 9783590214113483
1787664524.376076, NoOp Chain Depth 128 Size 0 Mode ref, Ref Stage 102, run, end, 9783590214134907
1787664524.376090, NoOp Chain Depth 128 Size 0 Mode ref, Ref Stage 103, run, start, 9783590214149147
1787664524.376110, NoOp Chain Depth 128 Size 0 Mode ref, Ref Stage 103, run, end, 9783590214169451
1787664524.376124, NoOp Chain Depth 128 Size 0 Mode ref, Ref Stage 104, run, start, 9783590214183595
1787664524.376145, NoOp Chain Depth 128 Size 0 Mode ref, Ref Stage 104, run, end, 9783590214204203
1787664524.376159, NoOp Chain Depth 128 Size 0 Mode ref, Ref Stage 105, run, start, 9783590214218475
1787664524.376180, NoOp Chain Depth 128 Size 0 Mode ref, Ref Stage 105, run, end, 9783590214239339
1787664524.376194, NoOp Chain Depth 128 Size 0 Mode ref, Ref Stage 106, run, start, 9783590214253659
1787664524.376218, NoOp Chain Depth 128 Size 0 Mode ref, Ref Stage 106, run, end, 9783590214276939
1787664524.376229, NoOp Chain Depth 128 Size 0 Mode ref, Ref Stage 107, run, start, 9783590214288491
1787664524.376260, NoOp Chain Depth 128 Size 0 Mode ref, Ref Stage 107, run, end, 9783590214319483
1787664524.376275, NoOp Chain Depth 128 Size 0 Mode ref, Ref Stage 108, run, start, 9783590214333867
1787664524.376297, NoOp Chain Depth 128 Size 0 Mode ref, Ref Stage 108, run, end, 9783590214356027
1787664524.376629, NoOp Chain Depth 128 Size 0 Mode ref, Ref Stage 109, run, start, 9783590214688778
1787664524.376654, NoOp Chain Depth 128 Size 0 Mode ref, Ref Stage 109, run, end, 9783590214713226
1787664524.376669, NoOp Chain Depth 128 Size 0 Mode ref, Ref Stage 110, run, start, 9783590214728282
1787664524.376690, NoOp Chain Depth 128 Size 0 Mode ref, Ref Stage 110, run, end, 9783590214749242
1787664524.376704, NoOp Chain Depth 128 Size 0 Mode ref, Ref Stage 111, run, start, 9783590214763770
1787664524.376726, NoOp Chain Depth 128 Size 0 Mode ref, Ref Stage 111, run, end, 9783590214785402
1787664524.376852, NoOp Chain Depth 128 Size 0 Mode ref, Ref Stage 112, run, start, 9783590214911306
1787664524.376874, NoOp Chain Depth 128 Size 0 Mode ref, Ref Stage 112, run, end, 9783590214933146
1787664524.376889, NoOp Chain Depth 128 Size 0 Mode ref, Ref Stage 113, run, start, 9783590214947818
1787664524.376912, NoOp Chain Depth 128 Size 0 Mode ref, Ref Stage 113, run, end, 9783590214970922
1787664524.376926, NoOp Chain Depth 128 Size 0 Mode ref, Ref Stage 114, run, start, 9783590214985578
1787664524.376951, NoOp Chain Depth 128 Size 0 Mode ref, Ref Stage 114, run, end, 9783590215009738
1787664524.376962, NoOp Chain Depth 128 Size 0 Mode ref, Ref Stage 115, run, start, 9783590215021578
1787664524.376994, NoOp Chain Depth 128 Size 0 Mode ref, Ref Stage 115, run, end, 9783590215053386
1787664524.377008, NoOp Chain Depth 128 Size 0 Mode ref, Ref Stage 116, run, start, 9783590215067786
1787664524.377030, NoOp Chain Depth 128 Size 0 Mode ref, Ref Stage 116, run, end, 9783590215088874
1787664524.377045, NoOp Chain Depth 128 Size 0 Mode ref, Ref Stage 117, run, start, 9783590215104042
1787664524.377066, NoOp Chain Depth 128 Size 0 Mode ref, Ref Stage 117, run, end, 9783590215124842
1787664524.377080, NoOp Chain Depth 128 Size 0 Mode ref, Ref Stage 118, run, start, 9783590215139098
1787664524.377100, NoOp Chain Depth 128 Size 0 Mode ref, Ref Stage 118, run, end, 9783590215159706
1787664524.377115, NoOp Chain Depth 128 Size 0 Mode ref, Ref Stage 119, run, start, 9783590215173994
1787664524.379953, NoOp Chain Depth 128 Size 0 Mode ref, Ref Stage 119, run, end, 9783590218012872
1787664524.380786, NoOp Chain Depth 128 Size 0 Mode ref, Ref Stage 120, run, start, 9783590218845928
1787664524.380811, NoOp Chain Depth 128 Size 0 Mode ref, Ref Stage 120, run, end, 9783590218870856
1787664524.380827, NoOp Chain Depth 128 Size 0 Mode ref, Ref Stage 121, run, start, 9783590218886520
1787664524.380849, NoOp Chain Depth 128 Size 0 Mode ref, Ref Stage 121, run, end, 9783590218908520
1787664524.380864, NoOp Chain Depth 128 Size 0 Mode ref, Ref Stage 122, run, start, 9783590218923560
1787664524.380885, NoOp Chain Depth 128 Size 0 Mode ref, Ref Stage 122, run, end, 9783590218944600
1787664524.380900, NoOp Chain Depth 128 Size 0 Mode ref, Ref Stage 123, run, start, 9783590218959192
1787664524.380923, NoOp Chain Depth 128 Size 0 Mode ref, Ref Stage 123, run, end, 9783590218981991
1787664524.380934, NoOp Chain Depth 128 Size 0 Mode ref, Ref Stage 124, run, start, 9783590218993703
1787664524.380971, NoOp Chain Depth 128 Size 0 Mode ref, Ref Stage 124, run, end, 9783590219030135
1787664524.380985, NoOp Chain Depth 128 Size 0 Mode ref, Ref Stage 125, run, start, 9783590219044695
1787664524.381006, NoOp Chain Depth 128 Size 0 Mode ref, Ref Stage 125, run, end, 9783590219065703
1787664524.381021, NoOp Chain Depth 128 Size 0 Mode ref, Ref Stage 126, run, start, 9783590219080295
1787664524.381042, NoOp Chain Depth 128 Size 0 Mode ref, Ref Stage 126, run, end, 9783590219101287
1787664524.381057, NoOp Chain Depth 128 Size 0 Mode ref, Ref Stage 127, run, start, 9783590219116455
1787664524.381078, NoOp Chain Depth 128 Size 0 Mode ref, Ref Stage 127, run, end, 9783590219137559
1787664524.381093, NoOp Chain Depth 128 Size 0 Mode ref, pipeline - train, run, end, 251476734609196471440112363982355374069, 1787664524.370070, 85, 1, 9783590219152791
1787664524.381131, NoOp Chain Depth 128 Size 0 Mode ref, pipeline - train, run, start, 262304445933164166279415792874667053249, 1787664524.381120, 86, 1, 9783590219190487
1787664524.381154, NoOp Chain Depth 128 Size 0 Mode ref, Ref Stage 0, run, start, 9783590219213111
1787664524.381175, NoOp Chain Depth 128 Size 0 Mode ref, Ref Stage 0, run, end, 9783590219234391
1787664524.381190, NoOp Chain Depth 128 Size 0 Mode ref, Ref Stage 1, run, start, 9783590219249079
1787664524.381211, NoOp Chain Depth 128 Size 0 Mode ref, Ref Stage 1, run, end, 9783590219270567
1787664524.381226, NoOp Chain Depth 128 Size 0 Mode ref, Ref Stage 2, run, start, 9783590219285111
1787664524.381247, NoOp Chain Depth 128 Size 0 Mode ref, Ref Stage 2, run, end, 9783590219306535
1787664524.381262, NoOp Chain Depth 128 Size 0 Mode ref, Ref Stage 3, run, start, 9783590219320871
1787664524.381282, NoOp Chain Depth 128 Size 0 Mode ref, Ref Stage 3, run, end, 9783590219341623
1787664524.381297, NoOp Chain Depth 128 Size 0 Mode ref, Ref Stage 4, run, start, 9783590219355959
1787664524.381320, NoOp Chain Depth 128 Size 0 Mode ref, Ref Stage 4, run, end, 9783590219379287
1787664524.381335, NoOp Chain Depth 128 Size 0 Mode ref, Ref Stage 5, run, start, 9783590219393671
1787664524.381355, NoOp Chain Depth 128 Size 0 Mode ref, Ref Stage 5, run, end, 9783590219414471
1787664524.381370, NoOp Chain Depth 128 Size 0 Mode ref, Ref Stage 6, run, start, 9783590219429159
1787664524.381392, NoOp Chain Depth 128 Size 0 Mode ref, Ref Stage 6, run, end, 9783590219451671
1787664524.381404, NoOp Chain Depth 128 Size 0 Mode ref, Ref Stage 7, run, start, 9783590219463399
1787664524.381435, NoOp Chain Depth 128 Size 0 Mode ref, Ref Stage 7, run, end, 9783590219494503
1787664524.381450, NoOp Chain Depth 128 Size 0 Mode ref, Ref Stage 8, run, start, 9783590219509111
1787664524.381471, NoOp Chain Depth 128 Size 0 Mode ref, Ref Stage 8, run, end, 9783590219530103
1787664524.381485, NoOp Chain Depth 128 Size 0 Mode ref, Ref Stage 9, run, start, 9783590219544775
1787664524.381506, NoOp Chain Depth 128 Size 0 Mode ref, Ref Stage 9, run, end, 9783590219565719
1787664524.381521, NoOp Chain Depth 128 Size 0 Mode ref, Ref Stage 10, run, start, 9783590219580103
1787664524.381542, NoOp Chain Depth 128 Size 0 Mode ref, Ref Stage 10, run, end, 9783590219601271
1787664524.381557, NoOp Chain Depth 128 Size 0 Mode ref, Ref Stage 11, run, start, 9783590219616887
1787664524.381746, NoOp Chain Depth 128 Size 0 Mode ref, Ref Stage 11, run, end, 9783590219805959
1787664524.381874, NoOp Chain Depth 128 Size 0 Mode ref, Ref Stage 12, run, start, 9783590219933335
1787664524.381897, NoOp Chain Depth 128 Size 0 Mode ref, Ref Stage 12, run, end, 9783590219956263
1787664524.381912, NoOp Chain Depth 128 Size 0 Mode ref, Ref Stage 13, run, start, 9783590219971031
1787664524.381933, NoOp Chain Depth 128 Size 0 Mode ref, Ref Stage 13, run, end, 9783590219992455
1787664524.381950, NoOp Chain Depth 128 Size 0 Mode ref, Ref Stage 14, run, start, 9783590220009607
1787664524.381972, NoOp Chain Depth 128 Size 0 Mode ref, Ref Stage 14, run, end, 9783590220031447
1787664524.381987, NoOp Chain Depth 128 Size 0 Mode ref, Ref Stage 15, run, start, 9783590220045959
1787664524.382009, NoOp Chain Depth 128 Size 0 Mode ref, Ref Stage 15, run, end, 9783590220068247
1787664524.382021, NoOp Chain Depth 128 Size 0 Mode ref, Ref Stage 16, run, start, 9783590220080007
1787664524.382052, NoOp Chain Depth 128 Size 0 Mode ref, Ref Stage 16, run, end, 9783590220111095
1787664524.382067, NoOp Chain Depth 128 Size 0 Mode ref, Ref Stage 17, run, start, 9783590220125815
1787664524.382088, NoOp Chain Depth 128 Size 0 Mode ref, Ref Stage 17, run, end, 9783590220146887
1787664524.382103, NoOp Chain Depth 128 Size 0 Mode ref, Ref Stage 18, run, start, 9783590220161959
1787664524.382125, NoOp Chain Depth 128 Size 0 Mode ref, Ref Stage 18, run, end, 9783590220184583
1787664524.382137, NoOp Chain Depth 128 Size 0 Mode ref, Ref Stage 19, run, start, 9783590220195991
1787664524.382168, NoOp Chain Depth 128 Size 0 Mode ref, Ref Stage 19, run, end, 9783590220226727
1787664524.382182, NoOp Chain Depth 128 Size 0 Mode ref, Ref Stage 20, run, start, 9783590220241335
1787664524.382203, NoOp Chain Depth 128 Size 0 Mode ref, Ref Stage 20, run, end, 9783590220262279
1787664524.382218, NoOp Chain Depth 128 Size 0 Mode ref, Ref Stage 21, run, start, 9783590220277559
1787664524.382240, NoOp Chain Depth 128 Size 0 Mode ref, Ref Stage 21, run, end, 9783590220298711
1787664524.382254, NoOp Chain Depth 128 Size 0 Mode ref, Ref Stage 22, run, start, 9783590220313383
1787664524.382576, NoOp Chain Depth 128 Size 0 Mode ref, Ref Stage 22, run, end, 9783590220636134
1787664524.382699, NoOp Chain Depth 128 Size 0 Mode ref, Ref Stage 23, run, start, 9783590220758950
1787664524.382722, NoOp Chain Depth 128 Size 0 Mode ref, Ref Stage 23, run, end, 9783590220781558
1787664524.382737, NoOp Chain Depth 128 Size 0 Mode ref, Ref Stage 24, run, start, 9783590220796374
1787664524.382759, NoOp Chain Depth 128 Size 0 Mode ref, Ref Stage 24, run, end, 9783590220818806
1787664524.382771, NoOp Chain Depth 128 Size 0 Mode ref, Ref Stage 25, run, start, 9783590220830518
1787664524.382805, NoOp Chain Depth 128 Size 0 Mode ref, Ref Stage 25, run, end, 9783590220863958
1787664524.382819, NoOp Chain Depth 128 Size 0 Mode ref, Ref Stage 26, run, start, 9783590220878502
1787664524.382841, NoOp Chain Depth 128 Size 0 Mode ref, Ref Stage 26, run, end, 9783590220899910
1787664524.382856, NoOp Chain Depth 128 Size 0 Mode ref, Ref Stage 27, run, start, 9783590220915286
1787664524.382879, NoOp Chain Depth 128 Size 0 Mode ref, Ref Stage 27, run, end, 9783590220938374
1787664524.382891, NoOp Chain Depth 128 Size 0 Mode ref, Ref Stage 28, run, start, 9783590220950294
1787664524.382924, NoOp Chain Depth 128 Size 0 Mode ref, Ref Stage 28, run, end, 9783590220983446
1787664524.382936, NoOp Chain Depth 128 Size 0 Mode ref, Ref Stage 29, run, start, 9783590220995334
1787664524.382970, NoOp Chain Depth 128 Size 0 Mode ref, Ref Stage 29, run, end, 9783590221029254
1787664524.382984, NoOp Chain Depth 128 Size 0 Mode ref, Ref Stage 30, run, start, 9783590221043622
1787664524.383005, NoOp Chain Depth 128 Size 0 Mode ref, Ref Stage 30, run, end, 9783590221064454
1787664524.383020, NoOp Chain Depth 128 Size 0 Mode ref, Ref Stage 31, run, start, 9783590221079062
1787664524.383041, NoOp Chain Depth 128 Size 0 Mode ref, Ref Stage 31, run, end, 9783590221100102
1787664524.383055, NoOp Chain Depth 128 Size 0 Mode ref, Ref Stage 32, run, start, 9783590221114614
1787664524.383076, NoOp Chain Depth 128 Size 0 Mode ref, Ref Stage 32, run, end, 9783590221135414
1787664524.383090, NoOp Chain Depth 128 Size 0 Mode ref, Ref Stage 33, run, start, 9783590221149654
1787664524.383111, NoOp Chain Depth 128 Size 0 Mode ref, Ref Stage 33, run, end, 9783590221170358
1787664524.383126, NoOp Chain Depth 128 Size 0 Mode ref, Ref Stage 34, run, start, 9783590221184838
1787664524.383147, NoOp Chain Depth 128 Size 0 Mode ref, Ref Stage 34, run, end, 9783590221205702
1787664524.383161, NoOp Chain Depth 128 Size 0 Mode ref, Ref Stage 35, run, start, 9783590221220166
1787664524.383182, NoOp Chain Depth 128 Size 0 Mode ref, Ref Stage 35, run, end, 9783590221241094
1787664524.383196, NoOp Chain Depth 128 Size 0 Mode ref, Ref Stage 36, run, start, 9783590221255718
1787664524.383217, NoOp Chain Depth 128 Size 0 Mode ref, Ref Stage 36, run, end, 9783590221276550
1787664524.383233, NoOp Chain Depth 128 Size 0 Mode ref, Ref Stage 37, run, start, 9783590221292342
1787664524.383255, NoOp Chain Depth 128 Size 0 Mode ref, Ref Stage 37, run, end, 9783590221314630
1787664524.383267, NoOp Chain Depth 128 Size 0 Mode ref, Ref Stage 38, run, start, 9783590221326246
1787664524.383297, NoOp Chain Depth 128 Size 0 Mode ref, Ref Stage 38, run, end, 9783590221356870
1787664524.383312, NoOp Chain Depth 128 Size 0 Mode ref, Ref Stage 39, run, start, 9783590221371142
1787664524.383332, NoOp Chain Depth 128 Size 0 Mode ref, Ref Stage 39, run, end, 9783590221391974
1787664524.383347, NoOp Chain Depth 128 Size 0 Mode ref, Ref Stage 40, run, start, 9783590221406502
1787664524.383371, NoOp Chain Depth 128 Size 0 Mode ref, Ref Stage 40, run, end, 9783590221430214
1787664524.383386, NoOp Chain Depth 128 Size 0 Mode ref, Ref Stage 41, run, start, 9783590221444822
1787664524.383407, NoOp Chain Depth 128 Size 0 Mode ref, Ref Stage 41, run, end, 9783590221466214
1787664524.383421, NoOp Chain Depth 128 Size 0 Mode ref, Ref Stage 42, run, start, 9783590221480806
1787664524.383443, NoOp Chain Depth 128 Size 0 Mode ref, Ref Stage 42, run, end, 9783590221502646
1787664524.383457, NoOp Chain Depth 128 Size 0 Mode ref, Ref Stage 43, run, start, 9783590221516870
1787664524.383479, NoOp Chain Depth 128 Size 0 Mode ref, Ref Stage 43, run, end, 9783590221537862
1787664524.383494, NoOp Chain Depth 128 Size 0 Mode ref, Ref Stage 44, run, start, 9783590221552950
1787664524.383515, NoOp Chain Depth 128 Size 0 Mode ref, Ref Stage 44, run, end, 9783590221573846
1787664524.383529, NoOp Chain Depth 128 Size 0 Mode ref, Ref Stage 45, run, start, 9783590221588358
1787664524.383939, NoOp Chain Depth 128 Size 0 Mode ref, Ref Stage 45, run, end, 9783590221999206
1787664524.384066, NoOp Chain Depth 128 Size 0 Mode ref, Ref Stage 46, run, start, 9783590222125333
1787664524.384089, NoOp Chain Depth 128 Size 0 Mode ref, Ref Stage 46, run, end, 9783590222148437
1787664524.384104, NoOp Chain Depth 128 Size 0 Mode ref, Ref Stage 47, run, start, 9783590222163685
1787664524.384125, NoOp Chain Depth 128 Size 0 Mode ref, Ref Stage 47, run, end, 9783590222184533
1787664524.384140, NoOp Chain Depth 128 Size 0 Mode ref, Ref Stage 48, run, start, 9783590222199029
1787664524.384163, NoOp Chain Depth 128 Size 0 Mode ref, Ref Stage 48, run, end, 9783590222221893
1787664524.384174, NoOp Chain Depth 128 Size 0 Mode ref, Ref Stage 49, run, start, 9783590222233589
1787664524.384205, NoOp Chain Depth 128 Size 0 Mode ref, Ref Stage 49, run, end, 9783590222264597
1787664524.384220, NoOp Chain Depth 128 Size 0 Mode ref, Ref Stage 50, run, start, 9783590222279013
1787664524.384240, NoOp Chain Depth 128 Size 0 Mode ref, Ref Stage 50, run, end, 9783590222299589
1787664524.384255, NoOp Chain Depth 128 Size 0 Mode ref, Ref Stage 51, run, start, 9783590222314213
1787664524.384276, NoOp Chain Depth 128 Size 0 Mode ref, Ref Stage 51, run, end, 9783590222335429
1787664524.384291, NoOp Chain Depth 128 Size 0 Mode ref, Ref Stage 52, run, start, 9783590222350405
1787664524.384313, NoOp Chain Depth 128 Size 0 Mode ref, Ref Stage 52, run, end, 9783590222372645
1787664524.384328, NoOp Chain Depth 128 Size 0 Mode ref, Ref Stage 53, run, start, 9783590222387237
1787664524.384349, NoOp Chain Depth 128 Size 0 Mode ref, Ref Stage 53, run, end, 9783590222407941
1787664524.384363, NoOp Chain Depth 128 Size 0 Mode ref, Ref Stage 54, run, start, 9783590222422533
1787664524.384384, NoOp Chain Depth 128 Size 0 Mode ref, Ref Stage 54, run, end, 9783590222443221
1787664524.384398, NoOp Chain Depth 128 Size 0 Mode ref, Ref Stage 55, run, start, 9783590222457573
1787664524.384419, NoOp Chain Depth 128 Size 0 Mode ref, Ref Stage 55, run, end, 9783590222478325
1787664524.384434, NoOp Chain Depth 128 Size 0 Mode ref, Ref Stage 56, run, start, 9783590222492693
1787664524.384455, NoOp Chain Depth 128 Size 0 Mode ref, Ref Stage 56, run, end, 9783590222514309
1787664524.384470, NoOp Chain Depth 128 Size 0 Mode ref, Ref Stage 57, run, start, 9783590222529397
1787664524.384491, NoOp Chain Depth 128 Size 0 Mode ref, Ref Stage 57, run, end, 9783590222550885
1787664524.384506, NoOp Chain Depth 128 Size 0 Mode ref, Ref Stage 58, run, start, 9783590222565381
1787664524.384528, NoOp Chain Depth 128 Size 0 Mode ref, Ref Stage 58, run, end, 9783590222587397
1787664524.384543, NoOp Chain Depth 128 Size 0 Mode ref, Ref Stage 59, run, start, 9783590222602613
1787664524.384566, NoOp Chain Depth 128 Size 0 Mode ref, Ref Stage 59, run, end, 9783590222624709
1787664524.384577, NoOp Chain Depth 128 Size 0 Mode ref, Ref Stage 60, run, start, 9783590222636309
1787664524.384609, NoOp Chain Depth 128 Size 0 Mode ref, Ref Stage 60, run, end, 9783590222668725
1787664524.384621, NoOp Chain Depth 128 Size 0 Mode ref, Ref Stage 61, run, start, 9783590222680277
1787664524.384654, NoOp Chain Depth 128 Size 0 Mode ref, Ref Stage 61, run, end, 9783590222713461
1787664524.384668, NoOp Chain Depth 128 Size 0 Mode ref, Ref Stage 62, run, start, 9783590222727717
1787664524.384689, NoOp Chain Depth 128 Size 0 Mode ref, Ref Stage 62, run, end, 9783590222748517
1787664524.384705, NoOp Chain Depth 128 Size 0 Mode ref, Ref Stage 63, run, start, 9783590222763861
1787664524.384727, NoOp Chain Depth 128 Size 0 Mode ref, Ref Stage 63, run, end, 9783590222786485
1787664524.384742, NoOp Chain Depth 128 Size 0 Mode ref, Ref Stage 64, run, start, 9783590222800805
1787664524.384762, NoOp Chain Depth 128 Size 0 Mode ref, Ref Stage 64, run, end, 9783590222821253
1787664524.384776, NoOp Chain Depth 128 Size 0 Mode ref, Ref Stage 65, run, start, 9783590222835621
1787664524.384797, NoOp Chain Depth 128 Size 0 Mode ref, Ref Stage 65, run, end, 9783590222855957
1787664524.384811, NoOp Chain Depth 128 Size 0 Mode ref, Ref Stage 66, run, start, 9783590222870885
1787664524.384834, NoOp Chain Depth 128 Size 0 Mode ref, Ref Stage 66, run, end, 9783590222893509
1787664524.384849, NoOp Chain Depth 128 Size 0 Mode ref, Ref Stage 67, run, start, 9783590222907893
1787664524.384869, NoOp Chain Depth 128 Size 0 Mode ref, Ref Stage 67, run, end, 9783590222928549
1787664524.384883, NoOp Chain Depth 128 Size 0 Mode ref, Ref Stage 68, run, start, 9783590222942821
1787664524.384908, NoOp Chain Depth 128 Size 0 Mode ref, Ref Stage 68, run, end, 9783590222967221
1787664524.384922, NoOp Chain Depth 128 Size 0 Mode ref, Ref Stage 69, run, start, 9783590222981669
1787664524.384943, NoOp Chain Depth 128 Size 0 Mode ref, Ref Stage 69, run, end, 9783590223003605
1787664524.384959, NoOp Chain Depth 128 Size 0 Mode ref, Ref Stage 70, run, start, 9783590223018645
1787664524.384980, NoOp Chain Depth 128 Size 0 Mode ref, Ref Stage 70, run, end, 9783590223039237
1787664524.384994, NoOp Chain Depth 128 Size 0 Mode ref, Ref Stage 71, run, start, 9783590223053701
1787664524.385015, NoOp Chain Depth 128 Size 0 Mode ref, Ref Stage 71, run, end, 9783590223074197
1787664524.385029, NoOp Chain Depth 128 Size 0 Mode ref, Ref Stage 72, run, start, 9783590223088469
1787664524.385464, NoOp Chain Depth 128 Size 0 Mode ref, Ref Stage 72, run, end, 9783590223525093
1787664524.385482, NoOp Chain Depth 128 Size 0 Mode ref, Ref Stage 73, run, start, 9783590223542181
1787664524.385630, NoOp Chain Depth 128 Size 0 Mode ref, Ref Stage 73, run, end, 9783590223689908
1787664524.385646, NoOp Chain Depth 128 Size 0 Mode ref, Ref Stage 74, run, start, 9783590223705524
1787664524.385668, NoOp Chain Depth 128 Size 0 Mode ref, Ref Stage 74, run, end, 9783590223727044
1787664524.385682, NoOp Chain Depth 128 Size 0 Mode ref, Ref Stage 75, run, start, 9783590223741780
1787664524.385704, NoOp Chain Depth 128 Size 0 Mode ref, Ref Stage 75, run, end, 9783590223762724
1787664524.385718, NoOp Chain Depth 128 Size 0 Mode ref, Ref Stage 76, run, start, 9783590223776980
1787664524.385739, NoOp Chain Depth 128 Size 0 Mode ref, Ref Stage 76, run, end, 9783590223797716
1787664524.385753, NoOp Chain Depth 128 Size 0 Mode ref, Ref Stage 77, run, start, 9783590223812148
1787664524.385774, NoOp Chain Depth 128 Size 0 Mode ref, Ref Stage 77, run, end, 9783590223833364
1787664524.385789, NoOp Chain Depth 128 Size 0 Mode ref, Ref Stage 78, run, start, 9783590223848404
1787664524.385812, NoOp Chain Depth 128 Size 0 Mode ref, Ref Stage 78, run, end, 9783590223871460
1787664524.385827, NoOp Chain Depth 128 Size 0 Mode ref, Ref Stage 79, run, start, 9783590223885924
1787664524.385848, NoOp Chain Depth 128 Size 0 Mode ref, Ref Stage 79, run, end, 9783590223907492
1787664524.385862, NoOp Chain Depth 128 Size 0 Mode ref, Ref Stage 80, run, start, 9783590223921780
1787664524.385883, NoOp Chain Depth 128 Size 0 Mode ref, Ref Stage 80, run, end, 9783590223942212
1787664524.385897, NoOp Chain Depth 128 Size 0 Mode ref, Ref Stage 81, run, start, 9783590223956388
1787664524.385918, NoOp Chain Depth 128 Size 0 Mode ref, Ref Stage 81, run, end, 9783590223976804
1787664524.385932, NoOp Chain Depth 128 Size 0 Mode ref, Ref Stage 82, run, start, 9783590223990932
1787664524.385954, NoOp Chain Depth 128 Size 0 Mode ref, Ref Stage 82, run, end, 9783590224013268
1787664524.385970, NoOp Chain Depth 128 Size 0 Mode ref, Ref Stage 83, run, start, 9783590224028788
1787664524.385990, NoOp Chain Depth 128 Size 0 Mode ref, Ref Stage 83, run, end, 9783590224049188
1787664524.386005, NoOp Chain Depth 128 Size 0 Mode ref, Ref Stage 84, run, start, 9783590224064580
1787664524.386026, NoOp Chain Depth 128 Size 0 Mode ref, Ref Stage 84, run, end, 9783590224084964
1787664524.386040, NoOp Chain Depth 128 Size 0 Mode ref, Ref Stage 85, run, start, 9783590224099396
1787664524.386061, NoOp Chain Depth 128 Size 0 Mode ref, Ref Stage 85, run, end, 9783590224120068
1787664524.386075, NoOp Chain Depth 128 Size 0 Mode ref, Ref Stage 86, run, start, 9783590224134500
1787664524.386096, NoOp Chain Depth 128 Size 0 Mode ref, Ref Stage 86, run, end, 9783590224155364
1787664524.386112, NoOp Chain Depth 128 Size 0 Mode ref, Ref Stage 87, run, start, 9783590224171572
1787664524.386133, NoOp Chain Depth 128 Size 0 Mode ref, Ref Stage 87, run, end, 9783590224192244
1787664524.386147, NoOp Chain Depth 128 Size 0 Mode ref, Ref Stage 88, run, start, 9783590224206500
1787664524.386168, NoOp Chain Depth 128 Size 0 Mode ref, Ref Stage 88, run, end, 9783590224227044
1787664524.386182, NoOp Chain Depth 128 Size 0 Mode ref, Ref Stage 89, run, start, 9783590224241220
1787664524.386204, NoOp Chain Depth 128 Size 0 Mode ref, Ref Stage 89, run, end, 9783590224262772
1787664524.386218, NoOp Chain Depth 128 Size 0 Mode ref, Ref Stage 90, run, start, 9783590224277124
1787664524.386625, NoOp Chain Depth 128 Size 0 Mode ref, Ref Stage 90, run, end, 9783590224684420
1787664524.386755, NoOp Chain Depth 128 Size 0 Mode ref, Ref Stage 91, run, start, 9783590224815012
1787664524.386779, NoOp Chain Depth 128 Size 0 Mode ref, Ref Stage 91, run, end, 9783590224838004
1787664524.386794, NoOp Chain Depth 128 Size 0 Mode ref, Ref Stage 92, run, start, 9783590224853028
1787664524.386815, NoOp Chain Depth 128 Size 0 Mode ref, Ref Stage 92, run, end, 9783590224874388
1787664524.386830, NoOp Chain Depth 128 Size 0 Mode ref, Ref Stage 93, run, start, 9783590224889140
1787664524.386851, NoOp Chain Depth 128 Size 0 Mode ref, Ref Stage 93, run, end, 9783590224910660
1787664524.386866, NoOp Chain Depth 128 Size 0 Mode ref, Ref Stage 94, run, start, 9783590224925412
1787664524.386889, NoOp Chain Depth 128 Size 0 Mode ref, Ref Stage 94, run, end, 9783590224947780
1787664524.386900, NoOp Chain Depth 128 Size 0 Mode ref, Ref Stage 95, run, start, 9783590224959716
1787664524.386932, NoOp Chain Depth 128 Size 0 Mode ref, Ref Stage 95, run, end, 9783590224990900
1787664524.386948, NoOp Chain Depth 128 Size 0 Mode ref, Ref Stage 96, run, start, 9783590225007476
1787664524.386970, NoOp Chain Depth 128 Size 0 Mode ref, Ref Stage 96, run, end, 9783590225029636
1787664524.386986, NoOp Chain Depth 128 Size 0 Mode ref, Ref Stage 97, run, start, 9783590225045636
1787664524.387008, NoOp Chain Depth 128 Size 0 Mode ref, Ref Stage 97, run, end, 9783590225067236
1787664524.387022, NoOp Chain Depth 128 Size 0 Mode ref, Ref Stage 98, run, start, 9783590225081747
1787664524.387043, NoOp Chain Depth 128 Size 0 Mode ref, Ref Stage 98, run, end, 9783590225102355
1787664524.387058, NoOp Chain Depth 128 Size 0 Mode ref, Ref Stage 99, run, start, 9783590225116931
1787664524.387079, NoOp Chain Depth 128 Size 0 Mode ref, Ref Stage 99, run, end, 9783590225138579
1787664524.387094, NoOp Chain Depth 128 Size 0 Mode ref, Ref Stage 100, run, start, 9783590225153011
1787664524.387115, NoOp Chain Depth 128 Size 0 Mode ref, Ref Stage 100, run, end, 9783590225173891
1787664524.387130, NoOp Chain Depth 128 Size 0 Mode ref, Ref Stage 101, run, start, 9783590225189395
1787664524.387151, NoOp Chain Depth 128 Size 0 Mode ref, Ref Stage 101, run, end, 9783590225210323
1787664524.387166, NoOp Chain Depth 128 Size 0 Mode ref, Ref Stage 102, run, start, 9783590225225347
1787664524.387187, NoOp Chain Depth 128 Size 0 Mode ref, Ref Stage 102, run, end, 9783590225245715
1787664524.387201, NoOp Chain Depth 128 Size 0 Mode ref, Ref Stage 103, run, start, 9783590225260003
1787664524.387221, NoOp Chain Depth 128 Size 0 Mode ref, Ref Stage 103, run, end, 9783590225280499
1787664524.387236, NoOp Chain Depth 128 Size 0 Mode ref, Ref Stage 104, run, start, 9783590225294819
1787664524.387256, NoOp Chain Depth 128 Size 0 Mode ref, Ref Stage 104, run, end, 9783590225315491
1787664524.387271, NoOp Chain Depth 128 Size 0 Mode ref, Ref Stage 105, run, start, 9783590225330771
1787664524.387294, NoOp Chain Depth 128 Size 0 Mode ref, Ref Stage 105, run, end, 9783590225353043
1787664524.387305, NoOp Chain Depth 128 Size 0 Mode ref, Ref Stage 106, run, start, 9783590225364723
1787664524.387336, NoOp Chain Depth 128 Size 0 Mode ref, Ref Stage 106, run, end, 9783590225395107
1787664524.387350, NoOp Chain Depth 128 Size 0 Mode ref, Ref Stage 107, run, start, 9783590225409443
1787664524.387374, NoOp Chain Depth 128 Size 0 Mode ref, Ref Stage 107, run, end, 9783590225432851
1787664524.387388, NoOp Chain Depth 128 Size 0 Mode ref, Ref Stage 108, run, start, 9783590225447123
1787664524.387410, NoOp Chain Depth 128 Size 0 Mode ref, Ref Stage 108, run, end, 9783590225468707
1787664524.387424, NoOp Chain Depth 128 Size 0 Mode ref, Ref Stage 109, run, start, 9783590225483747
1787664524.387447, NoOp Chain Depth 128 Size 0 Mode ref, Ref Stage 109, run, end, 9783590225505971
1787664524.387458, NoOp Chain Depth 128 Size 0 Mode ref, Ref Stage 110, run, start, 9783590225517571
1787664524.387490, NoOp Chain Depth 128 Size 0 Mode ref, Ref Stage 110, run, end, 9783590225549427
1787664524.387505, NoOp Chain Depth 128 Size 0 Mode ref, Ref Stage 111, run, start, 9783590225563747
1787664524.387526, NoOp Chain Depth 128 Size 0 Mode ref, Ref Stage 111, run, end, 9783590225586163
1787664524.387542, NoOp Chain Depth 128 Size 0 Mode ref, Ref Stage 112, run, start, 9783590225600691
1787664524.387562, NoOp Chain Depth 128 Size 0 Mode ref, Ref Stage 112, run, end, 9783590225621299
1787664524.387576, NoOp Chain Depth 128 Size 0 Mode ref, Ref Stage 113, run, start, 9783590225635747
1787664524.387597, NoOp Chain Depth 128 Size 0 Mode ref, Ref Stage 113, run, end, 9783590225656675
1787664524.387612, NoOp Chain Depth 128 Size 0 Mode ref, Ref Stage 114, run, start, 9783590225671123
1787664524.387632, NoOp Chain Depth 128 Size 0 Mode ref, Ref Stage 114, run, end, 9783590225691507
1787664524.387649, NoOp Chain Depth 128 Size 0 Mode ref, Ref Stage 115, run, start, 9783590225707859
1787664524.387670, NoOp Chain Depth 128 Size 0 Mode ref, Ref Stage 115, run, end, 9783590225729491
1787664524.387685, NoOp Chain Depth 128 Size 0 Mode ref, Ref Stage 116, run, start, 9783590225744227
1787664524.387707, NoOp Chain Depth 128 Size 0 Mode ref, Ref Stage 116, run, end, 9783590225765987
1787664524.387721, NoOp Chain Depth 128 Size 0 Mode ref, Ref Stage 117, run, start, 9783590225780275
1787664524.387743, NoOp Chain Depth 128 Size 0 Mode ref, Ref Stage 117, run, end, 9783590225802019
1787664524.387757, NoOp Chain Depth 128 Size 0 Mode ref, Ref Stage 118, run, start, 9783590225816291
1787664524.387780, NoOp Chain Depth 128 Size 0 Mode ref, Ref Stage 118, run, end, 9783590225839571
1787664524.387793, NoOp Chain Depth 128 Size 0 Mode ref, Ref Stage 119, run, start, 9783590225852035
1787664524.388143, NoOp Chain Depth 128 Size 0 Mode ref, Ref Stage 119, run, end, 9783590226202371
1787664524.388158, NoOp Chain Depth 128 Size 0 Mode ref, Ref Stage 120, run, start, 9783590226217459
1787664524.388179, NoOp Chain Depth 128 Size 0 Mode ref, Ref Stage 120, run, end, 9783590226238499
1787664524.388195, NoOp Chain Depth 128 Size 0 Mode ref, Ref Stage 121, run, start, 9783590226254147
1787664524.388217, NoOp Chain Depth 128 Size 0 Mode ref, Ref Stage 121, run, end, 9783590226275987
1787664524.388340, NoOp Chain Depth 128 Size 0 Mode ref, Ref Stage 122, run, start, 9783590226399779
1787664524.388362, NoOp Chain Depth 128 Size 0 Mode ref, Ref Stage 122, run, end, 9783590226421539
1787664524.388377, NoOp Chain Depth 128 Size 0 Mode ref, Ref Stage 123, run, start, 9783590226436195
1787664524.388398, NoOp Chain Depth 128 Size 0 Mode ref, Ref Stage 123, run, end, 9783590226457091
1787664524.388412, NoOp Chain Depth 128 Size 0 Mode ref, Ref Stage 124, run, start, 9783590226471699
1787664524.388434, NoOp Chain Depth 128 Size 0 Mode ref, Ref Stage 124, run, end, 9783590226492947
1787664524.388448, NoOp Chain Depth 128 Size 0 Mode ref, Ref Stage 125, run, start, 9783590226507491
1787664524.388470, NoOp Chain Depth 128 Size 0 Mode ref, Ref Stage 125, run, end, 9783590226529123
1787664524.388484, NoOp Chain Depth 128 Size 0 Mode ref, Ref Stage 126, run, start, 9783590226543587
1787664524.388506, NoOp Chain Depth 128 Size 0 Mode ref, Ref Stage 126, run, end, 9783590226564979
1787664524.388521, NoOp Chain Depth 128 Size 0 Mode ref, Ref Stage 127, run, start, 9783590226580051
1787664524.388542, NoOp Chain Depth 128 Size 0 Mode ref, Ref Stage 127, run, end, 9783590226601523
1787664524.388562, NoOp Chain Depth 128 Size 0 Mode ref, pipeline - train, run, end, 262304445933164166279415792874667053249, 1787664524.381120, 86, 1, 9783590226621971
1787664524.388599, NoOp Chain Depth 128 Size 0 Mode ref, pipeline - train, run, start, 317725375812474134756465915413513153932, 1787664524.388588, 87, 1, 9783590226658818
1787664524.388622, NoOp Chain Depth 128 Size 0 Mode ref, Ref Stage 0, run, start, 9783590226681378
1787664524.388644, NoOp Chain Depth 128 Size 0 Mode ref, Ref Stage 0, run, end, 9783590226702658
1787664524.388660, NoOp Chain Depth 128 Size 0 Mode ref, Ref Stage 1, run, start, 9783590226719282
1787664524.388683, NoOp Chain Depth 128 Size 0 Mode ref, Ref Stage 1, run, end, 9783590226742450
1787664524.388698, NoOp Chain Depth 128 Size 0 Mode ref, Ref Stage 2, run, start, 9783590226757138
1787664524.388719, NoOp Chain Depth 128 Size 0 Mode ref, Ref Stage 2, run, end, 9783590226778210
1787664524.388733, NoOp Chain Depth 128 Size 0 Mode ref, Ref Stage 3, run, start, 9783590226792594
1787664524.388754, NoOp Chain Depth 128 Size 0 Mode ref, Ref Stage 3, run, end, 9783590226813362
1787664524.388768, NoOp Chain Depth 128 Size 0 Mode ref, Ref Stage 4, run, start, 9783590226827794
1787664524.388789, NoOp Chain Depth 128 Size 0 Mode ref, Ref Stage 4, run, end, 9783590226848498
1787664524.388803, NoOp Chain Depth 128 Size 0 Mode ref, Ref Stage 5, run, start, 9783590226862962
1787664524.388824, NoOp Chain Depth 128 Size 0 Mode ref, Ref Stage 5, run, end, 9783590226883762
1787664524.388839, NoOp Chain Depth 128 Size 0 Mode ref, Ref Stage 6, run, start, 9783590226898114
1787664524.388862, NoOp Chain Depth 128 Size 0 Mode ref, Ref Stage 6, run, end, 9783590226921698
1787664524.388874, NoOp Chain Depth 128 Size 0 Mode ref, Ref Stage 7, run, start, 9783590226933730
1787664524.388906, NoOp Chain Depth 128 Size 0 Mode ref, Ref Stage 7, run, end, 9783590226965442
1787664524.388921, NoOp Chain Depth 128 Size 0 Mode ref, Ref Stage 8, run, start, 9783590226979794
1787664524.388941, NoOp Chain Depth 128 Size 0 Mode ref, Ref Stage 8, run, end, 9783590227002914
1787664524.388959, NoOp Chain Depth 128 Size 0 Mode ref, Ref Stage 9, run, start, 9783590227018178
1787664524.388982, NoOp Chain Depth 128 Size 0 Mode ref, Ref Stage 9, run, end, 9783590227041106
1787664524.388996, NoOp Chain Depth 128 Size 0 Mode ref, Ref Stage 10, run, start, 9783590227055570
1787664524.389019, NoOp Chain Depth 128 Size 0 Mode ref, Ref Stage 10, run, end, 9783590227078306
1787664524.389424, NoOp Chain Depth 128 Size 0 Mode ref, Ref Stage 11, run, start, 9783590227484162
1787664524.389565, NoOp Chain Depth 128 Size 0 Mode ref, Ref Stage 11, run, end, 9783590227624706
1787664524.389577, NoOp Chain Depth 128 Size 0 Mode ref, Ref Stage 12, run, start, 9783590227636914
1787664524.389609, NoOp Chain Depth 128 Size 0 Mode ref, Ref Stage 12, run, end, 9783590227668418
1787664524.389624, NoOp Chain Depth 128 Size 0 Mode ref, Ref Stage 13, run, start, 9783590227683090
1787664524.389645, NoOp Chain Depth 128 Size 0 Mode ref, Ref Stage 13, run, end, 9783590227704370
1787664524.389660, NoOp Chain Depth 128 Size 0 Mode ref, Ref Stage 14, run, start, 9783590227719666
1787664524.389681, NoOp Chain Depth 128 Size 0 Mode ref, Ref Stage 14, run, end, 9783590227740562
1787664524.389696, NoOp Chain Depth 128 Size 0 Mode ref, Ref Stage 15, run, start, 9783590227755090
1787664524.389717, NoOp Chain Depth 128 Size 0 Mode ref, Ref Stage 15, run, end, 9783590227776386
1787664524.389732, NoOp Chain Depth 128 Size 0 Mode ref, Ref Stage 16, run, start, 9783590227791042
1787664524.389753, NoOp Chain Depth 128 Size 0 Mode ref, Ref Stage 16, run, end, 9783590227812050
1787664524.389767, NoOp Chain Depth 128 Size 0 Mode ref, Ref Stage 17, run, start, 9783590227826450
1787664524.389790, NoOp Chain Depth 128 Size 0 Mode ref, Ref Stage 17, run, end, 9783590227849026
1787664524.389804, NoOp Chain Depth 128 Size 0 Mode ref, Ref Stage 18, run, start, 9783590227863442
1787664524.389827, NoOp Chain Depth 128 Size 0 Mode ref, Ref Stage 18, run, end, 9783590227885826
1787664524.389838, NoOp Chain Depth 128 Size 0 Mode ref, Ref Stage 19, run, start, 9783590227897442
1787664524.389871, NoOp Chain Depth 128 Size 0 Mode ref, Ref Stage 19, run, end, 9783590227929810
1787664524.389886, NoOp Chain Depth 128 Size 0 Mode ref, Ref Stage 20, run, start, 9783590227945650
1787664524.389910, NoOp Chain Depth 128 Size 0 Mode ref, Ref Stage 20, run, end, 9783590227969042
1787664524.389924, NoOp Chain Depth 128 Size 0 Mode ref, Ref Stage 21, run, start, 9783590227983522
1787664524.389948, NoOp Chain Depth 128 Size 0 Mode ref, Ref Stage 21, run, end, 9783590228007778
1787664524.389961, NoOp Chain Depth 128 Size 0 Mode ref, Ref Stage 22, run, start, 9783590228020466
1787664524.389994, NoOp Chain Depth 128 Size 0 Mode ref, Ref Stage 22, run, end, 9783590228053073
1787664524.390010, NoOp Chain Depth 128 Size 0 Mode ref, Ref Stage 23, run, start, 9783590228069041
1787664524.390031, NoOp Chain Depth 128 Size 0 Mode ref, Ref Stage 23, run, end, 9783590228089969
1787664524.390045, NoOp Chain Depth 128 Size 0 Mode ref, Ref Stage 24, run, start, 9783590228104353
1787664524.390067, NoOp Chain Depth 128 Size 0 Mode ref, Ref Stage 24, run, end, 9783590228126529
1787664524.390079, NoOp Chain Depth 128 Size 0 Mode ref, Ref Stage 25, run, start, 9783590228138865
1787664524.390110, NoOp Chain Depth 128 Size 0 Mode ref, Ref Stage 25, run, end, 9783590228169057
1787664524.390124, NoOp Chain Depth 128 Size 0 Mode ref, Ref Stage 26, run, start, 9783590228183377
1787664524.390145, NoOp Chain Depth 128 Size 0 Mode ref, Ref Stage 26, run, end, 9783590228204065
1787664524.390159, NoOp Chain Depth 128 Size 0 Mode ref, Ref Stage 27, run, start, 9783590228218289
1787664524.390183, NoOp Chain Depth 128 Size 0 Mode ref, Ref Stage 27, run, end, 9783590228242401
1787664524.390502, NoOp Chain Depth 128 Size 0 Mode ref, Ref Stage 28, run, start, 9783590228562385
1787664524.390637, NoOp Chain Depth 128 Size 0 Mode ref, Ref Stage 28, run, end, 9783590228696625
1787664524.390653, NoOp Chain Depth 128 Size 0 Mode ref, Ref Stage 29, run, start, 9783590228711905
1787664524.390676, NoOp Chain Depth 128 Size 0 Mode ref, Ref Stage 29, run, end, 9783590228734641
1787664524.390687, NoOp Chain Depth 128 Size 0 Mode ref, Ref Stage 30, run, start, 9783590228746545
1787664524.390718, NoOp Chain Depth 128 Size 0 Mode ref, Ref Stage 30, run, end, 9783590228777345
1787664524.390733, NoOp Chain Depth 128 Size 0 Mode ref, Ref Stage 31, run, start, 9783590228791793
1787664524.390753, NoOp Chain Depth 128 Size 0 Mode ref, Ref Stage 31, run, end, 9783590228812529
1787664524.390768, NoOp Chain Depth 128 Size 0 Mode ref, Ref Stage 32, run, start, 9783590228826865
1787664524.390789, NoOp Chain Depth 128 Size 0 Mode ref, Ref Stage 32, run, end, 9783590228847745
1787664524.390803, NoOp Chain Depth 128 Size 0 Mode ref, Ref Stage 33, run, start, 9783590228862273
1787664524.390824, NoOp Chain Depth 128 Size 0 Mode ref, Ref Stage 33, run, end, 9783590228883169
1787664524.390838, NoOp Chain Depth 128 Size 0 Mode ref, Ref Stage 34, run, start, 9783590228897681
1787664524.390859, NoOp Chain Depth 128 Size 0 Mode ref, Ref Stage 34, run, end, 9783590228918401
1787664524.390873, NoOp Chain Depth 128 Size 0 Mode ref, Ref Stage 35, run, start, 9783590228932737
1787664524.390894, NoOp Chain Depth 128 Size 0 Mode ref, Ref Stage 35, run, end, 9783590228953473
1787664524.390909, NoOp Chain Depth 128 Size 0 Mode ref, Ref Stage 36, run, start, 9783590228967873
1787664524.390929, NoOp Chain Depth 128 Size 0 Mode ref, Ref Stage 36, run, end, 9783590228988417
1787664524.390946, NoOp Chain Depth 128 Size 0 Mode ref, Ref Stage 37, run, start, 9783590229005617
1787664524.390968, NoOp Chain Depth 128 Size 0 Mode ref, Ref Stage 37, run, end, 9783590229027201
1787664524.390982, NoOp Chain Depth 128 Size 0 Mode ref, Ref Stage 38, run, start, 9783590229041553
1787664524.391004, NoOp Chain Depth 128 Size 0 Mode ref, Ref Stage 38, run, end, 9783590229062897
1787664524.391020, NoOp Chain Depth 128 Size 0 Mode ref, Ref Stage 39, run, start, 9783590229079329
1787664524.391042, NoOp Chain Depth 128 Size 0 Mode ref, Ref Stage 39, run, end, 9783590229101825
1787664524.391059, NoOp Chain Depth 128 Size 0 Mode ref, Ref Stage 40, run, start, 9783590229118865
1787664524.391081, NoOp Chain Depth 128 Size 0 Mode ref, Ref Stage 40, run, end, 9783590229140401
1787664524.391096, NoOp Chain Depth 128 Size 0 Mode ref, Ref Stage 41, run, start, 9783590229154657
1787664524.391116, NoOp Chain Depth 128 Size 0 Mode ref, Ref Stage 41, run, end, 9783590229175521
1787664524.391132, NoOp Chain Depth 128 Size 0 Mode ref, Ref Stage 42, run, start, 9783590229191057
1787664524.391153, NoOp Chain Depth 128 Size 0 Mode ref, Ref Stage 42, run, end, 9783590229212001
1787664524.391167, NoOp Chain Depth 128 Size 0 Mode ref, Ref Stage 43, run, start, 9783590229226417
1787664524.391263, NoOp Chain Depth 128 Size 0 Mode ref, Ref Stage 43, run, end, 9783590229322833
1787664524.391279, NoOp Chain Depth 128 Size 0 Mode ref, Ref Stage 44, run, start, 9783590229338673
1787664524.391301, NoOp Chain Depth 128 Size 0 Mode ref, Ref Stage 44, run, end, 9783590229360385
1787664524.391316, NoOp Chain Depth 128 Size 0 Mode ref, Ref Stage 45, run, start, 9783590229375041
1787664524.391739, NoOp Chain Depth 128 Size 0 Mode ref, Ref Stage 45, run, end, 9783590229798768
1787664524.391867, NoOp Chain Depth 128 Size 0 Mode ref, Ref Stage 46, run, start, 9783590229926544
1787664524.391890, NoOp Chain Depth 128 Size 0 Mode ref, Ref Stage 46, run, end, 9783590229949456
1787664524.391905, NoOp Chain Depth 128 Size 0 Mode ref, Ref Stage 47, run, start, 9783590229964160
1787664524.391926, NoOp Chain Depth 128 Size 0 Mode ref, Ref Stage 47, run, end, 9783590229985040
1787664524.391940, NoOp Chain Depth 128 Size 0 Mode ref, Ref Stage 48, run, start, 9783590229999440
1787664524.391966, NoOp Chain Depth 128 Size 0 Mode ref, Ref Stage 48, run, end, 9783590230024880
1787664524.391978, NoOp Chain Depth 128 Size 0 Mode ref, Ref Stage 49, run, start, 9783590230036736
1787664524.392010, NoOp Chain Depth 128 Size 0 Mode ref, Ref Stage 49, run, end, 9783590230069104
1787664524.392022, NoOp Chain Depth 128 Size 0 Mode ref, Ref Stage 50, run, start, 9783590230081120
1787664524.392052, NoOp Chain Depth 128 Size 0 Mode ref, Ref Stage 50, run, end, 9783590230111680
1787664524.392067, NoOp Chain Depth 128 Size 0 Mode ref, Ref Stage 51, run, start, 9783590230126384
1787664524.392088, NoOp Chain Depth 128 Size 0 Mode ref, Ref Stage 51, run, end, 9783590230147568
1787664524.392103, NoOp Chain Depth 128 Size 0 Mode ref, Ref Stage 52, run, start, 9783590230162160
1787664524.392124, NoOp Chain Depth 128 Size 0 Mode ref, Ref Stage 52, run, end, 9783590230182896
1787664524.392138, NoOp Chain Depth 128 Size 0 Mode ref, Ref Stage 53, run, start, 9783590230197216
1787664524.392159, NoOp Chain Depth 128 Size 0 Mode ref, Ref Stage 53, run, end, 9783590230217824
1787664524.392174, NoOp Chain Depth 128 Size 0 Mode ref, Ref Stage 54, run, start, 9783590230233632
1787664524.392195, NoOp Chain Depth 128 Size 0 Mode ref, Ref Stage 54, run, end, 9783590230254352
1787664524.392210, NoOp Chain Depth 128 Size 0 Mode ref, Ref Stage 55, run, start, 9783590230269520
1787664524.392231, NoOp Chain Depth 128 Size 0 Mode ref, Ref Stage 55, run, end, 9783590230290256
1787664524.392245, NoOp Chain Depth 128 Size 0 Mode ref, Ref Stage 56, run, start, 9783590230304448
1787664524.392267, NoOp Chain Depth 128 Size 0 Mode ref, Ref Stage 56, run, end, 9783590230326000
1787664524.392281, NoOp Chain Depth 128 Size 0 Mode ref, Ref Stage 57, run, start, 9783590230340176
1787664524.392301, NoOp Chain Depth 128 Size 0 Mode ref, Ref Stage 57, run, end, 9783590230360496
1787664524.392316, NoOp Chain Depth 128 Size 0 Mode ref, Ref Stage 58, run, start, 9783590230375552
1787664524.392338, NoOp Chain Depth 128 Size 0 Mode ref, Ref Stage 58, run, end, 9783590230396800
1787664524.392356, NoOp Chain Depth 128 Size 0 Mode ref, Ref Stage 59, run, start, 9783590230415360
1787664524.392378, NoOp Chain Depth 128 Size 0 Mode ref, Ref Stage 59, run, end, 9783590230437104
1787664524.392392, NoOp Chain Depth 128 Size 0 Mode ref, Ref Stage 60, run, start, 9783590230451344
1787664524.392418, NoOp Chain Depth 128 Size 0 Mode ref, Ref Stage 60, run, end, 9783590230477456
1787664524.392430, NoOp Chain Depth 128 Size 0 Mode ref, Ref Stage 61, run, start, 9783590230489072
1787664524.392460, NoOp Chain Depth 128 Size 0 Mode ref, Ref Stage 61, run, end, 9783590230519568
1787664524.392475, NoOp Chain Depth 128 Size 0 Mode ref, Ref Stage 62, run, start, 9783590230533856
1787664524.392495, NoOp Chain Depth 128 Size 0 Mode ref, Ref Stage 62, run, end, 9783590230554304
1787664524.392509, NoOp Chain Depth 128 Size 0 Mode ref, Ref Stage 63, run, start, 9783590230568624
1787664524.392531, NoOp Chain Depth 128 Size 0 Mode ref, Ref Stage 63, run, end, 9783590230589904
1787664524.392545, NoOp Chain Depth 128 Size 0 Mode ref, Ref Stage 64, run, start, 9783590230604032
1787664524.392567, NoOp Chain Depth 128 Size 0 Mode ref, Ref Stage 64, run, end, 9783590230626544
1787664524.392582, NoOp Chain Depth 128 Size 0 Mode ref, Ref Stage 65, run, start, 9783590230640848
1787664524.392602, NoOp Chain Depth 128 Size 0 Mode ref, Ref Stage 65, run, end, 9783590230661248
1787664524.392616, NoOp Chain Depth 128 Size 0 Mode ref, Ref Stage 66, run, start, 9783590230675376
1787664524.392637, NoOp Chain Depth 128 Size 0 Mode ref, Ref Stage 66, run, end, 9783590230696000
1787664524.392652, NoOp Chain Depth 128 Size 0 Mode ref, Ref Stage 67, run, start, 9783590230711136
1787664524.392674, NoOp Chain Depth 128 Size 0 Mode ref, Ref Stage 67, run, end, 9783590230732992
1787664524.392689, NoOp Chain Depth 128 Size 0 Mode ref, Ref Stage 68, run, start, 9783590230748032
1787664524.392711, NoOp Chain Depth 128 Size 0 Mode ref, Ref Stage 68, run, end, 9783590230770096
1787664524.392722, NoOp Chain Depth 128 Size 0 Mode ref, Ref Stage 69, run, start, 9783590230781680
1787664524.392753, NoOp Chain Depth 128 Size 0 Mode ref, Ref Stage 69, run, end, 9783590230812160
1787664524.392768, NoOp Chain Depth 128 Size 0 Mode ref, Ref Stage 70, run, start, 9783590230827440
1787664524.392789, NoOp Chain Depth 128 Size 0 Mode ref, Ref Stage 70, run, end, 9783590230847952
1787664524.392805, NoOp Chain Depth 128 Size 0 Mode ref, Ref Stage 71, run, start, 9783590230863872
1787664524.392825, NoOp Chain Depth 128 Size 0 Mode ref, Ref Stage 71, run, end, 9783590230884320
1787664524.392840, NoOp Chain Depth 128 Size 0 Mode ref, Ref Stage 72, run, start, 9783590230899296
1787664524.392864, NoOp Chain Depth 128 Size 0 Mode ref, Ref Stage 72, run, end, 9783590230922864
1787664524.392876, NoOp Chain Depth 128 Size 0 Mode ref, Ref Stage 73, run, start, 9783590230935408
1787664524.392906, NoOp Chain Depth 128 Size 0 Mode ref, Ref Stage 73, run, end, 9783590230965792
1787664524.392920, NoOp Chain Depth 128 Size 0 Mode ref, Ref Stage 74, run, start, 9783590230979984
1787664524.392941, NoOp Chain Depth 128 Size 0 Mode ref, Ref Stage 74, run, end, 9783590231001936
1787664524.392958, NoOp Chain Depth 128 Size 0 Mode ref, Ref Stage 75, run, start, 9783590231016976
1787664524.392981, NoOp Chain Depth 128 Size 0 Mode ref, Ref Stage 75, run, end, 9783590231040000
1787664524.392992, NoOp Chain Depth 128 Size 0 Mode ref, Ref Stage 76, run, start, 9783590231051488
1787664524.393024, NoOp Chain Depth 128 Size 0 Mode ref, Ref Stage 76, run, end, 9783590231083792
1787664524.393036, NoOp Chain Depth 128 Size 0 Mode ref, Ref Stage 77, run, start, 9783590231095360
1787664524.393068, NoOp Chain Depth 128 Size 0 Mode ref, Ref Stage 77, run, end, 9783590231127408
1787664524.393083, NoOp Chain Depth 128 Size 0 Mode ref, Ref Stage 78, run, start, 9783590231142192
1787664524.393104, NoOp Chain Depth 128 Size 0 Mode ref, Ref Stage 78, run, end, 9783590231163263
1787664524.393120, NoOp Chain Depth 128 Size 0 Mode ref, Ref Stage 79, run, start, 9783590231179215
1787664524.393141, NoOp Chain Depth 128 Size 0 Mode ref, Ref Stage 79, run, end, 9783590231200127
1787664524.393155, NoOp Chain Depth 128 Size 0 Mode ref, Ref Stage 80, run, start, 9783590231214735
1787664524.393177, NoOp Chain Depth 128 Size 0 Mode ref, Ref Stage 80, run, end, 9783590231236559
1787664524.393193, NoOp Chain Depth 128 Size 0 Mode ref, Ref Stage 81, run, start, 9783590231252351
1787664524.393217, NoOp Chain Depth 128 Size 0 Mode ref, Ref Stage 81, run, end, 9783590231276687
1787664524.393232, NoOp Chain Depth 128 Size 0 Mode ref, Ref Stage 82, run, start, 9783590231291311
1787664524.393253, NoOp Chain Depth 128 Size 0 Mode ref, Ref Stage 82, run, end, 9783590231312319
1787664524.393268, NoOp Chain Depth 128 Size 0 Mode ref, Ref Stage 83, run, start, 9783590231326863
1787664524.393288, NoOp Chain Depth 128 Size 0 Mode ref, Ref Stage 83, run, end, 9783590231347679
1787664524.393303, NoOp Chain Depth 128 Size 0 Mode ref, Ref Stage 84, run, start, 9783590231362175
1787664524.393324, NoOp Chain Depth 128 Size 0 Mode ref, Ref Stage 84, run, end, 9783590231383119
1787664524.393338, NoOp Chain Depth 128 Size 0 Mode ref, Ref Stage 85, run, start, 9783590231397695
1787664524.393360, NoOp Chain Depth 128 Size 0 Mode ref, Ref Stage 85, run, end, 9783590231419551
1787664524.393375, NoOp Chain Depth 128 Size 0 Mode ref, Ref Stage 86, run, start, 9783590231434303
1787664524.393397, NoOp Chain Depth 128 Size 0 Mode ref, Ref Stage 86, run, end, 9783590231455951
1787664524.393412, NoOp Chain Depth 128 Size 0 Mode ref, Ref Stage 87, run, start, 9783590231471727
1787664524.393435, NoOp Chain Depth 128 Size 0 Mode ref, Ref Stage 87, run, end, 9783590231493871
1787664524.393450, NoOp Chain Depth 128 Size 0 Mode ref, Ref Stage 88, run, start, 9783590231509327
1787664524.393472, NoOp Chain Depth 128 Size 0 Mode ref, Ref Stage 88, run, end, 9783590231531551
1787664524.393488, NoOp Chain Depth 128 Size 0 Mode ref, Ref Stage 89, run, start, 9783590231547775
1787664524.393510, NoOp Chain Depth 128 Size 0 Mode ref, Ref Stage 89, run, end, 9783590231568895
1787664524.393524, NoOp Chain Depth 128 Size 0 Mode ref, Ref Stage 90, run, start, 9783590231583551
1787664524.396954, NoOp Chain Depth 128 Size 0 Mode ref, Ref Stage 90, run, end, 9783590235014541
1787664524.397989, NoOp Chain Depth 128 Size 0 Mode ref, Ref Stage 91, run, start, 9783590236048700
1787664524.398016, NoOp Chain Depth 128 Size 0 Mode ref, Ref Stage 91, run, end, 9783590236075740
1787664524.398032, NoOp Chain Depth 128 Size 0 Mode ref, Ref Stage 92, run, start, 9783590236091484
1787664524.398054, NoOp Chain Depth 128 Size 0 Mode ref, Ref Stage 92, run, end, 9783590236113308
1787664524.398068, NoOp Chain Depth 128 Size 0 Mode ref, Ref Stage 93, run, start, 9783590236127740
1787664524.398090, NoOp Chain Depth 128 Size 0 Mode ref, Ref Stage 93, run, end, 9783590236148812
1787664524.398104, NoOp Chain Depth 128 Size 0 Mode ref, Ref Stage 94, run, start, 9783590236163356
1787664524.398125, NoOp Chain Depth 128 Size 0 Mode ref, Ref Stage 94, run, end, 9783590236184172
1787664524.398139, NoOp Chain Depth 128 Size 0 Mode ref, Ref Stage 95, run, start, 9783590236198668
1787664524.398160, NoOp Chain Depth 128 Size 0 Mode ref, Ref Stage 95, run, end, 9783590236219436
1787664524.398175, NoOp Chain Depth 128 Size 0 Mode ref, Ref Stage 96, run, start, 9783590236233580
1787664524.398195, NoOp Chain Depth 128 Size 0 Mode ref, Ref Stage 96, run, end, 9783590236254108
1787664524.398209, NoOp Chain Depth 128 Size 0 Mode ref, Ref Stage 97, run, start, 9783590236268428
1787664524.398230, NoOp Chain Depth 128 Size 0 Mode ref, Ref Stage 97, run, end, 9783590236288764
1787664524.398244, NoOp Chain Depth 128 Size 0 Mode ref, Ref Stage 98, run, start, 9783590236303036
1787664524.398264, NoOp Chain Depth 128 Size 0 Mode ref, Ref Stage 98, run, end, 9783590236323516
1787664524.398279, NoOp Chain Depth 128 Size 0 Mode ref, Ref Stage 99, run, start, 9783590236337772
1787664524.398299, NoOp Chain Depth 128 Size 0 Mode ref, Ref Stage 99, run, end, 9783590236358076
1787664524.398313, NoOp Chain Depth 128 Size 0 Mode ref, Ref Stage 100, run, start, 9783590236372396
1787664524.398334, NoOp Chain Depth 128 Size 0 Mode ref, Ref Stage 100, run, end, 9783590236392748
1787664524.398348, NoOp Chain Depth 128 Size 0 Mode ref, Ref Stage 101, run, start, 9783590236407244
1787664524.398369, NoOp Chain Depth 128 Size 0 Mode ref, Ref Stage 101, run, end, 9783590236428204
1787664524.398386, NoOp Chain Depth 128 Size 0 Mode ref, Ref Stage 102, run, start, 9783590236444940
1787664524.398407, NoOp Chain Depth 128 Size 0 Mode ref, Ref Stage 102, run, end, 9783590236465964
1787664524.398421, NoOp Chain Depth 128 Size 0 Mode ref, Ref Stage 103, run, start, 9783590236480588
1787664524.398442, NoOp Chain Depth 128 Size 0 Mode ref, Ref Stage 103, run, end, 9783590236501580
1787664524.398457, NoOp Chain Depth 128 Size 0 Mode ref, Ref Stage 104, run, start, 9783590236515980
1787664524.398478, NoOp Chain Depth 128 Size 0 Mode ref, Ref Stage 104, run, end, 9783590236536748
1787664524.398492, NoOp Chain Depth 128 Size 0 Mode ref, Ref Stage 105, run, start, 9783590236551292
1787664524.398515, NoOp Chain Depth 128 Size 0 Mode ref, Ref Stage 105, run, end, 9783590236574332
1787664524.398715, NoOp Chain Depth 128 Size 0 Mode ref, Ref Stage 106, run, start, 9783590236775100
1787664524.398845, NoOp Chain Depth 128 Size 0 Mode ref, Ref Stage 106, run, end, 9783590236904492
1787664524.398860, NoOp Chain Depth 128 Size 0 Mode ref, Ref Stage 107, run, start, 9783590236919724
1787664524.398882, NoOp Chain Depth 128 Size 0 Mode ref, Ref Stage 107, run, end, 9783590236941084
1787664524.398896, NoOp Chain Depth 128 Size 0 Mode ref, Ref Stage 108, run, start, 9783590236955804
1787664524.398917, NoOp Chain Depth 128 Size 0 Mode ref, Ref Stage 108, run, end, 9783590236976396
1787664524.398932, NoOp Chain Depth 128 Size 0 Mode ref, Ref Stage 109, run, start, 9783590236990940
1787664524.398956, NoOp Chain Depth 128 Size 0 Mode ref, Ref Stage 109, run, end, 9783590237015356
1787664524.398968, NoOp Chain Depth 128 Size 0 Mode ref, Ref Stage 110, run, start, 9783590237027276
1787664524.399000, NoOp Chain Depth 128 Size 0 Mode ref, Ref Stage 110, run, end, 9783590237059084
1787664524.399014, NoOp Chain Depth 128 Size 0 Mode ref, Ref Stage 111, run, start, 9783590237073324
1787664524.399035, NoOp Chain Depth 128 Size 0 Mode ref, Ref Stage 111, run, end, 9783590237093740
1787664524.399049, NoOp Chain Depth 128 Size 0 Mode ref, Ref Stage 112, run, start, 9783590237108204
1787664524.399070, NoOp Chain Depth 128 Size 0 Mode ref, Ref Stage 112, run, end, 9783590237129164
1787664524.399084, NoOp Chain Depth 128 Size 0 Mode ref, Ref Stage 113, run, start, 9783590237143340
1787664524.399105, NoOp Chain Depth 128 Size 0 Mode ref, Ref Stage 113, run, end, 9783590237164252
1787664524.399120, NoOp Chain Depth 128 Size 0 Mode ref, Ref Stage 114, run, start, 9783590237178796
1787664524.399143, NoOp Chain Depth 128 Size 0 Mode ref, Ref Stage 114, run, end, 9783590237202204
1787664524.399154, NoOp Chain Depth 128 Size 0 Mode ref, Ref Stage 115, run, start, 9783590237213772
1787664524.399186, NoOp Chain Depth 128 Size 0 Mode ref, Ref Stage 115, run, end, 9783590237244956
1787664524.399200, NoOp Chain Depth 128 Size 0 Mode ref, Ref Stage 116, run, start, 9783590237259563
1787664524.399221, NoOp Chain Depth 128 Size 0 Mode ref, Ref Stage 116, run, end, 9783590237280427
1787664524.399235, NoOp Chain Depth 128 Size 0 Mode ref, Ref Stage 117, run, start, 9783590237294827
1787664524.399256, NoOp Chain Depth 128 Size 0 Mode ref, Ref Stage 117, run, end, 9783590237315627
1787664524.399271, NoOp Chain Depth 128 Size 0 Mode ref, Ref Stage 118, run, start, 9783590237329835
1787664524.399293, NoOp Chain Depth 128 Size 0 Mode ref, Ref Stage 118, run, end, 9783590237352299
1787664524.399304, NoOp Chain Depth 128 Size 0 Mode ref, Ref Stage 119, run, start, 9783590237363851
1787664524.399335, NoOp Chain Depth 128 Size 0 Mode ref, Ref Stage 119, run, end, 9783590237394699
1787664524.399350, NoOp Chain Depth 128 Size 0 Mode ref, Ref Stage 120, run, start, 9783590237408923
1787664524.399370, NoOp Chain Depth 128 Size 0 Mode ref, Ref Stage 120, run, end, 9783590237429435
1787664524.399384, NoOp Chain Depth 128 Size 0 Mode ref, Ref Stage 121, run, start, 9783590237443851
1787664524.399405, NoOp Chain Depth 128 Size 0 Mode ref, Ref Stage 121, run, end, 9783590237464507
1787664524.399420, NoOp Chain Depth 128 Size 0 Mode ref, Ref Stage 122, run, start, 9783590237478955
1787664524.399442, NoOp Chain Depth 128 Size 0 Mode ref, Ref Stage 122, run, end, 9783590237501691
1787664524.399457, NoOp Chain Depth 128 Size 0 Mode ref, Ref Stage 123, run, start, 9783590237515931
1787664524.399477, NoOp Chain Depth 128 Size 0 Mode ref, Ref Stage 123, run, end, 9783590237536507
1787664524.399492, NoOp Chain Depth 128 Size 0 Mode ref, Ref Stage 124, run, start, 9783590237550891
1787664524.399513, NoOp Chain Depth 128 Size 0 Mode ref, Ref Stage 124, run, end, 9783590237571771
1787664524.399527, NoOp Chain Depth 128 Size 0 Mode ref, Ref Stage 125, run, start, 9783590237586123
1787664524.399548, NoOp Chain Depth 128 Size 0 Mode ref, Ref Stage 125, run, end, 9783590237606747
1787664524.399562, NoOp Chain Depth 128 Size 0 Mode ref, Ref Stage 126, run, start, 9783590237621099
1787664524.399583, NoOp Chain Depth 128 Size 0 Mode ref, Ref Stage 126, run, end, 9783590237641835
1787664524.399597, NoOp Chain Depth 128 Size 0 Mode ref, Ref Stage 127, run, start, 9783590237656475
1787664524.399618, NoOp Chain Depth 128 Size 0 Mode ref, Ref Stage 127, run, end, 9783590237676875
1787664524.399632, NoOp Chain Depth 128 Size 0 Mode ref, pipeline - train, run, end, 317725375812474134756465915413513153932, 1787664524.388588, 87, 1, 9783590237691707
1787664524.399668, NoOp Chain Depth 128 Size 0 Mode ref, pipeline - train, run, start, 67869519246504731317803432099249452382, 1787664524.399657, 88, 1, 9783590237727291
1787664524.399690, NoOp Chain Depth 128 Size 0 Mode ref, Ref Stage 0, run, start, 9783590237749771
1787664524.399711, NoOp Chain Depth 128 Size 0 Mode ref, Ref Stage 0, run, end, 9783590237770571
1787664524.399726, NoOp Chain Depth 128 Size 0 Mode ref, Ref Stage 1, run, start, 9783590237785051
1787664524.399747, NoOp Chain Depth 128 Size 0 Mode ref, Ref Stage 1, run, end, 9783590237805963
1787664524.399762, NoOp Chain Depth 128 Size 0 Mode ref, Ref Stage 2, run, start, 9783590237821083
1787664524.399783, NoOp Chain Depth 128 Size 0 Mode ref, Ref Stage 2, run, end, 9783590237842187
1787664524.399797, NoOp Chain Depth 128 Size 0 Mode ref, Ref Stage 3, run, start, 9783590237856603
1787664524.399818, NoOp Chain Depth 128 Size 0 Mode ref, Ref Stage 3, run, end, 9783590237877419
1787664524.399832, NoOp Chain Depth 128 Size 0 Mode ref, Ref Stage 4, run, start, 9783590237891739
1787664524.399853, NoOp Chain Depth 128 Size 0 Mode ref, Ref Stage 4, run, end, 9783590237912571
1787664524.399868, NoOp Chain Depth 128 Size 0 Mode ref, Ref Stage 5, run, start, 9783590237926843
1787664524.399890, NoOp Chain Depth 128 Size 0 Mode ref, Ref Stage 5, run, end, 9783590237949739
1787664524.399902, NoOp Chain Depth 128 Size 0 Mode ref, Ref Stage 6, run, start, 9783590237961355
1787664524.399932, NoOp Chain Depth 128 Size 0 Mode ref, Ref Stage 6, run, end, 9783590237991707
1787664524.399948, NoOp Chain Depth 128 Size 0 Mode ref, Ref Stage 7, run, start, 9783590238007499
1787664524.399970, NoOp Chain Depth 128 Size 0 Mode ref, Ref Stage 7, run, end, 9783590238028891
1787664524.399984, NoOp Chain Depth 128 Size 0 Mode ref, Ref Stage 8, run, start, 9783590238043147
1787664524.400005, NoOp Chain Depth 128 Size 0 Mode ref, Ref Stage 8, run, end, 9783590238064123
1787664524.400019, NoOp Chain Depth 128 Size 0 Mode ref, Ref Stage 9, run, start, 9783590238078459
1787664524.400041, NoOp Chain Depth 128 Size 0 Mode ref, Ref Stage 9, run, end, 9783590238100507
1787664524.400053, NoOp Chain Depth 128 Size 0 Mode ref, Ref Stage 10, run, start, 9783590238111995
1787664524.400084, NoOp Chain Depth 128 Size 0 Mode ref, Ref Stage 10, run, end, 9783590238142907
1787664524.400098, NoOp Chain Depth 128 Size 0 Mode ref, Ref Stage 11, run, start, 9783590238157259
1787664524.400119, NoOp Chain Depth 128 Size 0 Mode ref, Ref Stage 11, run, end, 9783590238178091
1787664524.400133, NoOp Chain Depth 128 Size 0 Mode ref, Ref Stage 12, run, start, 9783590238192443
1787664524.400154, NoOp Chain Depth 128 Size 0 Mode ref, Ref Stage 12, run, end, 9783590238213403
1787664524.400169, NoOp Chain Depth 128 Size 0 Mode ref, Ref Stage 13, run, start, 9783590238227899
1787664524.400192, NoOp Chain Depth 128 Size 0 Mode ref, Ref Stage 13, run, end, 9783590238250859
1787664524.400206, NoOp Chain Depth 128 Size 0 Mode ref, Ref Stage 14, run, start, 9783590238265323
1787664524.400227, NoOp Chain Depth 128 Size 0 Mode ref, Ref Stage 14, run, end, 9783590238286379
1787664524.400242, NoOp Chain Depth 128 Size 0 Mode ref, Ref Stage 15, run, start, 9783590238301483
1787664524.400263, NoOp Chain Depth 128 Size 0 Mode ref, Ref Stage 15, run, end, 9783590238322379
1787664524.400279, NoOp Chain Depth 128 Size 0 Mode ref, Ref Stage 16, run, start, 9783590238337675
1787664524.400309, NoOp Chain Depth 128 Size 0 Mode ref, Ref Stage 16, run, end, 9783590238368107
1787664524.400740, NoOp Chain Depth 128 Size 0 Mode ref, Ref Stage 17, run, start, 9783590238800202
1787664524.400878, NoOp Chain Depth 128 Size 0 Mode ref, Ref Stage 17, run, end, 9783590238938074
1787664524.400894, NoOp Chain Depth 128 Size 0 Mode ref, Ref Stage 18, run, start, 9783590238953722
1787664524.400916, NoOp Chain Depth 128 Size 0 Mode ref, Ref Stage 18, run, end, 9783590238974826
1787664524.400930, NoOp Chain Depth 128 Size 0 Mode ref, Ref Stage 19, run, start, 9783590238989402
1787664524.400964, NoOp Chain Depth 128 Size 0 Mode ref, Ref Stage 19, run, end, 9783590239023418
1787664524.400980, NoOp Chain Depth 128 Size 0 Mode ref, Ref Stage 20, run, start, 9783590239039402
1787664524.401002, NoOp Chain Depth 128 Size 0 Mode ref, Ref Stage 20, run, end, 9783590239061050
1787664524.401016, NoOp Chain Depth 128 Size 0 Mode ref, Ref Stage 21, run, start, 9783590239075930
1787664524.401040, NoOp Chain Depth 128 Size 0 Mode ref, Ref Stage 21, run, end, 9783590239099194
1787664524.401052, NoOp Chain Depth 128 Size 0 Mode ref, Ref Stage 22, run, start, 9783590239111338
1787664524.401084, NoOp Chain Depth 128 Size 0 Mode ref, Ref Stage 22, run, end, 9783590239143738
1787664524.401099, NoOp Chain Depth 128 Size 0 Mode ref, Ref Stage 23, run, start, 9783590239158426
1787664524.401120, NoOp Chain Depth 128 Size 0 Mode ref, Ref Stage 23, run, end, 9783590239179338
1787664524.401134, NoOp Chain Depth 128 Size 0 Mode ref, Ref Stage 24, run, start, 9783590239193914
1787664524.401155, NoOp Chain Depth 128 Size 0 Mode ref, Ref Stage 24, run, end, 9783590239214906
1787664524.401171, NoOp Chain Depth 128 Size 0 Mode ref, Ref Stage 25, run, start, 9783590239230058
1787664524.401495, NoOp Chain Depth 128 Size 0 Mode ref, Ref Stage 25, run, end, 9783590239555290
1787664524.401621, NoOp Chain Depth 128 Size 0 Mode ref, Ref Stage 26, run, start, 9783590239680778
1787664524.401644, NoOp Chain Depth 128 Size 0 Mode ref, Ref Stage 26, run, end, 9783590239703962
1787664524.401660, NoOp Chain Depth 128 Size 0 Mode ref, Ref Stage 27, run, start, 9783590239718890
1787664524.401681, NoOp Chain Depth 128 Size 0 Mode ref, Ref Stage 27, run, end, 9783590239740378
1787664524.401696, NoOp Chain Depth 128 Size 0 Mode ref, Ref Stage 28, run, start, 9783590239755098
1787664524.401717, NoOp Chain Depth 128 Size 0 Mode ref, Ref Stage 28, run, end, 9783590239775946
1787664524.401731, NoOp Chain Depth 128 Size 0 Mode ref, Ref Stage 29, run, start, 9783590239790522
1787664524.401752, NoOp Chain Depth 128 Size 0 Mode ref, Ref Stage 29, run, end, 9783590239811738
1787664524.401767, NoOp Chain Depth 128 Size 0 Mode ref, Ref Stage 30, run, start, 9783590239826122
1787664524.401789, NoOp Chain Depth 128 Size 0 Mode ref, Ref Stage 30, run, end, 9783590239848794
1787664524.401801, NoOp Chain Depth 128 Size 0 Mode ref, Ref Stage 31, run, start, 9783590239860698
1787664524.401833, NoOp Chain Depth 128 Size 0 Mode ref, Ref Stage 31, run, end, 9783590239892282
1787664524.401848, NoOp Chain Depth 128 Size 0 Mode ref, Ref Stage 32, run, start, 9783590239906858
1787664524.401875, NoOp Chain Depth 128 Size 0 Mode ref, Ref Stage 32, run, end, 9783590239933642
1787664524.401889, NoOp Chain Depth 128 Size 0 Mode ref, Ref Stage 33, run, start, 9783590239948266
1787664524.401910, NoOp Chain Depth 128 Size 0 Mode ref, Ref Stage 33, run, end, 9783590239968810
1787664524.401927, NoOp Chain Depth 128 Size 0 Mode ref, Ref Stage 34, run, start, 9783590239985818
1787664524.401950, NoOp Chain Depth 128 Size 0 Mode ref, Ref Stage 34, run, end, 9783590240009722
1787664524.401966, NoOp Chain Depth 128 Size 0 Mode ref, Ref Stage 35, run, start, 9783590240025034
1787664524.401986, NoOp Chain Depth 128 Size 0 Mode ref, Ref Stage 35, run, end, 9783590240045610
1787664524.402001, NoOp Chain Depth 128 Size 0 Mode ref, Ref Stage 36, run, start, 9783590240060122
1787664524.402023, NoOp Chain Depth 128 Size 0 Mode ref, Ref Stage 36, run, end, 9783590240083594
1787664524.402040, NoOp Chain Depth 128 Size 0 Mode ref, Ref Stage 37, run, start, 9783590240098890
1787664524.402061, NoOp Chain Depth 128 Size 0 Mode ref, Ref Stage 37, run, end, 9783590240120554
1787664524.402077, NoOp Chain Depth 128 Size 0 Mode ref, Ref Stage 38, run, start, 9783590240136074
1787664524.402097, NoOp Chain Depth 128 Size 0 Mode ref, Ref Stage 38, run, end, 9783590240156698
1787664524.402112, NoOp Chain Depth 128 Size 0 Mode ref, Ref Stage 39, run, start, 9783590240171226
1787664524.402133, NoOp Chain Depth 128 Size 0 Mode ref, Ref Stage 39, run, end, 9783590240192826
1787664524.402148, NoOp Chain Depth 128 Size 0 Mode ref, Ref Stage 40, run, start, 9783590240206986
1787664524.402168, NoOp Chain Depth 128 Size 0 Mode ref, Ref Stage 40, run, end, 9783590240227402
1787664524.402182, NoOp Chain Depth 128 Size 0 Mode ref, Ref Stage 41, run, start, 9783590240241610
1787664524.402203, NoOp Chain Depth 128 Size 0 Mode ref, Ref Stage 41, run, end, 9783590240262297
1787664524.402217, NoOp Chain Depth 128 Size 0 Mode ref, Ref Stage 42, run, start, 9783590240276425
1787664524.402244, NoOp Chain Depth 128 Size 0 Mode ref, Ref Stage 42, run, end, 9783590240302937
1787664524.402258, NoOp Chain Depth 128 Size 0 Mode ref, Ref Stage 43, run, start, 9783590240317193
1787664524.402279, NoOp Chain Depth 128 Size 0 Mode ref, Ref Stage 43, run, end, 9783590240337801
1787664524.402293, NoOp Chain Depth 128 Size 0 Mode ref, Ref Stage 44, run, start, 9783590240351865
1787664524.402315, NoOp Chain Depth 128 Size 0 Mode ref, Ref Stage 44, run, end, 9783590240374233
1787664524.402327, NoOp Chain Depth 128 Size 0 Mode ref, Ref Stage 45, run, start, 9783590240385801
1787664524.402357, NoOp Chain Depth 128 Size 0 Mode ref, Ref Stage 45, run, end, 9783590240416057
1787664524.402371, NoOp Chain Depth 128 Size 0 Mode ref, Ref Stage 46, run, start, 9783590240430249
1787664524.402392, NoOp Chain Depth 128 Size 0 Mode ref, Ref Stage 46, run, end, 9783590240451273
1787664524.402406, NoOp Chain Depth 128 Size 0 Mode ref, Ref Stage 47, run, start, 9783590240465641
1787664524.402427, NoOp Chain Depth 128 Size 0 Mode ref, Ref Stage 47, run, end, 9783590240486521
1787664524.402442, NoOp Chain Depth 128 Size 0 Mode ref, Ref Stage 48, run, start, 9783590240500697
1787664524.402465, NoOp Chain Depth 128 Size 0 Mode ref, Ref Stage 48, run, end, 9783590240524297
1787664524.402477, NoOp Chain Depth 128 Size 0 Mode ref, Ref Stage 49, run, start, 9783590240535929
1787664524.402510, NoOp Chain Depth 128 Size 0 Mode ref, Ref Stage 49, run, end, 9783590240569049
1787664524.402521, NoOp Chain Depth 128 Size 0 Mode ref, Ref Stage 50, run, start, 9783590240580825
1787664524.402553, NoOp Chain Depth 128 Size 0 Mode ref, Ref Stage 50, run, end, 9783590240612745
1787664524.402569, NoOp Chain Depth 128 Size 0 Mode ref, Ref Stage 51, run, start, 9783590240628153
1787664524.402589, NoOp Chain Depth 128 Size 0 Mode ref, Ref Stage 51, run, end, 9783590240648793
1787664524.402604, NoOp Chain Depth 128 Size 0 Mode ref, Ref Stage 52, run, start, 9783590240663225
1787664524.402626, NoOp Chain Depth 128 Size 0 Mode ref, Ref Stage 52, run, end, 9783590240684713
1787664524.402640, NoOp Chain Depth 128 Size 0 Mode ref, Ref Stage 53, run, start, 9783590240699049
1787664524.402662, NoOp Chain Depth 128 Size 0 Mode ref, Ref Stage 53, run, end, 9783590240721353
1787664524.402677, NoOp Chain Depth 128 Size 0 Mode ref, Ref Stage 54, run, start, 9783590240735785
1787664524.402697, NoOp Chain Depth 128 Size 0 Mode ref, Ref Stage 54, run, end, 9783590240756393
1787664524.402715, NoOp Chain Depth 128 Size 0 Mode ref, Ref Stage 55, run, start, 9783590240773865
1787664524.402735, NoOp Chain Depth 128 Size 0 Mode ref, Ref Stage 55, run, end, 9783590240794633
1787664524.402750, NoOp Chain Depth 128 Size 0 Mode ref, Ref Stage 56, run, start, 9783590240809721
1787664524.402771, NoOp Chain Depth 128 Size 0 Mode ref, Ref Stage 56, run, end, 9783590240830457
1787664524.402785, NoOp Chain Depth 128 Size 0 Mode ref, Ref Stage 57, run, start, 9783590240844681
1787664524.402806, NoOp Chain Depth 128 Size 0 Mode ref, Ref Stage 57, run, end, 9783590240865209
1787664524.402822, NoOp Chain Depth 128 Size 0 Mode ref, Ref Stage 58, run, start, 9783590240880953
1787664524.402845, NoOp Chain Depth 128 Size 0 Mode ref, Ref Stage 58, run, end, 9783590240904649
1787664524.403256, NoOp Chain Depth 128 Size 0 Mode ref, Ref Stage 59, run, start, 9783590241316665
1787664524.403394, NoOp Chain Depth 128 Size 0 Mode ref, Ref Stage 59, run, end, 9783590241453961
1787664524.403410, NoOp Chain Depth 128 Size 0 Mode ref, Ref Stage 60, run, start, 9783590241469641
1787664524.403432, NoOp Chain Depth 128 Size 0 Mode ref, Ref Stage 60, run, end, 9783590241491177
1787664524.403446, NoOp Chain Depth 128 Size 0 Mode ref, Ref Stage 61, run, start, 9783590241505881
1787664524.403469, NoOp Chain Depth 128 Size 0 Mode ref, Ref Stage 61, run, end, 9783590241528713
1787664524.403481, NoOp Chain Depth 128 Size 0 Mode ref, Ref Stage 62, run, start, 9783590241540905
1787664524.403514, NoOp Chain Depth 128 Size 0 Mode ref, Ref Stage 62, run, end, 9783590241572873
1787664524.403528, NoOp Chain Depth 128 Size 0 Mode ref, Ref Stage 63, run, start, 9783590241587881
1787664524.403550, NoOp Chain Depth 128 Size 0 Mode ref, Ref Stage 63, run, end, 9783590241609801
1787664524.403565, NoOp Chain Depth 128 Size 0 Mode ref, Ref Stage 64, run, start, 9783590241624713
1787664524.403587, NoOp Chain Depth 128 Size 0 Mode ref, Ref Stage 64, run, end, 9783590241646361
1787664524.403602, NoOp Chain Depth 128 Size 0 Mode ref, Ref Stage 65, run, start, 9783590241661305
1787664524.403625, NoOp Chain Depth 128 Size 0 Mode ref, Ref Stage 65, run, end, 9783590241684361
1787664524.403640, NoOp Chain Depth 128 Size 0 Mode ref, Ref Stage 66, run, start, 9783590241699033
1787664524.403773, NoOp Chain Depth 128 Size 0 Mode ref, Ref Stage 66, run, end, 9783590241833416
1787664524.403792, NoOp Chain Depth 128 Size 0 Mode ref, Ref Stage 67, run, start, 9783590241851816
1787664524.403816, NoOp Chain Depth 128 Size 0 Mode ref, Ref Stage 67, run, end, 9783590241874680
1787664524.403831, NoOp Chain Depth 128 Size 0 Mode ref, Ref Stage 68, run, start, 9783590241889720
1787664524.403852, NoOp Chain Depth 128 Size 0 Mode ref, Ref Stage 68, run, end, 9783590241911224
1787664524.403868, NoOp Chain Depth 128 Size 0 Mode ref, Ref Stage 69, run, start, 9783590241927272
1787664524.403891, NoOp Chain Depth 128 Size 0 Mode ref, Ref Stage 69, run, end, 9783590241950248
1787664524.403904, NoOp Chain Depth 128 Size 0 Mode ref, Ref Stage 70, run, start, 9783590241963848
1787664524.403936, NoOp Chain Depth 128 Size 0 Mode ref, Ref Stage 70, run, end, 9783590241995688
1787664524.403954, NoOp Chain Depth 128 Size 0 Mode ref, Ref Stage 71, run, start, 9783590242013128
1787664524.403977, NoOp Chain Depth 128 Size 0 Mode ref, Ref Stage 71, run, end, 9783590242036216
1787664524.403992, NoOp Chain Depth 128 Size 0 Mode ref, Ref Stage 72, run, start, 9783590242051080
1787664524.404015, NoOp Chain Depth 128 Size 0 Mode ref, Ref Stage 72, run, end, 9783590242073992
1787664524.404027, NoOp Chain Depth 128 Size 0 Mode ref, Ref Stage 73, run, start, 9783590242086824
1787664524.404059, NoOp Chain Depth 128 Size 0 Mode ref, Ref Stage 73, run, end, 9783590242118728
1787664524.404074, NoOp Chain Depth 128 Size 0 Mode ref, Ref Stage 74, run, start, 9783590242133400
1787664524.404098, NoOp Chain Depth 128 Size 0 Mode ref, Ref Stage 74, run, end, 9783590242156984
1787664524.404112, NoOp Chain Depth 128 Size 0 Mode ref, Ref Stage 75, run, start, 9783590242171656
1787664524.404138, NoOp Chain Depth 128 Size 0 Mode ref, Ref Stage 75, run, end, 9783590242197048
1787664524.404465, NoOp Chain Depth 128 Size 0 Mode ref, Ref Stage 76, run, start, 9783590242525400
1787664524.404601, NoOp Chain Depth 128 Size 0 Mode ref, Ref Stage 76, run, end, 9783590242660696
1787664524.404614, NoOp Chain Depth 128 Size 0 Mode ref, Ref Stage 77, run, start, 9783590242673208
1787664524.404646, NoOp Chain Depth 128 Size 0 Mode ref, Ref Stage 77, run, end, 9783590242704904
1787664524.404660, NoOp Chain Depth 128 Size 0 Mode ref, Ref Stage 78, run, start, 9783590242719320
1787664524.404681, NoOp Chain Depth 128 Size 0 Mode ref, Ref Stage 78, run, end, 9783590242740152
1787664524.404695, NoOp Chain Depth 128 Size 0 Mode ref, Ref Stage 79, run, start, 9783590242754664
1787664524.404716, NoOp Chain Depth 128 Size 0 Mode ref, Ref Stage 79, run, end, 9783590242775240
1787664524.404730, NoOp Chain Depth 128 Size 0 Mode ref, Ref Stage 80, run, start, 9783590242789608
1787664524.404751, NoOp Chain Depth 128 Size 0 Mode ref, Ref Stage 80, run, end, 9783590242810392
1787664524.404765, NoOp Chain Depth 128 Size 0 Mode ref, Ref Stage 81, run, start, 9783590242824616
1787664524.404786, NoOp Chain Depth 128 Size 0 Mode ref, Ref Stage 81, run, end, 9783590242845144
1787664524.404800, NoOp Chain Depth 128 Size 0 Mode ref, Ref Stage 82, run, start, 9783590242859384
1787664524.404822, NoOp Chain Depth 128 Size 0 Mode ref, Ref Stage 82, run, end, 9783590242881432
1787664524.404837, NoOp Chain Depth 128 Size 0 Mode ref, Ref Stage 83, run, start, 9783590242895800
1787664524.404857, NoOp Chain Depth 128 Size 0 Mode ref, Ref Stage 83, run, end, 9783590242916488
1787664524.404871, NoOp Chain Depth 128 Size 0 Mode ref, Ref Stage 84, run, start, 9783590242930712
1787664524.404893, NoOp Chain Depth 128 Size 0 Mode ref, Ref Stage 84, run, end, 9783590242952120
1787664524.404907, NoOp Chain Depth 128 Size 0 Mode ref, Ref Stage 85, run, start, 9783590242966280
1787664524.404927, NoOp Chain Depth 128 Size 0 Mode ref, Ref Stage 85, run, end, 9783590242986744
1787664524.404942, NoOp Chain Depth 128 Size 0 Mode ref, Ref Stage 86, run, start, 9783590243003112
1787664524.404965, NoOp Chain Depth 128 Size 0 Mode ref, Ref Stage 86, run, end, 9783590243024488
1787664524.404980, NoOp Chain Depth 128 Size 0 Mode ref, Ref Stage 87, run, start, 9783590243039480
1787664524.405001, NoOp Chain Depth 128 Size 0 Mode ref, Ref Stage 87, run, end, 9783590243059960
1787664524.405015, NoOp Chain Depth 128 Size 0 Mode ref, Ref Stage 88, run, start, 9783590243074280
1787664524.405035, NoOp Chain Depth 128 Size 0 Mode ref, Ref Stage 88, run, end, 9783590243094824
1787664524.405050, NoOp Chain Depth 128 Size 0 Mode ref, Ref Stage 89, run, start, 9783590243110136
1787664524.405078, NoOp Chain Depth 128 Size 0 Mode ref, Ref Stage 89, run, end, 9783590243137816
1787664524.405091, NoOp Chain Depth 128 Size 0 Mode ref, Ref Stage 90, run, start, 9783590243150184
1787664524.405122, NoOp Chain Depth 128 Size 0 Mode ref, Ref Stage 90, run, end, 9783590243180616
1787664524.405138, NoOp Chain Depth 128 Size 0 Mode ref, Ref Stage 91, run, start, 9783590243197000
1787664524.405159, NoOp Chain Depth 128 Size 0 Mode ref, Ref Stage 91, run, end, 9783590243217960
1787664524.405173, NoOp Chain Depth 128 Size 0 Mode ref, Ref Stage 92, run, start, 9783590243232248
1787664524.405194, NoOp Chain Depth 128 Size 0 Mode ref, Ref Stage 92, run, end, 9783590243252936
1787664524.405208, NoOp Chain Depth 128 Size 0 Mode ref, Ref Stage 93, run, start, 9783590243267240
1787664524.405229, NoOp Chain Depth 128 Size 0 Mode ref, Ref Stage 93, run, end, 9783590243287624
1787664524.405243, NoOp Chain Depth 128 Size 0 Mode ref, Ref Stage 94, run, start, 9783590243302648
1787664524.405265, NoOp Chain Depth 128 Size 0 Mode ref, Ref Stage 94, run, end, 9783590243324296
1787664524.405279, NoOp Chain Depth 128 Size 0 Mode ref, Ref Stage 95, run, start, 9783590243338600
1787664524.405300, NoOp Chain Depth 128 Size 0 Mode ref, Ref Stage 95, run, end, 9783590243359751
1787664524.405317, NoOp Chain Depth 128 Size 0 Mode ref, Ref Stage 96, run, start, 9783590243375879
1787664524.405337, NoOp Chain Depth 128 Size 0 Mode ref, Ref Stage 96, run, end, 9783590243396407
1787664524.405351, NoOp Chain Depth 128 Size 0 Mode ref, Ref Stage 97, run, start, 9783590243410663
1787664524.405373, NoOp Chain Depth 128 Size 0 Mode ref, Ref Stage 97, run, end, 9783590243431767
1787664524.405387, NoOp Chain Depth 128 Size 0 Mode ref, Ref Stage 98, run, start, 9783590243446103
1787664524.405407, NoOp Chain Depth 128 Size 0 Mode ref, Ref Stage 98, run, end, 9783590243466679
1787664524.405422, NoOp Chain Depth 128 Size 0 Mode ref, Ref Stage 99, run, start, 9783590243481031
1787664524.405442, NoOp Chain Depth 128 Size 0 Mode ref, Ref Stage 99, run, end, 9783590243501879
1787664524.405457, NoOp Chain Depth 128 Size 0 Mode ref, Ref Stage 100, run, start, 9783590243516215
1787664524.405479, NoOp Chain Depth 128 Size 0 Mode ref, Ref Stage 100, run, end, 9783590243537783
1787664524.405493, NoOp Chain Depth 128 Size 0 Mode ref, Ref Stage 101, run, start, 9783590243552023
1787664524.405514, NoOp Chain Depth 128 Size 0 Mode ref, Ref Stage 101, run, end, 9783590243572727
1787664524.405528, NoOp Chain Depth 128 Size 0 Mode ref, Ref Stage 102, run, start, 9783590243587063
1787664524.405549, NoOp Chain Depth 128 Size 0 Mode ref, Ref Stage 102, run, end, 9783590243608247
1787664524.405563, NoOp Chain Depth 128 Size 0 Mode ref, Ref Stage 103, run, start, 9783590243622407
1787664524.405585, NoOp Chain Depth 128 Size 0 Mode ref, Ref Stage 103, run, end, 9783590243644215
1787664524.405599, NoOp Chain Depth 128 Size 0 Mode ref, Ref Stage 104, run, start, 9783590243658503
1787664524.405620, NoOp Chain Depth 128 Size 0 Mode ref, Ref Stage 104, run, end, 9783590243679111
1787664524.405634, NoOp Chain Depth 128 Size 0 Mode ref, Ref Stage 105, run, start, 9783590243693447
1787664524.405656, NoOp Chain Depth 128 Size 0 Mode ref, Ref Stage 105, run, end, 9783590243714727
1787664524.405670, NoOp Chain Depth 128 Size 0 Mode ref, Ref Stage 106, run, start, 9783590243729607
1787664524.405691, NoOp Chain Depth 128 Size 0 Mode ref, Ref Stage 106, run, end, 9783590243750503
1787664524.405706, NoOp Chain Depth 128 Size 0 Mode ref, Ref Stage 107, run, start, 9783590243764919
1787664524.405729, NoOp Chain Depth 128 Size 0 Mode ref, Ref Stage 107, run, end, 9783590243787783
1787664524.406283, NoOp Chain Depth 128 Size 0 Mode ref, Ref Stage 108, run, start, 9783590244343703
1787664524.406419, NoOp Chain Depth 128 Size 0 Mode ref, Ref Stage 108, run, end, 9783590244478551
1787664524.406435, NoOp Chain Depth 128 Size 0 Mode ref, Ref Stage 109, run, start, 9783590244494519
1787664524.406457, NoOp Chain Depth 128 Size 0 Mode ref, Ref Stage 109, run, end, 9783590244515975
1787664524.406471, NoOp Chain Depth 128 Size 0 Mode ref, Ref Stage 110, run, start, 9783590244530775
1787664524.406492, NoOp Chain Depth 128 Size 0 Mode ref, Ref Stage 110, run, end, 9783590244551591
1787664524.406507, NoOp Chain Depth 128 Size 0 Mode ref, Ref Stage 111, run, start, 9783590244566087
1787664524.406529, NoOp Chain Depth 128 Size 0 Mode ref, Ref Stage 111, run, end, 9783590244588327
1787664524.406541, NoOp Chain Depth 128 Size 0 Mode ref, Ref Stage 112, run, start, 9783590244600471
1787664524.406575, NoOp Chain Depth 128 Size 0 Mode ref, Ref Stage 112, run, end, 9783590244634327
1787664524.406590, NoOp Chain Depth 128 Size 0 Mode ref, Ref Stage 113, run, start, 9783590244649079
1787664524.406611, NoOp Chain Depth 128 Size 0 Mode ref, Ref Stage 113, run, end, 9783590244669991
1787664524.406625, NoOp Chain Depth 128 Size 0 Mode ref, Ref Stage 114, run, start, 9783590244684439
1787664524.406646, NoOp Chain Depth 128 Size 0 Mode ref, Ref Stage 114, run, end, 9783590244705095
1787664524.406661, NoOp Chain Depth 128 Size 0 Mode ref, Ref Stage 115, run, start, 9783590244720231
1787664524.406683, NoOp Chain Depth 128 Size 0 Mode ref, Ref Stage 115, run, end, 9783590244742519
1787664524.406695, NoOp Chain Depth 128 Size 0 Mode ref, Ref Stage 116, run, start, 9783590244754183
1787664524.407146, NoOp Chain Depth 128 Size 0 Mode ref, Ref Stage 116, run, end, 9783590245206054
1787664524.407162, NoOp Chain Depth 128 Size 0 Mode ref, Ref Stage 117, run, start, 9783590245221478
1787664524.407183, NoOp Chain Depth 128 Size 0 Mode ref, Ref Stage 117, run, end, 9783590245242710
1787664524.407198, NoOp Chain Depth 128 Size 0 Mode ref, Ref Stage 118, run, start, 9783590245257030
1787664524.407220, NoOp Chain Depth 128 Size 0 Mode ref, Ref Stage 118, run, end, 9783590245279526
1787664524.407232, NoOp Chain Depth 128 Size 0 Mode ref, Ref Stage 119, run, start, 9783590245291350
1787664524.407263, NoOp Chain Depth 128 Size 0 Mode ref, Ref Stage 119, run, end, 9783590245322342
1787664524.407278, NoOp Chain Depth 128 Size 0 Mode ref, Ref Stage 120, run, start, 9783590245336710
1787664524.407298, NoOp Chain Depth 128 Size 0 Mode ref, Ref Stage 120, run, end, 9783590245357462
1787664524.407313, NoOp Chain Depth 128 Size 0 Mode ref, Ref Stage 121, run, start, 9783590245371878
1787664524.407336, NoOp Chain Depth 128 Size 0 Mode ref, Ref Stage 121, run, end, 9783590245394934
1787664524.407350, NoOp Chain Depth 128 Size 0 Mode ref, Ref Stage 122, run, start, 9783590245409462
1787664524.407371, NoOp Chain Depth 128 Size 0 Mode ref, Ref Stage 122, run, end, 9783590245429958
1787664524.407385, NoOp Chain Depth 128 Size 0 Mode ref, Ref Stage 123, run, start, 9783590245444502
1787664524.407406, NoOp Chain Depth 128 Size 0 Mode ref, Ref Stage 123, run, end, 9783590245464902
1787664524.407420, NoOp Chain Depth 128 Size 0 Mode ref, Ref Stage 124, run, start, 9783590245479142
1787664524.407440, NoOp Chain Depth 128 Size 0 Mode ref, Ref Stage 124, run, end, 9783590245499366
1787664524.407454, NoOp Chain Depth 128 Size 0 Mode ref, Ref Stage 125, run, start, 9783590245513638
1787664524.407476, NoOp Chain Depth 128 Size 0 Mode ref, Ref Stage 125, run, end, 9783590245535286
1787664524.407490, NoOp Chain Depth 128 Size 0 Mode ref, Ref Stage 126, run, start, 9783590245549702
1787664524.407513, NoOp Chain Depth 128 Size 0 Mode ref, Ref Stage 126, run, end, 9783590245571942
1787664524.407527, NoOp Chain Depth 128 Size 0 Mode ref, Ref Stage 127, run, start, 9783590245586886
1787664524.407550, NoOp Chain Depth 128 Size 0 Mode ref, Ref Stage 127, run, end, 9783590245609206
1787664524.407565, NoOp Chain Depth 128 Size 0 Mode ref, pipeline - train, run, end, 67869519246504731317803432099249452382, 1787664524.399657, 88, 1, 9783590245624278
1787664524.407602, NoOp Chain Depth 128 Size 0 Mode ref, pipeline - train, run, start, 231168222942864242752169806580960675656, 1787664524.407590, 89, 1, 9783590245661510
1787664524.407624, NoOp Chain Depth 128 Size 0 Mode ref, Ref Stage 0, run, start, 9783590245683990
1787664524.407646, NoOp Chain Depth 128 Size 0 Mode ref, Ref Stage 0, run, end, 9783590245704966
1787664524.407660, NoOp Chain Depth 128 Size 0 Mode ref, Ref Stage 1, run, start, 9783590245719606
1787664524.407681, NoOp Chain Depth 128 Size 0 Mode ref, Ref Stage 1, run, end, 9783590245740326
1787664524.407695, NoOp Chain Depth 128 Size 0 Mode ref, Ref Stage 2, run, start, 9783590245754678
1787664524.407721, NoOp Chain Depth 128 Size 0 Mode ref, Ref Stage 2, run, end, 9783590245779990
1787664524.407735, NoOp Chain Depth 128 Size 0 Mode ref, Ref Stage 3, run, start, 9783590245794598
1787664524.407756, NoOp Chain Depth 128 Size 0 Mode ref, Ref Stage 3, run, end, 9783590245815398
1787664524.407771, NoOp Chain Depth 128 Size 0 Mode ref, Ref Stage 4, run, start, 9783590245829830
1787664524.407793, NoOp Chain Depth 128 Size 0 Mode ref, Ref Stage 4, run, end, 9783590245852518
1787664524.407809, NoOp Chain Depth 128 Size 0 Mode ref, Ref Stage 5, run, start, 9783590245867782
1787664524.407831, NoOp Chain Depth 128 Size 0 Mode ref, Ref Stage 5, run, end, 9783590245890134
1787664524.407843, NoOp Chain Depth 128 Size 0 Mode ref, Ref Stage 6, run, start, 9783590245901910
1787664524.407873, NoOp Chain Depth 128 Size 0 Mode ref, Ref Stage 6, run, end, 9783590245932598
1787664524.407888, NoOp Chain Depth 128 Size 0 Mode ref, Ref Stage 7, run, start, 9783590245946838
1787664524.407911, NoOp Chain Depth 128 Size 0 Mode ref, Ref Stage 7, run, end, 9783590245969942
1787664524.407926, NoOp Chain Depth 128 Size 0 Mode ref, Ref Stage 8, run, start, 9783590245985078
1787664524.407950, NoOp Chain Depth 128 Size 0 Mode ref, Ref Stage 8, run, end, 9783590246009542
1787664524.408467, NoOp Chain Depth 128 Size 0 Mode ref, Ref Stage 9, run, start, 9783590246527109
1787664524.408493, NoOp Chain Depth 128 Size 0 Mode ref, Ref Stage 9, run, end, 9783590246552293
1787664524.408508, NoOp Chain Depth 128 Size 0 Mode ref, Ref Stage 10, run, start, 9783590246567653
1787664524.408530, NoOp Chain Depth 128 Size 0 Mode ref, Ref Stage 10, run, end, 9783590246588965
1787664524.408544, NoOp Chain Depth 128 Size 0 Mode ref, Ref Stage 11, run, start, 9783590246603653
1787664524.408567, NoOp Chain Depth 128 Size 0 Mode ref, Ref Stage 11, run, end, 9783590246626229
1787664524.408579, NoOp Chain Depth 128 Size 0 Mode ref, Ref Stage 12, run, start, 9783590246637861
1787664524.408610, NoOp Chain Depth 128 Size 0 Mode ref, Ref Stage 12, run, end, 9783590246668885
1787664524.408624, NoOp Chain Depth 128 Size 0 Mode ref, Ref Stage 13, run, start, 9783590246683429
1787664524.408645, NoOp Chain Depth 128 Size 0 Mode ref, Ref Stage 13, run, end, 9783590246704645
1787664524.408660, NoOp Chain Depth 128 Size 0 Mode ref, Ref Stage 14, run, start, 9783590246719157
1787664524.408681, NoOp Chain Depth 128 Size 0 Mode ref, Ref Stage 14, run, end, 9783590246740101
1787664524.408697, NoOp Chain Depth 128 Size 0 Mode ref, Ref Stage 15, run, start, 9783590246755765
1787664524.408719, NoOp Chain Depth 128 Size 0 Mode ref, Ref Stage 15, run, end, 9783590246777989
1787664524.408731, NoOp Chain Depth 128 Size 0 Mode ref, Ref Stage 16, run, start, 9783590246790005
1787664524.408762, NoOp Chain Depth 128 Size 0 Mode ref, Ref Stage 16, run, end, 9783590246820741
1787664524.408777, NoOp Chain Depth 128 Size 0 Mode ref, Ref Stage 17, run, start, 9783590246836885
1787664524.408799, NoOp Chain Depth 128 Size 0 Mode ref, Ref Stage 17, run, end, 9783590246858837
1787664524.408816, NoOp Chain Depth 128 Size 0 Mode ref, Ref Stage 18, run, start, 9783590246875237
1787664524.408837, NoOp Chain Depth 128 Size 0 Mode ref, Ref Stage 18, run, end, 9783590246896133
1787664524.408852, NoOp Chain Depth 128 Size 0 Mode ref, Ref Stage 19, run, start, 9783590246911461
1787664524.408875, NoOp Chain Depth 128 Size 0 Mode ref, Ref Stage 19, run, end, 9783590246934325
1787664524.408887, NoOp Chain Depth 128 Size 0 Mode ref, Ref Stage 20, run, start, 9783590246946309
1787664524.408919, NoOp Chain Depth 128 Size 0 Mode ref, Ref Stage 20, run, end, 9783590246977717
1787664524.408934, NoOp Chain Depth 128 Size 0 Mode ref, Ref Stage 21, run, start, 9783590246992949
1787664524.409261, NoOp Chain Depth 128 Size 0 Mode ref, Ref Stage 21, run, end, 9783590247320501
1787664524.409395, NoOp Chain Depth 128 Size 0 Mode ref, Ref Stage 22, run, start, 9783590247454677
1787664524.409419, NoOp Chain Depth 128 Size 0 Mode ref, Ref Stage 22, run, end, 9783590247478005
1787664524.409434, NoOp Chain Depth 128 Size 0 Mode ref, Ref Stage 23, run, start, 9783590247493381
1787664524.409455, NoOp Chain Depth 128 Size 0 Mode ref, Ref Stage 23, run, end, 9783590247514405
1787664524.409469, NoOp Chain Depth 128 Size 0 Mode ref, Ref Stage 24, run, start, 9783590247528805
1787664524.409492, NoOp Chain Depth 128 Size 0 Mode ref, Ref Stage 24, run, end, 9783590247551397
1787664524.409504, NoOp Chain Depth 128 Size 0 Mode ref, Ref Stage 25, run, start, 9783590247563077
1787664524.409537, NoOp Chain Depth 128 Size 0 Mode ref, Ref Stage 25, run, end, 9783590247596053
1787664524.409551, NoOp Chain Depth 128 Size 0 Mode ref, Ref Stage 26, run, start, 9783590247610757
1787664524.409574, NoOp Chain Depth 128 Size 0 Mode ref, Ref Stage 26, run, end, 9783590247633461
1787664524.409586, NoOp Chain Depth 128 Size 0 Mode ref, Ref Stage 27, run, start, 9783590247645349
1787664524.409617, NoOp Chain Depth 128 Size 0 Mode ref, Ref Stage 27, run, end, 9783590247676549
1787664524.409633, NoOp Chain Depth 128 Size 0 Mode ref, Ref Stage 28, run, start, 9783590247692629
1787664524.409657, NoOp Chain Depth 128 Size 0 Mode ref, Ref Stage 28, run, end, 9783590247716677
1787664524.409672, NoOp Chain Depth 128 Size 0 Mode ref, Ref Stage 29, run, start, 9783590247731221
1787664524.412953, NoOp Chain Depth 128 Size 0 Mode ref, Ref Stage 29, run, end, 9783590251012738
1787664524.413954, NoOp Chain Depth 128 Size 0 Mode ref, Ref Stage 30, run, start, 9783590252014034
1787664524.413980, NoOp Chain Depth 128 Size 0 Mode ref, Ref Stage 30, run, end, 9783590252039218
1787664524.413995, NoOp Chain Depth 128 Size 0 Mode ref, Ref Stage 31, run, start, 9783590252054738
1787664524.414017, NoOp Chain Depth 128 Size 0 Mode ref, Ref Stage 31, run, end, 9783590252076162
1787664524.414031, NoOp Chain Depth 128 Size 0 Mode ref, Ref Stage 32, run, start, 9783590252090674
1787664524.414053, NoOp Chain Depth 128 Size 0 Mode ref, Ref Stage 32, run, end, 9783590252111922
1787664524.414067, NoOp Chain Depth 128 Size 0 Mode ref, Ref Stage 33, run, start, 9783590252126290
1787664524.414088, NoOp Chain Depth 128 Size 0 Mode ref, Ref Stage 33, run, end, 9783590252147170
1787664524.414102, NoOp Chain Depth 128 Size 0 Mode ref, Ref Stage 34, run, start, 9783590252161618
1787664524.414123, NoOp Chain Depth 128 Size 0 Mode ref, Ref Stage 34, run, end, 9783590252182146
1787664524.414137, NoOp Chain Depth 128 Size 0 Mode ref, Ref Stage 35, run, start, 9783590252196578
1787664524.414158, NoOp Chain Depth 128 Size 0 Mode ref, Ref Stage 35, run, end, 9783590252217218
1787664524.414172, NoOp Chain Depth 128 Size 0 Mode ref, Ref Stage 36, run, start, 9783590252231602
1787664524.414193, NoOp Chain Depth 128 Size 0 Mode ref, Ref Stage 36, run, end, 9783590252252402
1787664524.414207, NoOp Chain Depth 128 Size 0 Mode ref, Ref Stage 37, run, start, 9783590252266738
1787664524.414228, NoOp Chain Depth 128 Size 0 Mode ref, Ref Stage 37, run, end, 9783590252287554
1787664524.414243, NoOp Chain Depth 128 Size 0 Mode ref, Ref Stage 38, run, start, 9783590252302242
1787664524.414264, NoOp Chain Depth 128 Size 0 Mode ref, Ref Stage 38, run, end, 9783590252323314
1787664524.414279, NoOp Chain Depth 128 Size 0 Mode ref, Ref Stage 39, run, start, 9783590252337730
1787664524.414300, NoOp Chain Depth 128 Size 0 Mode ref, Ref Stage 39, run, end, 9783590252358834
1787664524.414314, NoOp Chain Depth 128 Size 0 Mode ref, Ref Stage 40, run, start, 9783590252373410
1787664524.414335, NoOp Chain Depth 128 Size 0 Mode ref, Ref Stage 40, run, end, 9783590252394514
1787664524.414350, NoOp Chain Depth 128 Size 0 Mode ref, Ref Stage 41, run, start, 9783590252409090
1787664524.414371, NoOp Chain Depth 128 Size 0 Mode ref, Ref Stage 41, run, end, 9783590252429922
1787664524.414385, NoOp Chain Depth 128 Size 0 Mode ref, Ref Stage 42, run, start, 9783590252444578
1787664524.414406, NoOp Chain Depth 128 Size 0 Mode ref, Ref Stage 42, run, end, 9783590252465426
1787664524.414421, NoOp Chain Depth 128 Size 0 Mode ref, Ref Stage 43, run, start, 9783590252479873
1787664524.414442, NoOp Chain Depth 128 Size 0 Mode ref, Ref Stage 43, run, end, 9783590252501089
1787664524.414456, NoOp Chain Depth 128 Size 0 Mode ref, Ref Stage 44, run, start, 9783590252515681
1787664524.414477, NoOp Chain Depth 128 Size 0 Mode ref, Ref Stage 44, run, end, 9783590252536561
1787664524.414492, NoOp Chain Depth 128 Size 0 Mode ref, Ref Stage 45, run, start, 9783590252550977
1787664524.414514, NoOp Chain Depth 128 Size 0 Mode ref, Ref Stage 45, run, end, 9783590252573489
1787664524.414527, NoOp Chain Depth 128 Size 0 Mode ref, Ref Stage 46, run, start, 9783590252586161
1787664524.415060, NoOp Chain Depth 128 Size 0 Mode ref, Ref Stage 46, run, end, 9783590253119681
1787664524.415076, NoOp Chain Depth 128 Size 0 Mode ref, Ref Stage 47, run, start, 9783590253136001
1787664524.415098, NoOp Chain Depth 128 Size 0 Mode ref, Ref Stage 47, run, end, 9783590253157393
1787664524.415113, NoOp Chain Depth 128 Size 0 Mode ref, Ref Stage 48, run, start, 9783590253172209
1787664524.415134, NoOp Chain Depth 128 Size 0 Mode ref, Ref Stage 48, run, end, 9783590253192897
1787664524.415151, NoOp Chain Depth 128 Size 0 Mode ref, Ref Stage 49, run, start, 9783590253210145
1787664524.415173, NoOp Chain Depth 128 Size 0 Mode ref, Ref Stage 49, run, end, 9783590253232481
1787664524.415185, NoOp Chain Depth 128 Size 0 Mode ref, Ref Stage 50, run, start, 9783590253244033
1787664524.415216, NoOp Chain Depth 128 Size 0 Mode ref, Ref Stage 50, run, end, 9783590253274865
1787664524.415230, NoOp Chain Depth 128 Size 0 Mode ref, Ref Stage 51, run, start, 9783590253289265
1787664524.415251, NoOp Chain Depth 128 Size 0 Mode ref, Ref Stage 51, run, end, 9783590253310257
1787664524.415266, NoOp Chain Depth 128 Size 0 Mode ref, Ref Stage 52, run, start, 9783590253324753
1787664524.415286, NoOp Chain Depth 128 Size 0 Mode ref, Ref Stage 52, run, end, 9783590253345505
1787664524.415301, NoOp Chain Depth 128 Size 0 Mode ref, Ref Stage 53, run, start, 9783590253360081
1787664524.415322, NoOp Chain Depth 128 Size 0 Mode ref, Ref Stage 53, run, end, 9783590253380721
1787664524.415336, NoOp Chain Depth 128 Size 0 Mode ref, Ref Stage 54, run, start, 9783590253395073
1787664524.415357, NoOp Chain Depth 128 Size 0 Mode ref, Ref Stage 54, run, end, 9783590253415985
1787664524.415371, NoOp Chain Depth 128 Size 0 Mode ref, Ref Stage 55, run, start, 9783590253430449
1787664524.415392, NoOp Chain Depth 128 Size 0 Mode ref, Ref Stage 55, run, end, 9783590253451569
1787664524.415407, NoOp Chain Depth 128 Size 0 Mode ref, Ref Stage 56, run, start, 9783590253465857
1787664524.415427, NoOp Chain Depth 128 Size 0 Mode ref, Ref Stage 56, run, end, 9783590253486625
1787664524.415442, NoOp Chain Depth 128 Size 0 Mode ref, Ref Stage 57, run, start, 9783590253501793
1787664524.415465, NoOp Chain Depth 128 Size 0 Mode ref, Ref Stage 57, run, end, 9783590253524129
1787664524.415477, NoOp Chain Depth 128 Size 0 Mode ref, Ref Stage 58, run, start, 9783590253535889
1787664524.415508, NoOp Chain Depth 128 Size 0 Mode ref, Ref Stage 58, run, end, 9783590253566769
1787664524.415522, NoOp Chain Depth 128 Size 0 Mode ref, Ref Stage 59, run, start, 9783590253581281
1787664524.415543, NoOp Chain Depth 128 Size 0 Mode ref, Ref Stage 59, run, end, 9783590253601825
1787664524.415557, NoOp Chain Depth 128 Size 0 Mode ref, Ref Stage 60, run, start, 9783590253616161
1787664524.415578, NoOp Chain Depth 128 Size 0 Mode ref, Ref Stage 60, run, end, 9783590253636785
1787664524.415592, NoOp Chain Depth 128 Size 0 Mode ref, Ref Stage 61, run, start, 9783590253651233
1787664524.415613, NoOp Chain Depth 128 Size 0 Mode ref, Ref Stage 61, run, end, 9783590253671889
1787664524.415627, NoOp Chain Depth 128 Size 0 Mode ref, Ref Stage 62, run, start, 9783590253686337
1787664524.415648, NoOp Chain Depth 128 Size 0 Mode ref, Ref Stage 62, run, end, 9783590253707137
1787664524.415662, NoOp Chain Depth 128 Size 0 Mode ref, Ref Stage 63, run, start, 9783590253721489
1787664524.415683, NoOp Chain Depth 128 Size 0 Mode ref, Ref Stage 63, run, end, 9783590253742209
1787664524.415697, NoOp Chain Depth 128 Size 0 Mode ref, Ref Stage 64, run, start, 9783590253756529
1787664524.415718, NoOp Chain Depth 128 Size 0 Mode ref, Ref Stage 64, run, end, 9783590253776849
1787664524.415732, NoOp Chain Depth 128 Size 0 Mode ref, Ref Stage 65, run, start, 9783590253791473
1787664524.415753, NoOp Chain Depth 128 Size 0 Mode ref, Ref Stage 65, run, end, 9783590253812289
1787664524.415767, NoOp Chain Depth 128 Size 0 Mode ref, Ref Stage 66, run, start, 9783590253826513
1787664524.415788, NoOp Chain Depth 128 Size 0 Mode ref, Ref Stage 66, run, end, 9783590253847025
1787664524.415802, NoOp Chain Depth 128 Size 0 Mode ref, Ref Stage 67, run, start, 9783590253861345
1787664524.415823, NoOp Chain Depth 128 Size 0 Mode ref, Ref Stage 67, run, end, 9783590253881905
1787664524.415838, NoOp Chain Depth 128 Size 0 Mode ref, Ref Stage 68, run, start, 9783590253896849
1787664524.415859, NoOp Chain Depth 128 Size 0 Mode ref, Ref Stage 68, run, end, 9783590253917537
1787664524.415873, NoOp Chain Depth 128 Size 0 Mode ref, Ref Stage 69, run, start, 9783590253931841
1787664524.416202, NoOp Chain Depth 128 Size 0 Mode ref, Ref Stage 69, run, end, 9783590254262000
1787664524.416330, NoOp Chain Depth 128 Size 0 Mode ref, Ref Stage 70, run, start, 9783590254389424
1787664524.416353, NoOp Chain Depth 128 Size 0 Mode ref, Ref Stage 70, run, end, 9783590254412496
1787664524.416368, NoOp Chain Depth 128 Size 0 Mode ref, Ref Stage 71, run, start, 9783590254427376
1787664524.416389, NoOp Chain Depth 128 Size 0 Mode ref, Ref Stage 71, run, end, 9783590254448240
1787664524.416404, NoOp Chain Depth 128 Size 0 Mode ref, Ref Stage 72, run, start, 9783590254462720
1787664524.416424, NoOp Chain Depth 128 Size 0 Mode ref, Ref Stage 72, run, end, 9783590254483280
1787664524.416438, NoOp Chain Depth 128 Size 0 Mode ref, Ref Stage 73, run, start, 9783590254497552
1787664524.416459, NoOp Chain Depth 128 Size 0 Mode ref, Ref Stage 73, run, end, 9783590254517952
1787664524.416473, NoOp Chain Depth 128 Size 0 Mode ref, Ref Stage 74, run, start, 9783590254532592
1787664524.416496, NoOp Chain Depth 128 Size 0 Mode ref, Ref Stage 74, run, end, 9783590254555072
1787664524.416902, NoOp Chain Depth 128 Size 0 Mode ref, Ref Stage 75, run, start, 9783590254961744
1787664524.417037, NoOp Chain Depth 128 Size 0 Mode ref, Ref Stage 75, run, end, 9783590255096320
1787664524.417053, NoOp Chain Depth 128 Size 0 Mode ref, Ref Stage 76, run, start, 9783590255111776
1787664524.417074, NoOp Chain Depth 128 Size 0 Mode ref, Ref Stage 76, run, end, 9783590255133120
1787664524.417088, NoOp Chain Depth 128 Size 0 Mode ref, Ref Stage 77, run, start, 9783590255147568
1787664524.417109, NoOp Chain Depth 128 Size 0 Mode ref, Ref Stage 77, run, end, 9783590255168304
1787664524.417124, NoOp Chain Depth 128 Size 0 Mode ref, Ref Stage 78, run, start, 9783590255182864
1787664524.417144, NoOp Chain Depth 128 Size 0 Mode ref, Ref Stage 78, run, end, 9783590255203584
1787664524.417159, NoOp Chain Depth 128 Size 0 Mode ref, Ref Stage 79, run, start, 9783590255218000
1787664524.417179, NoOp Chain Depth 128 Size 0 Mode ref, Ref Stage 79, run, end, 9783590255238704
1787664524.417194, NoOp Chain Depth 128 Size 0 Mode ref, Ref Stage 80, run, start, 9783590255253280
1787664524.417215, NoOp Chain Depth 128 Size 0 Mode ref, Ref Stage 80, run, end, 9783590255273872
1787664524.417229, NoOp Chain Depth 128 Size 0 Mode ref, Ref Stage 81, run, start, 9783590255288352
1787664524.417249, NoOp Chain Depth 128 Size 0 Mode ref, Ref Stage 81, run, end, 9783590255308832
1787664524.417264, NoOp Chain Depth 128 Size 0 Mode ref, Ref Stage 82, run, start, 9783590255323152
1787664524.417285, NoOp Chain Depth 128 Size 0 Mode ref, Ref Stage 82, run, end, 9783590255343856
1787664524.417299, NoOp Chain Depth 128 Size 0 Mode ref, Ref Stage 83, run, start, 9783590255358272
1787664524.417320, NoOp Chain Depth 128 Size 0 Mode ref, Ref Stage 83, run, end, 9783590255378848
1787664524.417334, NoOp Chain Depth 128 Size 0 Mode ref, Ref Stage 84, run, start, 9783590255392992
1787664524.417354, NoOp Chain Depth 128 Size 0 Mode ref, Ref Stage 84, run, end, 9783590255413552
1787664524.417369, NoOp Chain Depth 128 Size 0 Mode ref, Ref Stage 85, run, start, 9783590255427808
1787664524.417389, NoOp Chain Depth 128 Size 0 Mode ref, Ref Stage 85, run, end, 9783590255448400
1787664524.417403, NoOp Chain Depth 128 Size 0 Mode ref, Ref Stage 86, run, start, 9783590255462688
1787664524.417424, NoOp Chain Depth 128 Size 0 Mode ref, Ref Stage 86, run, end, 9783590255482976
1787664524.417439, NoOp Chain Depth 128 Size 0 Mode ref, Ref Stage 87, run, start, 9783590255497584
1787664524.417459, NoOp Chain Depth 128 Size 0 Mode ref, Ref Stage 87, run, end, 9783590255517792
1787664524.417473, NoOp Chain Depth 128 Size 0 Mode ref, Ref Stage 88, run, start, 9783590255531951
1787664524.417493, NoOp Chain Depth 128 Size 0 Mode ref, Ref Stage 88, run, end, 9783590255552367
1787664524.417507, NoOp Chain Depth 128 Size 0 Mode ref, Ref Stage 89, run, start, 9783590255566463
1787664524.417530, NoOp Chain Depth 128 Size 0 Mode ref, Ref Stage 89, run, end, 9783590255588735
1787664524.417541, NoOp Chain Depth 128 Size 0 Mode ref, Ref Stage 90, run, start, 9783590255600351
1787664524.417574, NoOp Chain Depth 128 Size 0 Mode ref, Ref Stage 90, run, end, 9783590255633519
1787664524.417589, NoOp Chain Depth 128 Size 0 Mode ref, Ref Stage 91, run, start, 9783590255647935
1787664524.417609, NoOp Chain Depth 128 Size 0 Mode ref, Ref Stage 91, run, end, 9783590255668351
1787664524.417624, NoOp Chain Depth 128 Size 0 Mode ref, Ref Stage 92, run, start, 9783590255682687
1787664524.417644, NoOp Chain Depth 128 Size 0 Mode ref, Ref Stage 92, run, end, 9783590255703039
1787664524.417658, NoOp Chain Depth 128 Size 0 Mode ref, Ref Stage 93, run, start, 9783590255717391
1787664524.417679, NoOp Chain Depth 128 Size 0 Mode ref, Ref Stage 93, run, end, 9783590255738031
1787664524.417693, NoOp Chain Depth 128 Size 0 Mode ref, Ref Stage 94, run, start, 9783590255752303
1787664524.417714, NoOp Chain Depth 128 Size 0 Mode ref, Ref Stage 94, run, end, 9783590255773679
1787664524.417729, NoOp Chain Depth 128 Size 0 Mode ref, Ref Stage 95, run, start, 9783590255788303
1787664524.417750, NoOp Chain Depth 128 Size 0 Mode ref, Ref Stage 95, run, end, 9783590255809359
1787664524.417765, NoOp Chain Depth 128 Size 0 Mode ref, Ref Stage 96, run, start, 9783590255823807
1787664524.417789, NoOp Chain Depth 128 Size 0 Mode ref, Ref Stage 96, run, end, 9783590255847631
1787664524.417803, NoOp Chain Depth 128 Size 0 Mode ref, Ref Stage 97, run, start, 9783590255862047
1787664524.417824, NoOp Chain Depth 128 Size 0 Mode ref, Ref Stage 97, run, end, 9783590255882719
1787664524.417838, NoOp Chain Depth 128 Size 0 Mode ref, Ref Stage 98, run, start, 9783590255897055
1787664524.417859, NoOp Chain Depth 128 Size 0 Mode ref, Ref Stage 98, run, end, 9783590255918351
1787664524.417873, NoOp Chain Depth 128 Size 0 Mode ref, Ref Stage 99, run, start, 9783590255932575
1787664524.417894, NoOp Chain Depth 128 Size 0 Mode ref, Ref Stage 99, run, end, 9783590255953311
1787664524.417908, NoOp Chain Depth 128 Size 0 Mode ref, Ref Stage 100, run, start, 9783590255967455
1787664524.417929, NoOp Chain Depth 128 Size 0 Mode ref, Ref Stage 100, run, end, 9783590255988319
1787664524.417945, NoOp Chain Depth 128 Size 0 Mode ref, Ref Stage 101, run, start, 9783590256004303
1787664524.417969, NoOp Chain Depth 128 Size 0 Mode ref, Ref Stage 101, run, end, 9783590256028111
1787664524.417983, NoOp Chain Depth 128 Size 0 Mode ref, Ref Stage 102, run, start, 9783590256042367
1787664524.418004, NoOp Chain Depth 128 Size 0 Mode ref, Ref Stage 102, run, end, 9783590256062911
1787664524.418018, NoOp Chain Depth 128 Size 0 Mode ref, Ref Stage 103, run, start, 9783590256077295
1787664524.418038, NoOp Chain Depth 128 Size 0 Mode ref, Ref Stage 103, run, end, 9783590256097583
1787664524.418165, NoOp Chain Depth 128 Size 0 Mode ref, Ref Stage 104, run, start, 9783590256225151
1787664524.418191, NoOp Chain Depth 128 Size 0 Mode ref, Ref Stage 104, run, end, 9783590256250207
1787664524.418206, NoOp Chain Depth 128 Size 0 Mode ref, Ref Stage 105, run, start, 9783590256265231
1787664524.418227, NoOp Chain Depth 128 Size 0 Mode ref, Ref Stage 105, run, end, 9783590256286095
1787664524.418241, NoOp Chain Depth 128 Size 0 Mode ref, Ref Stage 106, run, start, 9783590256300511
1787664524.418265, NoOp Chain Depth 128 Size 0 Mode ref, Ref Stage 106, run, end, 9783590256324479
1787664524.418277, NoOp Chain Depth 128 Size 0 Mode ref, Ref Stage 107, run, start, 9783590256336191
1787664524.418308, NoOp Chain Depth 128 Size 0 Mode ref, Ref Stage 107, run, end, 9783590256367551
1787664524.418324, NoOp Chain Depth 128 Size 0 Mode ref, Ref Stage 108, run, start, 9783590256383215
1787664524.418344, NoOp Chain Depth 128 Size 0 Mode ref, Ref Stage 108, run, end, 9783590256403551
1787664524.418359, NoOp Chain Depth 128 Size 0 Mode ref, Ref Stage 109, run, start, 9783590256417743
1787664524.418381, NoOp Chain Depth 128 Size 0 Mode ref, Ref Stage 109, run, end, 9783590256440175
1787664524.418395, NoOp Chain Depth 128 Size 0 Mode ref, Ref Stage 110, run, start, 9783590256454367
1787664524.418416, NoOp Chain Depth 128 Size 0 Mode ref, Ref Stage 110, run, end, 9783590256474847
1787664524.418432, NoOp Chain Depth 128 Size 0 Mode ref, Ref Stage 111, run, start, 9783590256490719
1787664524.418452, NoOp Chain Depth 128 Size 0 Mode ref, Ref Stage 111, run, end, 9783590256511199
1787664524.418885, NoOp Chain Depth 128 Size 0 Mode ref, Ref Stage 112, run, start, 9783590256945519
1787664524.418910, NoOp Chain Depth 128 Size 0 Mode ref, Ref Stage 112, run, end, 9783590256969711
1787664524.418926, NoOp Chain Depth 128 Size 0 Mode ref, Ref Stage 113, run, start, 9783590256985119
1787664524.418950, NoOp Chain Depth 128 Size 0 Mode ref, Ref Stage 113, run, end, 9783590257008783
1787664524.418966, NoOp Chain Depth 128 Size 0 Mode ref, Ref Stage 114, run, start, 9783590257024735
1787664524.418988, NoOp Chain Depth 128 Size 0 Mode ref, Ref Stage 114, run, end, 9783590257047711
1787664524.419000, NoOp Chain Depth 128 Size 0 Mode ref, Ref Stage 115, run, start, 9783590257059567
1787664524.419032, NoOp Chain Depth 128 Size 0 Mode ref, Ref Stage 115, run, end, 9783590257091423
1787664524.419047, NoOp Chain Depth 128 Size 0 Mode ref, Ref Stage 116, run, start, 9783590257106094
1787664524.419068, NoOp Chain Depth 128 Size 0 Mode ref, Ref Stage 116, run, end, 9783590257127262
1787664524.419083, NoOp Chain Depth 128 Size 0 Mode ref, Ref Stage 117, run, start, 9783590257142638
1787664524.419105, NoOp Chain Depth 128 Size 0 Mode ref, Ref Stage 117, run, end, 9783590257163726
1787664524.419119, NoOp Chain Depth 128 Size 0 Mode ref, Ref Stage 118, run, start, 9783590257178350
1787664524.419142, NoOp Chain Depth 128 Size 0 Mode ref, Ref Stage 118, run, end, 9783590257201678
1787664524.419157, NoOp Chain Depth 128 Size 0 Mode ref, Ref Stage 119, run, start, 9783590257216478
1787664524.419181, NoOp Chain Depth 128 Size 0 Mode ref, Ref Stage 119, run, end, 9783590257240254
1787664524.419193, NoOp Chain Depth 128 Size 0 Mode ref, Ref Stage 120, run, start, 9783590257251966
1787664524.419225, NoOp Chain Depth 128 Size 0 Mode ref, Ref Stage 120, run, end, 9783590257288734
1787664524.419244, NoOp Chain Depth 128 Size 0 Mode ref, Ref Stage 121, run, start, 9783590257303534
1787664524.419266, NoOp Chain Depth 128 Size 0 Mode ref, Ref Stage 121, run, end, 9783590257325070
1787664524.419280, NoOp Chain Depth 128 Size 0 Mode ref, Ref Stage 122, run, start, 9783590257339822
1787664524.419302, NoOp Chain Depth 128 Size 0 Mode ref, Ref Stage 122, run, end, 9783590257360942
1787664524.419316, NoOp Chain Depth 128 Size 0 Mode ref, Ref Stage 123, run, start, 9783590257375598
1787664524.419338, NoOp Chain Depth 128 Size 0 Mode ref, Ref Stage 123, run, end, 9783590257396750
1787664524.419353, NoOp Chain Depth 128 Size 0 Mode ref, Ref Stage 124, run, start, 9783590257412798
1787664524.419375, NoOp Chain Depth 128 Size 0 Mode ref, Ref Stage 124, run, end, 9783590257433902
1787664524.419390, NoOp Chain Depth 128 Size 0 Mode ref, Ref Stage 125, run, start, 9783590257449294
1787664524.419413, NoOp Chain Depth 128 Size 0 Mode ref, Ref Stage 125, run, end, 9783590257472206
1787664524.419425, NoOp Chain Depth 128 Size 0 Mode ref, Ref Stage 126, run, start, 9783590257484046
1787664524.419456, NoOp Chain Depth 128 Size 0 Mode ref, Ref Stage 126, run, end, 9783590257515710
1787664524.419472, NoOp Chain Depth 128 Size 0 Mode ref, Ref Stage 127, run, start, 9783590257530878
1787664524.419494, NoOp Chain Depth 128 Size 0 Mode ref, Ref Stage 127, run, end, 9783590257553070
1787664524.419509, NoOp Chain Depth 128 Size 0 Mode ref, pipeline - train, run, end, 231168222942864242752169806580960675656, 1787664524.407590, 89, 1, 9783590257568286
1787664524.419546, NoOp Chain Depth 128 Size 0 Mode ref, pipeline - train, run, start, 214292392484353390162508491170803550807, 1787664524.419534, 90, 1, 9783590257605118
1787664524.419569, NoOp Chain Depth 128 Size 0 Mode ref, Ref Stage 0, run, start, 9783590257628798
1787664524.419592, NoOp Chain Depth 128 Size 0 Mode ref, Ref Stage 0, run, end, 9783590257651358
1787664524.419607, NoOp Chain Depth 128 Size 0 Mode ref, Ref Stage 1, run, start, 9783590257666206
1787664524.419628, NoOp Chain Depth 128 Size 0 Mode ref, Ref Stage 1, run, end, 9783590257687678
1787664524.419646, NoOp Chain Depth 128 Size 0 Mode ref, Ref Stage 2, run, start, 9783590257705102
1787664524.419667, NoOp Chain Depth 128 Size 0 Mode ref, Ref Stage 2, run, end, 9783590257726542
1787664524.419682, NoOp Chain Depth 128 Size 0 Mode ref, Ref Stage 3, run, start, 9783590257741518
1787664524.419703, NoOp Chain Depth 128 Size 0 Mode ref, Ref Stage 3, run, end, 9783590257762622
1787664524.419718, NoOp Chain Depth 128 Size 0 Mode ref, Ref Stage 4, run, start, 9783590257777342
1787664524.419739, NoOp Chain Depth 128 Size 0 Mode ref, Ref Stage 4, run, end, 9783590257798430
1787664524.419755, NoOp Chain Depth 128 Size 0 Mode ref, Ref Stage 5, run, start, 9783590257814206
1787664524.419780, NoOp Chain Depth 128 Size 0 Mode ref, Ref Stage 5, run, end, 9783590257839038
1787664524.419792, NoOp Chain Depth 128 Size 0 Mode ref, Ref Stage 6, run, start, 9783590257851854
1787664524.420340, NoOp Chain Depth 128 Size 0 Mode ref, Ref Stage 6, run, end, 9783590258400574
1787664524.420357, NoOp Chain Depth 128 Size 0 Mode ref, Ref Stage 7, run, start, 9783590258416766
1787664524.420379, NoOp Chain Depth 128 Size 0 Mode ref, Ref Stage 7, run, end, 9783590258438318
1787664524.420393, NoOp Chain Depth 128 Size 0 Mode ref, Ref Stage 8, run, start, 9783590258452830
1787664524.420416, NoOp Chain Depth 128 Size 0 Mode ref, Ref Stage 8, run, end, 9783590258475198
1787664524.420428, NoOp Chain Depth 128 Size 0 Mode ref, Ref Stage 9, run, start, 9783590258487022
1787664524.420459, NoOp Chain Depth 128 Size 0 Mode ref, Ref Stage 9, run, end, 9783590258518334
1787664524.420474, NoOp Chain Depth 128 Size 0 Mode ref, Ref Stage 10, run, start, 9783590258532862
1787664524.420495, NoOp Chain Depth 128 Size 0 Mode ref, Ref Stage 10, run, end, 9783590258554014
1787664524.420509, NoOp Chain Depth 128 Size 0 Mode ref, Ref Stage 11, run, start, 9783590258568382
1787664524.420532, NoOp Chain Depth 128 Size 0 Mode ref, Ref Stage 11, run, end, 9783590258591021
1787664524.420546, NoOp Chain Depth 128 Size 0 Mode ref, Ref Stage 12, run, start, 9783590258605565
1787664524.420568, NoOp Chain Depth 128 Size 0 Mode ref, Ref Stage 12, run, end, 9783590258627149
1787664524.420583, NoOp Chain Depth 128 Size 0 Mode ref, Ref Stage 13, run, start, 9783590258641933
1787664524.420604, NoOp Chain Depth 128 Size 0 Mode ref, Ref Stage 13, run, end, 9783590258663325
1787664524.420619, NoOp Chain Depth 128 Size 0 Mode ref, Ref Stage 14, run, start, 9783590258677725
1787664524.420639, NoOp Chain Depth 128 Size 0 Mode ref, Ref Stage 14, run, end, 9783590258698349
1787664524.420653, NoOp Chain Depth 128 Size 0 Mode ref, Ref Stage 15, run, start, 9783590258712557
1787664524.420676, NoOp Chain Depth 128 Size 0 Mode ref, Ref Stage 15, run, end, 9783590258735565
1787664524.420688, NoOp Chain Depth 128 Size 0 Mode ref, Ref Stage 16, run, start, 9783590258747389
1787664524.420720, NoOp Chain Depth 128 Size 0 Mode ref, Ref Stage 16, run, end, 9783590258779101
1787664524.420734, NoOp Chain Depth 128 Size 0 Mode ref, Ref Stage 17, run, start, 9783590258793549
1787664524.420755, NoOp Chain Depth 128 Size 0 Mode ref, Ref Stage 17, run, end, 9783590258814301
1787664524.420769, NoOp Chain Depth 128 Size 0 Mode ref, Ref Stage 18, run, start, 9783590258828557
1787664524.420790, NoOp Chain Depth 128 Size 0 Mode ref, Ref Stage 18, run, end, 9783590258849069
1787664524.420805, NoOp Chain Depth 128 Size 0 Mode ref, Ref Stage 19, run, start, 9783590258864733
1787664524.420826, NoOp Chain Depth 128 Size 0 Mode ref, Ref Stage 19, run, end, 9783590258885373
1787664524.420841, NoOp Chain Depth 128 Size 0 Mode ref, Ref Stage 20, run, start, 9783590258899773
1787664524.421166, NoOp Chain Depth 128 Size 0 Mode ref, Ref Stage 20, run, end, 9783590259226157
1787664524.421290, NoOp Chain Depth 128 Size 0 Mode ref, Ref Stage 21, run, start, 9783590259349901
1787664524.421314, NoOp Chain Depth 128 Size 0 Mode ref, Ref Stage 21, run, end, 9783590259372829
1787664524.421329, NoOp Chain Depth 128 Size 0 Mode ref, Ref Stage 22, run, start, 9783590259387901
1787664524.421352, NoOp Chain Depth 128 Size 0 Mode ref, Ref Stage 22, run, end, 9783590259411245
1787664524.421367, NoOp Chain Depth 128 Size 0 Mode ref, Ref Stage 23, run, start, 9783590259426125
1787664524.421388, NoOp Chain Depth 128 Size 0 Mode ref, Ref Stage 23, run, end, 9783590259447213
1787664524.421403, NoOp Chain Depth 128 Size 0 Mode ref, Ref Stage 24, run, start, 9783590259461869
1787664524.421425, NoOp Chain Depth 128 Size 0 Mode ref, Ref Stage 24, run, end, 9783590259483869
1787664524.421436, NoOp Chain Depth 128 Size 0 Mode ref, Ref Stage 25, run, start, 9783590259495613
1787664524.421468, NoOp Chain Depth 128 Size 0 Mode ref, Ref Stage 25, run, end, 9783590259526989
1787664524.421483, NoOp Chain Depth 128 Size 0 Mode ref, Ref Stage 26, run, start, 9783590259542413
1787664524.421507, NoOp Chain Depth 128 Size 0 Mode ref, Ref Stage 26, run, end, 9783590259566317
1787664524.421519, NoOp Chain Depth 128 Size 0 Mode ref, Ref Stage 27, run, start, 9783590259578093
1787664524.421550, NoOp Chain Depth 128 Size 0 Mode ref, Ref Stage 27, run, end, 9783590259608733
1787664524.421565, NoOp Chain Depth 128 Size 0 Mode ref, Ref Stage 28, run, start, 9783590259624013
1787664524.421587, NoOp Chain Depth 128 Size 0 Mode ref, Ref Stage 28, run, end, 9783590259646237
1787664524.421599, NoOp Chain Depth 128 Size 0 Mode ref, Ref Stage 29, run, start, 9783590259658749
1787664524.421632, NoOp Chain Depth 128 Size 0 Mode ref, Ref Stage 29, run, end, 9783590259690941
1787664524.421646, NoOp Chain Depth 128 Size 0 Mode ref, Ref Stage 30, run, start, 9783590259705405
1787664524.421668, NoOp Chain Depth 128 Size 0 Mode ref, Ref Stage 30, run, end, 9783590259727021
1787664524.421682, NoOp Chain Depth 128 Size 0 Mode ref, Ref Stage 31, run, start, 9783590259741309
1787664524.421703, NoOp Chain Depth 128 Size 0 Mode ref, Ref Stage 31, run, end, 9783590259762317
1787664524.421718, NoOp Chain Depth 128 Size 0 Mode ref, Ref Stage 32, run, start, 9783590259777597
1787664524.421739, NoOp Chain Depth 128 Size 0 Mode ref, Ref Stage 32, run, end, 9783590259798365
1787664524.421754, NoOp Chain Depth 128 Size 0 Mode ref, Ref Stage 33, run, start, 9783590259812989
1787664524.421776, NoOp Chain Depth 128 Size 0 Mode ref, Ref Stage 33, run, end, 9783590259834733
1787664524.421790, NoOp Chain Depth 128 Size 0 Mode ref, Ref Stage 34, run, start, 9783590259849101
1787664524.421810, NoOp Chain Depth 128 Size 0 Mode ref, Ref Stage 34, run, end, 9783590259869693
1787664524.421825, NoOp Chain Depth 128 Size 0 Mode ref, Ref Stage 35, run, start, 9783590259884381
1787664524.421845, NoOp Chain Depth 128 Size 0 Mode ref, Ref Stage 35, run, end, 9783590259904861
1787664524.421860, NoOp Chain Depth 128 Size 0 Mode ref, Ref Stage 36, run, start, 9783590259919293
1787664524.421880, NoOp Chain Depth 128 Size 0 Mode ref, Ref Stage 36, run, end, 9783590259939789
1787664524.421895, NoOp Chain Depth 128 Size 0 Mode ref, Ref Stage 37, run, start, 9783590259953965
1787664524.421916, NoOp Chain Depth 128 Size 0 Mode ref, Ref Stage 37, run, end, 9783590259975277
1787664524.421930, NoOp Chain Depth 128 Size 0 Mode ref, Ref Stage 38, run, start, 9783590259989517
1787664524.421954, NoOp Chain Depth 128 Size 0 Mode ref, Ref Stage 38, run, end, 9783590260013533
1787664524.421969, NoOp Chain Depth 128 Size 0 Mode ref, Ref Stage 39, run, start, 9783590260028605
1787664524.421990, NoOp Chain Depth 128 Size 0 Mode ref, Ref Stage 39, run, end, 9783590260049133
1787664524.422004, NoOp Chain Depth 128 Size 0 Mode ref, Ref Stage 40, run, start, 9783590260063532
1787664524.422026, NoOp Chain Depth 128 Size 0 Mode ref, Ref Stage 40, run, end, 9783590260085068
1787664524.422041, NoOp Chain Depth 128 Size 0 Mode ref, Ref Stage 41, run, start, 9783590260100252
1787664524.422063, NoOp Chain Depth 128 Size 0 Mode ref, Ref Stage 41, run, end, 9783590260122476
1787664524.422075, NoOp Chain Depth 128 Size 0 Mode ref, Ref Stage 42, run, start, 9783590260134108
1787664524.422491, NoOp Chain Depth 128 Size 0 Mode ref, Ref Stage 42, run, end, 9783590260551292
1787664524.422613, NoOp Chain Depth 128 Size 0 Mode ref, Ref Stage 43, run, start, 9783590260672780
1787664524.422637, NoOp Chain Depth 128 Size 0 Mode ref, Ref Stage 43, run, end, 9783590260696732
1787664524.422652, NoOp Chain Depth 128 Size 0 Mode ref, Ref Stage 44, run, start, 9783590260711548
1787664524.422675, NoOp Chain Depth 128 Size 0 Mode ref, Ref Stage 44, run, end, 9783590260734236
1787664524.422687, NoOp Chain Depth 128 Size 0 Mode ref, Ref Stage 45, run, start, 9783590260746012
1787664524.422719, NoOp Chain Depth 128 Size 0 Mode ref, Ref Stage 45, run, end, 9783590260777660
1787664524.422733, NoOp Chain Depth 128 Size 0 Mode ref, Ref Stage 46, run, start, 9783590260792156
1787664524.422754, NoOp Chain Depth 128 Size 0 Mode ref, Ref Stage 46, run, end, 9783590260813052
1787664524.422768, NoOp Chain Depth 128 Size 0 Mode ref, Ref Stage 47, run, start, 9783590260827564
1787664524.422789, NoOp Chain Depth 128 Size 0 Mode ref, Ref Stage 47, run, end, 9783590260848476
1787664524.422804, NoOp Chain Depth 128 Size 0 Mode ref, Ref Stage 48, run, start, 9783590260863612
1787664524.422827, NoOp Chain Depth 128 Size 0 Mode ref, Ref Stage 48, run, end, 9783590260886972
1787664524.422842, NoOp Chain Depth 128 Size 0 Mode ref, Ref Stage 49, run, start, 9783590260901516
1787664524.422865, NoOp Chain Depth 128 Size 0 Mode ref, Ref Stage 49, run, end, 9783590260924156
1787664524.422876, NoOp Chain Depth 128 Size 0 Mode ref, Ref Stage 50, run, start, 9783590260935772
1787664524.422907, NoOp Chain Depth 128 Size 0 Mode ref, Ref Stage 50, run, end, 9783590260966732
1787664524.422922, NoOp Chain Depth 128 Size 0 Mode ref, Ref Stage 51, run, start, 9783590260981132
1787664524.422946, NoOp Chain Depth 128 Size 0 Mode ref, Ref Stage 51, run, end, 9783590261005020
1787664524.422961, NoOp Chain Depth 128 Size 0 Mode ref, Ref Stage 52, run, start, 9783590261020188
1787664524.422982, NoOp Chain Depth 128 Size 0 Mode ref, Ref Stage 52, run, end, 9783590261041692
1787664524.423001, NoOp Chain Depth 128 Size 0 Mode ref, Ref Stage 53, run, start, 9783590261059948
1787664524.423021, NoOp Chain Depth 128 Size 0 Mode ref, Ref Stage 53, run, end, 9783590261080444
1787664524.423036, NoOp Chain Depth 128 Size 0 Mode ref, Ref Stage 54, run, start, 9783590261094924
1787664524.423056, NoOp Chain Depth 128 Size 0 Mode ref, Ref Stage 54, run, end, 9783590261115756
1787664524.423071, NoOp Chain Depth 128 Size 0 Mode ref, Ref Stage 55, run, start, 9783590261130236
1787664524.423092, NoOp Chain Depth 128 Size 0 Mode ref, Ref Stage 55, run, end, 9783590261151228
1787664524.423106, NoOp Chain Depth 128 Size 0 Mode ref, Ref Stage 56, run, start, 9783590261165612
1787664524.423128, NoOp Chain Depth 128 Size 0 Mode ref, Ref Stage 56, run, end, 9783590261187500
1787664524.423143, NoOp Chain Depth 128 Size 0 Mode ref, Ref Stage 57, run, start, 9783590261202732
1787664524.423166, NoOp Chain Depth 128 Size 0 Mode ref, Ref Stage 57, run, end, 9783590261224924
1787664524.423177, NoOp Chain Depth 128 Size 0 Mode ref, Ref Stage 58, run, start, 9783590261236572
1787664524.423209, NoOp Chain Depth 128 Size 0 Mode ref, Ref Stage 58, run, end, 9783590261268076
1787664524.423223, NoOp Chain Depth 128 Size 0 Mode ref, Ref Stage 59, run, start, 9783590261282540
1787664524.423244, NoOp Chain Depth 128 Size 0 Mode ref, Ref Stage 59, run, end, 9783590261303292
1787664524.423258, NoOp Chain Depth 128 Size 0 Mode ref, Ref Stage 60, run, start, 9783590261317756
1787664524.423279, NoOp Chain Depth 128 Size 0 Mode ref, Ref Stage 60, run, end, 9783590261338492
1787664524.423295, NoOp Chain Depth 128 Size 0 Mode ref, Ref Stage 61, run, start, 9783590261353660
1787664524.423317, NoOp Chain Depth 128 Size 0 Mode ref, Ref Stage 61, run, end, 9783590261375996
1787664524.423328, NoOp Chain Depth 128 Size 0 Mode ref, Ref Stage 62, run, start, 9783590261387836
1787664524.424081, NoOp Chain Depth 128 Size 0 Mode ref, Ref Stage 62, run, end, 9783590262140699
1787664524.424097, NoOp Chain Depth 128 Size 0 Mode ref, Ref Stage 63, run, start, 9783590262156635
1787664524.424119, NoOp Chain Depth 128 Size 0 Mode ref, Ref Stage 63, run, end, 9783590262178235
1787664524.424135, NoOp Chain Depth 128 Size 0 Mode ref, Ref Stage 64, run, start, 9783590262194811
1787664524.424157, NoOp Chain Depth 128 Size 0 Mode ref, Ref Stage 64, run, end, 9783590262216187
1787664524.424171, NoOp Chain Depth 128 Size 0 Mode ref, Ref Stage 65, run, start, 9783590262230859
1787664524.424193, NoOp Chain Depth 128 Size 0 Mode ref, Ref Stage 65, run, end, 9783590262252011
1787664524.424207, NoOp Chain Depth 128 Size 0 Mode ref, Ref Stage 66, run, start, 9783590262266379
1787664524.424228, NoOp Chain Depth 128 Size 0 Mode ref, Ref Stage 66, run, end, 9783590262287403
1787664524.424243, NoOp Chain Depth 128 Size 0 Mode ref, Ref Stage 67, run, start, 9783590262301995
1787664524.424265, NoOp Chain Depth 128 Size 0 Mode ref, Ref Stage 67, run, end, 9783590262324635
1787664524.424281, NoOp Chain Depth 128 Size 0 Mode ref, Ref Stage 68, run, start, 9783590262340347
1787664524.424303, NoOp Chain Depth 128 Size 0 Mode ref, Ref Stage 68, run, end, 9783590262362619
1787664524.424318, NoOp Chain Depth 128 Size 0 Mode ref, Ref Stage 69, run, start, 9783590262377211
1787664524.424340, NoOp Chain Depth 128 Size 0 Mode ref, Ref Stage 69, run, end, 9783590262399483
1787664524.424355, NoOp Chain Depth 128 Size 0 Mode ref, Ref Stage 70, run, start, 9783590262413723
1787664524.424375, NoOp Chain Depth 128 Size 0 Mode ref, Ref Stage 70, run, end, 9783590262434683
1787664524.424390, NoOp Chain Depth 128 Size 0 Mode ref, Ref Stage 71, run, start, 9783590262448907
1787664524.424411, NoOp Chain Depth 128 Size 0 Mode ref, Ref Stage 71, run, end, 9783590262469931
1787664524.424425, NoOp Chain Depth 128 Size 0 Mode ref, Ref Stage 72, run, start, 9783590262484379
1787664524.424446, NoOp Chain Depth 128 Size 0 Mode ref, Ref Stage 72, run, end, 9783590262505147
1787664524.424461, NoOp Chain Depth 128 Size 0 Mode ref, Ref Stage 73, run, start, 9783590262520619
1787664524.424484, NoOp Chain Depth 128 Size 0 Mode ref, Ref Stage 73, run, end, 9783590262543899
1787664524.424496, NoOp Chain Depth 128 Size 0 Mode ref, Ref Stage 74, run, start, 9783590262555851
1787664524.424529, NoOp Chain Depth 128 Size 0 Mode ref, Ref Stage 74, run, end, 9783590262587899
1787664524.424543, NoOp Chain Depth 128 Size 0 Mode ref, Ref Stage 75, run, start, 9783590262602683
1787664524.424564, NoOp Chain Depth 128 Size 0 Mode ref, Ref Stage 75, run, end, 9783590262623323
1787664524.424579, NoOp Chain Depth 128 Size 0 Mode ref, Ref Stage 76, run, start, 9783590262637755
1787664524.425067, NoOp Chain Depth 128 Size 0 Mode ref, Ref Stage 76, run, end, 9783590263128682
1787664524.428845, NoOp Chain Depth 128 Size 0 Mode ref, Ref Stage 77, run, start, 9783590266906168
1787664524.428878, NoOp Chain Depth 128 Size 0 Mode ref, Ref Stage 77, run, end, 9783590266937560
1787664524.428896, NoOp Chain Depth 128 Size 0 Mode ref, Ref Stage 78, run, start, 9783590266955320
1787664524.428919, NoOp Chain Depth 128 Size 0 Mode ref, Ref Stage 78, run, end, 9783590266978504
1787664524.428934, NoOp Chain Depth 128 Size 0 Mode ref, Ref Stage 79, run, start, 9783590266993928
1787664524.428958, NoOp Chain Depth 128 Size 0 Mode ref, Ref Stage 79, run, end, 9783590267017224
1787664524.428973, NoOp Chain Depth 128 Size 0 Mode ref, Ref Stage 80, run, start, 9783590267032712
1787664524.428995, NoOp Chain Depth 128 Size 0 Mode ref, Ref Stage 80, run, end, 9783590267053672
1787664524.429009, NoOp Chain Depth 128 Size 0 Mode ref, Ref Stage 81, run, start, 9783590267068296
1787664524.429030, NoOp Chain Depth 128 Size 0 Mode ref, Ref Stage 81, run, end, 9783590267089064
1787664524.429044, NoOp Chain Depth 128 Size 0 Mode ref, Ref Stage 82, run, start, 9783590267103608
1787664524.429065, NoOp Chain Depth 128 Size 0 Mode ref, Ref Stage 82, run, end, 9783590267124328
1787664524.429080, NoOp Chain Depth 128 Size 0 Mode ref, Ref Stage 83, run, start, 9783590267138824
1787664524.429101, NoOp Chain Depth 128 Size 0 Mode ref, Ref Stage 83, run, end, 9783590267159784
1787664524.429115, NoOp Chain Depth 128 Size 0 Mode ref, Ref Stage 84, run, start, 9783590267174184
1787664524.429139, NoOp Chain Depth 128 Size 0 Mode ref, Ref Stage 84, run, end, 9783590267197816
1787664524.429153, NoOp Chain Depth 128 Size 0 Mode ref, Ref Stage 85, run, start, 9783590267212280
1787664524.429174, NoOp Chain Depth 128 Size 0 Mode ref, Ref Stage 85, run, end, 9783590267233352
1787664524.429188, NoOp Chain Depth 128 Size 0 Mode ref, Ref Stage 86, run, start, 9783590267248008
1787664524.429210, NoOp Chain Depth 128 Size 0 Mode ref, Ref Stage 86, run, end, 9783590267268840
1787664524.429224, NoOp Chain Depth 128 Size 0 Mode ref, Ref Stage 87, run, start, 9783590267283288
1787664524.429245, NoOp Chain Depth 128 Size 0 Mode ref, Ref Stage 87, run, end, 9783590267303944
1787664524.429259, NoOp Chain Depth 128 Size 0 Mode ref, Ref Stage 88, run, start, 9783590267318488
1787664524.429280, NoOp Chain Depth 128 Size 0 Mode ref, Ref Stage 88, run, end, 9783590267339096
1787664524.429294, NoOp Chain Depth 128 Size 0 Mode ref, Ref Stage 89, run, start, 9783590267353640
1787664524.429315, NoOp Chain Depth 128 Size 0 Mode ref, Ref Stage 89, run, end, 9783590267374264
1787664524.429330, NoOp Chain Depth 128 Size 0 Mode ref, Ref Stage 90, run, start, 9783590267388952
1787664524.429353, NoOp Chain Depth 128 Size 0 Mode ref, Ref Stage 90, run, end, 9783590267412232
1787664524.429365, NoOp Chain Depth 128 Size 0 Mode ref, Ref Stage 91, run, start, 9783590267424488
1787664524.429397, NoOp Chain Depth 128 Size 0 Mode ref, Ref Stage 91, run, end, 9783590267455976
1787664524.429411, NoOp Chain Depth 128 Size 0 Mode ref, Ref Stage 92, run, start, 9783590267470760
1787664524.429433, NoOp Chain Depth 128 Size 0 Mode ref, Ref Stage 92, run, end, 9783590267491816
1787664524.429447, NoOp Chain Depth 128 Size 0 Mode ref, Ref Stage 93, run, start, 9783590267506440
1787664524.429468, NoOp Chain Depth 128 Size 0 Mode ref, Ref Stage 93, run, end, 9783590267527784
1787664524.429483, NoOp Chain Depth 128 Size 0 Mode ref, Ref Stage 94, run, start, 9783590267542680
1787664524.429505, NoOp Chain Depth 128 Size 0 Mode ref, Ref Stage 94, run, end, 9783590267563880
1787664524.429519, NoOp Chain Depth 128 Size 0 Mode ref, Ref Stage 95, run, start, 9783590267578216
1787664524.429540, NoOp Chain Depth 128 Size 0 Mode ref, Ref Stage 95, run, end, 9783590267599160
1787664524.429554, NoOp Chain Depth 128 Size 0 Mode ref, Ref Stage 96, run, start, 9783590267613560
1787664524.429575, NoOp Chain Depth 128 Size 0 Mode ref, Ref Stage 96, run, end, 9783590267634424
1787664524.429590, NoOp Chain Depth 128 Size 0 Mode ref, Ref Stage 97, run, start, 9783590267648648
1787664524.429610, NoOp Chain Depth 128 Size 0 Mode ref, Ref Stage 97, run, end, 9783590267669447
1787664524.429625, NoOp Chain Depth 128 Size 0 Mode ref, Ref Stage 98, run, start, 9783590267683847
1787664524.429645, NoOp Chain Depth 128 Size 0 Mode ref, Ref Stage 98, run, end, 9783590267704647
1787664524.429660, NoOp Chain Depth 128 Size 0 Mode ref, Ref Stage 99, run, start, 9783590267719095
1787664524.429681, NoOp Chain Depth 128 Size 0 Mode ref, Ref Stage 99, run, end, 9783590267739799
1787664524.429695, NoOp Chain Depth 128 Size 0 Mode ref, Ref Stage 100, run, start, 9783590267754183
1787664524.429716, NoOp Chain Depth 128 Size 0 Mode ref, Ref Stage 100, run, end, 9783590267774935
1787664524.429730, NoOp Chain Depth 128 Size 0 Mode ref, Ref Stage 101, run, start, 9783590267789287
1787664524.429751, NoOp Chain Depth 128 Size 0 Mode ref, Ref Stage 101, run, end, 9783590267809991
1787664524.429765, NoOp Chain Depth 128 Size 0 Mode ref, Ref Stage 102, run, start, 9783590267824407
1787664524.429786, NoOp Chain Depth 128 Size 0 Mode ref, Ref Stage 102, run, end, 9783590267845047
1787664524.429801, NoOp Chain Depth 128 Size 0 Mode ref, Ref Stage 103, run, start, 9783590267860295
1787664524.429822, NoOp Chain Depth 128 Size 0 Mode ref, Ref Stage 103, run, end, 9783590267880823
1787664524.429836, NoOp Chain Depth 128 Size 0 Mode ref, Ref Stage 104, run, start, 9783590267895047
1787664524.429857, NoOp Chain Depth 128 Size 0 Mode ref, Ref Stage 104, run, end, 9783590267915719
1787664524.429871, NoOp Chain Depth 128 Size 0 Mode ref, Ref Stage 105, run, start, 9783590267929959
1787664524.429894, NoOp Chain Depth 128 Size 0 Mode ref, Ref Stage 105, run, end, 9783590267953479
1787664524.429906, NoOp Chain Depth 128 Size 0 Mode ref, Ref Stage 106, run, start, 9783590267965207
1787664524.429937, NoOp Chain Depth 128 Size 0 Mode ref, Ref Stage 106, run, end, 9783590267996615
1787664524.429954, NoOp Chain Depth 128 Size 0 Mode ref, Ref Stage 107, run, start, 9783590268012839
1787664524.429976, NoOp Chain Depth 128 Size 0 Mode ref, Ref Stage 107, run, end, 9783590268034823
1787664524.429990, NoOp Chain Depth 128 Size 0 Mode ref, Ref Stage 108, run, start, 9783590268049479
1787664524.430012, NoOp Chain Depth 128 Size 0 Mode ref, Ref Stage 108, run, end, 9783590268070807
1787664524.430026, NoOp Chain Depth 128 Size 0 Mode ref, Ref Stage 109, run, start, 9783590268085559
1787664524.430048, NoOp Chain Depth 128 Size 0 Mode ref, Ref Stage 109, run, end, 9783590268107015
1787664524.430063, NoOp Chain Depth 128 Size 0 Mode ref, Ref Stage 110, run, start, 9783590268121735
1787664524.430083, NoOp Chain Depth 128 Size 0 Mode ref, Ref Stage 110, run, end, 9783590268142423
1787664524.430098, NoOp Chain Depth 128 Size 0 Mode ref, Ref Stage 111, run, start, 9783590268157383
1787664524.430120, NoOp Chain Depth 128 Size 0 Mode ref, Ref Stage 111, run, end, 9783590268179511
1787664524.430132, NoOp Chain Depth 128 Size 0 Mode ref, Ref Stage 112, run, start, 9783590268191191
1787664524.430387, NoOp Chain Depth 128 Size 0 Mode ref, Ref Stage 112, run, end, 9783590268447175
1787664524.430403, NoOp Chain Depth 128 Size 0 Mode ref, Ref Stage 113, run, start, 9783590268462935
1787664524.430425, NoOp Chain Depth 128 Size 0 Mode ref, Ref Stage 113, run, end, 9783590268484535
1787664524.430440, NoOp Chain Depth 128 Size 0 Mode ref, Ref Stage 114, run, start, 9783590268499079
1787664524.430461, NoOp Chain Depth 128 Size 0 Mode ref, Ref Stage 114, run, end, 9783590268519927
1787664524.430475, NoOp Chain Depth 128 Size 0 Mode ref, Ref Stage 115, run, start, 9783590268534631
1787664524.430496, NoOp Chain Depth 128 Size 0 Mode ref, Ref Stage 115, run, end, 9783590268555639
1787664524.430511, NoOp Chain Depth 128 Size 0 Mode ref, Ref Stage 116, run, start, 9783590268570311
1787664524.430532, NoOp Chain Depth 128 Size 0 Mode ref, Ref Stage 116, run, end, 9783590268591079
1787664524.430547, NoOp Chain Depth 128 Size 0 Mode ref, Ref Stage 117, run, start, 9783590268605751
1787664524.430568, NoOp Chain Depth 128 Size 0 Mode ref, Ref Stage 117, run, end, 9783590268626759
1787664524.430582, NoOp Chain Depth 128 Size 0 Mode ref, Ref Stage 118, run, start, 9783590268641527
1787664524.430603, NoOp Chain Depth 128 Size 0 Mode ref, Ref Stage 118, run, end, 9783590268662439
1787664524.430618, NoOp Chain Depth 128 Size 0 Mode ref, Ref Stage 119, run, start, 9783590268676919
1787664524.431020, NoOp Chain Depth 128 Size 0 Mode ref, Ref Stage 119, run, end, 9783590269080103
1787664524.431040, NoOp Chain Depth 128 Size 0 Mode ref, Ref Stage 120, run, start, 9783590269098983
1787664524.431062, NoOp Chain Depth 128 Size 0 Mode ref, Ref Stage 120, run, end, 9783590269121399
1787664524.431077, NoOp Chain Depth 128 Size 0 Mode ref, Ref Stage 121, run, start, 9783590269136038
1787664524.431098, NoOp Chain Depth 128 Size 0 Mode ref, Ref Stage 121, run, end, 9783590269157494
1787664524.431113, NoOp Chain Depth 128 Size 0 Mode ref, Ref Stage 122, run, start, 9783590269172230
1787664524.431134, NoOp Chain Depth 128 Size 0 Mode ref, Ref Stage 122, run, end, 9783590269193254
1787664524.431149, NoOp Chain Depth 128 Size 0 Mode ref, Ref Stage 123, run, start, 9783590269207734
1787664524.431170, NoOp Chain Depth 128 Size 0 Mode ref, Ref Stage 123, run, end, 9783590269228822
1787664524.431184, NoOp Chain Depth 128 Size 0 Mode ref, Ref Stage 124, run, start, 9783590269243078
1787664524.431204, NoOp Chain Depth 128 Size 0 Mode ref, Ref Stage 124, run, end, 9783590269263654
1787664524.431219, NoOp Chain Depth 128 Size 0 Mode ref, Ref Stage 125, run, start, 9783590269278438
1787664524.431240, NoOp Chain Depth 128 Size 0 Mode ref, Ref Stage 125, run, end, 9783590269299398
1787664524.431257, NoOp Chain Depth 128 Size 0 Mode ref, Ref Stage 126, run, start, 9783590269316278
1787664524.431278, NoOp Chain Depth 128 Size 0 Mode ref, Ref Stage 126, run, end, 9783590269337430
1787664524.431293, NoOp Chain Depth 128 Size 0 Mode ref, Ref Stage 127, run, start, 9783590269352598
1787664524.431314, NoOp Chain Depth 128 Size 0 Mode ref, Ref Stage 127, run, end, 9783590269373558
1787664524.431329, NoOp Chain Depth 128 Size 0 Mode ref, pipeline - train, run, end, 214292392484353390162508491170803550807, 1787664524.419534, 90, 1, 9783590269388534
1787664524.431368, NoOp Chain Depth 128 Size 0 Mode ref, pipeline - train, run, start, 170551341054955323484757940110350872721, 1787664524.431355, 91, 1, 9783590269427302
1787664524.431391, NoOp Chain Depth 128 Size 0 Mode ref, Ref Stage 0, run, start, 9783590269450470
1787664524.431413, NoOp Chain Depth 128 Size 0 Mode ref, Ref Stage 0, run, end, 9783590269472278
1787664524.431427, NoOp Chain Depth 128 Size 0 Mode ref, Ref Stage 1, run, start, 9783590269486918
1787664524.431449, NoOp Chain Depth 128 Size 0 Mode ref, Ref Stage 1, run, end, 9783590269508022
1787664524.431464, NoOp Chain Depth 128 Size 0 Mode ref, Ref Stage 2, run, start, 9783590269523814
1787664524.431485, NoOp Chain Depth 128 Size 0 Mode ref, Ref Stage 2, run, end, 9783590269544550
1787664524.431607, NoOp Chain Depth 128 Size 0 Mode ref, Ref Stage 3, run, start, 9783590269665878
1787664524.431628, NoOp Chain Depth 128 Size 0 Mode ref, Ref Stage 3, run, end, 9783590269687350
1787664524.431643, NoOp Chain Depth 128 Size 0 Mode ref, Ref Stage 4, run, start, 9783590269701990
1787664524.431664, NoOp Chain Depth 128 Size 0 Mode ref, Ref Stage 4, run, end, 9783590269722822
1787664524.431678, NoOp Chain Depth 128 Size 0 Mode ref, Ref Stage 5, run, start, 9783590269737142
1787664524.431698, NoOp Chain Depth 128 Size 0 Mode ref, Ref Stage 5, run, end, 9783590269757654
1787664524.431713, NoOp Chain Depth 128 Size 0 Mode ref, Ref Stage 6, run, start, 9783590269772182
1787664524.431734, NoOp Chain Depth 128 Size 0 Mode ref, Ref Stage 6, run, end, 9783590269793110
1787664524.431748, NoOp Chain Depth 128 Size 0 Mode ref, Ref Stage 7, run, start, 9783590269807542
1787664524.431769, NoOp Chain Depth 128 Size 0 Mode ref, Ref Stage 7, run, end, 9783590269828630
1787664524.431784, NoOp Chain Depth 128 Size 0 Mode ref, Ref Stage 8, run, start, 9783590269843318
1787664524.431807, NoOp Chain Depth 128 Size 0 Mode ref, Ref Stage 8, run, end, 9783590269865686
1787664524.431821, NoOp Chain Depth 128 Size 0 Mode ref, Ref Stage 9, run, start, 9783590269879926
1787664524.431844, NoOp Chain Depth 128 Size 0 Mode ref, Ref Stage 9, run, end, 9783590269903030
1787664524.431856, NoOp Chain Depth 128 Size 0 Mode ref, Ref Stage 10, run, start, 9783590269915702
1787664524.431888, NoOp Chain Depth 128 Size 0 Mode ref, Ref Stage 10, run, end, 9783590269947094
1787664524.431902, NoOp Chain Depth 128 Size 0 Mode ref, Ref Stage 11, run, start, 9783590269961590
1787664524.431923, NoOp Chain Depth 128 Size 0 Mode ref, Ref Stage 11, run, end, 9783590269982230
1787664524.431937, NoOp Chain Depth 128 Size 0 Mode ref, Ref Stage 12, run, start, 9783590269996502
1787664524.431960, NoOp Chain Depth 128 Size 0 Mode ref, Ref Stage 12, run, end, 9783590270019414
1787664524.431975, NoOp Chain Depth 128 Size 0 Mode ref, Ref Stage 13, run, start, 9783590270034422
1787664524.431996, NoOp Chain Depth 128 Size 0 Mode ref, Ref Stage 13, run, end, 9783590270055126
1787664524.432010, NoOp Chain Depth 128 Size 0 Mode ref, Ref Stage 14, run, start, 9783590270069286
1787664524.432031, NoOp Chain Depth 128 Size 0 Mode ref, Ref Stage 14, run, end, 9783590270089814
1787664524.432046, NoOp Chain Depth 128 Size 0 Mode ref, Ref Stage 15, run, start, 9783590270105478
1787664524.432068, NoOp Chain Depth 128 Size 0 Mode ref, Ref Stage 15, run, end, 9783590270127254
1787664524.432082, NoOp Chain Depth 128 Size 0 Mode ref, Ref Stage 16, run, start, 9783590270141574
1787664524.432104, NoOp Chain Depth 128 Size 0 Mode ref, Ref Stage 16, run, end, 9783590270163014
1787664524.432120, NoOp Chain Depth 128 Size 0 Mode ref, Ref Stage 17, run, start, 9783590270178918
1787664524.432140, NoOp Chain Depth 128 Size 0 Mode ref, Ref Stage 17, run, end, 9783590270199366
1787664524.432154, NoOp Chain Depth 128 Size 0 Mode ref, Ref Stage 18, run, start, 9783590270213686
1787664524.432175, NoOp Chain Depth 128 Size 0 Mode ref, Ref Stage 18, run, end, 9783590270234182
1787664524.432189, NoOp Chain Depth 128 Size 0 Mode ref, Ref Stage 19, run, start, 9783590270248678
1787664524.432210, NoOp Chain Depth 128 Size 0 Mode ref, Ref Stage 19, run, end, 9783590270269462
1787664524.432225, NoOp Chain Depth 128 Size 0 Mode ref, Ref Stage 20, run, start, 9783590270283862
1787664524.432248, NoOp Chain Depth 128 Size 0 Mode ref, Ref Stage 20, run, end, 9783590270306838
1787664524.432259, NoOp Chain Depth 128 Size 0 Mode ref, Ref Stage 21, run, start, 9783590270318422
1787664524.432292, NoOp Chain Depth 128 Size 0 Mode ref, Ref Stage 21, run, end, 9783590270351062
1787664524.432308, NoOp Chain Depth 128 Size 0 Mode ref, Ref Stage 22, run, start, 9783590270367462
1787664524.432329, NoOp Chain Depth 128 Size 0 Mode ref, Ref Stage 22, run, end, 9783590270388614
1787664524.432346, NoOp Chain Depth 128 Size 0 Mode ref, Ref Stage 23, run, start, 9783590270405094
1787664524.432367, NoOp Chain Depth 128 Size 0 Mode ref, Ref Stage 23, run, end, 9783590270425862
1787664524.432381, NoOp Chain Depth 128 Size 0 Mode ref, Ref Stage 24, run, start, 9783590270440086
1787664524.432401, NoOp Chain Depth 128 Size 0 Mode ref, Ref Stage 24, run, end, 9783590270460630
1787664524.432416, NoOp Chain Depth 128 Size 0 Mode ref, Ref Stage 25, run, start, 9783590270475142
1787664524.432441, NoOp Chain Depth 128 Size 0 Mode ref, Ref Stage 25, run, end, 9783590270499942
1787664524.432455, NoOp Chain Depth 128 Size 0 Mode ref, Ref Stage 26, run, start, 9783590270514406
1787664524.432478, NoOp Chain Depth 128 Size 0 Mode ref, Ref Stage 26, run, end, 9783590270537254
1787664524.435667, NoOp Chain Depth 128 Size 0 Mode ref, Ref Stage 27, run, start, 9783590273727828
1787664524.435695, NoOp Chain Depth 128 Size 0 Mode ref, Ref Stage 27, run, end, 9783590273754884
1787664524.435711, NoOp Chain Depth 128 Size 0 Mode ref, Ref Stage 28, run, start, 9783590273770819
1787664524.435733, NoOp Chain Depth 128 Size 0 Mode ref, Ref Stage 28, run, end, 9783590273792467
1787664524.435748, NoOp Chain Depth 128 Size 0 Mode ref, Ref Stage 29, run, start, 9783590273807219
1787664524.435769, NoOp Chain Depth 128 Size 0 Mode ref, Ref Stage 29, run, end, 9783590273828227
1787664524.435784, NoOp Chain Depth 128 Size 0 Mode ref, Ref Stage 30, run, start, 9783590273842995
1787664524.435805, NoOp Chain Depth 128 Size 0 Mode ref, Ref Stage 30, run, end, 9783590273863843
1787664524.435819, NoOp Chain Depth 128 Size 0 Mode ref, Ref Stage 31, run, start, 9783590273878339
1787664524.435840, NoOp Chain Depth 128 Size 0 Mode ref, Ref Stage 31, run, end, 9783590273899155
1787664524.435854, NoOp Chain Depth 128 Size 0 Mode ref, Ref Stage 32, run, start, 9783590273913491
1787664524.435875, NoOp Chain Depth 128 Size 0 Mode ref, Ref Stage 32, run, end, 9783590273934563
1787664524.435890, NoOp Chain Depth 128 Size 0 Mode ref, Ref Stage 33, run, start, 9783590273948979
1787664524.435911, NoOp Chain Depth 128 Size 0 Mode ref, Ref Stage 33, run, end, 9783590273969827
1787664524.435925, NoOp Chain Depth 128 Size 0 Mode ref, Ref Stage 34, run, start, 9783590273984403
1787664524.435948, NoOp Chain Depth 128 Size 0 Mode ref, Ref Stage 34, run, end, 9783590274007459
1787664524.435963, NoOp Chain Depth 128 Size 0 Mode ref, Ref Stage 35, run, start, 9783590274022771
1787664524.435984, NoOp Chain Depth 128 Size 0 Mode ref, Ref Stage 35, run, end, 9783590274043715
1787664524.435999, NoOp Chain Depth 128 Size 0 Mode ref, Ref Stage 36, run, start, 9783590274058147
1787664524.436019, NoOp Chain Depth 128 Size 0 Mode ref, Ref Stage 36, run, end, 9783590274078595
1787664524.436034, NoOp Chain Depth 128 Size 0 Mode ref, Ref Stage 37, run, start, 9783590274092979
1787664524.436057, NoOp Chain Depth 128 Size 0 Mode ref, Ref Stage 37, run, end, 9783590274116147
1787664524.436071, NoOp Chain Depth 128 Size 0 Mode ref, Ref Stage 38, run, start, 9783590274130595
1787664524.436092, NoOp Chain Depth 128 Size 0 Mode ref, Ref Stage 38, run, end, 9783590274151603
1787664524.436107, NoOp Chain Depth 128 Size 0 Mode ref, Ref Stage 39, run, start, 9783590274165955
1787664524.436128, NoOp Chain Depth 128 Size 0 Mode ref, Ref Stage 39, run, end, 9783590274186851
1787664524.436142, NoOp Chain Depth 128 Size 0 Mode ref, Ref Stage 40, run, start, 9783590274201299
1787664524.436163, NoOp Chain Depth 128 Size 0 Mode ref, Ref Stage 40, run, end, 9783590274222163
1787664524.436177, NoOp Chain Depth 128 Size 0 Mode ref, Ref Stage 41, run, start, 9783590274236435
1787664524.436198, NoOp Chain Depth 128 Size 0 Mode ref, Ref Stage 41, run, end, 9783590274257187
1787664524.436213, NoOp Chain Depth 128 Size 0 Mode ref, Ref Stage 42, run, start, 9783590274272083
1787664524.436234, NoOp Chain Depth 128 Size 0 Mode ref, Ref Stage 42, run, end, 9783590274293219
1787664524.436249, NoOp Chain Depth 128 Size 0 Mode ref, Ref Stage 43, run, start, 9783590274307907
1787664524.436270, NoOp Chain Depth 128 Size 0 Mode ref, Ref Stage 43, run, end, 9783590274328915
1787664524.436284, NoOp Chain Depth 128 Size 0 Mode ref, Ref Stage 44, run, start, 9783590274343459
1787664524.436306, NoOp Chain Depth 128 Size 0 Mode ref, Ref Stage 44, run, end, 9783590274364515
1787664524.436320, NoOp Chain Depth 128 Size 0 Mode ref, Ref Stage 45, run, start, 9783590274379075
1787664524.436341, NoOp Chain Depth 128 Size 0 Mode ref, Ref Stage 45, run, end, 9783590274399939
1787664524.436355, NoOp Chain Depth 128 Size 0 Mode ref, Ref Stage 46, run, start, 9783590274414483
1787664524.436376, NoOp Chain Depth 128 Size 0 Mode ref, Ref Stage 46, run, end, 9783590274435155
1787664524.436390, NoOp Chain Depth 128 Size 0 Mode ref, Ref Stage 47, run, start, 9783590274449731
1787664524.436411, NoOp Chain Depth 128 Size 0 Mode ref, Ref Stage 47, run, end, 9783590274470611
1787664524.436426, NoOp Chain Depth 128 Size 0 Mode ref, Ref Stage 48, run, start, 9783590274485171
1787664524.436447, NoOp Chain Depth 128 Size 0 Mode ref, Ref Stage 48, run, end, 9783590274506227
1787664524.436462, NoOp Chain Depth 128 Size 0 Mode ref, Ref Stage 49, run, start, 9783590274520835
1787664524.436482, NoOp Chain Depth 128 Size 0 Mode ref, Ref Stage 49, run, end, 9783590274541587
1787664524.436497, NoOp Chain Depth 128 Size 0 Mode ref, Ref Stage 50, run, start, 9783590274555987
1787664524.436519, NoOp Chain Depth 128 Size 0 Mode ref, Ref Stage 50, run, end, 9783590274578355
1787664524.436531, NoOp Chain Depth 128 Size 0 Mode ref, Ref Stage 51, run, start, 9783590274590387
1787664524.436562, NoOp Chain Depth 128 Size 0 Mode ref, Ref Stage 51, run, end, 9783590274621459
1787664524.436577, NoOp Chain Depth 128 Size 0 Mode ref, Ref Stage 52, run, start, 9783590274635811
1787664524.436597, NoOp Chain Depth 128 Size 0 Mode ref, Ref Stage 52, run, end, 9783590274656563
1787664524.436612, NoOp Chain Depth 128 Size 0 Mode ref, Ref Stage 53, run, start, 9783590274670979
1787664524.436633, NoOp Chain Depth 128 Size 0 Mode ref, Ref Stage 53, run, end, 9783590274691763
1787664524.436647, NoOp Chain Depth 128 Size 0 Mode ref, Ref Stage 54, run, start, 9783590274706339
1787664524.436668, NoOp Chain Depth 128 Size 0 Mode ref, Ref Stage 54, run, end, 9783590274726851
1787664524.436682, NoOp Chain Depth 128 Size 0 Mode ref, Ref Stage 55, run, start, 9783590274741091
1787664524.436703, NoOp Chain Depth 128 Size 0 Mode ref, Ref Stage 55, run, end, 9783590274761843
1787664524.436717, NoOp Chain Depth 128 Size 0 Mode ref, Ref Stage 56, run, start, 9783590274776323
1787664524.436738, NoOp Chain Depth 128 Size 0 Mode ref, Ref Stage 56, run, end, 9783590274797123
1787664524.436752, NoOp Chain Depth 128 Size 0 Mode ref, Ref Stage 57, run, start, 9783590274811587
1787664524.436773, NoOp Chain Depth 128 Size 0 Mode ref, Ref Stage 57, run, end, 9783590274832291
1787664524.436789, NoOp Chain Depth 128 Size 0 Mode ref, Ref Stage 58, run, start, 9783590274848163
1787664524.436811, NoOp Chain Depth 128 Size 0 Mode ref, Ref Stage 58, run, end, 9783590274870291
1787664524.436822, NoOp Chain Depth 128 Size 0 Mode ref, Ref Stage 59, run, start, 9783590274881715
1787664524.436853, NoOp Chain Depth 128 Size 0 Mode ref, Ref Stage 59, run, end, 9783590274912195
1787664524.436867, NoOp Chain Depth 128 Size 0 Mode ref, Ref Stage 60, run, start, 9783590274926675
1787664524.436891, NoOp Chain Depth 128 Size 0 Mode ref, Ref Stage 60, run, end, 9783590274949747
1787664524.436902, NoOp Chain Depth 128 Size 0 Mode ref, Ref Stage 61, run, start, 9783590274961379
1787664524.436933, NoOp Chain Depth 128 Size 0 Mode ref, Ref Stage 61, run, end, 9783590274992051
1787664524.436949, NoOp Chain Depth 128 Size 0 Mode ref, Ref Stage 62, run, start, 9783590275007827
1787664524.436971, NoOp Chain Depth 128 Size 0 Mode ref, Ref Stage 62, run, end, 9783590275030035
1787664524.436985, NoOp Chain Depth 128 Size 0 Mode ref, Ref Stage 63, run, start, 9783590275044723
1787664524.437006, NoOp Chain Depth 128 Size 0 Mode ref, Ref Stage 63, run, end, 9783590275065683
1787664524.437021, NoOp Chain Depth 128 Size 0 Mode ref, Ref Stage 64, run, start, 9783590275080371
1787664524.437042, NoOp Chain Depth 128 Size 0 Mode ref, Ref Stage 64, run, end, 9783590275101619
1787664524.437057, NoOp Chain Depth 128 Size 0 Mode ref, Ref Stage 65, run, start, 9783590275116051
1787664524.437078, NoOp Chain Depth 128 Size 0 Mode ref, Ref Stage 65, run, end, 9783590275137507
1787664524.437095, NoOp Chain Depth 128 Size 0 Mode ref, Ref Stage 66, run, start, 9783590275154019
1787664524.437116, NoOp Chain Depth 128 Size 0 Mode ref, Ref Stage 66, run, end, 9783590275174835
1787664524.437130, NoOp Chain Depth 128 Size 0 Mode ref, Ref Stage 67, run, start, 9783590275189107
1787664524.437151, NoOp Chain Depth 128 Size 0 Mode ref, Ref Stage 67, run, end, 9783590275209891
1787664524.437166, NoOp Chain Depth 128 Size 0 Mode ref, Ref Stage 68, run, start, 9783590275225235
1787664524.437190, NoOp Chain Depth 128 Size 0 Mode ref, Ref Stage 68, run, end, 9783590275249074
1787664524.437201, NoOp Chain Depth 128 Size 0 Mode ref, Ref Stage 69, run, start, 9783590275260594
1787664524.437232, NoOp Chain Depth 128 Size 0 Mode ref, Ref Stage 69, run, end, 9783590275291682
1787664524.437247, NoOp Chain Depth 128 Size 0 Mode ref, Ref Stage 70, run, start, 9783590275305826
1787664524.437268, NoOp Chain Depth 128 Size 0 Mode ref, Ref Stage 70, run, end, 9783590275327810
1787664524.437283, NoOp Chain Depth 128 Size 0 Mode ref, Ref Stage 71, run, start, 9783590275342242
1787664524.437306, NoOp Chain Depth 128 Size 0 Mode ref, Ref Stage 71, run, end, 9783590275364994
1787664524.437321, NoOp Chain Depth 128 Size 0 Mode ref, Ref Stage 72, run, start, 9783590275380178
1787664524.437345, NoOp Chain Depth 128 Size 0 Mode ref, Ref Stage 72, run, end, 9783590275403794
1787664524.437356, NoOp Chain Depth 128 Size 0 Mode ref, Ref Stage 73, run, start, 9783590275415602
1787664524.437799, NoOp Chain Depth 128 Size 0 Mode ref, Ref Stage 73, run, end, 9783590275860018
1787664524.437817, NoOp Chain Depth 128 Size 0 Mode ref, Ref Stage 74, run, start, 9783590275876402
1787664524.437839, NoOp Chain Depth 128 Size 0 Mode ref, Ref Stage 74, run, end, 9783590275898178
1787664524.437853, NoOp Chain Depth 128 Size 0 Mode ref, Ref Stage 75, run, start, 9783590275912754
1787664524.437874, NoOp Chain Depth 128 Size 0 Mode ref, Ref Stage 75, run, end, 9783590275933778
1787664524.437889, NoOp Chain Depth 128 Size 0 Mode ref, Ref Stage 76, run, start, 9783590275948466
1787664524.437912, NoOp Chain Depth 128 Size 0 Mode ref, Ref Stage 76, run, end, 9783590275970674
1787664524.437923, NoOp Chain Depth 128 Size 0 Mode ref, Ref Stage 77, run, start, 9783590275982338
1787664524.437956, NoOp Chain Depth 128 Size 0 Mode ref, Ref Stage 77, run, end, 9783590276014866
1787664524.437971, NoOp Chain Depth 128 Size 0 Mode ref, Ref Stage 78, run, start, 9783590276030690
1787664524.437992, NoOp Chain Depth 128 Size 0 Mode ref, Ref Stage 78, run, end, 9783590276051746
1787664524.438010, NoOp Chain Depth 128 Size 0 Mode ref, Ref Stage 79, run, start, 9783590276068850
1787664524.438030, NoOp Chain Depth 128 Size 0 Mode ref, Ref Stage 79, run, end, 9783590276089506
1787664524.438045, NoOp Chain Depth 128 Size 0 Mode ref, Ref Stage 80, run, start, 9783590276103906
1787664524.438065, NoOp Chain Depth 128 Size 0 Mode ref, Ref Stage 80, run, end, 9783590276124450
1787664524.438080, NoOp Chain Depth 128 Size 0 Mode ref, Ref Stage 81, run, start, 9783590276138770
1787664524.438101, NoOp Chain Depth 128 Size 0 Mode ref, Ref Stage 81, run, end, 9783590276160322
1787664524.438115, NoOp Chain Depth 128 Size 0 Mode ref, Ref Stage 82, run, start, 9783590276174706
1787664524.438136, NoOp Chain Depth 128 Size 0 Mode ref, Ref Stage 82, run, end, 9783590276195042
1787664524.438150, NoOp Chain Depth 128 Size 0 Mode ref, Ref Stage 83, run, start, 9783590276209602
1787664524.438171, NoOp Chain Depth 128 Size 0 Mode ref, Ref Stage 83, run, end, 9783590276230146
1787664524.438185, NoOp Chain Depth 128 Size 0 Mode ref, Ref Stage 84, run, start, 9783590276244226
1787664524.438206, NoOp Chain Depth 128 Size 0 Mode ref, Ref Stage 84, run, end, 9783590276264770
1787664524.438221, NoOp Chain Depth 128 Size 0 Mode ref, Ref Stage 85, run, start, 9783590276280162
1787664524.438241, NoOp Chain Depth 128 Size 0 Mode ref, Ref Stage 85, run, end, 9783590276300914
1787664524.438256, NoOp Chain Depth 128 Size 0 Mode ref, Ref Stage 86, run, start, 9783590276315282
1787664524.438277, NoOp Chain Depth 128 Size 0 Mode ref, Ref Stage 86, run, end, 9783590276336178
1787664524.438293, NoOp Chain Depth 128 Size 0 Mode ref, Ref Stage 87, run, start, 9783590276351970
1787664524.438314, NoOp Chain Depth 128 Size 0 Mode ref, Ref Stage 87, run, end, 9783590276373602
1787664524.438329, NoOp Chain Depth 128 Size 0 Mode ref, Ref Stage 88, run, start, 9783590276388098
1787664524.438349, NoOp Chain Depth 128 Size 0 Mode ref, Ref Stage 88, run, end, 9783590276408690
1787664524.438364, NoOp Chain Depth 128 Size 0 Mode ref, Ref Stage 89, run, start, 9783590276422962
1787664524.438385, NoOp Chain Depth 128 Size 0 Mode ref, Ref Stage 89, run, end, 9783590276444626
1787664524.438400, NoOp Chain Depth 128 Size 0 Mode ref, Ref Stage 90, run, start, 9783590276458994
1787664524.438424, NoOp Chain Depth 128 Size 0 Mode ref, Ref Stage 90, run, end, 9783590276482946
1787664524.438435, NoOp Chain Depth 128 Size 0 Mode ref, Ref Stage 91, run, start, 9783590276494562
1787664524.438467, NoOp Chain Depth 128 Size 0 Mode ref, Ref Stage 91, run, end, 9783590276525666
1787664524.438481, NoOp Chain Depth 128 Size 0 Mode ref, Ref Stage 92, run, start, 9783590276540226
1787664524.438502, NoOp Chain Depth 128 Size 0 Mode ref, Ref Stage 92, run, end, 9783590276561650
1787664524.438517, NoOp Chain Depth 128 Size 0 Mode ref, Ref Stage 93, run, start, 9783590276575874
1787664524.438537, NoOp Chain Depth 128 Size 0 Mode ref, Ref Stage 93, run, end, 9783590276596594
1787664524.438552, NoOp Chain Depth 128 Size 0 Mode ref, Ref Stage 94, run, start, 9783590276610882
1787664524.438572, NoOp Chain Depth 128 Size 0 Mode ref, Ref Stage 94, run, end, 9783590276631282
1787664524.438586, NoOp Chain Depth 128 Size 0 Mode ref, Ref Stage 95, run, start, 9783590276645682
1787664524.438607, NoOp Chain Depth 128 Size 0 Mode ref, Ref Stage 95, run, end, 9783590276666034
1787664524.438621, NoOp Chain Depth 128 Size 0 Mode ref, Ref Stage 96, run, start, 9783590276680498
1787664524.438643, NoOp Chain Depth 128 Size 0 Mode ref, Ref Stage 96, run, end, 9783590276701826
1787664524.438657, NoOp Chain Depth 128 Size 0 Mode ref, Ref Stage 97, run, start, 9783590276716242
1787664524.438679, NoOp Chain Depth 128 Size 0 Mode ref, Ref Stage 97, run, end, 9783590276738242
1787664524.438693, NoOp Chain Depth 128 Size 0 Mode ref, Ref Stage 98, run, start, 9783590276752642
1787664524.438715, NoOp Chain Depth 128 Size 0 Mode ref, Ref Stage 98, run, end, 9783590276774145
1787664524.438730, NoOp Chain Depth 128 Size 0 Mode ref, Ref Stage 99, run, start, 9783590276788657
1787664524.438751, NoOp Chain Depth 128 Size 0 Mode ref, Ref Stage 99, run, end, 9783590276810513
1787664524.438766, NoOp Chain Depth 128 Size 0 Mode ref, Ref Stage 100, run, start, 9783590276824929
1787664524.438786, NoOp Chain Depth 128 Size 0 Mode ref, Ref Stage 100, run, end, 9783590276845409
1787664524.438800, NoOp Chain Depth 128 Size 0 Mode ref, Ref Stage 101, run, start, 9783590276859649
1787664524.438822, NoOp Chain Depth 128 Size 0 Mode ref, Ref Stage 101, run, end, 9783590276881249
1787664524.438836, NoOp Chain Depth 128 Size 0 Mode ref, Ref Stage 102, run, start, 9783590276895537
1787664524.438861, NoOp Chain Depth 128 Size 0 Mode ref, Ref Stage 102, run, end, 9783590276919681
1787664524.438875, NoOp Chain Depth 128 Size 0 Mode ref, Ref Stage 103, run, start, 9783590276934081
1787664524.438896, NoOp Chain Depth 128 Size 0 Mode ref, Ref Stage 103, run, end, 9783590276955409
1787664524.438911, NoOp Chain Depth 128 Size 0 Mode ref, Ref Stage 104, run, start, 9783590276970737
1787664524.439041, NoOp Chain Depth 128 Size 0 Mode ref, Ref Stage 104, run, end, 9783590277102929
1787664524.439063, NoOp Chain Depth 128 Size 0 Mode ref, Ref Stage 105, run, start, 9783590277121953
1787664524.439085, NoOp Chain Depth 128 Size 0 Mode ref, Ref Stage 105, run, end, 9783590277144177
1787664524.439099, NoOp Chain Depth 128 Size 0 Mode ref, Ref Stage 106, run, start, 9783590277158769
1787664524.439122, NoOp Chain Depth 128 Size 0 Mode ref, Ref Stage 106, run, end, 9783590277181201
1787664524.439133, NoOp Chain Depth 128 Size 0 Mode ref, Ref Stage 107, run, start, 9783590277192753
1787664524.439588, NoOp Chain Depth 128 Size 0 Mode ref, Ref Stage 107, run, end, 9783590277647793
1787664524.439604, NoOp Chain Depth 128 Size 0 Mode ref, Ref Stage 108, run, start, 9783590277663441
1787664524.439626, NoOp Chain Depth 128 Size 0 Mode ref, Ref Stage 108, run, end, 9783590277685025
1787664524.439640, NoOp Chain Depth 128 Size 0 Mode ref, Ref Stage 109, run, start, 9783590277699633
1787664524.439661, NoOp Chain Depth 128 Size 0 Mode ref, Ref Stage 109, run, end, 9783590277720417
1787664524.439676, NoOp Chain Depth 128 Size 0 Mode ref, Ref Stage 110, run, start, 9783590277734913
1787664524.439696, NoOp Chain Depth 128 Size 0 Mode ref, Ref Stage 110, run, end, 9783590277755617
1787664524.439711, NoOp Chain Depth 128 Size 0 Mode ref, Ref Stage 111, run, start, 9783590277769873
1787664524.439731, NoOp Chain Depth 128 Size 0 Mode ref, Ref Stage 111, run, end, 9783590277790497
1787664524.439746, NoOp Chain Depth 128 Size 0 Mode ref, Ref Stage 112, run, start, 9783590277805777
1787664524.439770, NoOp Chain Depth 128 Size 0 Mode ref, Ref Stage 112, run, end, 9783590277829281
1787664524.439782, NoOp Chain Depth 128 Size 0 Mode ref, Ref Stage 113, run, start, 9783590277841313
1787664524.439816, NoOp Chain Depth 128 Size 0 Mode ref, Ref Stage 113, run, end, 9783590277875601
1787664524.439831, NoOp Chain Depth 128 Size 0 Mode ref, Ref Stage 114, run, start, 9783590277890417
1787664524.439852, NoOp Chain Depth 128 Size 0 Mode ref, Ref Stage 114, run, end, 9783590277911425
1787664524.439867, NoOp Chain Depth 128 Size 0 Mode ref, Ref Stage 115, run, start, 9783590277926353
1787664524.439890, NoOp Chain Depth 128 Size 0 Mode ref, Ref Stage 115, run, end, 9783590277949745
1787664524.439902, NoOp Chain Depth 128 Size 0 Mode ref, Ref Stage 116, run, start, 9783590277961457
1787664524.439933, NoOp Chain Depth 128 Size 0 Mode ref, Ref Stage 116, run, end, 9783590277991985
1787664524.439949, NoOp Chain Depth 128 Size 0 Mode ref, Ref Stage 117, run, start, 9783590278008321
1787664524.439970, NoOp Chain Depth 128 Size 0 Mode ref, Ref Stage 117, run, end, 9783590278029761
1787664524.439985, NoOp Chain Depth 128 Size 0 Mode ref, Ref Stage 118, run, start, 9783590278044001
1787664524.440006, NoOp Chain Depth 128 Size 0 Mode ref, Ref Stage 118, run, end, 9783590278065553
1787664524.440520, NoOp Chain Depth 128 Size 0 Mode ref, Ref Stage 119, run, start, 9783590278580000
1787664524.440545, NoOp Chain Depth 128 Size 0 Mode ref, Ref Stage 119, run, end, 9783590278604832
1787664524.440563, NoOp Chain Depth 128 Size 0 Mode ref, Ref Stage 120, run, start, 9783590278622528
1787664524.440587, NoOp Chain Depth 128 Size 0 Mode ref, Ref Stage 120, run, end, 9783590278646000
1787664524.440598, NoOp Chain Depth 128 Size 0 Mode ref, Ref Stage 121, run, start, 9783590278658064
1787664524.440630, NoOp Chain Depth 128 Size 0 Mode ref, Ref Stage 121, run, end, 9783590278689888
1787664524.440645, NoOp Chain Depth 128 Size 0 Mode ref, Ref Stage 122, run, start, 9783590278704688
1787664524.440666, NoOp Chain Depth 128 Size 0 Mode ref, Ref Stage 122, run, end, 9783590278725584
1787664524.440681, NoOp Chain Depth 128 Size 0 Mode ref, Ref Stage 123, run, start, 9783590278739952
1787664524.440702, NoOp Chain Depth 128 Size 0 Mode ref, Ref Stage 123, run, end, 9783590278761104
1787664524.440717, NoOp Chain Depth 128 Size 0 Mode ref, Ref Stage 124, run, start, 9783590278775984
1787664524.440740, NoOp Chain Depth 128 Size 0 Mode ref, Ref Stage 124, run, end, 9783590278798944
1787664524.440754, NoOp Chain Depth 128 Size 0 Mode ref, Ref Stage 125, run, start, 9783590278813616
1787664524.440775, NoOp Chain Depth 128 Size 0 Mode ref, Ref Stage 125, run, end, 9783590278834480
1787664524.440790, NoOp Chain Depth 128 Size 0 Mode ref, Ref Stage 126, run, start, 9783590278848976
1787664524.440810, NoOp Chain Depth 128 Size 0 Mode ref, Ref Stage 126, run, end, 9783590278869760
1787664524.440825, NoOp Chain Depth 128 Size 0 Mode ref, Ref Stage 127, run, start, 9783590278884528
1787664524.440846, NoOp Chain Depth 128 Size 0 Mode ref, Ref Stage 127, run, end, 9783590278905392
1787664524.440861, NoOp Chain Depth 128 Size 0 Mode ref, pipeline - train, run, end, 170551341054955323484757940110350872721, 1787664524.431355, 91, 1, 9783590278920368
1787664524.440906, NoOp Chain Depth 128 Size 0 Mode ref, pipeline - train, run, start, 329246876788735252607177261407544081688, 1787664524.440894, 92, 1, 9783590278965584
1787664524.440929, NoOp Chain Depth 128 Size 0 Mode ref, Ref Stage 0, run, start, 9783590278988096
1787664524.440955, NoOp Chain Depth 128 Size 0 Mode ref, Ref Stage 0, run, end, 9783590279014512
1787664524.440971, NoOp Chain Depth 128 Size 0 Mode ref, Ref Stage 1, run, start, 9783590279030224
1787664524.440992, NoOp Chain Depth 128 Size 0 Mode ref, Ref Stage 1, run, end, 9783590279051264
1787664524.441006, NoOp Chain Depth 128 Size 0 Mode ref, Ref Stage 2, run, start, 9783590279065680
1787664524.441027, NoOp Chain Depth 128 Size 0 Mode ref, Ref Stage 2, run, end, 9783590279086448
1787664524.441041, NoOp Chain Depth 128 Size 0 Mode ref, Ref Stage 3, run, start, 9783590279100816
1787664524.441062, NoOp Chain Depth 128 Size 0 Mode ref, Ref Stage 3, run, end, 9783590279121584
1787664524.441077, NoOp Chain Depth 128 Size 0 Mode ref, Ref Stage 4, run, start, 9783590279135904
1787664524.441098, NoOp Chain Depth 128 Size 0 Mode ref, Ref Stage 4, run, end, 9783590279157712
1787664524.441113, NoOp Chain Depth 128 Size 0 Mode ref, Ref Stage 5, run, start, 9783590279172032
1787664524.441133, NoOp Chain Depth 128 Size 0 Mode ref, Ref Stage 5, run, end, 9783590279192656
1787664524.441148, NoOp Chain Depth 128 Size 0 Mode ref, Ref Stage 6, run, start, 9783590279206832
1787664524.441169, NoOp Chain Depth 128 Size 0 Mode ref, Ref Stage 6, run, end, 9783590279228464
1787664524.441184, NoOp Chain Depth 128 Size 0 Mode ref, Ref Stage 7, run, start, 9783590279242896
1787664524.441204, NoOp Chain Depth 128 Size 0 Mode ref, Ref Stage 7, run, end, 9783590279263504
1787664524.441220, NoOp Chain Depth 128 Size 0 Mode ref, Ref Stage 8, run, start, 9783590279278960
1787664524.441240, NoOp Chain Depth 128 Size 0 Mode ref, Ref Stage 8, run, end, 9783590279299600
1787664524.441254, NoOp Chain Depth 128 Size 0 Mode ref, Ref Stage 9, run, start, 9783590279313824
1787664524.441277, NoOp Chain Depth 128 Size 0 Mode ref, Ref Stage 9, run, end, 9783590279335936
1787664524.441289, NoOp Chain Depth 128 Size 0 Mode ref, Ref Stage 10, run, start, 9783590279348608
1787664524.441321, NoOp Chain Depth 128 Size 0 Mode ref, Ref Stage 10, run, end, 9783590279380512
1787664524.441339, NoOp Chain Depth 128 Size 0 Mode ref, Ref Stage 11, run, start, 9783590279398144
1787664524.441359, NoOp Chain Depth 128 Size 0 Mode ref, Ref Stage 11, run, end, 9783590279418704
1787664524.441374, NoOp Chain Depth 128 Size 0 Mode ref, Ref Stage 12, run, start, 9783590279433056
1787664524.441396, NoOp Chain Depth 128 Size 0 Mode ref, Ref Stage 12, run, end, 9783590279455600
1787664524.441411, NoOp Chain Depth 128 Size 0 Mode ref, Ref Stage 13, run, start, 9783590279470096
1787664524.441432, NoOp Chain Depth 128 Size 0 Mode ref, Ref Stage 13, run, end, 9783590279491568
1787664524.441447, NoOp Chain Depth 128 Size 0 Mode ref, Ref Stage 14, run, start, 9783590279505920
1787664524.441467, NoOp Chain Depth 128 Size 0 Mode ref, Ref Stage 14, run, end, 9783590279526256
1787664524.441481, NoOp Chain Depth 128 Size 0 Mode ref, Ref Stage 15, run, start, 9783590279540592
1787664524.441503, NoOp Chain Depth 128 Size 0 Mode ref, Ref Stage 15, run, end, 9783590279561904
1787664524.441517, NoOp Chain Depth 128 Size 0 Mode ref, Ref Stage 16, run, start, 9783590279576400
1787664524.441539, NoOp Chain Depth 128 Size 0 Mode ref, Ref Stage 16, run, end, 9783590279598304
1787664524.441862, NoOp Chain Depth 128 Size 0 Mode ref, Ref Stage 17, run, start, 9783590279921743
1787664524.441998, NoOp Chain Depth 128 Size 0 Mode ref, Ref Stage 17, run, end, 9783590280057519
1787664524.442014, NoOp Chain Depth 128 Size 0 Mode ref, Ref Stage 18, run, start, 9783590280072783
1787664524.442035, NoOp Chain Depth 128 Size 0 Mode ref, Ref Stage 18, run, end, 9783590280094527
1787664524.442050, NoOp Chain Depth 128 Size 0 Mode ref, Ref Stage 19, run, start, 9783590280109071
1787664524.442071, NoOp Chain Depth 128 Size 0 Mode ref, Ref Stage 19, run, end, 9783590280130463
1787664524.442086, NoOp Chain Depth 128 Size 0 Mode ref, Ref Stage 20, run, start, 9783590280145199
1787664524.442107, NoOp Chain Depth 128 Size 0 Mode ref, Ref Stage 20, run, end, 9783590280166431
1787664524.442609, NoOp Chain Depth 128 Size 0 Mode ref, Ref Stage 21, run, start, 9783590280668783
1787664524.442633, NoOp Chain Depth 128 Size 0 Mode ref, Ref Stage 21, run, end, 9783590280692815
1787664524.442649, NoOp Chain Depth 128 Size 0 Mode ref, Ref Stage 22, run, start, 9783590280708095
1787664524.442670, NoOp Chain Depth 128 Size 0 Mode ref, Ref Stage 22, run, end, 9783590280729455
1787664524.442685, NoOp Chain Depth 128 Size 0 Mode ref, Ref Stage 23, run, start, 9783590280743951
1787664524.442705, NoOp Chain Depth 128 Size 0 Mode ref, Ref Stage 23, run, end, 9783590280764511
1787664524.442719, NoOp Chain Depth 128 Size 0 Mode ref, Ref Stage 24, run, start, 9783590280778799
1787664524.442740, NoOp Chain Depth 128 Size 0 Mode ref, Ref Stage 24, run, end, 9783590280799615
1787664524.442755, NoOp Chain Depth 128 Size 0 Mode ref, Ref Stage 25, run, start, 9783590280814175
1787664524.442777, NoOp Chain Depth 128 Size 0 Mode ref, Ref Stage 25, run, end, 9783590280836527
1787664524.442789, NoOp Chain Depth 128 Size 0 Mode ref, Ref Stage 26, run, start, 9783590280848335
1787664524.442820, NoOp Chain Depth 128 Size 0 Mode ref, Ref Stage 26, run, end, 9783590280879391
1787664524.442835, NoOp Chain Depth 128 Size 0 Mode ref, Ref Stage 27, run, start, 9783590280894143
1787664524.442858, NoOp Chain Depth 128 Size 0 Mode ref, Ref Stage 27, run, end, 9783590280917151
1787664524.442873, NoOp Chain Depth 128 Size 0 Mode ref, Ref Stage 28, run, start, 9783590280931871
1787664524.442894, NoOp Chain Depth 128 Size 0 Mode ref, Ref Stage 28, run, end, 9783590280952751
1787664524.442908, NoOp Chain Depth 128 Size 0 Mode ref, Ref Stage 29, run, start, 9783590280967423
1787664524.442930, NoOp Chain Depth 128 Size 0 Mode ref, Ref Stage 29, run, end, 9783590280989503
1787664524.442946, NoOp Chain Depth 128 Size 0 Mode ref, Ref Stage 30, run, start, 9783590281005599
1787664524.442969, NoOp Chain Depth 128 Size 0 Mode ref, Ref Stage 30, run, end, 9783590281028335
1787664524.442983, NoOp Chain Depth 128 Size 0 Mode ref, Ref Stage 31, run, start, 9783590281042751
1787664524.443006, NoOp Chain Depth 128 Size 0 Mode ref, Ref Stage 31, run, end, 9783590281065615
1787664524.443021, NoOp Chain Depth 128 Size 0 Mode ref, Ref Stage 32, run, start, 9783590281080223
1787664524.443042, NoOp Chain Depth 128 Size 0 Mode ref, Ref Stage 32, run, end, 9783590281101135
1787664524.443056, NoOp Chain Depth 128 Size 0 Mode ref, Ref Stage 33, run, start, 9783590281115439
1787664524.443077, NoOp Chain Depth 128 Size 0 Mode ref, Ref Stage 33, run, end, 9783590281135983
1787664524.443092, NoOp Chain Depth 128 Size 0 Mode ref, Ref Stage 34, run, start, 9783590281151519
1787664524.443113, NoOp Chain Depth 128 Size 0 Mode ref, Ref Stage 34, run, end, 9783590281172287
1787664524.443127, NoOp Chain Depth 128 Size 0 Mode ref, Ref Stage 35, run, start, 9783590281186623
1787664524.443149, NoOp Chain Depth 128 Size 0 Mode ref, Ref Stage 35, run, end, 9783590281208047
1787664524.443163, NoOp Chain Depth 128 Size 0 Mode ref, Ref Stage 36, run, start, 9783590281222479
1787664524.443185, NoOp Chain Depth 128 Size 0 Mode ref, Ref Stage 36, run, end, 9783590281243967
1787664524.443200, NoOp Chain Depth 128 Size 0 Mode ref, Ref Stage 37, run, start, 9783590281259807
1787664524.443221, NoOp Chain Depth 128 Size 0 Mode ref, Ref Stage 37, run, end, 9783590281284255
1787664524.443239, NoOp Chain Depth 128 Size 0 Mode ref, Ref Stage 38, run, start, 9783590281298575
1787664524.443260, NoOp Chain Depth 128 Size 0 Mode ref, Ref Stage 38, run, end, 9783590281318847
1787664524.443274, NoOp Chain Depth 128 Size 0 Mode ref, Ref Stage 39, run, start, 9783590281333199
1787664524.443295, NoOp Chain Depth 128 Size 0 Mode ref, Ref Stage 39, run, end, 9783590281353518
1787664524.443309, NoOp Chain Depth 128 Size 0 Mode ref, Ref Stage 40, run, start, 9783590281367678
1787664524.443329, NoOp Chain Depth 128 Size 0 Mode ref, Ref Stage 40, run, end, 9783590281387838
1787664524.443343, NoOp Chain Depth 128 Size 0 Mode ref, Ref Stage 41, run, start, 9783590281402286
1787664524.443365, NoOp Chain Depth 128 Size 0 Mode ref, Ref Stage 41, run, end, 9783590281423950
1787664524.443379, NoOp Chain Depth 128 Size 0 Mode ref, Ref Stage 42, run, start, 9783590281438270
1787664524.443400, NoOp Chain Depth 128 Size 0 Mode ref, Ref Stage 42, run, end, 9783590281458990
1787664524.443414, NoOp Chain Depth 128 Size 0 Mode ref, Ref Stage 43, run, start, 9783590281473726
1787664524.443436, NoOp Chain Depth 128 Size 0 Mode ref, Ref Stage 43, run, end, 9783590281495470
1787664524.443451, NoOp Chain Depth 128 Size 0 Mode ref, Ref Stage 44, run, start, 9783590281509806
1787664524.443471, NoOp Chain Depth 128 Size 0 Mode ref, Ref Stage 44, run, end, 9783590281530398
1787664524.443486, NoOp Chain Depth 128 Size 0 Mode ref, Ref Stage 45, run, start, 9783590281545454
1787664524.443510, NoOp Chain Depth 128 Size 0 Mode ref, Ref Stage 45, run, end, 9783590281568718
1787664524.443829, NoOp Chain Depth 128 Size 0 Mode ref, Ref Stage 46, run, start, 9783590281889214
1787664524.443853, NoOp Chain Depth 128 Size 0 Mode ref, Ref Stage 46, run, end, 9783590281912670
1787664524.443976, NoOp Chain Depth 128 Size 0 Mode ref, Ref Stage 47, run, start, 9783590282035742
1787664524.443999, NoOp Chain Depth 128 Size 0 Mode ref, Ref Stage 47, run, end, 9783590282058590
1787664524.444014, NoOp Chain Depth 128 Size 0 Mode ref, Ref Stage 48, run, start, 9783590282073374
1787664524.444035, NoOp Chain Depth 128 Size 0 Mode ref, Ref Stage 48, run, end, 9783590282094142
1787664524.444049, NoOp Chain Depth 128 Size 0 Mode ref, Ref Stage 49, run, start, 9783590282108830
1787664524.444070, NoOp Chain Depth 128 Size 0 Mode ref, Ref Stage 49, run, end, 9783590282129614
1787664524.444085, NoOp Chain Depth 128 Size 0 Mode ref, Ref Stage 50, run, start, 9783590282143886
1787664524.444107, NoOp Chain Depth 128 Size 0 Mode ref, Ref Stage 50, run, end, 9783590282165902
1787664524.444118, NoOp Chain Depth 128 Size 0 Mode ref, Ref Stage 51, run, start, 9783590282177342
1787664524.444151, NoOp Chain Depth 128 Size 0 Mode ref, Ref Stage 51, run, end, 9783590282210046
1787664524.444163, NoOp Chain Depth 128 Size 0 Mode ref, Ref Stage 52, run, start, 9783590282221886
1787664524.444196, NoOp Chain Depth 128 Size 0 Mode ref, Ref Stage 52, run, end, 9783590282254830
1787664524.444210, NoOp Chain Depth 128 Size 0 Mode ref, Ref Stage 53, run, start, 9783590282269470
1787664524.444233, NoOp Chain Depth 128 Size 0 Mode ref, Ref Stage 53, run, end, 9783590282292286
1787664524.444247, NoOp Chain Depth 128 Size 0 Mode ref, Ref Stage 54, run, start, 9783590282306830
1787664524.444269, NoOp Chain Depth 128 Size 0 Mode ref, Ref Stage 54, run, end, 9783590282328382
1787664524.444283, NoOp Chain Depth 128 Size 0 Mode ref, Ref Stage 55, run, start, 9783590282342622
1787664524.444304, NoOp Chain Depth 128 Size 0 Mode ref, Ref Stage 55, run, end, 9783590282363166
1787664524.444319, NoOp Chain Depth 128 Size 0 Mode ref, Ref Stage 56, run, start, 9783590282378158
1787664524.444340, NoOp Chain Depth 128 Size 0 Mode ref, Ref Stage 56, run, end, 9783590282399630
1787664524.444355, NoOp Chain Depth 128 Size 0 Mode ref, Ref Stage 57, run, start, 9783590282415006
1787664524.444376, NoOp Chain Depth 128 Size 0 Mode ref, Ref Stage 57, run, end, 9783590282435742
1787664524.444392, NoOp Chain Depth 128 Size 0 Mode ref, Ref Stage 58, run, start, 9783590282451310
1787664524.444414, NoOp Chain Depth 128 Size 0 Mode ref, Ref Stage 58, run, end, 9783590282473342
1787664524.444426, NoOp Chain Depth 128 Size 0 Mode ref, Ref Stage 59, run, start, 9783590282484910
1787664524.446378, NoOp Chain Depth 128 Size 0 Mode ref, Ref Stage 59, run, end, 9783590284438732
1787664524.446395, NoOp Chain Depth 128 Size 0 Mode ref, Ref Stage 60, run, start, 9783590284455084
1787664524.446417, NoOp Chain Depth 128 Size 0 Mode ref, Ref Stage 60, run, end, 9783590284476572
1787664524.446432, NoOp Chain Depth 128 Size 0 Mode ref, Ref Stage 61, run, start, 9783590284491164
1787664524.446453, NoOp Chain Depth 128 Size 0 Mode ref, Ref Stage 61, run, end, 9783590284512044
1787664524.446467, NoOp Chain Depth 128 Size 0 Mode ref, Ref Stage 62, run, start, 9783590284526540
1787664524.446488, NoOp Chain Depth 128 Size 0 Mode ref, Ref Stage 62, run, end, 9783590284547228
1787664524.446502, NoOp Chain Depth 128 Size 0 Mode ref, Ref Stage 63, run, start, 9783590284561724
1787664524.446523, NoOp Chain Depth 128 Size 0 Mode ref, Ref Stage 63, run, end, 9783590284582492
1787664524.446537, NoOp Chain Depth 128 Size 0 Mode ref, Ref Stage 64, run, start, 9783590284596748
1787664524.446560, NoOp Chain Depth 128 Size 0 Mode ref, Ref Stage 64, run, end, 9783590284619276
1787664524.446572, NoOp Chain Depth 128 Size 0 Mode ref, Ref Stage 65, run, start, 9783590284630876
1787664524.446602, NoOp Chain Depth 128 Size 0 Mode ref, Ref Stage 65, run, end, 9783590284661260
1787664524.446616, NoOp Chain Depth 128 Size 0 Mode ref, Ref Stage 66, run, start, 9783590284675452
1787664524.446636, NoOp Chain Depth 128 Size 0 Mode ref, Ref Stage 66, run, end, 9783590284695852
1787664524.446651, NoOp Chain Depth 128 Size 0 Mode ref, Ref Stage 67, run, start, 9783590284710188
1787664524.446671, NoOp Chain Depth 128 Size 0 Mode ref, Ref Stage 67, run, end, 9783590284730620
1787664524.446687, NoOp Chain Depth 128 Size 0 Mode ref, Ref Stage 68, run, start, 9783590284745836
1787664524.446707, NoOp Chain Depth 128 Size 0 Mode ref, Ref Stage 68, run, end, 9783590284766588
1787664524.446722, NoOp Chain Depth 128 Size 0 Mode ref, Ref Stage 69, run, start, 9783590284780828
1787664524.446742, NoOp Chain Depth 128 Size 0 Mode ref, Ref Stage 69, run, end, 9783590284801484
1787664524.446757, NoOp Chain Depth 128 Size 0 Mode ref, Ref Stage 70, run, start, 9783590284815964
1787664524.446777, NoOp Chain Depth 128 Size 0 Mode ref, Ref Stage 70, run, end, 9783590284836364
1787664524.446791, NoOp Chain Depth 128 Size 0 Mode ref, Ref Stage 71, run, start, 9783590284850492
1787664524.446813, NoOp Chain Depth 128 Size 0 Mode ref, Ref Stage 71, run, end, 9783590284872476
1787664524.446825, NoOp Chain Depth 128 Size 0 Mode ref, Ref Stage 72, run, start, 9783590284884220
1787664524.446856, NoOp Chain Depth 128 Size 0 Mode ref, Ref Stage 72, run, end, 9783590284914844
1787664524.446872, NoOp Chain Depth 128 Size 0 Mode ref, Ref Stage 73, run, start, 9783590284931436
1787664524.446893, NoOp Chain Depth 128 Size 0 Mode ref, Ref Stage 73, run, end, 9783590284952316
1787664524.446908, NoOp Chain Depth 128 Size 0 Mode ref, Ref Stage 74, run, start, 9783590284966828
1787664524.446930, NoOp Chain Depth 128 Size 0 Mode ref, Ref Stage 74, run, end, 9783590284988988
1787664524.446941, NoOp Chain Depth 128 Size 0 Mode ref, Ref Stage 75, run, start, 9783590285004156
1787664524.446976, NoOp Chain Depth 128 Size 0 Mode ref, Ref Stage 75, run, end, 9783590285035564
1787664524.446990, NoOp Chain Depth 128 Size 0 Mode ref, Ref Stage 76, run, start, 9783590285049932
1787664524.447013, NoOp Chain Depth 128 Size 0 Mode ref, Ref Stage 76, run, end, 9783590285072284
1787664524.447025, NoOp Chain Depth 128 Size 0 Mode ref, Ref Stage 77, run, start, 9783590285083964
1787664524.447056, NoOp Chain Depth 128 Size 0 Mode ref, Ref Stage 77, run, end, 9783590285114844
1787664524.447070, NoOp Chain Depth 128 Size 0 Mode ref, Ref Stage 78, run, start, 9783590285129372
1787664524.447091, NoOp Chain Depth 128 Size 0 Mode ref, Ref Stage 78, run, end, 9783590285150268
1787664524.447106, NoOp Chain Depth 128 Size 0 Mode ref, Ref Stage 79, run, start, 9783590285164812
1787664524.447126, NoOp Chain Depth 128 Size 0 Mode ref, Ref Stage 79, run, end, 9783590285185468
1787664524.447141, NoOp Chain Depth 128 Size 0 Mode ref, Ref Stage 80, run, start, 9783590285199980
1787664524.447163, NoOp Chain Depth 128 Size 0 Mode ref, Ref Stage 80, run, end, 9783590285222220
1787664524.447177, NoOp Chain Depth 128 Size 0 Mode ref, Ref Stage 81, run, start, 9783590285236508
1787664524.447198, NoOp Chain Depth 128 Size 0 Mode ref, Ref Stage 81, run, end, 9783590285257036
1787664524.447212, NoOp Chain Depth 128 Size 0 Mode ref, Ref Stage 82, run, start, 9783590285271228
1787664524.447235, NoOp Chain Depth 128 Size 0 Mode ref, Ref Stage 82, run, end, 9783590285293836
1787664524.447246, NoOp Chain Depth 128 Size 0 Mode ref, Ref Stage 83, run, start, 9783590285305820
1787664524.447278, NoOp Chain Depth 128 Size 0 Mode ref, Ref Stage 83, run, end, 9783590285337180
1787664524.447292, NoOp Chain Depth 128 Size 0 Mode ref, Ref Stage 84, run, start, 9783590285351676
1787664524.447313, NoOp Chain Depth 128 Size 0 Mode ref, Ref Stage 84, run, end, 9783590285372172
1787664524.447327, NoOp Chain Depth 128 Size 0 Mode ref, Ref Stage 85, run, start, 9783590285386460
1787664524.447348, NoOp Chain Depth 128 Size 0 Mode ref, Ref Stage 85, run, end, 9783590285407244
1787664524.447362, NoOp Chain Depth 128 Size 0 Mode ref, Ref Stage 86, run, start, 9783590285421708
1787664524.447383, NoOp Chain Depth 128 Size 0 Mode ref, Ref Stage 86, run, end, 9783590285442444
1787664524.447398, NoOp Chain Depth 128 Size 0 Mode ref, Ref Stage 87, run, start, 9783590285456860
1787664524.447419, NoOp Chain Depth 128 Size 0 Mode ref, Ref Stage 87, run, end, 9783590285478268
1787664524.447433, NoOp Chain Depth 128 Size 0 Mode ref, Ref Stage 88, run, start, 9783590285492732
1787664524.447454, NoOp Chain Depth 128 Size 0 Mode ref, Ref Stage 88, run, end, 9783590285513180
1787664524.447468, NoOp Chain Depth 128 Size 0 Mode ref, Ref Stage 89, run, start, 9783590285527596
1787664524.447489, NoOp Chain Depth 128 Size 0 Mode ref, Ref Stage 89, run, end, 9783590285548044
1787664524.447503, NoOp Chain Depth 128 Size 0 Mode ref, Ref Stage 90, run, start, 9783590285562204
1787664524.447526, NoOp Chain Depth 128 Size 0 Mode ref, Ref Stage 90, run, end, 9783590285584908
1787664524.447540, NoOp Chain Depth 128 Size 0 Mode ref, Ref Stage 91, run, start, 9783590285599372
1787664524.447561, NoOp Chain Depth 128 Size 0 Mode ref, Ref Stage 91, run, end, 9783590285619916
1787664524.447575, NoOp Chain Depth 128 Size 0 Mode ref, Ref Stage 92, run, start, 9783590285634252
1787664524.447597, NoOp Chain Depth 128 Size 0 Mode ref, Ref Stage 92, run, end, 9783590285655788
1787664524.447611, NoOp Chain Depth 128 Size 0 Mode ref, Ref Stage 93, run, start, 9783590285670796
1787664524.447632, NoOp Chain Depth 128 Size 0 Mode ref, Ref Stage 93, run, end, 9783590285691324
1787664524.447650, NoOp Chain Depth 128 Size 0 Mode ref, Ref Stage 94, run, start, 9783590285709564
1787664524.447672, NoOp Chain Depth 128 Size 0 Mode ref, Ref Stage 94, run, end, 9783590285731692
1787664524.447687, NoOp Chain Depth 128 Size 0 Mode ref, Ref Stage 95, run, start, 9783590285746188
1787664524.447708, NoOp Chain Depth 128 Size 0 Mode ref, Ref Stage 95, run, end, 9783590285767020
1787664524.447722, NoOp Chain Depth 128 Size 0 Mode ref, Ref Stage 96, run, start, 9783590285781196
1787664524.447745, NoOp Chain Depth 128 Size 0 Mode ref, Ref Stage 96, run, end, 9783590285804044
1787664524.447759, NoOp Chain Depth 128 Size 0 Mode ref, Ref Stage 97, run, start, 9783590285818316
1787664524.447873, NoOp Chain Depth 128 Size 0 Mode ref, Ref Stage 97, run, end, 9783590285933228
1787664524.447891, NoOp Chain Depth 128 Size 0 Mode ref, Ref Stage 98, run, start, 9783590285949836
1787664524.447914, NoOp Chain Depth 128 Size 0 Mode ref, Ref Stage 98, run, end, 9783590285972844
1787664524.447928, NoOp Chain Depth 128 Size 0 Mode ref, Ref Stage 99, run, start, 9783590285987547
1787664524.447951, NoOp Chain Depth 128 Size 0 Mode ref, Ref Stage 99, run, end, 9783590286010251
1787664524.447966, NoOp Chain Depth 128 Size 0 Mode ref, Ref Stage 100, run, start, 9783590286025259
1787664524.447986, NoOp Chain Depth 128 Size 0 Mode ref, Ref Stage 100, run, end, 9783590286045595
1787664524.448001, NoOp Chain Depth 128 Size 0 Mode ref, Ref Stage 101, run, start, 9783590286059995
1787664524.448021, NoOp Chain Depth 128 Size 0 Mode ref, Ref Stage 101, run, end, 9783590286080475
1787664524.448035, NoOp Chain Depth 128 Size 0 Mode ref, Ref Stage 102, run, start, 9783590286094795
1787664524.448056, NoOp Chain Depth 128 Size 0 Mode ref, Ref Stage 102, run, end, 9783590286115627
1787664524.448071, NoOp Chain Depth 128 Size 0 Mode ref, Ref Stage 103, run, start, 9783590286129947
1787664524.448092, NoOp Chain Depth 128 Size 0 Mode ref, Ref Stage 103, run, end, 9783590286151243
1787664524.448110, NoOp Chain Depth 128 Size 0 Mode ref, Ref Stage 104, run, start, 9783590286169419
1787664524.448132, NoOp Chain Depth 128 Size 0 Mode ref, Ref Stage 104, run, end, 9783590286192059
1787664524.448147, NoOp Chain Depth 128 Size 0 Mode ref, Ref Stage 105, run, start, 9783590286206235
1787664524.448169, NoOp Chain Depth 128 Size 0 Mode ref, Ref Stage 105, run, end, 9783590286228507
1787664524.448181, NoOp Chain Depth 128 Size 0 Mode ref, Ref Stage 106, run, start, 9783590286240155
1787664524.448211, NoOp Chain Depth 128 Size 0 Mode ref, Ref Stage 106, run, end, 9783590286270587
1787664524.448226, NoOp Chain Depth 128 Size 0 Mode ref, Ref Stage 107, run, start, 9783590286285323
1787664524.448247, NoOp Chain Depth 128 Size 0 Mode ref, Ref Stage 107, run, end, 9783590286306347
1787664524.448261, NoOp Chain Depth 128 Size 0 Mode ref, Ref Stage 108, run, start, 9783590286320715
1787664524.448282, NoOp Chain Depth 128 Size 0 Mode ref, Ref Stage 108, run, end, 9783590286341339
1787664524.448298, NoOp Chain Depth 128 Size 0 Mode ref, Ref Stage 109, run, start, 9783590286356667
1787664524.448321, NoOp Chain Depth 128 Size 0 Mode ref, Ref Stage 109, run, end, 9783590286380331
1787664524.448335, NoOp Chain Depth 128 Size 0 Mode ref, Ref Stage 110, run, start, 9783590286394619
1787664524.448356, NoOp Chain Depth 128 Size 0 Mode ref, Ref Stage 110, run, end, 9783590286415307
1787664524.448371, NoOp Chain Depth 128 Size 0 Mode ref, Ref Stage 111, run, start, 9783590286430267
1787664524.448392, NoOp Chain Depth 128 Size 0 Mode ref, Ref Stage 111, run, end, 9783590286450827
1787664524.448407, NoOp Chain Depth 128 Size 0 Mode ref, Ref Stage 112, run, start, 9783590286466027
1787664524.448630, NoOp Chain Depth 128 Size 0 Mode ref, Ref Stage 112, run, end, 9783590286689643
1787664524.448763, NoOp Chain Depth 128 Size 0 Mode ref, Ref Stage 113, run, start, 9783590286822507
1787664524.448786, NoOp Chain Depth 128 Size 0 Mode ref, Ref Stage 113, run, end, 9783590286845691
1787664524.448801, NoOp Chain Depth 128 Size 0 Mode ref, Ref Stage 114, run, start, 9783590286860315
1787664524.448828, NoOp Chain Depth 128 Size 0 Mode ref, Ref Stage 114, run, end, 9783590286886523
1787664524.448839, NoOp Chain Depth 128 Size 0 Mode ref, Ref Stage 115, run, start, 9783590286898491
1787664524.448870, NoOp Chain Depth 128 Size 0 Mode ref, Ref Stage 115, run, end, 9783590286929755
1787664524.448885, NoOp Chain Depth 128 Size 0 Mode ref, Ref Stage 116, run, start, 9783590286944123
1787664524.448906, NoOp Chain Depth 128 Size 0 Mode ref, Ref Stage 116, run, end, 9783590286964907
1787664524.448921, NoOp Chain Depth 128 Size 0 Mode ref, Ref Stage 117, run, start, 9783590286980107
1787664524.448942, NoOp Chain Depth 128 Size 0 Mode ref, Ref Stage 117, run, end, 9783590287003131
1787664524.448960, NoOp Chain Depth 128 Size 0 Mode ref, Ref Stage 118, run, start, 9783590287019227
1787664524.449284, NoOp Chain Depth 128 Size 0 Mode ref, Ref Stage 118, run, end, 9783590287344251
1787664524.449410, NoOp Chain Depth 128 Size 0 Mode ref, Ref Stage 119, run, start, 9783590287469242
1787664524.449433, NoOp Chain Depth 128 Size 0 Mode ref, Ref Stage 119, run, end, 9783590287492058
1787664524.449448, NoOp Chain Depth 128 Size 0 Mode ref, Ref Stage 120, run, start, 9783590287507546
1787664524.449469, NoOp Chain Depth 128 Size 0 Mode ref, Ref Stage 120, run, end, 9783590287528474
1787664524.449484, NoOp Chain Depth 128 Size 0 Mode ref, Ref Stage 121, run, start, 9783590287542938
1787664524.449505, NoOp Chain Depth 128 Size 0 Mode ref, Ref Stage 121, run, end, 9783590287563674
1787664524.449519, NoOp Chain Depth 128 Size 0 Mode ref, Ref Stage 122, run, start, 9783590287577946
1787664524.449539, NoOp Chain Depth 128 Size 0 Mode ref, Ref Stage 122, run, end, 9783590287598474
1787664524.449554, NoOp Chain Depth 128 Size 0 Mode ref, Ref Stage 123, run, start, 9783590287613018
1787664524.449575, NoOp Chain Depth 128 Size 0 Mode ref, Ref Stage 123, run, end, 9783590287634186
1787664524.449589, NoOp Chain Depth 128 Size 0 Mode ref, Ref Stage 124, run, start, 9783590287648778
1787664524.449613, NoOp Chain Depth 128 Size 0 Mode ref, Ref Stage 124, run, end, 9783590287671866
1787664524.449628, NoOp Chain Depth 128 Size 0 Mode ref, Ref Stage 125, run, start, 9783590287687514
1787664524.449649, NoOp Chain Depth 128 Size 0 Mode ref, Ref Stage 125, run, end, 9783590287708138
1787664524.449663, NoOp Chain Depth 128 Size 0 Mode ref, Ref Stage 126, run, start, 9783590287722522
1787664524.449684, NoOp Chain Depth 128 Size 0 Mode ref, Ref Stage 126, run, end, 9783590287743098
1787664524.449698, NoOp Chain Depth 128 Size 0 Mode ref, Ref Stage 127, run, start, 9783590287757962
1787664524.449720, NoOp Chain Depth 128 Size 0 Mode ref, Ref Stage 127, run, end, 9783590287779002
1787664524.449735, NoOp Chain Depth 128 Size 0 Mode ref, pipeline - train, run, end, 329246876788735252607177261407544081688, 1787664524.440894, 92, 1, 9783590287793978
1787664524.449773, NoOp Chain Depth 128 Size 0 Mode ref, pipeline - train, run, start, 75326903117101116385053256516005058053, 1787664524.449760, 93, 1, 9783590287832442
1787664524.449797, NoOp Chain Depth 128 Size 0 Mode ref, Ref Stage 0, run, start, 9783590287856074
1787664524.449818, NoOp Chain Depth 128 Size 0 Mode ref, Ref Stage 0, run, end, 9783590287877626
1787664524.449833, NoOp Chain Depth 128 Size 0 Mode ref, Ref Stage 1, run, start, 9783590287892170
1787664524.449854, NoOp Chain Depth 128 Size 0 Mode ref, Ref Stage 1, run, end, 9783590287913066
1787664524.449868, NoOp Chain Depth 128 Size 0 Mode ref, Ref Stage 2, run, start, 9783590287927290
1787664524.449890, NoOp Chain Depth 128 Size 0 Mode ref, Ref Stage 2, run, end, 9783590287949034
1787664524.449904, NoOp Chain Depth 128 Size 0 Mode ref, Ref Stage 3, run, start, 9783590287963258
1787664524.449925, NoOp Chain Depth 128 Size 0 Mode ref, Ref Stage 3, run, end, 9783590287984122
1787664524.449939, NoOp Chain Depth 128 Size 0 Mode ref, Ref Stage 4, run, start, 9783590287998826
1787664524.449963, NoOp Chain Depth 128 Size 0 Mode ref, Ref Stage 4, run, end, 9783590288022394
1787664524.449980, NoOp Chain Depth 128 Size 0 Mode ref, Ref Stage 5, run, start, 9783590288038970
1787664524.450001, NoOp Chain Depth 128 Size 0 Mode ref, Ref Stage 5, run, end, 9783590288060538
1787664524.450016, NoOp Chain Depth 128 Size 0 Mode ref, Ref Stage 6, run, start, 9783590288074874
1787664524.450036, NoOp Chain Depth 128 Size 0 Mode ref, Ref Stage 6, run, end, 9783590288095562
1787664524.450051, NoOp Chain Depth 128 Size 0 Mode ref, Ref Stage 7, run, start, 9783590288109834
1787664524.450072, NoOp Chain Depth 128 Size 0 Mode ref, Ref Stage 7, run, end, 9783590288131466
1787664524.450087, NoOp Chain Depth 128 Size 0 Mode ref, Ref Stage 8, run, start, 9783590288145898
1787664524.450107, NoOp Chain Depth 128 Size 0 Mode ref, Ref Stage 8, run, end, 9783590288166314
1787664524.450121, NoOp Chain Depth 128 Size 0 Mode ref, Ref Stage 9, run, start, 9783590288180666
1787664524.450149, NoOp Chain Depth 128 Size 0 Mode ref, Ref Stage 9, run, end, 9783590288208010
1787664524.450163, NoOp Chain Depth 128 Size 0 Mode ref, Ref Stage 10, run, start, 9783590288222666
1787664524.450186, NoOp Chain Depth 128 Size 0 Mode ref, Ref Stage 10, run, end, 9783590288245690
1787664524.450201, NoOp Chain Depth 128 Size 0 Mode ref, Ref Stage 11, run, start, 9783590288260650
1787664524.450222, NoOp Chain Depth 128 Size 0 Mode ref, Ref Stage 11, run, end, 9783590288281626
1787664524.450238, NoOp Chain Depth 128 Size 0 Mode ref, Ref Stage 12, run, start, 9783590288296634
1787664524.450258, NoOp Chain Depth 128 Size 0 Mode ref, Ref Stage 12, run, end, 9783590288317738
1787664524.450768, NoOp Chain Depth 128 Size 0 Mode ref, Ref Stage 13, run, start, 9783590288828314
1787664524.450794, NoOp Chain Depth 128 Size 0 Mode ref, Ref Stage 13, run, end, 9783590288853514
1787664524.450810, NoOp Chain Depth 128 Size 0 Mode ref, Ref Stage 14, run, start, 9783590288868826
1787664524.450831, NoOp Chain Depth 128 Size 0 Mode ref, Ref Stage 14, run, end, 9783590288890042
1787664524.450845, NoOp Chain Depth 128 Size 0 Mode ref, Ref Stage 15, run, start, 9783590288904378
1787664524.450868, NoOp Chain Depth 128 Size 0 Mode ref, Ref Stage 15, run, end, 9783590288927258
1787664524.450880, NoOp Chain Depth 128 Size 0 Mode ref, Ref Stage 16, run, start, 9783590288939498
1787664524.450912, NoOp Chain Depth 128 Size 0 Mode ref, Ref Stage 16, run, end, 9783590288970889
1787664524.450926, NoOp Chain Depth 128 Size 0 Mode ref, Ref Stage 17, run, start, 9783590288985577
1787664524.450950, NoOp Chain Depth 128 Size 0 Mode ref, Ref Stage 17, run, end, 9783590289009609
1787664524.450966, NoOp Chain Depth 128 Size 0 Mode ref, Ref Stage 18, run, start, 9783590289025097
1787664524.450989, NoOp Chain Depth 128 Size 0 Mode ref, Ref Stage 18, run, end, 9783590289048233
1787664524.451005, NoOp Chain Depth 128 Size 0 Mode ref, Ref Stage 19, run, start, 9783590289064617
1787664524.451026, NoOp Chain Depth 128 Size 0 Mode ref, Ref Stage 19, run, end, 9783590289085609
1787664524.451041, NoOp Chain Depth 128 Size 0 Mode ref, Ref Stage 20, run, start, 9783590289100297
1787664524.451065, NoOp Chain Depth 128 Size 0 Mode ref, Ref Stage 20, run, end, 9783590289124313
1787664524.454857, NoOp Chain Depth 128 Size 0 Mode ref, Ref Stage 21, run, start, 9783590292917703
1787664524.454885, NoOp Chain Depth 128 Size 0 Mode ref, Ref Stage 21, run, end, 9783590292944199
1787664524.454901, NoOp Chain Depth 128 Size 0 Mode ref, Ref Stage 22, run, start, 9783590292959783
1787664524.454922, NoOp Chain Depth 128 Size 0 Mode ref, Ref Stage 22, run, end, 9783590292981655
1787664524.454937, NoOp Chain Depth 128 Size 0 Mode ref, Ref Stage 23, run, start, 9783590292996823
1787664524.454961, NoOp Chain Depth 128 Size 0 Mode ref, Ref Stage 23, run, end, 9783590293020263
1787664524.454976, NoOp Chain Depth 128 Size 0 Mode ref, Ref Stage 24, run, start, 9783590293035639
1787664524.454998, NoOp Chain Depth 128 Size 0 Mode ref, Ref Stage 24, run, end, 9783590293056791
1787664524.455012, NoOp Chain Depth 128 Size 0 Mode ref, Ref Stage 25, run, start, 9783590293071543
1787664524.455035, NoOp Chain Depth 128 Size 0 Mode ref, Ref Stage 25, run, end, 9783590293094599
1787664524.455047, NoOp Chain Depth 128 Size 0 Mode ref, Ref Stage 26, run, start, 9783590293106439
1787664524.455081, NoOp Chain Depth 128 Size 0 Mode ref, Ref Stage 26, run, end, 9783590293140087
1787664524.455095, NoOp Chain Depth 128 Size 0 Mode ref, Ref Stage 27, run, start, 9783590293154503
1787664524.455116, NoOp Chain Depth 128 Size 0 Mode ref, Ref Stage 27, run, end, 9783590293175703
1787664524.455131, NoOp Chain Depth 128 Size 0 Mode ref, Ref Stage 28, run, start, 9783590293190407
1787664524.455152, NoOp Chain Depth 128 Size 0 Mode ref, Ref Stage 28, run, end, 9783590293211319
1787664524.455166, NoOp Chain Depth 128 Size 0 Mode ref, Ref Stage 29, run, start, 9783590293225543
1787664524.455187, NoOp Chain Depth 128 Size 0 Mode ref, Ref Stage 29, run, end, 9783590293246567
1787664524.455202, NoOp Chain Depth 128 Size 0 Mode ref, Ref Stage 30, run, start, 9783590293261303
1787664524.455223, NoOp Chain Depth 128 Size 0 Mode ref, Ref Stage 30, run, end, 9783590293281911
1787664524.455237, NoOp Chain Depth 128 Size 0 Mode ref, Ref Stage 31, run, start, 9783590293296439
1787664524.455258, NoOp Chain Depth 128 Size 0 Mode ref, Ref Stage 31, run, end, 9783590293317127
1787664524.455272, NoOp Chain Depth 128 Size 0 Mode ref, Ref Stage 32, run, start, 9783590293331495
1787664524.455293, NoOp Chain Depth 128 Size 0 Mode ref, Ref Stage 32, run, end, 9783590293351767
1787664524.455307, NoOp Chain Depth 128 Size 0 Mode ref, Ref Stage 33, run, start, 9783590293366119
1787664524.455327, NoOp Chain Depth 128 Size 0 Mode ref, Ref Stage 33, run, end, 9783590293386503
1787664524.455342, NoOp Chain Depth 128 Size 0 Mode ref, Ref Stage 34, run, start, 9783590293400759
1787664524.455362, NoOp Chain Depth 128 Size 0 Mode ref, Ref Stage 34, run, end, 9783590293421431
1787664524.455376, NoOp Chain Depth 128 Size 0 Mode ref, Ref Stage 35, run, start, 9783590293435751
1787664524.455397, NoOp Chain Depth 128 Size 0 Mode ref, Ref Stage 35, run, end, 9783590293456359
1787664524.455411, NoOp Chain Depth 128 Size 0 Mode ref, Ref Stage 36, run, start, 9783590293470919
1787664524.455433, NoOp Chain Depth 128 Size 0 Mode ref, Ref Stage 36, run, end, 9783590293491879
1787664524.455447, NoOp Chain Depth 128 Size 0 Mode ref, Ref Stage 37, run, start, 9783590293506567
1787664524.455468, NoOp Chain Depth 128 Size 0 Mode ref, Ref Stage 37, run, end, 9783590293527287
1787664524.455483, NoOp Chain Depth 128 Size 0 Mode ref, Ref Stage 38, run, start, 9783590293541751
1787664524.455503, NoOp Chain Depth 128 Size 0 Mode ref, Ref Stage 38, run, end, 9783590293562055
1787664524.455517, NoOp Chain Depth 128 Size 0 Mode ref, Ref Stage 39, run, start, 9783590293576534
1787664524.455538, NoOp Chain Depth 128 Size 0 Mode ref, Ref Stage 39, run, end, 9783590293597094
1787664524.455552, NoOp Chain Depth 128 Size 0 Mode ref, Ref Stage 40, run, start, 9783590293611398
1787664524.455573, NoOp Chain Depth 128 Size 0 Mode ref, Ref Stage 40, run, end, 9783590293631958
1787664524.455587, NoOp Chain Depth 128 Size 0 Mode ref, Ref Stage 41, run, start, 9783590293646150
1787664524.455608, NoOp Chain Depth 128 Size 0 Mode ref, Ref Stage 41, run, end, 9783590293666726
1787664524.455622, NoOp Chain Depth 128 Size 0 Mode ref, Ref Stage 42, run, start, 9783590293680966
1787664524.455642, NoOp Chain Depth 128 Size 0 Mode ref, Ref Stage 42, run, end, 9783590293701494
1787664524.455657, NoOp Chain Depth 128 Size 0 Mode ref, Ref Stage 43, run, start, 9783590293715814
1787664524.455677, NoOp Chain Depth 128 Size 0 Mode ref, Ref Stage 43, run, end, 9783590293736662
1787664524.455693, NoOp Chain Depth 128 Size 0 Mode ref, Ref Stage 44, run, start, 9783590293752006
1787664524.455715, NoOp Chain Depth 128 Size 0 Mode ref, Ref Stage 44, run, end, 9783590293774390
1787664524.455727, NoOp Chain Depth 128 Size 0 Mode ref, Ref Stage 45, run, start, 9783590293786230
1787664524.455758, NoOp Chain Depth 128 Size 0 Mode ref, Ref Stage 45, run, end, 9783590293817286
1787664524.455773, NoOp Chain Depth 128 Size 0 Mode ref, Ref Stage 46, run, start, 9783590293832502
1787664524.455797, NoOp Chain Depth 128 Size 0 Mode ref, Ref Stage 46, run, end, 9783590293856806
1787664524.455809, NoOp Chain Depth 128 Size 0 Mode ref, Ref Stage 47, run, start, 9783590293868646
1787664524.455841, NoOp Chain Depth 128 Size 0 Mode ref, Ref Stage 47, run, end, 9783590293899830
1787664524.455855, NoOp Chain Depth 128 Size 0 Mode ref, Ref Stage 48, run, start, 9783590293914118
1787664524.455875, NoOp Chain Depth 128 Size 0 Mode ref, Ref Stage 48, run, end, 9783590293934470
1787664524.455890, NoOp Chain Depth 128 Size 0 Mode ref, Ref Stage 49, run, start, 9783590293948950
1787664524.455910, NoOp Chain Depth 128 Size 0 Mode ref, Ref Stage 49, run, end, 9783590293969638
1787664524.455925, NoOp Chain Depth 128 Size 0 Mode ref, Ref Stage 50, run, start, 9783590293984486
1787664524.455947, NoOp Chain Depth 128 Size 0 Mode ref, Ref Stage 50, run, end, 9783590294006582
1787664524.455963, NoOp Chain Depth 128 Size 0 Mode ref, Ref Stage 51, run, start, 9783590294021878
1787664524.455985, NoOp Chain Depth 128 Size 0 Mode ref, Ref Stage 51, run, end, 9783590294044198
1787664524.455997, NoOp Chain Depth 128 Size 0 Mode ref, Ref Stage 52, run, start, 9783590294055782
1787664524.456029, NoOp Chain Depth 128 Size 0 Mode ref, Ref Stage 52, run, end, 9783590294088310
1787664524.456041, NoOp Chain Depth 128 Size 0 Mode ref, Ref Stage 53, run, start, 9783590294099894
1787664524.456589, NoOp Chain Depth 128 Size 0 Mode ref, Ref Stage 53, run, end, 9783590294648982
1787664524.456606, NoOp Chain Depth 128 Size 0 Mode ref, Ref Stage 54, run, start, 9783590294665814
1787664524.456629, NoOp Chain Depth 128 Size 0 Mode ref, Ref Stage 54, run, end, 9783590294688134
1787664524.456643, NoOp Chain Depth 128 Size 0 Mode ref, Ref Stage 55, run, start, 9783590294702710
1787664524.456664, NoOp Chain Depth 128 Size 0 Mode ref, Ref Stage 55, run, end, 9783590294723414
1787664524.456679, NoOp Chain Depth 128 Size 0 Mode ref, Ref Stage 56, run, start, 9783590294737878
1787664524.456700, NoOp Chain Depth 128 Size 0 Mode ref, Ref Stage 56, run, end, 9783590294758806
1787664524.456714, NoOp Chain Depth 128 Size 0 Mode ref, Ref Stage 57, run, start, 9783590294773158
1787664524.456736, NoOp Chain Depth 128 Size 0 Mode ref, Ref Stage 57, run, end, 9783590294795222
1787664524.456748, NoOp Chain Depth 128 Size 0 Mode ref, Ref Stage 58, run, start, 9783590294807094
1787664524.456779, NoOp Chain Depth 128 Size 0 Mode ref, Ref Stage 58, run, end, 9783590294838022
1787664524.456793, NoOp Chain Depth 128 Size 0 Mode ref, Ref Stage 59, run, start, 9783590294852582
1787664524.456814, NoOp Chain Depth 128 Size 0 Mode ref, Ref Stage 59, run, end, 9783590294873158
1787664524.456828, NoOp Chain Depth 128 Size 0 Mode ref, Ref Stage 60, run, start, 9783590294887734
1787664524.456849, NoOp Chain Depth 128 Size 0 Mode ref, Ref Stage 60, run, end, 9783590294908374
1787664524.456863, NoOp Chain Depth 128 Size 0 Mode ref, Ref Stage 61, run, start, 9783590294922790
1787664524.456884, NoOp Chain Depth 128 Size 0 Mode ref, Ref Stage 61, run, end, 9783590294943766
1787664524.456899, NoOp Chain Depth 128 Size 0 Mode ref, Ref Stage 62, run, start, 9783590294958006
1787664524.456920, NoOp Chain Depth 128 Size 0 Mode ref, Ref Stage 62, run, end, 9783590294978902
1787664524.456934, NoOp Chain Depth 128 Size 0 Mode ref, Ref Stage 63, run, start, 9783590294993398
1787664524.456957, NoOp Chain Depth 128 Size 0 Mode ref, Ref Stage 63, run, end, 9783590295016070
1787664524.456973, NoOp Chain Depth 128 Size 0 Mode ref, Ref Stage 64, run, start, 9783590295032294
1787664524.456995, NoOp Chain Depth 128 Size 0 Mode ref, Ref Stage 64, run, end, 9783590295054741
1787664524.457007, NoOp Chain Depth 128 Size 0 Mode ref, Ref Stage 65, run, start, 9783590295066677
1787664524.457038, NoOp Chain Depth 128 Size 0 Mode ref, Ref Stage 65, run, end, 9783590295097077
1787664524.457052, NoOp Chain Depth 128 Size 0 Mode ref, Ref Stage 66, run, start, 9783590295111253
1787664524.457073, NoOp Chain Depth 128 Size 0 Mode ref, Ref Stage 66, run, end, 9783590295131893
1787664524.457087, NoOp Chain Depth 128 Size 0 Mode ref, Ref Stage 67, run, start, 9783590295146181
1787664524.457110, NoOp Chain Depth 128 Size 0 Mode ref, Ref Stage 67, run, end, 9783590295169029
1787664524.457124, NoOp Chain Depth 128 Size 0 Mode ref, Ref Stage 68, run, start, 9783590295183477
1787664524.457145, NoOp Chain Depth 128 Size 0 Mode ref, Ref Stage 68, run, end, 9783590295203989
1787664524.457160, NoOp Chain Depth 128 Size 0 Mode ref, Ref Stage 69, run, start, 9783590295219077
1787664524.457180, NoOp Chain Depth 128 Size 0 Mode ref, Ref Stage 69, run, end, 9783590295239365
1787664524.457195, NoOp Chain Depth 128 Size 0 Mode ref, Ref Stage 70, run, start, 9783590295253957
1787664524.457216, NoOp Chain Depth 128 Size 0 Mode ref, Ref Stage 70, run, end, 9783590295274837
1787664524.457230, NoOp Chain Depth 128 Size 0 Mode ref, Ref Stage 71, run, start, 9783590295289205
1787664524.457251, NoOp Chain Depth 128 Size 0 Mode ref, Ref Stage 71, run, end, 9783590295310229
1787664524.457265, NoOp Chain Depth 128 Size 0 Mode ref, Ref Stage 72, run, start, 9783590295324677
1787664524.457288, NoOp Chain Depth 128 Size 0 Mode ref, Ref Stage 72, run, end, 9783590295346917
1787664524.457299, NoOp Chain Depth 128 Size 0 Mode ref, Ref Stage 73, run, start, 9783590295358805
1787664524.457332, NoOp Chain Depth 128 Size 0 Mode ref, Ref Stage 73, run, end, 9783590295390997
1787664524.457346, NoOp Chain Depth 128 Size 0 Mode ref, Ref Stage 74, run, start, 9783590295405429
1787664524.457369, NoOp Chain Depth 128 Size 0 Mode ref, Ref Stage 74, run, end, 9783590295427781
1787664524.457381, NoOp Chain Depth 128 Size 0 Mode ref, Ref Stage 75, run, start, 9783590295440581
1787664524.457412, NoOp Chain Depth 128 Size 0 Mode ref, Ref Stage 75, run, end, 9783590295471189
1787664524.457426, NoOp Chain Depth 128 Size 0 Mode ref, Ref Stage 76, run, start, 9783590295485349
1787664524.457449, NoOp Chain Depth 128 Size 0 Mode ref, Ref Stage 76, run, end, 9783590295508181
1787664524.457460, NoOp Chain Depth 128 Size 0 Mode ref, Ref Stage 77, run, start, 9783590295519749
1787664524.457491, NoOp Chain Depth 128 Size 0 Mode ref, Ref Stage 77, run, end, 9783590295549893
1787664524.457505, NoOp Chain Depth 128 Size 0 Mode ref, Ref Stage 78, run, start, 9783590295564245
1787664524.457526, NoOp Chain Depth 128 Size 0 Mode ref, Ref Stage 78, run, end, 9783590295585285
1787664524.457540, NoOp Chain Depth 128 Size 0 Mode ref, Ref Stage 79, run, start, 9783590295599637
1787664524.457561, NoOp Chain Depth 128 Size 0 Mode ref, Ref Stage 79, run, end, 9783590295620277
1787664524.457575, NoOp Chain Depth 128 Size 0 Mode ref, Ref Stage 80, run, start, 9783590295634533
1787664524.457596, NoOp Chain Depth 128 Size 0 Mode ref, Ref Stage 80, run, end, 9783590295655269
1787664524.457610, NoOp Chain Depth 128 Size 0 Mode ref, Ref Stage 81, run, start, 9783590295669333
1787664524.457632, NoOp Chain Depth 128 Size 0 Mode ref, Ref Stage 81, run, end, 9783590295690805
1787664524.457646, NoOp Chain Depth 128 Size 0 Mode ref, Ref Stage 82, run, start, 9783590295705157
1787664524.457668, NoOp Chain Depth 128 Size 0 Mode ref, Ref Stage 82, run, end, 9783590295727413
1787664524.457684, NoOp Chain Depth 128 Size 0 Mode ref, Ref Stage 83, run, start, 9783590295742677
1787664524.457705, NoOp Chain Depth 128 Size 0 Mode ref, Ref Stage 83, run, end, 9783590295764309
1787664524.457719, NoOp Chain Depth 128 Size 0 Mode ref, Ref Stage 84, run, start, 9783590295778453
1787664524.457740, NoOp Chain Depth 128 Size 0 Mode ref, Ref Stage 84, run, end, 9783590295799285
1787664524.457754, NoOp Chain Depth 128 Size 0 Mode ref, Ref Stage 85, run, start, 9783590295813493
1787664524.457775, NoOp Chain Depth 128 Size 0 Mode ref, Ref Stage 85, run, end, 9783590295834181
1787664524.457789, NoOp Chain Depth 128 Size 0 Mode ref, Ref Stage 86, run, start, 9783590295848453
1787664524.457814, NoOp Chain Depth 128 Size 0 Mode ref, Ref Stage 86, run, end, 9783590295872997
1787664524.457829, NoOp Chain Depth 128 Size 0 Mode ref, Ref Stage 87, run, start, 9783590295888469
1787664524.457850, NoOp Chain Depth 128 Size 0 Mode ref, Ref Stage 87, run, end, 9783590295909045
1787664524.457865, NoOp Chain Depth 128 Size 0 Mode ref, Ref Stage 88, run, start, 9783590295924837
1787664524.457886, NoOp Chain Depth 128 Size 0 Mode ref, Ref Stage 88, run, end, 9783590295945365
1787664524.457900, NoOp Chain Depth 128 Size 0 Mode ref, Ref Stage 89, run, start, 9783590295959589
1787664524.457921, NoOp Chain Depth 128 Size 0 Mode ref, Ref Stage 89, run, end, 9783590295980277
1787664524.457935, NoOp Chain Depth 128 Size 0 Mode ref, Ref Stage 90, run, start, 9783590295994309
1787664524.457957, NoOp Chain Depth 128 Size 0 Mode ref, Ref Stage 90, run, end, 9783590296016533
1787664524.457973, NoOp Chain Depth 128 Size 0 Mode ref, Ref Stage 91, run, start, 9783590296031749
1787664524.457993, NoOp Chain Depth 128 Size 0 Mode ref, Ref Stage 91, run, end, 9783590296052277
1787664524.458007, NoOp Chain Depth 128 Size 0 Mode ref, Ref Stage 92, run, start, 9783590296066549
1787664524.458029, NoOp Chain Depth 128 Size 0 Mode ref, Ref Stage 92, run, end, 9783590296088197
1787664524.458043, NoOp Chain Depth 128 Size 0 Mode ref, Ref Stage 93, run, start, 9783590296102789
1787664524.458064, NoOp Chain Depth 128 Size 0 Mode ref, Ref Stage 93, run, end, 9783590296123173
1787664524.458078, NoOp Chain Depth 128 Size 0 Mode ref, Ref Stage 94, run, start, 9783590296137365
1787664524.458099, NoOp Chain Depth 128 Size 0 Mode ref, Ref Stage 94, run, end, 9783590296158645
1787664524.458114, NoOp Chain Depth 128 Size 0 Mode ref, Ref Stage 95, run, start, 9783590296173557
1787664524.458135, NoOp Chain Depth 128 Size 0 Mode ref, Ref Stage 95, run, end, 9783590296194069
1787664524.458149, NoOp Chain Depth 128 Size 0 Mode ref, Ref Stage 96, run, start, 9783590296208341
1787664524.458172, NoOp Chain Depth 128 Size 0 Mode ref, Ref Stage 96, run, end, 9783590296231077
1787664524.458186, NoOp Chain Depth 128 Size 0 Mode ref, Ref Stage 97, run, start, 9783590296246805
1787664524.458209, NoOp Chain Depth 128 Size 0 Mode ref, Ref Stage 97, run, end, 9783590296268277
1787664524.458225, NoOp Chain Depth 128 Size 0 Mode ref, Ref Stage 98, run, start, 9783590296284053
1787664524.458246, NoOp Chain Depth 128 Size 0 Mode ref, Ref Stage 98, run, end, 9783590296304757
1787664524.458260, NoOp Chain Depth 128 Size 0 Mode ref, Ref Stage 99, run, start, 9783590296319317
1787664524.458281, NoOp Chain Depth 128 Size 0 Mode ref, Ref Stage 99, run, end, 9783590296340069
1787664524.458296, NoOp Chain Depth 128 Size 0 Mode ref, Ref Stage 100, run, start, 9783590296355477
1787664524.458317, NoOp Chain Depth 128 Size 0 Mode ref, Ref Stage 100, run, end, 9783590296376229
1787664524.458331, NoOp Chain Depth 128 Size 0 Mode ref, Ref Stage 101, run, start, 9783590296390517
1787664524.458351, NoOp Chain Depth 128 Size 0 Mode ref, Ref Stage 101, run, end, 9783590296410581
1787664524.458365, NoOp Chain Depth 128 Size 0 Mode ref, Ref Stage 102, run, start, 9783590296424709
1787664524.458387, NoOp Chain Depth 128 Size 0 Mode ref, Ref Stage 102, run, end, 9783590296446453
1787664524.458401, NoOp Chain Depth 128 Size 0 Mode ref, Ref Stage 103, run, start, 9783590296460725
1787664524.458422, NoOp Chain Depth 128 Size 0 Mode ref, Ref Stage 103, run, end, 9783590296481141
1787664524.458436, NoOp Chain Depth 128 Size 0 Mode ref, Ref Stage 104, run, start, 9783590296495413
1787664524.458457, NoOp Chain Depth 128 Size 0 Mode ref, Ref Stage 104, run, end, 9783590296515797
1787664524.458472, NoOp Chain Depth 128 Size 0 Mode ref, Ref Stage 105, run, start, 9783590296531652
1787664524.458495, NoOp Chain Depth 128 Size 0 Mode ref, Ref Stage 105, run, end, 9783590296554612
1787664524.458837, NoOp Chain Depth 128 Size 0 Mode ref, Ref Stage 106, run, start, 9783590296897492
1787664524.458977, NoOp Chain Depth 128 Size 0 Mode ref, Ref Stage 106, run, end, 9783590297036948
1787664524.458993, NoOp Chain Depth 128 Size 0 Mode ref, Ref Stage 107, run, start, 9783590297052916
1787664524.459016, NoOp Chain Depth 128 Size 0 Mode ref, Ref Stage 107, run, end, 9783590297075044
1787664524.459031, NoOp Chain Depth 128 Size 0 Mode ref, Ref Stage 108, run, start, 9783590297090036
1787664524.459055, NoOp Chain Depth 128 Size 0 Mode ref, Ref Stage 108, run, end, 9783590297114772
1787664524.459067, NoOp Chain Depth 128 Size 0 Mode ref, Ref Stage 109, run, start, 9783590297126804
1787664524.459099, NoOp Chain Depth 128 Size 0 Mode ref, Ref Stage 109, run, end, 9783590297157908
1787664524.459113, NoOp Chain Depth 128 Size 0 Mode ref, Ref Stage 110, run, start, 9783590297172548
1787664524.459134, NoOp Chain Depth 128 Size 0 Mode ref, Ref Stage 110, run, end, 9783590297193348
1787664524.459149, NoOp Chain Depth 128 Size 0 Mode ref, Ref Stage 111, run, start, 9783590297208564
1787664524.459172, NoOp Chain Depth 128 Size 0 Mode ref, Ref Stage 111, run, end, 9783590297230820
1787664524.459183, NoOp Chain Depth 128 Size 0 Mode ref, Ref Stage 112, run, start, 9783590297242676
1787664524.459214, NoOp Chain Depth 128 Size 0 Mode ref, Ref Stage 112, run, end, 9783590297273188
1787664524.459228, NoOp Chain Depth 128 Size 0 Mode ref, Ref Stage 113, run, start, 9783590297287460
1787664524.459251, NoOp Chain Depth 128 Size 0 Mode ref, Ref Stage 113, run, end, 9783590297310212
1787664524.459267, NoOp Chain Depth 128 Size 0 Mode ref, Ref Stage 114, run, start, 9783590297326420
1787664524.459289, NoOp Chain Depth 128 Size 0 Mode ref, Ref Stage 114, run, end, 9783590297348500
1787664524.459301, NoOp Chain Depth 128 Size 0 Mode ref, Ref Stage 115, run, start, 9783590297360132
1787664524.459439, NoOp Chain Depth 128 Size 0 Mode ref, Ref Stage 115, run, end, 9783590297499412
1787664524.459965, NoOp Chain Depth 128 Size 0 Mode ref, Ref Stage 116, run, start, 9783590298025539
1787664524.459994, NoOp Chain Depth 128 Size 0 Mode ref, Ref Stage 116, run, end, 9783590298053267
1787664524.460010, NoOp Chain Depth 128 Size 0 Mode ref, Ref Stage 117, run, start, 9783590298069107
1787664524.460031, NoOp Chain Depth 128 Size 0 Mode ref, Ref Stage 117, run, end, 9783590298090483
1787664524.460046, NoOp Chain Depth 128 Size 0 Mode ref, Ref Stage 118, run, start, 9783590298105043
1787664524.460069, NoOp Chain Depth 128 Size 0 Mode ref, Ref Stage 118, run, end, 9783590298127907
1787664524.460080, NoOp Chain Depth 128 Size 0 Mode ref, Ref Stage 119, run, start, 9783590298139635
1787664524.460112, NoOp Chain Depth 128 Size 0 Mode ref, Ref Stage 119, run, end, 9783590298170755
1787664524.460126, NoOp Chain Depth 128 Size 0 Mode ref, Ref Stage 120, run, start, 9783590298185683
1787664524.460147, NoOp Chain Depth 128 Size 0 Mode ref, Ref Stage 120, run, end, 9783590298206563
1787664524.460162, NoOp Chain Depth 128 Size 0 Mode ref, Ref Stage 121, run, start, 9783590298221107
1787664524.460186, NoOp Chain Depth 128 Size 0 Mode ref, Ref Stage 121, run, end, 9783590298245379
1787664524.460198, NoOp Chain Depth 128 Size 0 Mode ref, Ref Stage 122, run, start, 9783590298257235
1787664524.460228, NoOp Chain Depth 128 Size 0 Mode ref, Ref Stage 122, run, end, 9783590298287587
1787664524.460243, NoOp Chain Depth 128 Size 0 Mode ref, Ref Stage 123, run, start, 9783590298301891
1787664524.460264, NoOp Chain Depth 128 Size 0 Mode ref, Ref Stage 123, run, end, 9783590298323443
1787664524.460279, NoOp Chain Depth 128 Size 0 Mode ref, Ref Stage 124, run, start, 9783590298337923
1787664524.460299, NoOp Chain Depth 128 Size 0 Mode ref, Ref Stage 124, run, end, 9783590298358739
1787664524.460314, NoOp Chain Depth 128 Size 0 Mode ref, Ref Stage 125, run, start, 9783590298372851
1787664524.460334, NoOp Chain Depth 128 Size 0 Mode ref, Ref Stage 125, run, end, 9783590298393251
1787664524.460348, NoOp Chain Depth 128 Size 0 Mode ref, Ref Stage 126, run, start, 9783590298407427
1787664524.460371, NoOp Chain Depth 128 Size 0 Mode ref, Ref Stage 126, run, end, 9783590298430275
1787664524.460388, NoOp Chain Depth 128 Size 0 Mode ref, Ref Stage 127, run, start, 9783590298447235
1787664524.460409, NoOp Chain Depth 128 Size 0 Mode ref, Ref Stage 127, run, end, 9783590298467923
1787664524.460423, NoOp Chain Depth 128 Size 0 Mode ref, pipeline - train, run, end, 75326903117101116385053256516005058053, 1787664524.449760, 93, 1, 9783590298482883
1787664524.460461, NoOp Chain Depth 128 Size 0 Mode ref, pipeline - train, run, start, 1295948085000075955418886918627464632, 1787664524.460449, 94, 1, 9783590298520163
1787664524.460485, NoOp Chain Depth 128 Size 0 Mode ref, Ref Stage 0, run, start, 9783590298544403
1787664524.460506, NoOp Chain Depth 128 Size 0 Mode ref, Ref Stage 0, run, end, 9783590298565635
1787664524.460521, NoOp Chain Depth 128 Size 0 Mode ref, Ref Stage 1, run, start, 9783590298580019
1787664524.460542, NoOp Chain Depth 128 Size 0 Mode ref, Ref Stage 1, run, end, 9783590298600835
1787664524.460557, NoOp Chain Depth 128 Size 0 Mode ref, Ref Stage 2, run, start, 9783590298616067
1787664524.460579, NoOp Chain Depth 128 Size 0 Mode ref, Ref Stage 2, run, end, 9783590298638195
1787664524.460593, NoOp Chain Depth 128 Size 0 Mode ref, Ref Stage 3, run, start, 9783590298652755
1787664524.460615, NoOp Chain Depth 128 Size 0 Mode ref, Ref Stage 3, run, end, 9783590298673971
1787664524.460629, NoOp Chain Depth 128 Size 0 Mode ref, Ref Stage 4, run, start, 9783590298688659
1787664524.460651, NoOp Chain Depth 128 Size 0 Mode ref, Ref Stage 4, run, end, 9783590298710323
1787664524.460666, NoOp Chain Depth 128 Size 0 Mode ref, Ref Stage 5, run, start, 9783590298724979
1787664524.460688, NoOp Chain Depth 128 Size 0 Mode ref, Ref Stage 5, run, end, 9783590298747171
1787664524.460702, NoOp Chain Depth 128 Size 0 Mode ref, Ref Stage 6, run, start, 9783590298761795
1787664524.460725, NoOp Chain Depth 128 Size 0 Mode ref, Ref Stage 6, run, end, 9783590298783843
1787664524.460739, NoOp Chain Depth 128 Size 0 Mode ref, Ref Stage 7, run, start, 9783590298798419
1787664524.460760, NoOp Chain Depth 128 Size 0 Mode ref, Ref Stage 7, run, end, 9783590298818883
1787664524.460774, NoOp Chain Depth 128 Size 0 Mode ref, Ref Stage 8, run, start, 9783590298833123
1787664524.460795, NoOp Chain Depth 128 Size 0 Mode ref, Ref Stage 8, run, end, 9783590298854131
1787664524.460810, NoOp Chain Depth 128 Size 0 Mode ref, Ref Stage 9, run, start, 9783590298869267
1787664524.460831, NoOp Chain Depth 128 Size 0 Mode ref, Ref Stage 9, run, end, 9783590298890147
1787664524.460846, NoOp Chain Depth 128 Size 0 Mode ref, Ref Stage 10, run, start, 9783590298905635
1787664524.460868, NoOp Chain Depth 128 Size 0 Mode ref, Ref Stage 10, run, end, 9783590298926867
1787664524.460882, NoOp Chain Depth 128 Size 0 Mode ref, Ref Stage 11, run, start, 9783590298941459
1787664524.460903, NoOp Chain Depth 128 Size 0 Mode ref, Ref Stage 11, run, end, 9783590298962451
1787664524.461338, NoOp Chain Depth 128 Size 0 Mode ref, Ref Stage 12, run, start, 9783590299398179
1787664524.461364, NoOp Chain Depth 128 Size 0 Mode ref, Ref Stage 12, run, end, 9783590299423571
1787664524.461380, NoOp Chain Depth 128 Size 0 Mode ref, Ref Stage 13, run, start, 9783590299438995
1787664524.461401, NoOp Chain Depth 128 Size 0 Mode ref, Ref Stage 13, run, end, 9783590299460579
1787664524.461416, NoOp Chain Depth 128 Size 0 Mode ref, Ref Stage 14, run, start, 9783590299475155
1787664524.461437, NoOp Chain Depth 128 Size 0 Mode ref, Ref Stage 14, run, end, 9783590299495939
1787664524.461451, NoOp Chain Depth 128 Size 0 Mode ref, Ref Stage 15, run, start, 9783590299510387
1787664524.461472, NoOp Chain Depth 128 Size 0 Mode ref, Ref Stage 15, run, end, 9783590299531027
1787664524.461486, NoOp Chain Depth 128 Size 0 Mode ref, Ref Stage 16, run, start, 9783590299545555
1787664524.461508, NoOp Chain Depth 128 Size 0 Mode ref, Ref Stage 16, run, end, 9783590299566691
1787664524.461522, NoOp Chain Depth 128 Size 0 Mode ref, Ref Stage 17, run, start, 9783590299581266
1787664524.461543, NoOp Chain Depth 128 Size 0 Mode ref, Ref Stage 17, run, end, 9783590299602546
1787664524.461558, NoOp Chain Depth 128 Size 0 Mode ref, Ref Stage 18, run, start, 9783590299616978
1787664524.461580, NoOp Chain Depth 128 Size 0 Mode ref, Ref Stage 18, run, end, 9783590299638962
1787664524.461594, NoOp Chain Depth 128 Size 0 Mode ref, Ref Stage 19, run, start, 9783590299653746
1787664524.461621, NoOp Chain Depth 128 Size 0 Mode ref, Ref Stage 19, run, end, 9783590299680514
1787664524.461633, NoOp Chain Depth 128 Size 0 Mode ref, Ref Stage 20, run, start, 9783590299692402
1787664524.461668, NoOp Chain Depth 128 Size 0 Mode ref, Ref Stage 20, run, end, 9783590299727042
1787664524.461682, NoOp Chain Depth 128 Size 0 Mode ref, Ref Stage 21, run, start, 9783590299741794
1787664524.461704, NoOp Chain Depth 128 Size 0 Mode ref, Ref Stage 21, run, end, 9783590299762754
1787664524.461718, NoOp Chain Depth 128 Size 0 Mode ref, Ref Stage 22, run, start, 9783590299777410
1787664524.461739, NoOp Chain Depth 128 Size 0 Mode ref, Ref Stage 22, run, end, 9783590299798290
1787664524.461754, NoOp Chain Depth 128 Size 0 Mode ref, Ref Stage 23, run, start, 9783590299812834
1787664524.461775, NoOp Chain Depth 128 Size 0 Mode ref, Ref Stage 23, run, end, 9783590299833698
1787664524.461790, NoOp Chain Depth 128 Size 0 Mode ref, Ref Stage 24, run, start, 9783590299849282
1787664524.461812, NoOp Chain Depth 128 Size 0 Mode ref, Ref Stage 24, run, end, 9783590299871186
1787664524.461827, NoOp Chain Depth 128 Size 0 Mode ref, Ref Stage 25, run, start, 9783590299885714
1787664524.461849, NoOp Chain Depth 128 Size 0 Mode ref, Ref Stage 25, run, end, 9783590299908498
1787664524.461864, NoOp Chain Depth 128 Size 0 Mode ref, Ref Stage 26, run, start, 9783590299922882
1787664524.461886, NoOp Chain Depth 128 Size 0 Mode ref, Ref Stage 26, run, end, 9783590299945314
1787664524.461898, NoOp Chain Depth 128 Size 0 Mode ref, Ref Stage 27, run, start, 9783590299957026
1787664524.461928, NoOp Chain Depth 128 Size 0 Mode ref, Ref Stage 27, run, end, 9783590299987714
1787664524.461943, NoOp Chain Depth 128 Size 0 Mode ref, Ref Stage 28, run, start, 9783590300004082
1787664524.461966, NoOp Chain Depth 128 Size 0 Mode ref, Ref Stage 28, run, end, 9783590300025538
1787664524.461981, NoOp Chain Depth 128 Size 0 Mode ref, Ref Stage 29, run, start, 9783590300040050
1787664524.462002, NoOp Chain Depth 128 Size 0 Mode ref, Ref Stage 29, run, end, 9783590300061058
1787664524.462017, NoOp Chain Depth 128 Size 0 Mode ref, Ref Stage 30, run, start, 9783590300075698
1787664524.462045, NoOp Chain Depth 128 Size 0 Mode ref, Ref Stage 30, run, end, 9783590300104082
1787664524.462059, NoOp Chain Depth 128 Size 0 Mode ref, Ref Stage 31, run, start, 9783590300118594
1787664524.462080, NoOp Chain Depth 128 Size 0 Mode ref, Ref Stage 31, run, end, 9783590300139394
1787664524.462094, NoOp Chain Depth 128 Size 0 Mode ref, Ref Stage 32, run, start, 9783590300153682
1787664524.462115, NoOp Chain Depth 128 Size 0 Mode ref, Ref Stage 32, run, end, 9783590300174194
1787664524.462129, NoOp Chain Depth 128 Size 0 Mode ref, Ref Stage 33, run, start, 9783590300188610
1787664524.462151, NoOp Chain Depth 128 Size 0 Mode ref, Ref Stage 33, run, end, 9783590300210210
1787664524.462165, NoOp Chain Depth 128 Size 0 Mode ref, Ref Stage 34, run, start, 9783590300224434
1787664524.462186, NoOp Chain Depth 128 Size 0 Mode ref, Ref Stage 34, run, end, 9783590300245282
1787664524.462200, NoOp Chain Depth 128 Size 0 Mode ref, Ref Stage 35, run, start, 9783590300259698
1787664524.462221, NoOp Chain Depth 128 Size 0 Mode ref, Ref Stage 35, run, end, 9783590300280370
1787664524.462235, NoOp Chain Depth 128 Size 0 Mode ref, Ref Stage 36, run, start, 9783590300294706
1787664524.462257, NoOp Chain Depth 128 Size 0 Mode ref, Ref Stage 36, run, end, 9783590300316434
1787664524.462271, NoOp Chain Depth 128 Size 0 Mode ref, Ref Stage 37, run, start, 9783590300330706
1787664524.462292, NoOp Chain Depth 128 Size 0 Mode ref, Ref Stage 37, run, end, 9783590300351266
1787664524.462306, NoOp Chain Depth 128 Size 0 Mode ref, Ref Stage 38, run, start, 9783590300365490
1787664524.462327, NoOp Chain Depth 128 Size 0 Mode ref, Ref Stage 38, run, end, 9783590300386274
1787664524.462343, NoOp Chain Depth 128 Size 0 Mode ref, Ref Stage 39, run, start, 9783590300402194
1787664524.462365, NoOp Chain Depth 128 Size 0 Mode ref, Ref Stage 39, run, end, 9783590300423874
1787664524.462379, NoOp Chain Depth 128 Size 0 Mode ref, Ref Stage 40, run, start, 9783590300438130
1787664524.462405, NoOp Chain Depth 128 Size 0 Mode ref, Ref Stage 40, run, end, 9783590300464082
1787664524.462421, NoOp Chain Depth 128 Size 0 Mode ref, Ref Stage 41, run, start, 9783590300480786
1787664524.462445, NoOp Chain Depth 128 Size 0 Mode ref, Ref Stage 41, run, end, 9783590300503794
1787664524.462460, NoOp Chain Depth 128 Size 0 Mode ref, Ref Stage 42, run, start, 9783590300519026
1787664524.462481, NoOp Chain Depth 128 Size 0 Mode ref, Ref Stage 42, run, end, 9783590300540034
1787664524.462495, NoOp Chain Depth 128 Size 0 Mode ref, Ref Stage 43, run, start, 9783590300554434
1787664524.462517, NoOp Chain Depth 128 Size 0 Mode ref, Ref Stage 43, run, end, 9783590300575506
1787664524.462531, NoOp Chain Depth 128 Size 0 Mode ref, Ref Stage 44, run, start, 9783590300589714
1787664524.462551, NoOp Chain Depth 128 Size 0 Mode ref, Ref Stage 44, run, end, 9783590300610354
1787664524.462565, NoOp Chain Depth 128 Size 0 Mode ref, Ref Stage 45, run, start, 9783590300624770
1787664524.462586, NoOp Chain Depth 128 Size 0 Mode ref, Ref Stage 45, run, end, 9783590300645106
1787664524.462601, NoOp Chain Depth 128 Size 0 Mode ref, Ref Stage 46, run, start, 9783590300660322
1787664524.462625, NoOp Chain Depth 128 Size 0 Mode ref, Ref Stage 46, run, end, 9783590300683634
1787664524.462636, NoOp Chain Depth 128 Size 0 Mode ref, Ref Stage 47, run, start, 9783590300695234
1787664524.462668, NoOp Chain Depth 128 Size 0 Mode ref, Ref Stage 47, run, end, 9783590300727010
1787664524.462682, NoOp Chain Depth 128 Size 0 Mode ref, Ref Stage 48, run, start, 9783590300741330
1787664524.462703, NoOp Chain Depth 128 Size 0 Mode ref, Ref Stage 48, run, end, 9783590300761858
1787664524.462717, NoOp Chain Depth 128 Size 0 Mode ref, Ref Stage 49, run, start, 9783590300776338
1787664524.462737, NoOp Chain Depth 128 Size 0 Mode ref, Ref Stage 49, run, end, 9783590300796690
1787664524.462753, NoOp Chain Depth 128 Size 0 Mode ref, Ref Stage 50, run, start, 9783590300811666
1787664524.462773, NoOp Chain Depth 128 Size 0 Mode ref, Ref Stage 50, run, end, 9783590300832114
1787664524.462788, NoOp Chain Depth 128 Size 0 Mode ref, Ref Stage 51, run, start, 9783590300846786
1787664524.463215, NoOp Chain Depth 128 Size 0 Mode ref, Ref Stage 51, run, end, 9783590301275041
1787664524.463348, NoOp Chain Depth 128 Size 0 Mode ref, Ref Stage 52, run, start, 9783590301407393
1787664524.463372, NoOp Chain Depth 128 Size 0 Mode ref, Ref Stage 52, run, end, 9783590301431201
1787664524.463387, NoOp Chain Depth 128 Size 0 Mode ref, Ref Stage 53, run, start, 9783590301446225
1787664524.463408, NoOp Chain Depth 128 Size 0 Mode ref, Ref Stage 53, run, end, 9783590301467521
1787664524.463423, NoOp Chain Depth 128 Size 0 Mode ref, Ref Stage 54, run, start, 9783590301482289
1787664524.463444, NoOp Chain Depth 128 Size 0 Mode ref, Ref Stage 54, run, end, 9783590301503361
1787664524.463459, NoOp Chain Depth 128 Size 0 Mode ref, Ref Stage 55, run, start, 9783590301517825
1787664524.463479, NoOp Chain Depth 128 Size 0 Mode ref, Ref Stage 55, run, end, 9783590301538513
1787664524.463494, NoOp Chain Depth 128 Size 0 Mode ref, Ref Stage 56, run, start, 9783590301553009
1787664524.463515, NoOp Chain Depth 128 Size 0 Mode ref, Ref Stage 56, run, end, 9783590301574193
1787664524.463531, NoOp Chain Depth 128 Size 0 Mode ref, Ref Stage 57, run, start, 9783590301590337
1787664524.463552, NoOp Chain Depth 128 Size 0 Mode ref, Ref Stage 57, run, end, 9783590301611585
1787664524.463569, NoOp Chain Depth 128 Size 0 Mode ref, Ref Stage 58, run, start, 9783590301627905
1787664524.463590, NoOp Chain Depth 128 Size 0 Mode ref, Ref Stage 58, run, end, 9783590301649745
1787664524.463605, NoOp Chain Depth 128 Size 0 Mode ref, Ref Stage 59, run, start, 9783590301664161
1787664524.463626, NoOp Chain Depth 128 Size 0 Mode ref, Ref Stage 59, run, end, 9783590301684849
1787664524.463640, NoOp Chain Depth 128 Size 0 Mode ref, Ref Stage 60, run, start, 9783590301699297
1787664524.463661, NoOp Chain Depth 128 Size 0 Mode ref, Ref Stage 60, run, end, 9783590301719825
1787664524.463675, NoOp Chain Depth 128 Size 0 Mode ref, Ref Stage 61, run, start, 9783590301734161
1787664524.463697, NoOp Chain Depth 128 Size 0 Mode ref, Ref Stage 61, run, end, 9783590301756785
1787664524.463712, NoOp Chain Depth 128 Size 0 Mode ref, Ref Stage 62, run, start, 9783590301770945
1787664524.463734, NoOp Chain Depth 128 Size 0 Mode ref, Ref Stage 62, run, end, 9783590301793041
1787664524.463748, NoOp Chain Depth 128 Size 0 Mode ref, Ref Stage 63, run, start, 9783590301807505
1787664524.463770, NoOp Chain Depth 128 Size 0 Mode ref, Ref Stage 63, run, end, 9783590301829617
1787664524.463785, NoOp Chain Depth 128 Size 0 Mode ref, Ref Stage 64, run, start, 9783590301844273
1787664524.463806, NoOp Chain Depth 128 Size 0 Mode ref, Ref Stage 64, run, end, 9783590301865073
1787664524.463820, NoOp Chain Depth 128 Size 0 Mode ref, Ref Stage 65, run, start, 9783590301879569
1787664524.463842, NoOp Chain Depth 128 Size 0 Mode ref, Ref Stage 65, run, end, 9783590301901313
1787664524.463856, NoOp Chain Depth 128 Size 0 Mode ref, Ref Stage 66, run, start, 9783590301915553
1787664524.463878, NoOp Chain Depth 128 Size 0 Mode ref, Ref Stage 66, run, end, 9783590301937041
1787664524.463892, NoOp Chain Depth 128 Size 0 Mode ref, Ref Stage 67, run, start, 9783590301951473
1787664524.463914, NoOp Chain Depth 128 Size 0 Mode ref, Ref Stage 67, run, end, 9783590301972833
1787664524.463928, NoOp Chain Depth 128 Size 0 Mode ref, Ref Stage 68, run, start, 9783590301987137
1787664524.463951, NoOp Chain Depth 128 Size 0 Mode ref, Ref Stage 68, run, end, 9783590302010321
1787664524.463966, NoOp Chain Depth 128 Size 0 Mode ref, Ref Stage 69, run, start, 9783590302025361
1787664524.463990, NoOp Chain Depth 128 Size 0 Mode ref, Ref Stage 69, run, end, 9783590302049793
1787664524.464005, NoOp Chain Depth 128 Size 0 Mode ref, Ref Stage 70, run, start, 9783590302064129
1787664524.464025, NoOp Chain Depth 128 Size 0 Mode ref, Ref Stage 70, run, end, 9783590302084705
1787664524.464040, NoOp Chain Depth 128 Size 0 Mode ref, Ref Stage 71, run, start, 9783590302098977
1787664524.464061, NoOp Chain Depth 128 Size 0 Mode ref, Ref Stage 71, run, end, 9783590302119809
1787664524.464076, NoOp Chain Depth 128 Size 0 Mode ref, Ref Stage 72, run, start, 9783590302135297
1787664524.464098, NoOp Chain Depth 128 Size 0 Mode ref, Ref Stage 72, run, end, 9783590302157761
1787664524.464421, NoOp Chain Depth 128 Size 0 Mode ref, Ref Stage 73, run, start, 9783590302480945
1787664524.464444, NoOp Chain Depth 128 Size 0 Mode ref, Ref Stage 73, run, end, 9783590302503793
1787664524.464567, NoOp Chain Depth 128 Size 0 Mode ref, Ref Stage 74, run, start, 9783590302626401
1787664524.464589, NoOp Chain Depth 128 Size 0 Mode ref, Ref Stage 74, run, end, 9783590302648480
1787664524.464604, NoOp Chain Depth 128 Size 0 Mode ref, Ref Stage 75, run, start, 9783590302663328
1787664524.464625, NoOp Chain Depth 128 Size 0 Mode ref, Ref Stage 75, run, end, 9783590302684288
1787664524.464640, NoOp Chain Depth 128 Size 0 Mode ref, Ref Stage 76, run, start, 9783590302698992
1787664524.464662, NoOp Chain Depth 128 Size 0 Mode ref, Ref Stage 76, run, end, 9783590302721312
1787664524.464674, NoOp Chain Depth 128 Size 0 Mode ref, Ref Stage 77, run, start, 9783590302733232
1787664524.464705, NoOp Chain Depth 128 Size 0 Mode ref, Ref Stage 77, run, end, 9783590302764496
1787664524.464720, NoOp Chain Depth 128 Size 0 Mode ref, Ref Stage 78, run, start, 9783590302779104
1787664524.464741, NoOp Chain Depth 128 Size 0 Mode ref, Ref Stage 78, run, end, 9783590302800144
1787664524.464755, NoOp Chain Depth 128 Size 0 Mode ref, Ref Stage 79, run, start, 9783590302814608
1787664524.464777, NoOp Chain Depth 128 Size 0 Mode ref, Ref Stage 79, run, end, 9783590302835584
1787664524.464791, NoOp Chain Depth 128 Size 0 Mode ref, Ref Stage 80, run, start, 9783590302849984
1787664524.464811, NoOp Chain Depth 128 Size 0 Mode ref, Ref Stage 80, run, end, 9783590302870416
1787664524.464825, NoOp Chain Depth 128 Size 0 Mode ref, Ref Stage 81, run, start, 9783590302884752
1787664524.464915, NoOp Chain Depth 128 Size 0 Mode ref, Ref Stage 81, run, end, 9783590302974864
1787664524.464931, NoOp Chain Depth 128 Size 0 Mode ref, Ref Stage 82, run, start, 9783590302990880
1787664524.464967, NoOp Chain Depth 128 Size 0 Mode ref, Ref Stage 82, run, end, 9783590303026768
1787664524.464983, NoOp Chain Depth 128 Size 0 Mode ref, Ref Stage 83, run, start, 9783590303042784
1787664524.465009, NoOp Chain Depth 128 Size 0 Mode ref, Ref Stage 83, run, end, 9783590303068000
1787664524.465021, NoOp Chain Depth 128 Size 0 Mode ref, Ref Stage 84, run, start, 9783590303080224
1787664524.465053, NoOp Chain Depth 128 Size 0 Mode ref, Ref Stage 84, run, end, 9783590303111872
1787664524.465068, NoOp Chain Depth 128 Size 0 Mode ref, Ref Stage 85, run, start, 9783590303127552
1787664524.465089, NoOp Chain Depth 128 Size 0 Mode ref, Ref Stage 85, run, end, 9783590303148400
1787664524.465104, NoOp Chain Depth 128 Size 0 Mode ref, Ref Stage 86, run, start, 9783590303163088
1787664524.465125, NoOp Chain Depth 128 Size 0 Mode ref, Ref Stage 86, run, end, 9783590303184720
1787664524.465140, NoOp Chain Depth 128 Size 0 Mode ref, Ref Stage 87, run, start, 9783590303199120
1787664524.465161, NoOp Chain Depth 128 Size 0 Mode ref, Ref Stage 87, run, end, 9783590303219824
1787664524.465175, NoOp Chain Depth 128 Size 0 Mode ref, Ref Stage 88, run, start, 9783590303234064
1787664524.465196, NoOp Chain Depth 128 Size 0 Mode ref, Ref Stage 88, run, end, 9783590303255392
1787664524.465210, NoOp Chain Depth 128 Size 0 Mode ref, Ref Stage 89, run, start, 9783590303269984
1787664524.465231, NoOp Chain Depth 128 Size 0 Mode ref, Ref Stage 89, run, end, 9783590303290528
1787664524.465245, NoOp Chain Depth 128 Size 0 Mode ref, Ref Stage 90, run, start, 9783590303304896
1787664524.465266, NoOp Chain Depth 128 Size 0 Mode ref, Ref Stage 90, run, end, 9783590303325680
1787664524.465281, NoOp Chain Depth 128 Size 0 Mode ref, Ref Stage 91, run, start, 9783590303340016
1787664524.465304, NoOp Chain Depth 128 Size 0 Mode ref, Ref Stage 91, run, end, 9783590303362976
1787664524.465316, NoOp Chain Depth 128 Size 0 Mode ref, Ref Stage 92, run, start, 9783590303375728
1787664524.465347, NoOp Chain Depth 128 Size 0 Mode ref, Ref Stage 92, run, end, 9783590303406608
1787664524.465362, NoOp Chain Depth 128 Size 0 Mode ref, Ref Stage 93, run, start, 9783590303420992
1787664524.465384, NoOp Chain Depth 128 Size 0 Mode ref, Ref Stage 93, run, end, 9783590303443552
1787664524.465400, NoOp Chain Depth 128 Size 0 Mode ref, Ref Stage 94, run, start, 9783590303459088
1787664524.465420, NoOp Chain Depth 128 Size 0 Mode ref, Ref Stage 94, run, end, 9783590303479776
1787664524.465435, NoOp Chain Depth 128 Size 0 Mode ref, Ref Stage 95, run, start, 9783590303494320
1787664524.465456, NoOp Chain Depth 128 Size 0 Mode ref, Ref Stage 95, run, end, 9783590303515056
1787664524.465470, NoOp Chain Depth 128 Size 0 Mode ref, Ref Stage 96, run, start, 9783590303529264
1787664524.465492, NoOp Chain Depth 128 Size 0 Mode ref, Ref Stage 96, run, end, 9783590303550752
1787664524.465506, NoOp Chain Depth 128 Size 0 Mode ref, Ref Stage 97, run, start, 9783590303564928
1787664524.465527, NoOp Chain Depth 128 Size 0 Mode ref, Ref Stage 97, run, end, 9783590303586400
1787664524.465543, NoOp Chain Depth 128 Size 0 Mode ref, Ref Stage 98, run, start, 9783590303602144
1787664524.465563, NoOp Chain Depth 128 Size 0 Mode ref, Ref Stage 98, run, end, 9783590303622656
1787664524.465579, NoOp Chain Depth 128 Size 0 Mode ref, Ref Stage 99, run, start, 9783590303637760
1787664524.465601, NoOp Chain Depth 128 Size 0 Mode ref, Ref Stage 99, run, end, 9783590303660496
1787664524.465613, NoOp Chain Depth 128 Size 0 Mode ref, Ref Stage 100, run, start, 9783590303671920
1787664524.465643, NoOp Chain Depth 128 Size 0 Mode ref, Ref Stage 100, run, end, 9783590303702560
1787664524.465658, NoOp Chain Depth 128 Size 0 Mode ref, Ref Stage 101, run, start, 9783590303716752
1787664524.465678, NoOp Chain Depth 128 Size 0 Mode ref, Ref Stage 101, run, end, 9783590303737088
1787664524.465693, NoOp Chain Depth 128 Size 0 Mode ref, Ref Stage 102, run, start, 9783590303752240
1787664524.465714, NoOp Chain Depth 128 Size 0 Mode ref, Ref Stage 102, run, end, 9783590303772528
1787664524.465729, NoOp Chain Depth 128 Size 0 Mode ref, Ref Stage 103, run, start, 9783590303788160
1787664524.465749, NoOp Chain Depth 128 Size 0 Mode ref, Ref Stage 103, run, end, 9783590303808512
1787664524.465763, NoOp Chain Depth 128 Size 0 Mode ref, Ref Stage 104, run, start, 9783590303822608
1787664524.465785, NoOp Chain Depth 128 Size 0 Mode ref, Ref Stage 104, run, end, 9783590303844240
1787664524.465799, NoOp Chain Depth 128 Size 0 Mode ref, Ref Stage 105, run, start, 9783590303858384
1787664524.465821, NoOp Chain Depth 128 Size 0 Mode ref, Ref Stage 105, run, end, 9783590303879776
1787664524.465835, NoOp Chain Depth 128 Size 0 Mode ref, Ref Stage 106, run, start, 9783590303895104
1787664524.465857, NoOp Chain Depth 128 Size 0 Mode ref, Ref Stage 106, run, end, 9783590303915856
1787664524.465871, NoOp Chain Depth 128 Size 0 Mode ref, Ref Stage 107, run, start, 9783590303930256
1787664524.465892, NoOp Chain Depth 128 Size 0 Mode ref, Ref Stage 107, run, end, 9783590303950880
1787664524.465906, NoOp Chain Depth 128 Size 0 Mode ref, Ref Stage 108, run, start, 9783590303965152
1787664524.465926, NoOp Chain Depth 128 Size 0 Mode ref, Ref Stage 108, run, end, 9783590303985552
1787664524.465941, NoOp Chain Depth 128 Size 0 Mode ref, Ref Stage 109, run, start, 9783590303999984
1787664524.465965, NoOp Chain Depth 128 Size 0 Mode ref, Ref Stage 109, run, end, 9783590304023600
1787664524.465980, NoOp Chain Depth 128 Size 0 Mode ref, Ref Stage 110, run, start, 9783590304038928
1787664524.466001, NoOp Chain Depth 128 Size 0 Mode ref, Ref Stage 110, run, end, 9783590304060432
1787664524.466017, NoOp Chain Depth 128 Size 0 Mode ref, Ref Stage 111, run, start, 9783590304075824
1787664524.466037, NoOp Chain Depth 128 Size 0 Mode ref, Ref Stage 111, run, end, 9783590304096512
1787664524.466052, NoOp Chain Depth 128 Size 0 Mode ref, Ref Stage 112, run, start, 9783590304111168
1787664524.466957, NoOp Chain Depth 128 Size 0 Mode ref, Ref Stage 112, run, end, 9783590305016815
1787664524.467193, NoOp Chain Depth 128 Size 0 Mode ref, Ref Stage 113, run, start, 9783590305252351
1787664524.467217, NoOp Chain Depth 128 Size 0 Mode ref, Ref Stage 113, run, end, 9783590305276271
1787664524.467232, NoOp Chain Depth 128 Size 0 Mode ref, Ref Stage 114, run, start, 9783590305291407
1787664524.467253, NoOp Chain Depth 128 Size 0 Mode ref, Ref Stage 114, run, end, 9783590305312767
1787664524.467268, NoOp Chain Depth 128 Size 0 Mode ref, Ref Stage 115, run, start, 9783590305327375
1787664524.467291, NoOp Chain Depth 128 Size 0 Mode ref, Ref Stage 115, run, end, 9783590305350015
1787664524.467303, NoOp Chain Depth 128 Size 0 Mode ref, Ref Stage 116, run, start, 9783590305361887
1787664524.467334, NoOp Chain Depth 128 Size 0 Mode ref, Ref Stage 116, run, end, 9783590305393135
1787664524.467349, NoOp Chain Depth 128 Size 0 Mode ref, Ref Stage 117, run, start, 9783590305407695
1787664524.467369, NoOp Chain Depth 128 Size 0 Mode ref, Ref Stage 117, run, end, 9783590305428575
1787664524.467384, NoOp Chain Depth 128 Size 0 Mode ref, Ref Stage 118, run, start, 9783590305443743
1787664524.467408, NoOp Chain Depth 128 Size 0 Mode ref, Ref Stage 118, run, end, 9783590305466863
1787664524.467419, NoOp Chain Depth 128 Size 0 Mode ref, Ref Stage 119, run, start, 9783590305478511
1787664524.467450, NoOp Chain Depth 128 Size 0 Mode ref, Ref Stage 119, run, end, 9783590305509231
1787664524.467464, NoOp Chain Depth 128 Size 0 Mode ref, Ref Stage 120, run, start, 9783590305523679
1787664524.467485, NoOp Chain Depth 128 Size 0 Mode ref, Ref Stage 120, run, end, 9783590305544495
1787664524.467500, NoOp Chain Depth 128 Size 0 Mode ref, Ref Stage 121, run, start, 9783590305559599
1787664524.467521, NoOp Chain Depth 128 Size 0 Mode ref, Ref Stage 121, run, end, 9783590305580319
1787664524.467535, NoOp Chain Depth 128 Size 0 Mode ref, Ref Stage 122, run, start, 9783590305594591
1787664524.467558, NoOp Chain Depth 128 Size 0 Mode ref, Ref Stage 122, run, end, 9783590305616879
1787664524.467569, NoOp Chain Depth 128 Size 0 Mode ref, Ref Stage 123, run, start, 9783590305628463
1787664524.467602, NoOp Chain Depth 128 Size 0 Mode ref, Ref Stage 123, run, end, 9783590305661311
1787664524.467617, NoOp Chain Depth 128 Size 0 Mode ref, Ref Stage 124, run, start, 9783590305675758
1787664524.467639, NoOp Chain Depth 128 Size 0 Mode ref, Ref Stage 124, run, end, 9783590305698270
1787664524.467654, NoOp Chain Depth 128 Size 0 Mode ref, Ref Stage 125, run, start, 9783590305712798
1787664524.467676, NoOp Chain Depth 128 Size 0 Mode ref, Ref Stage 125, run, end, 9783590305734942
1787664524.467690, NoOp Chain Depth 128 Size 0 Mode ref, Ref Stage 126, run, start, 9783590305749086
1787664524.467710, NoOp Chain Depth 128 Size 0 Mode ref, Ref Stage 126, run, end, 9783590305769566
1787664524.467726, NoOp Chain Depth 128 Size 0 Mode ref, Ref Stage 127, run, start, 9783590305785038
1787664524.467746, NoOp Chain Depth 128 Size 0 Mode ref, Ref Stage 127, run, end, 9783590305805902
1787664524.467762, NoOp Chain Depth 128 Size 0 Mode ref, pipeline - train, run, end, 1295948085000075955418886918627464632, 1787664524.460449, 94, 1, 9783590305820862
1787664524.467798, NoOp Chain Depth 128 Size 0 Mode ref, pipeline - train, run, start, 102462952680519814220227079136163114961, 1787664524.467787, 95, 1, 9783590305857518
1787664524.467821, NoOp Chain Depth 128 Size 0 Mode ref, Ref Stage 0, run, start, 9783590305880030
1787664524.467843, NoOp Chain Depth 128 Size 0 Mode ref, Ref Stage 0, run, end, 9783590305902078
1787664524.467859, NoOp Chain Depth 128 Size 0 Mode ref, Ref Stage 1, run, start, 9783590305918366
1787664524.467885, NoOp Chain Depth 128 Size 0 Mode ref, Ref Stage 1, run, end, 9783590305943838
1787664524.467900, NoOp Chain Depth 128 Size 0 Mode ref, Ref Stage 2, run, start, 9783590305959470
1787664524.467922, NoOp Chain Depth 128 Size 0 Mode ref, Ref Stage 2, run, end, 9783590305981358
1787664524.467936, NoOp Chain Depth 128 Size 0 Mode ref, Ref Stage 3, run, start, 9783590305995662
1787664524.467960, NoOp Chain Depth 128 Size 0 Mode ref, Ref Stage 3, run, end, 9783590306018734
1787664524.467974, NoOp Chain Depth 128 Size 0 Mode ref, Ref Stage 4, run, start, 9783590306033822
1787664524.467995, NoOp Chain Depth 128 Size 0 Mode ref, Ref Stage 4, run, end, 9783590306054414
1787664524.468009, NoOp Chain Depth 128 Size 0 Mode ref, Ref Stage 5, run, start, 9783590306068606
1787664524.468030, NoOp Chain Depth 128 Size 0 Mode ref, Ref Stage 5, run, end, 9783590306089054
1787664524.468044, NoOp Chain Depth 128 Size 0 Mode ref, Ref Stage 6, run, start, 9783590306103502
1787664524.468066, NoOp Chain Depth 128 Size 0 Mode ref, Ref Stage 6, run, end, 9783590306124814
1787664524.468080, NoOp Chain Depth 128 Size 0 Mode ref, Ref Stage 7, run, start, 9783590306139438
1787664524.468101, NoOp Chain Depth 128 Size 0 Mode ref, Ref Stage 7, run, end, 9783590306160254
1787664524.468115, NoOp Chain Depth 128 Size 0 Mode ref, Ref Stage 8, run, start, 9783590306174430
1787664524.468136, NoOp Chain Depth 128 Size 0 Mode ref, Ref Stage 8, run, end, 9783590306194862
1787664524.468150, NoOp Chain Depth 128 Size 0 Mode ref, Ref Stage 9, run, start, 9783590306209214
1787664524.468170, NoOp Chain Depth 128 Size 0 Mode ref, Ref Stage 9, run, end, 9783590306229534
1787664524.468184, NoOp Chain Depth 128 Size 0 Mode ref, Ref Stage 10, run, start, 9783590306243918
1787664524.468205, NoOp Chain Depth 128 Size 0 Mode ref, Ref Stage 10, run, end, 9783590306264782
1787664524.468220, NoOp Chain Depth 128 Size 0 Mode ref, Ref Stage 11, run, start, 9783590306279150
1787664524.468243, NoOp Chain Depth 128 Size 0 Mode ref, Ref Stage 11, run, end, 9783590306302414
1787664524.468459, NoOp Chain Depth 128 Size 0 Mode ref, Ref Stage 12, run, start, 9783590306518750
1787664524.468596, NoOp Chain Depth 128 Size 0 Mode ref, Ref Stage 12, run, end, 9783590306655822
1787664524.468612, NoOp Chain Depth 128 Size 0 Mode ref, Ref Stage 13, run, start, 9783590306671262
1787664524.468634, NoOp Chain Depth 128 Size 0 Mode ref, Ref Stage 13, run, end, 9783590306693054
1787664524.468648, NoOp Chain Depth 128 Size 0 Mode ref, Ref Stage 14, run, start, 9783590306707854
1787664524.468672, NoOp Chain Depth 128 Size 0 Mode ref, Ref Stage 14, run, end, 9783590306731182
1787664524.468687, NoOp Chain Depth 128 Size 0 Mode ref, Ref Stage 15, run, start, 9783590306745918
1787664524.468708, NoOp Chain Depth 128 Size 0 Mode ref, Ref Stage 15, run, end, 9783590306766782
1787664524.468722, NoOp Chain Depth 128 Size 0 Mode ref, Ref Stage 16, run, start, 9783590306781342
1787664524.468743, NoOp Chain Depth 128 Size 0 Mode ref, Ref Stage 16, run, end, 9783590306802670
1787664524.468758, NoOp Chain Depth 128 Size 0 Mode ref, Ref Stage 17, run, start, 9783590306817518
1787664524.468781, NoOp Chain Depth 128 Size 0 Mode ref, Ref Stage 17, run, end, 9783590306840142
1787664524.468795, NoOp Chain Depth 128 Size 0 Mode ref, Ref Stage 18, run, start, 9783590306854782
1787664524.468817, NoOp Chain Depth 128 Size 0 Mode ref, Ref Stage 18, run, end, 9783590306876654
1787664524.468832, NoOp Chain Depth 128 Size 0 Mode ref, Ref Stage 19, run, start, 9783590306891134
1787664524.468855, NoOp Chain Depth 128 Size 0 Mode ref, Ref Stage 19, run, end, 9783590306914542
1787664524.468867, NoOp Chain Depth 128 Size 0 Mode ref, Ref Stage 20, run, start, 9783590306926606
1787664524.469204, NoOp Chain Depth 128 Size 0 Mode ref, Ref Stage 20, run, end, 9783590307264045
1787664524.469220, NoOp Chain Depth 128 Size 0 Mode ref, Ref Stage 21, run, start, 9783590307279389
1787664524.469241, NoOp Chain Depth 128 Size 0 Mode ref, Ref Stage 21, run, end, 9783590307300541
1787664524.469257, NoOp Chain Depth 128 Size 0 Mode ref, Ref Stage 22, run, start, 9783590307315981
1787664524.469278, NoOp Chain Depth 128 Size 0 Mode ref, Ref Stage 22, run, end, 9783590307336829
1787664524.469292, NoOp Chain Depth 128 Size 0 Mode ref, Ref Stage 23, run, start, 9783590307351213
1787664524.469313, NoOp Chain Depth 128 Size 0 Mode ref, Ref Stage 23, run, end, 9783590307372013
1787664524.469327, NoOp Chain Depth 128 Size 0 Mode ref, Ref Stage 24, run, start, 9783590307386269
1787664524.469347, NoOp Chain Depth 128 Size 0 Mode ref, Ref Stage 24, run, end, 9783590307406781
1787664524.469469, NoOp Chain Depth 128 Size 0 Mode ref, Ref Stage 25, run, start, 9783590307528509
1787664524.469491, NoOp Chain Depth 128 Size 0 Mode ref, Ref Stage 25, run, end, 9783590307550477
1787664524.469506, NoOp Chain Depth 128 Size 0 Mode ref, Ref Stage 26, run, start, 9783590307565149
1787664524.469529, NoOp Chain Depth 128 Size 0 Mode ref, Ref Stage 26, run, end, 9783590307587981
1787664524.469541, NoOp Chain Depth 128 Size 0 Mode ref, Ref Stage 27, run, start, 9783590307600029
1787664524.469572, NoOp Chain Depth 128 Size 0 Mode ref, Ref Stage 27, run, end, 9783590307631197
1787664524.469586, NoOp Chain Depth 128 Size 0 Mode ref, Ref Stage 28, run, start, 9783590307645693
1787664524.469608, NoOp Chain Depth 128 Size 0 Mode ref, Ref Stage 28, run, end, 9783590307667101
1787664524.469622, NoOp Chain Depth 128 Size 0 Mode ref, Ref Stage 29, run, start, 9783590307681277
1787664524.469643, NoOp Chain Depth 128 Size 0 Mode ref, Ref Stage 29, run, end, 9783590307701853
1787664524.469657, NoOp Chain Depth 128 Size 0 Mode ref, Ref Stage 30, run, start, 9783590307716045
1787664524.469677, NoOp Chain Depth 128 Size 0 Mode ref, Ref Stage 30, run, end, 9783590307736461
1787664524.469691, NoOp Chain Depth 128 Size 0 Mode ref, Ref Stage 31, run, start, 9783590307750797
1787664524.469713, NoOp Chain Depth 128 Size 0 Mode ref, Ref Stage 31, run, end, 9783590307772685
1787664524.469728, NoOp Chain Depth 128 Size 0 Mode ref, Ref Stage 32, run, start, 9783590307787149
1787664524.469749, NoOp Chain Depth 128 Size 0 Mode ref, Ref Stage 32, run, end, 9783590307808541
1787664524.469764, NoOp Chain Depth 128 Size 0 Mode ref, Ref Stage 33, run, start, 9783590307822781
1787664524.469784, NoOp Chain Depth 128 Size 0 Mode ref, Ref Stage 33, run, end, 9783590307843661
1787664524.469799, NoOp Chain Depth 128 Size 0 Mode ref, Ref Stage 34, run, start, 9783590307857757
1787664524.469819, NoOp Chain Depth 128 Size 0 Mode ref, Ref Stage 34, run, end, 9783590307878317
1787664524.469841, NoOp Chain Depth 128 Size 0 Mode ref, Ref Stage 35, run, start, 9783590307900269
1787664524.469862, NoOp Chain Depth 128 Size 0 Mode ref, Ref Stage 35, run, end, 9783590307921037
1787664524.469876, NoOp Chain Depth 128 Size 0 Mode ref, Ref Stage 36, run, start, 9783590307935469
1787664524.469897, NoOp Chain Depth 128 Size 0 Mode ref, Ref Stage 36, run, end, 9783590307956029
1787664524.469911, NoOp Chain Depth 128 Size 0 Mode ref, Ref Stage 37, run, start, 9783590307970381
1787664524.469933, NoOp Chain Depth 128 Size 0 Mode ref, Ref Stage 37, run, end, 9783590307992157
1787664524.469949, NoOp Chain Depth 128 Size 0 Mode ref, Ref Stage 38, run, start, 9783590308008445
1787664524.469972, NoOp Chain Depth 128 Size 0 Mode ref, Ref Stage 38, run, end, 9783590308031677
1787664524.469987, NoOp Chain Depth 128 Size 0 Mode ref, Ref Stage 39, run, start, 9783590308046381
1787664524.470009, NoOp Chain Depth 128 Size 0 Mode ref, Ref Stage 39, run, end, 9783590308067693
1787664524.470023, NoOp Chain Depth 128 Size 0 Mode ref, Ref Stage 40, run, start, 9783590308081965
1787664524.470043, NoOp Chain Depth 128 Size 0 Mode ref, Ref Stage 40, run, end, 9783590308102669
1787664524.470057, NoOp Chain Depth 128 Size 0 Mode ref, Ref Stage 41, run, start, 9783590308116781
1787664524.470078, NoOp Chain Depth 128 Size 0 Mode ref, Ref Stage 41, run, end, 9783590308137405
1787664524.470093, NoOp Chain Depth 128 Size 0 Mode ref, Ref Stage 42, run, start, 9783590308151757
1787664524.470113, NoOp Chain Depth 128 Size 0 Mode ref, Ref Stage 42, run, end, 9783590308172525
1787664524.470129, NoOp Chain Depth 128 Size 0 Mode ref, Ref Stage 43, run, start, 9783590308188765
1787664524.470151, NoOp Chain Depth 128 Size 0 Mode ref, Ref Stage 43, run, end, 9783590308210237
1787664524.470166, NoOp Chain Depth 128 Size 0 Mode ref, Ref Stage 44, run, start, 9783590308225229
1787664524.470186, NoOp Chain Depth 128 Size 0 Mode ref, Ref Stage 44, run, end, 9783590308245581
1787664524.470201, NoOp Chain Depth 128 Size 0 Mode ref, Ref Stage 45, run, start, 9783590308259773
1787664524.470221, NoOp Chain Depth 128 Size 0 Mode ref, Ref Stage 45, run, end, 9783590308280125
1787664524.470235, NoOp Chain Depth 128 Size 0 Mode ref, Ref Stage 46, run, start, 9783590308294413
1787664524.470256, NoOp Chain Depth 128 Size 0 Mode ref, Ref Stage 46, run, end, 9783590308314829
1787664524.470271, NoOp Chain Depth 128 Size 0 Mode ref, Ref Stage 47, run, start, 9783590308330317
1787664524.470292, NoOp Chain Depth 128 Size 0 Mode ref, Ref Stage 47, run, end, 9783590308351101
1787664524.470306, NoOp Chain Depth 128 Size 0 Mode ref, Ref Stage 48, run, start, 9783590308365469
1787664524.470330, NoOp Chain Depth 128 Size 0 Mode ref, Ref Stage 48, run, end, 9783590308389341
1787664524.470342, NoOp Chain Depth 128 Size 0 Mode ref, Ref Stage 49, run, start, 9783590308400861
1787664524.470444, NoOp Chain Depth 128 Size 0 Mode ref, Ref Stage 49, run, end, 9783590308503869
1787664524.470980, NoOp Chain Depth 128 Size 0 Mode ref, Ref Stage 50, run, start, 9783590309040572
1787664524.471009, NoOp Chain Depth 128 Size 0 Mode ref, Ref Stage 50, run, end, 9783590309068380
1787664524.471025, NoOp Chain Depth 128 Size 0 Mode ref, Ref Stage 51, run, start, 9783590309084396
1787664524.471047, NoOp Chain Depth 128 Size 0 Mode ref, Ref Stage 51, run, end, 9783590309106284
1787664524.471062, NoOp Chain Depth 128 Size 0 Mode ref, Ref Stage 52, run, start, 9783590309121484
1787664524.471084, NoOp Chain Depth 128 Size 0 Mode ref, Ref Stage 52, run, end, 9783590309143116
1787664524.471099, NoOp Chain Depth 128 Size 0 Mode ref, Ref Stage 53, run, start, 9783590309157788
1787664524.471119, NoOp Chain Depth 128 Size 0 Mode ref, Ref Stage 53, run, end, 9783590309178700
1787664524.471134, NoOp Chain Depth 128 Size 0 Mode ref, Ref Stage 54, run, start, 9783590309193356
1787664524.471155, NoOp Chain Depth 128 Size 0 Mode ref, Ref Stage 54, run, end, 9783590309214396
1787664524.471170, NoOp Chain Depth 128 Size 0 Mode ref, Ref Stage 55, run, start, 9783590309229292
1787664524.471191, NoOp Chain Depth 128 Size 0 Mode ref, Ref Stage 55, run, end, 9783590309250604
1787664524.471209, NoOp Chain Depth 128 Size 0 Mode ref, Ref Stage 56, run, start, 9783590309268188
1787664524.471230, NoOp Chain Depth 128 Size 0 Mode ref, Ref Stage 56, run, end, 9783590309289628
1787664524.471245, NoOp Chain Depth 128 Size 0 Mode ref, Ref Stage 57, run, start, 9783590309304604
1787664524.471270, NoOp Chain Depth 128 Size 0 Mode ref, Ref Stage 57, run, end, 9783590309328940
1787664524.471285, NoOp Chain Depth 128 Size 0 Mode ref, Ref Stage 58, run, start, 9783590309344156
1787664524.471310, NoOp Chain Depth 128 Size 0 Mode ref, Ref Stage 58, run, end, 9783590309368860
1787664524.471322, NoOp Chain Depth 128 Size 0 Mode ref, Ref Stage 59, run, start, 9783590309380876
1787664524.471353, NoOp Chain Depth 128 Size 0 Mode ref, Ref Stage 59, run, end, 9783590309411724
1787664524.471367, NoOp Chain Depth 128 Size 0 Mode ref, Ref Stage 60, run, start, 9783590309426252
1787664524.471388, NoOp Chain Depth 128 Size 0 Mode ref, Ref Stage 60, run, end, 9783590309446892
1787664524.471402, NoOp Chain Depth 128 Size 0 Mode ref, Ref Stage 61, run, start, 9783590309461628
1787664524.471423, NoOp Chain Depth 128 Size 0 Mode ref, Ref Stage 61, run, end, 9783590309482476
1787664524.471437, NoOp Chain Depth 128 Size 0 Mode ref, Ref Stage 62, run, start, 9783590309496828
1787664524.471458, NoOp Chain Depth 128 Size 0 Mode ref, Ref Stage 62, run, end, 9783590309517564
1787664524.471473, NoOp Chain Depth 128 Size 0 Mode ref, Ref Stage 63, run, start, 9783590309532188
1787664524.471499, NoOp Chain Depth 128 Size 0 Mode ref, Ref Stage 63, run, end, 9783590309558028
1787664524.471513, NoOp Chain Depth 128 Size 0 Mode ref, Ref Stage 64, run, start, 9783590309572508
1787664524.471534, NoOp Chain Depth 128 Size 0 Mode ref, Ref Stage 64, run, end, 9783590309593356
1787664524.471549, NoOp Chain Depth 128 Size 0 Mode ref, Ref Stage 65, run, start, 9783590309607820
1787664524.471569, NoOp Chain Depth 128 Size 0 Mode ref, Ref Stage 65, run, end, 9783590309628316
1787664524.471584, NoOp Chain Depth 128 Size 0 Mode ref, Ref Stage 66, run, start, 9783590309643340
1787664524.471606, NoOp Chain Depth 128 Size 0 Mode ref, Ref Stage 66, run, end, 9783590309665580
1787664524.471618, NoOp Chain Depth 128 Size 0 Mode ref, Ref Stage 67, run, start, 9783590309677084
1787664524.471648, NoOp Chain Depth 128 Size 0 Mode ref, Ref Stage 67, run, end, 9783590309707836
1787664524.471663, NoOp Chain Depth 128 Size 0 Mode ref, Ref Stage 68, run, start, 9783590309722300
1787664524.471684, NoOp Chain Depth 128 Size 0 Mode ref, Ref Stage 68, run, end, 9783590309742956
1787664524.471698, NoOp Chain Depth 128 Size 0 Mode ref, Ref Stage 69, run, start, 9783590309757372
1787664524.471720, NoOp Chain Depth 128 Size 0 Mode ref, Ref Stage 69, run, end, 9783590309778956
1787664524.471734, NoOp Chain Depth 128 Size 0 Mode ref, Ref Stage 70, run, start, 9783590309793340
1787664524.471757, NoOp Chain Depth 128 Size 0 Mode ref, Ref Stage 70, run, end, 9783590309816556
1787664524.471773, NoOp Chain Depth 128 Size 0 Mode ref, Ref Stage 71, run, start, 9783590309831996
1787664524.471796, NoOp Chain Depth 128 Size 0 Mode ref, Ref Stage 71, run, end, 9783590309855516
1787664524.471808, NoOp Chain Depth 128 Size 0 Mode ref, Ref Stage 72, run, start, 9783590309867068
1787664524.471839, NoOp Chain Depth 128 Size 0 Mode ref, Ref Stage 72, run, end, 9783590309898908
1787664524.471855, NoOp Chain Depth 128 Size 0 Mode ref, Ref Stage 73, run, start, 9783590309914012
1787664524.471877, NoOp Chain Depth 128 Size 0 Mode ref, Ref Stage 73, run, end, 9783590309935964
1787664524.471888, NoOp Chain Depth 128 Size 0 Mode ref, Ref Stage 74, run, start, 9783590309947388
1787664524.471920, NoOp Chain Depth 128 Size 0 Mode ref, Ref Stage 74, run, end, 9783590309978844
1787664524.471935, NoOp Chain Depth 128 Size 0 Mode ref, Ref Stage 75, run, start, 9783590309994556
1787664524.471958, NoOp Chain Depth 128 Size 0 Mode ref, Ref Stage 75, run, end, 9783590310017324
1787664524.471974, NoOp Chain Depth 128 Size 0 Mode ref, Ref Stage 76, run, start, 9783590310033180
1787664524.471998, NoOp Chain Depth 128 Size 0 Mode ref, Ref Stage 76, run, end, 9783590310056892
1787664524.472009, NoOp Chain Depth 128 Size 0 Mode ref, Ref Stage 77, run, start, 9783590310068556
1787664524.472040, NoOp Chain Depth 128 Size 0 Mode ref, Ref Stage 77, run, end, 9783590310098988
1787664524.472054, NoOp Chain Depth 128 Size 0 Mode ref, Ref Stage 78, run, start, 9783590310113468
1787664524.472075, NoOp Chain Depth 128 Size 0 Mode ref, Ref Stage 78, run, end, 9783590310134060
1787664524.472089, NoOp Chain Depth 128 Size 0 Mode ref, Ref Stage 79, run, start, 9783590310148716
1787664524.472111, NoOp Chain Depth 128 Size 0 Mode ref, Ref Stage 79, run, end, 9783590310169932
1787664524.472125, NoOp Chain Depth 128 Size 0 Mode ref, Ref Stage 80, run, start, 9783590310184332
1787664524.472146, NoOp Chain Depth 128 Size 0 Mode ref, Ref Stage 80, run, end, 9783590310204844
1787664524.472160, NoOp Chain Depth 128 Size 0 Mode ref, Ref Stage 81, run, start, 9783590310219132
1787664524.472181, NoOp Chain Depth 128 Size 0 Mode ref, Ref Stage 81, run, end, 9783590310240155
1787664524.472195, NoOp Chain Depth 128 Size 0 Mode ref, Ref Stage 82, run, start, 9783590310254427
1787664524.472216, NoOp Chain Depth 128 Size 0 Mode ref, Ref Stage 82, run, end, 9783590310274875
1787664524.472230, NoOp Chain Depth 128 Size 0 Mode ref, Ref Stage 83, run, start, 9783590310288955
1787664524.472252, NoOp Chain Depth 128 Size 0 Mode ref, Ref Stage 83, run, end, 9783590310310699
1787664524.472266, NoOp Chain Depth 128 Size 0 Mode ref, Ref Stage 84, run, start, 9783590310325035
1787664524.472288, NoOp Chain Depth 128 Size 0 Mode ref, Ref Stage 84, run, end, 9783590310347243
1787664524.472300, NoOp Chain Depth 128 Size 0 Mode ref, Ref Stage 85, run, start, 9783590310358779
1787664524.472331, NoOp Chain Depth 128 Size 0 Mode ref, Ref Stage 85, run, end, 9783590310390155
1787664524.472347, NoOp Chain Depth 128 Size 0 Mode ref, Ref Stage 86, run, start, 9783590310406411
1787664524.472368, NoOp Chain Depth 128 Size 0 Mode ref, Ref Stage 86, run, end, 9783590310427211
1787664524.472383, NoOp Chain Depth 128 Size 0 Mode ref, Ref Stage 87, run, start, 9783590310442683
1787664524.472405, NoOp Chain Depth 128 Size 0 Mode ref, Ref Stage 87, run, end, 9783590310464139
1787664524.472419, NoOp Chain Depth 128 Size 0 Mode ref, Ref Stage 88, run, start, 9783590310478395
1787664524.472440, NoOp Chain Depth 128 Size 0 Mode ref, Ref Stage 88, run, end, 9783590310498875
1787664524.472454, NoOp Chain Depth 128 Size 0 Mode ref, Ref Stage 89, run, start, 9783590310513099
1787664524.472474, NoOp Chain Depth 128 Size 0 Mode ref, Ref Stage 89, run, end, 9783590310533675
1787664524.472488, NoOp Chain Depth 128 Size 0 Mode ref, Ref Stage 90, run, start, 9783590310547835
1787664524.472510, NoOp Chain Depth 128 Size 0 Mode ref, Ref Stage 90, run, end, 9783590310569323
1787664524.472525, NoOp Chain Depth 128 Size 0 Mode ref, Ref Stage 91, run, start, 9783590310584347
1787664524.472547, NoOp Chain Depth 128 Size 0 Mode ref, Ref Stage 91, run, end, 9783590310605787
1787664524.472561, NoOp Chain Depth 128 Size 0 Mode ref, Ref Stage 92, run, start, 9783590310620203
1787664524.472583, NoOp Chain Depth 128 Size 0 Mode ref, Ref Stage 92, run, end, 9783590310642491
1787664524.472595, NoOp Chain Depth 128 Size 0 Mode ref, Ref Stage 93, run, start, 9783590310654459
1787664524.472626, NoOp Chain Depth 128 Size 0 Mode ref, Ref Stage 93, run, end, 9783590310685259
1787664524.472640, NoOp Chain Depth 128 Size 0 Mode ref, Ref Stage 94, run, start, 9783590310699611
1787664524.472661, NoOp Chain Depth 128 Size 0 Mode ref, Ref Stage 94, run, end, 9783590310720251
1787664524.472676, NoOp Chain Depth 128 Size 0 Mode ref, Ref Stage 95, run, start, 9783590310734779
1787664524.472697, NoOp Chain Depth 128 Size 0 Mode ref, Ref Stage 95, run, end, 9783590310756315
1787664524.472711, NoOp Chain Depth 128 Size 0 Mode ref, Ref Stage 96, run, start, 9783590310770667
1787664524.472732, NoOp Chain Depth 128 Size 0 Mode ref, Ref Stage 96, run, end, 9783590310791819
1787664524.472748, NoOp Chain Depth 128 Size 0 Mode ref, Ref Stage 97, run, start, 9783590310807403
1787664524.472769, NoOp Chain Depth 128 Size 0 Mode ref, Ref Stage 97, run, end, 9783590310827995
1787664524.472785, NoOp Chain Depth 128 Size 0 Mode ref, Ref Stage 98, run, start, 9783590310844075
1787664524.472806, NoOp Chain Depth 128 Size 0 Mode ref, Ref Stage 98, run, end, 9783590310865003
1787664524.472820, NoOp Chain Depth 128 Size 0 Mode ref, Ref Stage 99, run, start, 9783590310879339
1787664524.472841, NoOp Chain Depth 128 Size 0 Mode ref, Ref Stage 99, run, end, 9783590310899819
1787664524.472856, NoOp Chain Depth 128 Size 0 Mode ref, Ref Stage 100, run, start, 9783590310915499
1787664524.472877, NoOp Chain Depth 128 Size 0 Mode ref, Ref Stage 100, run, end, 9783590310936171
1787664524.472893, NoOp Chain Depth 128 Size 0 Mode ref, Ref Stage 101, run, start, 9783590310952395
1787664524.472914, NoOp Chain Depth 128 Size 0 Mode ref, Ref Stage 101, run, end, 9783590310973083
1787664524.472928, NoOp Chain Depth 128 Size 0 Mode ref, Ref Stage 102, run, start, 9783590310987419
1787664524.472950, NoOp Chain Depth 128 Size 0 Mode ref, Ref Stage 102, run, end, 9783590311009259
1787664524.472965, NoOp Chain Depth 128 Size 0 Mode ref, Ref Stage 103, run, start, 9783590311024587
1787664524.472986, NoOp Chain Depth 128 Size 0 Mode ref, Ref Stage 103, run, end, 9783590311044891
1787664524.473000, NoOp Chain Depth 128 Size 0 Mode ref, Ref Stage 104, run, start, 9783590311059035
1787664524.473022, NoOp Chain Depth 128 Size 0 Mode ref, Ref Stage 104, run, end, 9783590311080891
1787664524.473036, NoOp Chain Depth 128 Size 0 Mode ref, Ref Stage 105, run, start, 9783590311095579
1787664524.473058, NoOp Chain Depth 128 Size 0 Mode ref, Ref Stage 105, run, end, 9783590311116747
1787664524.473072, NoOp Chain Depth 128 Size 0 Mode ref, Ref Stage 106, run, start, 9783590311131163
1787664524.473094, NoOp Chain Depth 128 Size 0 Mode ref, Ref Stage 106, run, end, 9783590311152891
1787664524.473108, NoOp Chain Depth 128 Size 0 Mode ref, Ref Stage 107, run, start, 9783590311167131
1787664524.473129, NoOp Chain Depth 128 Size 0 Mode ref, Ref Stage 107, run, end, 9783590311187643
1787664524.473143, NoOp Chain Depth 128 Size 0 Mode ref, Ref Stage 108, run, start, 9783590311201755
1787664524.473163, NoOp Chain Depth 128 Size 0 Mode ref, Ref Stage 108, run, end, 9783590311221963
1787664524.473620, NoOp Chain Depth 128 Size 0 Mode ref, Ref Stage 109, run, start, 9783590311680187
1787664524.473646, NoOp Chain Depth 128 Size 0 Mode ref, Ref Stage 109, run, end, 9783590311705931
1787664524.473662, NoOp Chain Depth 128 Size 0 Mode ref, Ref Stage 110, run, start, 9783590311721451
1787664524.473684, NoOp Chain Depth 128 Size 0 Mode ref, Ref Stage 110, run, end, 9783590311743131
1787664524.473698, NoOp Chain Depth 128 Size 0 Mode ref, Ref Stage 111, run, start, 9783590311757626
1787664524.473721, NoOp Chain Depth 128 Size 0 Mode ref, Ref Stage 111, run, end, 9783590311780218
1787664524.473733, NoOp Chain Depth 128 Size 0 Mode ref, Ref Stage 112, run, start, 9783590311792010
1787664524.473763, NoOp Chain Depth 128 Size 0 Mode ref, Ref Stage 112, run, end, 9783590311822890
1787664524.473778, NoOp Chain Depth 128 Size 0 Mode ref, Ref Stage 113, run, start, 9783590311837466
1787664524.473800, NoOp Chain Depth 128 Size 0 Mode ref, Ref Stage 113, run, end, 9783590311858858
1787664524.473814, NoOp Chain Depth 128 Size 0 Mode ref, Ref Stage 114, run, start, 9783590311873562
1787664524.473835, NoOp Chain Depth 128 Size 0 Mode ref, Ref Stage 114, run, end, 9783590311894490
1787664524.473850, NoOp Chain Depth 128 Size 0 Mode ref, Ref Stage 115, run, start, 9783590311908986
1787664524.473872, NoOp Chain Depth 128 Size 0 Mode ref, Ref Stage 115, run, end, 9783590311930986
1787664524.473886, NoOp Chain Depth 128 Size 0 Mode ref, Ref Stage 116, run, start, 9783590311945450
1787664524.473908, NoOp Chain Depth 128 Size 0 Mode ref, Ref Stage 116, run, end, 9783590311967354
1787664524.473922, NoOp Chain Depth 128 Size 0 Mode ref, Ref Stage 117, run, start, 9783590311981786
1787664524.473952, NoOp Chain Depth 128 Size 0 Mode ref, Ref Stage 117, run, end, 9783590312011482
1787664524.473968, NoOp Chain Depth 128 Size 0 Mode ref, Ref Stage 118, run, start, 9783590312026986
1787664524.473990, NoOp Chain Depth 128 Size 0 Mode ref, Ref Stage 118, run, end, 9783590312049466
1787664524.474002, NoOp Chain Depth 128 Size 0 Mode ref, Ref Stage 119, run, start, 9783590312061146
1787664524.474034, NoOp Chain Depth 128 Size 0 Mode ref, Ref Stage 119, run, end, 9783590312093402
1787664524.474049, NoOp Chain Depth 128 Size 0 Mode ref, Ref Stage 120, run, start, 9783590312108698
1787664524.474070, NoOp Chain Depth 128 Size 0 Mode ref, Ref Stage 120, run, end, 9783590312129514
1787664524.474086, NoOp Chain Depth 128 Size 0 Mode ref, Ref Stage 121, run, start, 9783590312145258
1787664524.474108, NoOp Chain Depth 128 Size 0 Mode ref, Ref Stage 121, run, end, 9783590312167290
1787664524.474120, NoOp Chain Depth 128 Size 0 Mode ref, Ref Stage 122, run, start, 9783590312179786
1787664524.474153, NoOp Chain Depth 128 Size 0 Mode ref, Ref Stage 122, run, end, 9783590312211738
1787664524.474164, NoOp Chain Depth 128 Size 0 Mode ref, Ref Stage 123, run, start, 9783590312223242
1787664524.474195, NoOp Chain Depth 128 Size 0 Mode ref, Ref Stage 123, run, end, 9783590312253546
1787664524.474209, NoOp Chain Depth 128 Size 0 Mode ref, Ref Stage 124, run, start, 9783590312267802
1787664524.474230, NoOp Chain Depth 128 Size 0 Mode ref, Ref Stage 124, run, end, 9783590312288682
1787664524.474244, NoOp Chain Depth 128 Size 0 Mode ref, Ref Stage 125, run, start, 9783590312302890
1787664524.474264, NoOp Chain Depth 128 Size 0 Mode ref, Ref Stage 125, run, end, 9783590312323514
1787664524.474280, NoOp Chain Depth 128 Size 0 Mode ref, Ref Stage 126, run, start, 9783590312338874
1787664524.474301, NoOp Chain Depth 128 Size 0 Mode ref, Ref Stage 126, run, end, 9783590312360554
1787664524.474316, NoOp Chain Depth 128 Size 0 Mode ref, Ref Stage 127, run, start, 9783590312375402
1787664524.474338, NoOp Chain Depth 128 Size 0 Mode ref, Ref Stage 127, run, end, 9783590312396938
1787664524.474353, NoOp Chain Depth 128 Size 0 Mode ref, pipeline - train, run, end, 102462952680519814220227079136163114961, 1787664524.467787, 95, 1, 9783590312411994
1787664524.474393, NoOp Chain Depth 128 Size 0 Mode ref, pipeline - train, run, start, 310514026720525282879770933322321170948, 1787664524.474379, 96, 1, 9783590312452138
1787664524.474415, NoOp Chain Depth 128 Size 0 Mode ref, Ref Stage 0, run, start, 9783590312474826
1787664524.474437, NoOp Chain Depth 128 Size 0 Mode ref, Ref Stage 0, run, end, 9783590312495962
1787664524.474451, NoOp Chain Depth 128 Size 0 Mode ref, Ref Stage 1, run, start, 9783590312510602
1787664524.474472, NoOp Chain Depth 128 Size 0 Mode ref, Ref Stage 1, run, end, 9783590312531434
1787664524.474487, NoOp Chain Depth 128 Size 0 Mode ref, Ref Stage 2, run, start, 9783590312545994
1787664524.474508, NoOp Chain Depth 128 Size 0 Mode ref, Ref Stage 2, run, end, 9783590312566986
1787664524.474523, NoOp Chain Depth 128 Size 0 Mode ref, Ref Stage 3, run, start, 9783590312582074
1787664524.474544, NoOp Chain Depth 128 Size 0 Mode ref, Ref Stage 3, run, end, 9783590312603050
1787664524.474559, NoOp Chain Depth 128 Size 0 Mode ref, Ref Stage 4, run, start, 9783590312618458
1787664524.474580, NoOp Chain Depth 128 Size 0 Mode ref, Ref Stage 4, run, end, 9783590312639114
1787664524.474595, NoOp Chain Depth 128 Size 0 Mode ref, Ref Stage 5, run, start, 9783590312654250
1787664524.474616, NoOp Chain Depth 128 Size 0 Mode ref, Ref Stage 5, run, end, 9783590312675114
1787664524.474695, NoOp Chain Depth 128 Size 0 Mode ref, Ref Stage 6, run, start, 9783590312754746
1787664524.474718, NoOp Chain Depth 128 Size 0 Mode ref, Ref Stage 6, run, end, 9783590312777130
1787664524.474733, NoOp Chain Depth 128 Size 0 Mode ref, Ref Stage 7, run, start, 9783590312791914
1787664524.474755, NoOp Chain Depth 128 Size 0 Mode ref, Ref Stage 7, run, end, 9783590312814602
1787664524.474771, NoOp Chain Depth 128 Size 0 Mode ref, Ref Stage 8, run, start, 9783590312830378
1787664524.474795, NoOp Chain Depth 128 Size 0 Mode ref, Ref Stage 8, run, end, 9783590312854042
1787664524.474810, NoOp Chain Depth 128 Size 0 Mode ref, Ref Stage 9, run, start, 9783590312869338
1787664524.474831, NoOp Chain Depth 128 Size 0 Mode ref, Ref Stage 9, run, end, 9783590312890490
1787664524.474847, NoOp Chain Depth 128 Size 0 Mode ref, Ref Stage 10, run, start, 9783590312906154
1787664524.474880, NoOp Chain Depth 128 Size 0 Mode ref, Ref Stage 10, run, end, 9783590312939594
1787664524.474892, NoOp Chain Depth 128 Size 0 Mode ref, Ref Stage 11, run, start, 9783590312951578
1787664524.474924, NoOp Chain Depth 128 Size 0 Mode ref, Ref Stage 11, run, end, 9783590312983386
1787664524.474939, NoOp Chain Depth 128 Size 0 Mode ref, Ref Stage 12, run, start, 9783590312998186
1787664524.474965, NoOp Chain Depth 128 Size 0 Mode ref, Ref Stage 12, run, end, 9783590313024586
1787664524.474977, NoOp Chain Depth 128 Size 0 Mode ref, Ref Stage 13, run, start, 9783590313036506
1787664524.477488, NoOp Chain Depth 128 Size 0 Mode ref, Ref Stage 13, run, end, 9783590315549432
1787664524.477508, NoOp Chain Depth 128 Size 0 Mode ref, Ref Stage 14, run, start, 9783590315567400
1787664524.477531, NoOp Chain Depth 128 Size 0 Mode ref, Ref Stage 14, run, end, 9783590315590376
1787664524.477546, NoOp Chain Depth 128 Size 0 Mode ref, Ref Stage 15, run, start, 9783590315605656
1787664524.477568, NoOp Chain Depth 128 Size 0 Mode ref, Ref Stage 15, run, end, 9783590315627096
1787664524.477583, NoOp Chain Depth 128 Size 0 Mode ref, Ref Stage 16, run, start, 9783590315641864
1787664524.477604, NoOp Chain Depth 128 Size 0 Mode ref, Ref Stage 16, run, end, 9783590315663096
1787664524.477618, NoOp Chain Depth 128 Size 0 Mode ref, Ref Stage 17, run, start, 9783590315677736
1787664524.477639, NoOp Chain Depth 128 Size 0 Mode ref, Ref Stage 17, run, end, 9783590315698648
1787664524.477654, NoOp Chain Depth 128 Size 0 Mode ref, Ref Stage 18, run, start, 9783590315713256
1787664524.477677, NoOp Chain Depth 128 Size 0 Mode ref, Ref Stage 18, run, end, 9783590315735672
1787664524.477688, NoOp Chain Depth 128 Size 0 Mode ref, Ref Stage 19, run, start, 9783590315747560
1787664524.477720, NoOp Chain Depth 128 Size 0 Mode ref, Ref Stage 19, run, end, 9783590315778680
1787664524.477734, NoOp Chain Depth 128 Size 0 Mode ref, Ref Stage 20, run, start, 9783590315793336
1787664524.477757, NoOp Chain Depth 128 Size 0 Mode ref, Ref Stage 20, run, end, 9783590315815816
1787664524.477768, NoOp Chain Depth 128 Size 0 Mode ref, Ref Stage 21, run, start, 9783590315827592
1787664524.477799, NoOp Chain Depth 128 Size 0 Mode ref, Ref Stage 21, run, end, 9783590315858696
1787664524.477814, NoOp Chain Depth 128 Size 0 Mode ref, Ref Stage 22, run, start, 9783590315873448
1787664524.477835, NoOp Chain Depth 128 Size 0 Mode ref, Ref Stage 22, run, end, 9783590315894312
1787664524.477849, NoOp Chain Depth 128 Size 0 Mode ref, Ref Stage 23, run, start, 9783590315908776
1787664524.477871, NoOp Chain Depth 128 Size 0 Mode ref, Ref Stage 23, run, end, 9783590315929768
1787664524.477885, NoOp Chain Depth 128 Size 0 Mode ref, Ref Stage 24, run, start, 9783590315944552
1787664524.477906, NoOp Chain Depth 128 Size 0 Mode ref, Ref Stage 24, run, end, 9783590315965384
1787664524.477921, NoOp Chain Depth 128 Size 0 Mode ref, Ref Stage 25, run, start, 9783590315979880
1787664524.477942, NoOp Chain Depth 128 Size 0 Mode ref, Ref Stage 25, run, end, 9783590316003000
1787664524.477959, NoOp Chain Depth 128 Size 0 Mode ref, Ref Stage 26, run, start, 9783590316018264
1787664524.477980, NoOp Chain Depth 128 Size 0 Mode ref, Ref Stage 26, run, end, 9783590316039048
1787664524.477994, NoOp Chain Depth 128 Size 0 Mode ref, Ref Stage 27, run, start, 9783590316053736
1787664524.478015, NoOp Chain Depth 128 Size 0 Mode ref, Ref Stage 27, run, end, 9783590316074408
1787664524.478029, NoOp Chain Depth 128 Size 0 Mode ref, Ref Stage 28, run, start, 9783590316088840
1787664524.478050, NoOp Chain Depth 128 Size 0 Mode ref, Ref Stage 28, run, end, 9783590316109656
1787664524.478065, NoOp Chain Depth 128 Size 0 Mode ref, Ref Stage 29, run, start, 9783590316124024
1787664524.478088, NoOp Chain Depth 128 Size 0 Mode ref, Ref Stage 29, run, end, 9783590316147112
1787664524.478102, NoOp Chain Depth 128 Size 0 Mode ref, Ref Stage 30, run, start, 9783590316161624
1787664524.478123, NoOp Chain Depth 128 Size 0 Mode ref, Ref Stage 30, run, end, 9783590316182440
1787664524.478138, NoOp Chain Depth 128 Size 0 Mode ref, Ref Stage 31, run, start, 9783590316197208
1787664524.478159, NoOp Chain Depth 128 Size 0 Mode ref, Ref Stage 31, run, end, 9783590316218232
1787664524.478174, NoOp Chain Depth 128 Size 0 Mode ref, Ref Stage 32, run, start, 9783590316233000
1787664524.478194, NoOp Chain Depth 128 Size 0 Mode ref, Ref Stage 32, run, end, 9783590316253640
1787664524.478209, NoOp Chain Depth 128 Size 0 Mode ref, Ref Stage 33, run, start, 9783590316268104
1787664524.478230, NoOp Chain Depth 128 Size 0 Mode ref, Ref Stage 33, run, end, 9783590316288968
1787664524.478244, NoOp Chain Depth 128 Size 0 Mode ref, Ref Stage 34, run, start, 9783590316303352
1787664524.478265, NoOp Chain Depth 128 Size 0 Mode ref, Ref Stage 34, run, end, 9783590316323880
1787664524.478279, NoOp Chain Depth 128 Size 0 Mode ref, Ref Stage 35, run, start, 9783590316338600
1787664524.478300, NoOp Chain Depth 128 Size 0 Mode ref, Ref Stage 35, run, end, 9783590316359223
1787664524.478314, NoOp Chain Depth 128 Size 0 Mode ref, Ref Stage 36, run, start, 9783590316373703
1787664524.478335, NoOp Chain Depth 128 Size 0 Mode ref, Ref Stage 36, run, end, 9783590316394631
1787664524.478350, NoOp Chain Depth 128 Size 0 Mode ref, Ref Stage 37, run, start, 9783590316408887
1787664524.478371, NoOp Chain Depth 128 Size 0 Mode ref, Ref Stage 37, run, end, 9783590316429831
1787664524.478385, NoOp Chain Depth 128 Size 0 Mode ref, Ref Stage 38, run, start, 9783590316444135
1787664524.478409, NoOp Chain Depth 128 Size 0 Mode ref, Ref Stage 38, run, end, 9783590316467991
1787664524.478423, NoOp Chain Depth 128 Size 0 Mode ref, Ref Stage 39, run, start, 9783590316482567
1787664524.478444, NoOp Chain Depth 128 Size 0 Mode ref, Ref Stage 39, run, end, 9783590316503575
1787664524.478459, NoOp Chain Depth 128 Size 0 Mode ref, Ref Stage 40, run, start, 9783590316518103
1787664524.478480, NoOp Chain Depth 128 Size 0 Mode ref, Ref Stage 40, run, end, 9783590316538999
1787664524.478494, NoOp Chain Depth 128 Size 0 Mode ref, Ref Stage 41, run, start, 9783590316553415
1787664524.478515, NoOp Chain Depth 128 Size 0 Mode ref, Ref Stage 41, run, end, 9783590316574359
1787664524.478529, NoOp Chain Depth 128 Size 0 Mode ref, Ref Stage 42, run, start, 9783590316588743
1787664524.478550, NoOp Chain Depth 128 Size 0 Mode ref, Ref Stage 42, run, end, 9783590316609447
1787664524.478565, NoOp Chain Depth 128 Size 0 Mode ref, Ref Stage 43, run, start, 9783590316624487
1787664524.478587, NoOp Chain Depth 128 Size 0 Mode ref, Ref Stage 43, run, end, 9783590316646391
1787664524.478602, NoOp Chain Depth 128 Size 0 Mode ref, Ref Stage 44, run, start, 9783590316661447
1787664524.478623, NoOp Chain Depth 128 Size 0 Mode ref, Ref Stage 44, run, end, 9783590316683687
1787664524.478640, NoOp Chain Depth 128 Size 0 Mode ref, Ref Stage 45, run, start, 9783590316698871
1787664524.478660, NoOp Chain Depth 128 Size 0 Mode ref, Ref Stage 45, run, end, 9783590316719591
1787664524.478675, NoOp Chain Depth 128 Size 0 Mode ref, Ref Stage 46, run, start, 9783590316734663
1787664524.478696, NoOp Chain Depth 128 Size 0 Mode ref, Ref Stage 46, run, end, 9783590316755175
1787664524.478710, NoOp Chain Depth 128 Size 0 Mode ref, Ref Stage 47, run, start, 9783590316769623
1787664524.478733, NoOp Chain Depth 128 Size 0 Mode ref, Ref Stage 47, run, end, 9783590316791895
1787664524.478744, NoOp Chain Depth 128 Size 0 Mode ref, Ref Stage 48, run, start, 9783590316803527
1787664524.478776, NoOp Chain Depth 128 Size 0 Mode ref, Ref Stage 48, run, end, 9783590316834935
1787664524.478790, NoOp Chain Depth 128 Size 0 Mode ref, Ref Stage 49, run, start, 9783590316849319
1787664524.478817, NoOp Chain Depth 128 Size 0 Mode ref, Ref Stage 49, run, end, 9783590316876791
1787664524.478829, NoOp Chain Depth 128 Size 0 Mode ref, Ref Stage 50, run, start, 9783590316888439
1787664524.478861, NoOp Chain Depth 128 Size 0 Mode ref, Ref Stage 50, run, end, 9783590316920551
1787664524.478876, NoOp Chain Depth 128 Size 0 Mode ref, Ref Stage 51, run, start, 9783590316935095
1787664524.478896, NoOp Chain Depth 128 Size 0 Mode ref, Ref Stage 51, run, end, 9783590316955655
1787664524.478911, NoOp Chain Depth 128 Size 0 Mode ref, Ref Stage 52, run, start, 9783590316970151
1787664524.478932, NoOp Chain Depth 128 Size 0 Mode ref, Ref Stage 52, run, end, 9783590316991111
1787664524.478948, NoOp Chain Depth 128 Size 0 Mode ref, Ref Stage 53, run, start, 9783590317006871
1787664524.478969, NoOp Chain Depth 128 Size 0 Mode ref, Ref Stage 53, run, end, 9783590317027911
1787664524.478984, NoOp Chain Depth 128 Size 0 Mode ref, Ref Stage 54, run, start, 9783590317043271
1787664524.479191, NoOp Chain Depth 128 Size 0 Mode ref, Ref Stage 54, run, end, 9783590317251319
1787664524.479323, NoOp Chain Depth 128 Size 0 Mode ref, Ref Stage 55, run, start, 9783590317382167
1787664524.479348, NoOp Chain Depth 128 Size 0 Mode ref, Ref Stage 55, run, end, 9783590317407511
1787664524.479360, NoOp Chain Depth 128 Size 0 Mode ref, Ref Stage 56, run, start, 9783590317419463
1787664524.479392, NoOp Chain Depth 128 Size 0 Mode ref, Ref Stage 56, run, end, 9783590317451143
1787664524.479406, NoOp Chain Depth 128 Size 0 Mode ref, Ref Stage 57, run, start, 9783590317465719
1787664524.479428, NoOp Chain Depth 128 Size 0 Mode ref, Ref Stage 57, run, end, 9783590317486887
1787664524.479443, NoOp Chain Depth 128 Size 0 Mode ref, Ref Stage 58, run, start, 9783590317502327
1787664524.479466, NoOp Chain Depth 128 Size 0 Mode ref, Ref Stage 58, run, end, 9783590317524807
1787664524.479477, NoOp Chain Depth 128 Size 0 Mode ref, Ref Stage 59, run, start, 9783590317536903
1787664524.479541, NoOp Chain Depth 128 Size 0 Mode ref, Ref Stage 59, run, end, 9783590317600023
1787664524.479557, NoOp Chain Depth 128 Size 0 Mode ref, Ref Stage 60, run, start, 9783590317616151
1787664524.479579, NoOp Chain Depth 128 Size 0 Mode ref, Ref Stage 60, run, end, 9783590317637911
1787664524.479593, NoOp Chain Depth 128 Size 0 Mode ref, Ref Stage 61, run, start, 9783590317652391
1787664524.479616, NoOp Chain Depth 128 Size 0 Mode ref, Ref Stage 61, run, end, 9783590317675527
1787664524.479631, NoOp Chain Depth 128 Size 0 Mode ref, Ref Stage 62, run, start, 9783590317690087
1787664524.479653, NoOp Chain Depth 128 Size 0 Mode ref, Ref Stage 62, run, end, 9783590317711863
1787664524.479667, NoOp Chain Depth 128 Size 0 Mode ref, Ref Stage 63, run, start, 9783590317726583
1787664524.479689, NoOp Chain Depth 128 Size 0 Mode ref, Ref Stage 63, run, end, 9783590317748407
1787664524.479704, NoOp Chain Depth 128 Size 0 Mode ref, Ref Stage 64, run, start, 9783590317762823
1787664524.479724, NoOp Chain Depth 128 Size 0 Mode ref, Ref Stage 64, run, end, 9783590317783591
1787664524.479739, NoOp Chain Depth 128 Size 0 Mode ref, Ref Stage 65, run, start, 9783590317798055
1787664524.479760, NoOp Chain Depth 128 Size 0 Mode ref, Ref Stage 65, run, end, 9783590317819639
1787664524.479775, NoOp Chain Depth 128 Size 0 Mode ref, Ref Stage 66, run, start, 9783590317834695
1787664524.479798, NoOp Chain Depth 128 Size 0 Mode ref, Ref Stage 66, run, end, 9783590317856902
1787664524.479809, NoOp Chain Depth 128 Size 0 Mode ref, Ref Stage 67, run, start, 9783590317868694
1787664524.479840, NoOp Chain Depth 128 Size 0 Mode ref, Ref Stage 67, run, end, 9783590317899318
1787664524.479854, NoOp Chain Depth 128 Size 0 Mode ref, Ref Stage 68, run, start, 9783590317913542
1787664524.479875, NoOp Chain Depth 128 Size 0 Mode ref, Ref Stage 68, run, end, 9783590317934198
1787664524.479889, NoOp Chain Depth 128 Size 0 Mode ref, Ref Stage 69, run, start, 9783590317948470
1787664524.479911, NoOp Chain Depth 128 Size 0 Mode ref, Ref Stage 69, run, end, 9783590317970470
1787664524.479925, NoOp Chain Depth 128 Size 0 Mode ref, Ref Stage 70, run, start, 9783590317984982
1787664524.479951, NoOp Chain Depth 128 Size 0 Mode ref, Ref Stage 70, run, end, 9783590318010582
1787664524.479967, NoOp Chain Depth 128 Size 0 Mode ref, Ref Stage 71, run, start, 9783590318026598
1787664524.479990, NoOp Chain Depth 128 Size 0 Mode ref, Ref Stage 71, run, end, 9783590318049062
1787664524.480001, NoOp Chain Depth 128 Size 0 Mode ref, Ref Stage 72, run, start, 9783590318060662
1787664524.480032, NoOp Chain Depth 128 Size 0 Mode ref, Ref Stage 72, run, end, 9783590318091174
1787664524.480048, NoOp Chain Depth 128 Size 0 Mode ref, Ref Stage 73, run, start, 9783590318107750
1787664524.480069, NoOp Chain Depth 128 Size 0 Mode ref, Ref Stage 73, run, end, 9783590318128502
1787664524.480084, NoOp Chain Depth 128 Size 0 Mode ref, Ref Stage 74, run, start, 9783590318143046
1787664524.480106, NoOp Chain Depth 128 Size 0 Mode ref, Ref Stage 74, run, end, 9783590318165126
1787664524.480514, NoOp Chain Depth 128 Size 0 Mode ref, Ref Stage 75, run, start, 9783590318573926
1787664524.480645, NoOp Chain Depth 128 Size 0 Mode ref, Ref Stage 75, run, end, 9783590318704662
1787664524.480661, NoOp Chain Depth 128 Size 0 Mode ref, Ref Stage 76, run, start, 9783590318720518
1787664524.480683, NoOp Chain Depth 128 Size 0 Mode ref, Ref Stage 76, run, end, 9783590318742294
1787664524.480698, NoOp Chain Depth 128 Size 0 Mode ref, Ref Stage 77, run, start, 9783590318757206
1787664524.480721, NoOp Chain Depth 128 Size 0 Mode ref, Ref Stage 77, run, end, 9783590318779958
1787664524.480732, NoOp Chain Depth 128 Size 0 Mode ref, Ref Stage 78, run, start, 9783590318791750
1787664524.480764, NoOp Chain Depth 128 Size 0 Mode ref, Ref Stage 78, run, end, 9783590318822838
1787664524.480778, NoOp Chain Depth 128 Size 0 Mode ref, Ref Stage 79, run, start, 9783590318837414
1787664524.480799, NoOp Chain Depth 128 Size 0 Mode ref, Ref Stage 79, run, end, 9783590318858438
1787664524.480814, NoOp Chain Depth 128 Size 0 Mode ref, Ref Stage 80, run, start, 9783590318873094
1787664524.480834, NoOp Chain Depth 128 Size 0 Mode ref, Ref Stage 80, run, end, 9783590318893766
1787664524.480850, NoOp Chain Depth 128 Size 0 Mode ref, Ref Stage 81, run, start, 9783590318909718
1787664524.480871, NoOp Chain Depth 128 Size 0 Mode ref, Ref Stage 81, run, end, 9783590318930374
1787664524.480887, NoOp Chain Depth 128 Size 0 Mode ref, Ref Stage 82, run, start, 9783590318946486
1787664524.480908, NoOp Chain Depth 128 Size 0 Mode ref, Ref Stage 82, run, end, 9783590318968166
1787664524.480923, NoOp Chain Depth 128 Size 0 Mode ref, Ref Stage 83, run, start, 9783590318982774
1787664524.480950, NoOp Chain Depth 128 Size 0 Mode ref, Ref Stage 83, run, end, 9783590319009478
1787664524.480966, NoOp Chain Depth 128 Size 0 Mode ref, Ref Stage 84, run, start, 9783590319025094
1787664524.480987, NoOp Chain Depth 128 Size 0 Mode ref, Ref Stage 84, run, end, 9783590319046054
1787664524.481001, NoOp Chain Depth 128 Size 0 Mode ref, Ref Stage 85, run, start, 9783590319060518
1787664524.481022, NoOp Chain Depth 128 Size 0 Mode ref, Ref Stage 85, run, end, 9783590319081270
1787664524.481037, NoOp Chain Depth 128 Size 0 Mode ref, Ref Stage 86, run, start, 9783590319095990
1787664524.481059, NoOp Chain Depth 128 Size 0 Mode ref, Ref Stage 86, run, end, 9783590319117862
1787664524.481073, NoOp Chain Depth 128 Size 0 Mode ref, Ref Stage 87, run, start, 9783590319132086
1787664524.481095, NoOp Chain Depth 128 Size 0 Mode ref, Ref Stage 87, run, end, 9783590319154374
1787664524.481110, NoOp Chain Depth 128 Size 0 Mode ref, Ref Stage 88, run, start, 9783590319168790
1787664524.481130, NoOp Chain Depth 128 Size 0 Mode ref, Ref Stage 88, run, end, 9783590319189366
1787664524.481146, NoOp Chain Depth 128 Size 0 Mode ref, Ref Stage 89, run, start, 9783590319204822
1787664524.481166, NoOp Chain Depth 128 Size 0 Mode ref, Ref Stage 89, run, end, 9783590319225366
1787664524.481180, NoOp Chain Depth 128 Size 0 Mode ref, Ref Stage 90, run, start, 9783590319239734
1787664524.481201, NoOp Chain Depth 128 Size 0 Mode ref, Ref Stage 90, run, end, 9783590319260390
1787664524.481216, NoOp Chain Depth 128 Size 0 Mode ref, Ref Stage 91, run, start, 9783590319275206
1787664524.481239, NoOp Chain Depth 128 Size 0 Mode ref, Ref Stage 91, run, end, 9783590319298326
1787664524.481253, NoOp Chain Depth 128 Size 0 Mode ref, Ref Stage 92, run, start, 9783590319312742
1787664524.481274, NoOp Chain Depth 128 Size 0 Mode ref, Ref Stage 92, run, end, 9783590319333334
1787664524.481289, NoOp Chain Depth 128 Size 0 Mode ref, Ref Stage 93, run, start, 9783590319347958
1787664524.481309, NoOp Chain Depth 128 Size 0 Mode ref, Ref Stage 93, run, end, 9783590319368694
1787664524.481324, NoOp Chain Depth 128 Size 0 Mode ref, Ref Stage 94, run, start, 9783590319383014
1787664524.481344, NoOp Chain Depth 128 Size 0 Mode ref, Ref Stage 94, run, end, 9783590319403750
1787664524.481359, NoOp Chain Depth 128 Size 0 Mode ref, Ref Stage 95, run, start, 9783590319417973
1787664524.481379, NoOp Chain Depth 128 Size 0 Mode ref, Ref Stage 95, run, end, 9783590319438533
1787664524.481395, NoOp Chain Depth 128 Size 0 Mode ref, Ref Stage 96, run, start, 9783590319454469
1787664524.481416, NoOp Chain Depth 128 Size 0 Mode ref, Ref Stage 96, run, end, 9783590319475397
1787664524.481432, NoOp Chain Depth 128 Size 0 Mode ref, Ref Stage 97, run, start, 9783590319491621
1787664524.481453, NoOp Chain Depth 128 Size 0 Mode ref, Ref Stage 97, run, end, 9783590319512613
1787664524.481468, NoOp Chain Depth 128 Size 0 Mode ref, Ref Stage 98, run, start, 9783590319527141
1787664524.481489, NoOp Chain Depth 128 Size 0 Mode ref, Ref Stage 98, run, end, 9783590319548213
1787664524.481504, NoOp Chain Depth 128 Size 0 Mode ref, Ref Stage 99, run, start, 9783590319563045
1787664524.481525, NoOp Chain Depth 128 Size 0 Mode ref, Ref Stage 99, run, end, 9783590319584277
1787664524.481540, NoOp Chain Depth 128 Size 0 Mode ref, Ref Stage 100, run, start, 9783590319599621
1787664524.481563, NoOp Chain Depth 128 Size 0 Mode ref, Ref Stage 100, run, end, 9783590319622469
1787664524.481579, NoOp Chain Depth 128 Size 0 Mode ref, Ref Stage 101, run, start, 9783590319638021
1787664524.481602, NoOp Chain Depth 128 Size 0 Mode ref, Ref Stage 101, run, end, 9783590319661157
1787664524.481614, NoOp Chain Depth 128 Size 0 Mode ref, Ref Stage 102, run, start, 9783590319673093
1787664524.481647, NoOp Chain Depth 128 Size 0 Mode ref, Ref Stage 102, run, end, 9783590319706373
1787664524.481659, NoOp Chain Depth 128 Size 0 Mode ref, Ref Stage 103, run, start, 9783590319718005
1787664524.481690, NoOp Chain Depth 128 Size 0 Mode ref, Ref Stage 103, run, end, 9783590319748821
1787664524.481705, NoOp Chain Depth 128 Size 0 Mode ref, Ref Stage 104, run, start, 9783590319764021
1787664524.481726, NoOp Chain Depth 128 Size 0 Mode ref, Ref Stage 104, run, end, 9783590319784869
1787664524.481740, NoOp Chain Depth 128 Size 0 Mode ref, Ref Stage 105, run, start, 9783590319799397
1787664524.481763, NoOp Chain Depth 128 Size 0 Mode ref, Ref Stage 105, run, end, 9783590319822261
1787664524.482108, NoOp Chain Depth 128 Size 0 Mode ref, Ref Stage 106, run, start, 9783590320168133
1787664524.482133, NoOp Chain Depth 128 Size 0 Mode ref, Ref Stage 106, run, end, 9783590320192245
1787664524.482249, NoOp Chain Depth 128 Size 0 Mode ref, Ref Stage 107, run, start, 9783590320308405
1787664524.482271, NoOp Chain Depth 128 Size 0 Mode ref, Ref Stage 107, run, end, 9783590320330629
1787664524.482286, NoOp Chain Depth 128 Size 0 Mode ref, Ref Stage 108, run, start, 9783590320345541
1787664524.482309, NoOp Chain Depth 128 Size 0 Mode ref, Ref Stage 108, run, end, 9783590320368261
1787664524.482321, NoOp Chain Depth 128 Size 0 Mode ref, Ref Stage 109, run, start, 9783590320380309
1787664524.482352, NoOp Chain Depth 128 Size 0 Mode ref, Ref Stage 109, run, end, 9783590320411381
1787664524.482367, NoOp Chain Depth 128 Size 0 Mode ref, Ref Stage 110, run, start, 9783590320425941
1787664524.482388, NoOp Chain Depth 128 Size 0 Mode ref, Ref Stage 110, run, end, 9783590320446773
1787664524.482403, NoOp Chain Depth 128 Size 0 Mode ref, Ref Stage 111, run, start, 9783590320461989
1787664524.482425, NoOp Chain Depth 128 Size 0 Mode ref, Ref Stage 111, run, end, 9783590320484485
1787664524.482437, NoOp Chain Depth 128 Size 0 Mode ref, Ref Stage 112, run, start, 9783590320496501
1787664524.482475, NoOp Chain Depth 128 Size 0 Mode ref, Ref Stage 112, run, end, 9783590320534405
1787664524.482490, NoOp Chain Depth 128 Size 0 Mode ref, Ref Stage 113, run, start, 9783590320548917
1787664524.482511, NoOp Chain Depth 128 Size 0 Mode ref, Ref Stage 113, run, end, 9783590320570565
1787664524.482526, NoOp Chain Depth 128 Size 0 Mode ref, Ref Stage 114, run, start, 9783590320585157
1787664524.482547, NoOp Chain Depth 128 Size 0 Mode ref, Ref Stage 114, run, end, 9783590320605861
1787664524.482561, NoOp Chain Depth 128 Size 0 Mode ref, Ref Stage 115, run, start, 9783590320620181
1787664524.482583, NoOp Chain Depth 128 Size 0 Mode ref, Ref Stage 115, run, end, 9783590320641829
1787664524.482597, NoOp Chain Depth 128 Size 0 Mode ref, Ref Stage 116, run, start, 9783590320656341
1787664524.482619, NoOp Chain Depth 128 Size 0 Mode ref, Ref Stage 116, run, end, 9783590320677909
1787664524.482633, NoOp Chain Depth 128 Size 0 Mode ref, Ref Stage 117, run, start, 9783590320692149
1787664524.482655, NoOp Chain Depth 128 Size 0 Mode ref, Ref Stage 117, run, end, 9783590320713941
1787664524.482670, NoOp Chain Depth 128 Size 0 Mode ref, Ref Stage 118, run, start, 9783590320729589
1787664524.482694, NoOp Chain Depth 128 Size 0 Mode ref, Ref Stage 118, run, end, 9783590320753093
1787664524.482705, NoOp Chain Depth 128 Size 0 Mode ref, Ref Stage 119, run, start, 9783590320764597
1787664524.482736, NoOp Chain Depth 128 Size 0 Mode ref, Ref Stage 119, run, end, 9783590320795205
1787664524.482750, NoOp Chain Depth 128 Size 0 Mode ref, Ref Stage 120, run, start, 9783590320809589
1787664524.482771, NoOp Chain Depth 128 Size 0 Mode ref, Ref Stage 120, run, end, 9783590320830085
1787664524.482786, NoOp Chain Depth 128 Size 0 Mode ref, Ref Stage 121, run, start, 9783590320845173
1787664524.482806, NoOp Chain Depth 128 Size 0 Mode ref, Ref Stage 121, run, end, 9783590320865829
1787664524.482821, NoOp Chain Depth 128 Size 0 Mode ref, Ref Stage 122, run, start, 9783590320880101
1787664524.483321, NoOp Chain Depth 128 Size 0 Mode ref, Ref Stage 122, run, end, 9783590321382100
1787664524.483449, NoOp Chain Depth 128 Size 0 Mode ref, Ref Stage 123, run, start, 9783590321508532
1787664524.483475, NoOp Chain Depth 128 Size 0 Mode ref, Ref Stage 123, run, end, 9783590321534548
1787664524.483488, NoOp Chain Depth 128 Size 0 Mode ref, Ref Stage 124, run, start, 9783590321546724
1787664524.483519, NoOp Chain Depth 128 Size 0 Mode ref, Ref Stage 124, run, end, 9783590321578436
1787664524.483534, NoOp Chain Depth 128 Size 0 Mode ref, Ref Stage 125, run, start, 9783590321593236
1787664524.483555, NoOp Chain Depth 128 Size 0 Mode ref, Ref Stage 125, run, end, 9783590321614292
1787664524.483570, NoOp Chain Depth 128 Size 0 Mode ref, Ref Stage 126, run, start, 9783590321628964
1787664524.483590, NoOp Chain Depth 128 Size 0 Mode ref, Ref Stage 126, run, end, 9783590321649556
1787664524.483605, NoOp Chain Depth 128 Size 0 Mode ref, Ref Stage 127, run, start, 9783590321664068
1787664524.483626, NoOp Chain Depth 128 Size 0 Mode ref, Ref Stage 127, run, end, 9783590321684884
1787664524.483641, NoOp Chain Depth 128 Size 0 Mode ref, pipeline - train, run, end, 310514026720525282879770933322321170948, 1787664524.474379, 96, 1, 9783590321700772
1787664524.483680, NoOp Chain Depth 128 Size 0 Mode ref, pipeline - train, run, start, 51901890554220462192505084337539407736, 1787664524.483669, 97, 1, 9783590321739796
1787664524.483703, NoOp Chain Depth 128 Size 0 Mode ref, Ref Stage 0, run, start, 9783590321762548
1787664524.483725, NoOp Chain Depth 128 Size 0 Mode ref, Ref Stage 0, run, end, 9783590321784084
1787664524.483739, NoOp Chain Depth 128 Size 0 Mode ref, Ref Stage 1, run, start, 9783590321798740
1787664524.483760, NoOp Chain Depth 128 Size 0 Mode ref, Ref Stage 1, run, end, 9783590321819716
1787664524.483775, NoOp Chain Depth 128 Size 0 Mode ref, Ref Stage 2, run, start, 9783590321834340
1787664524.483796, NoOp Chain Depth 128 Size 0 Mode ref, Ref Stage 2, run, end, 9783590321855236
1787664524.483812, NoOp Chain Depth 128 Size 0 Mode ref, Ref Stage 3, run, start, 9783590321871748
1787664524.483833, NoOp Chain Depth 128 Size 0 Mode ref, Ref Stage 3, run, end, 9783590321892596
1787664524.483849, NoOp Chain Depth 128 Size 0 Mode ref, Ref Stage 4, run, start, 9783590321908340
1787664524.483870, NoOp Chain Depth 128 Size 0 Mode ref, Ref Stage 4, run, end, 9783590321929620
1787664524.483887, NoOp Chain Depth 128 Size 0 Mode ref, Ref Stage 5, run, start, 9783590321946228
1787664524.483908, NoOp Chain Depth 128 Size 0 Mode ref, Ref Stage 5, run, end, 9783590321966900
1787664524.483923, NoOp Chain Depth 128 Size 0 Mode ref, Ref Stage 6, run, start, 9783590321982180
1787664524.483947, NoOp Chain Depth 128 Size 0 Mode ref, Ref Stage 6, run, end, 9783590322005908
1787664524.483962, NoOp Chain Depth 128 Size 0 Mode ref, Ref Stage 7, run, start, 9783590322020900
1787664524.483983, NoOp Chain Depth 128 Size 0 Mode ref, Ref Stage 7, run, end, 9783590322042068
1787664524.483997, NoOp Chain Depth 128 Size 0 Mode ref, Ref Stage 8, run, start, 9783590322056276
1787664524.484018, NoOp Chain Depth 128 Size 0 Mode ref, Ref Stage 8, run, end, 9783590322077172
1787664524.484032, NoOp Chain Depth 128 Size 0 Mode ref, Ref Stage 9, run, start, 9783590322091284
1787664524.484054, NoOp Chain Depth 128 Size 0 Mode ref, Ref Stage 9, run, end, 9783590322112868
1787664524.484068, NoOp Chain Depth 128 Size 0 Mode ref, Ref Stage 10, run, start, 9783590322127140
1787664524.484089, NoOp Chain Depth 128 Size 0 Mode ref, Ref Stage 10, run, end, 9783590322148020
1787664524.484103, NoOp Chain Depth 128 Size 0 Mode ref, Ref Stage 11, run, start, 9783590322162292
1787664524.484125, NoOp Chain Depth 128 Size 0 Mode ref, Ref Stage 11, run, end, 9783590322184500
1787664524.484137, NoOp Chain Depth 128 Size 0 Mode ref, Ref Stage 12, run, start, 9783590322196244
1787664524.484168, NoOp Chain Depth 128 Size 0 Mode ref, Ref Stage 12, run, end, 9783590322227188
1787664524.484182, NoOp Chain Depth 128 Size 0 Mode ref, Ref Stage 13, run, start, 9783590322241540
1787664524.484203, NoOp Chain Depth 128 Size 0 Mode ref, Ref Stage 13, run, end, 9783590322262244
1787664524.484217, NoOp Chain Depth 128 Size 0 Mode ref, Ref Stage 14, run, start, 9783590322276580
1787664524.484239, NoOp Chain Depth 128 Size 0 Mode ref, Ref Stage 14, run, end, 9783590322297940
1787664524.484253, NoOp Chain Depth 128 Size 0 Mode ref, Ref Stage 15, run, start, 9783590322312404
1787664524.484274, NoOp Chain Depth 128 Size 0 Mode ref, Ref Stage 15, run, end, 9783590322332948
1787664524.484288, NoOp Chain Depth 128 Size 0 Mode ref, Ref Stage 16, run, start, 9783590322347364
1787664524.484309, NoOp Chain Depth 128 Size 0 Mode ref, Ref Stage 16, run, end, 9783590322368788
1787664524.484324, NoOp Chain Depth 128 Size 0 Mode ref, Ref Stage 17, run, start, 9783590322383092
1787664524.484344, NoOp Chain Depth 128 Size 0 Mode ref, Ref Stage 17, run, end, 9783590322403732
1787664524.484359, NoOp Chain Depth 128 Size 0 Mode ref, Ref Stage 18, run, start, 9783590322418068
1787664524.484379, NoOp Chain Depth 128 Size 0 Mode ref, Ref Stage 18, run, end, 9783590322438532
1787664524.484394, NoOp Chain Depth 128 Size 0 Mode ref, Ref Stage 19, run, start, 9783590322453075
1787664524.484420, NoOp Chain Depth 128 Size 0 Mode ref, Ref Stage 19, run, end, 9783590322479187
1787664524.484433, NoOp Chain Depth 128 Size 0 Mode ref, Ref Stage 20, run, start, 9783590322492995
1787664524.484466, NoOp Chain Depth 128 Size 0 Mode ref, Ref Stage 20, run, end, 9783590322525555
1787664524.484478, NoOp Chain Depth 128 Size 0 Mode ref, Ref Stage 21, run, start, 9783590322537235
1787664524.484509, NoOp Chain Depth 128 Size 0 Mode ref, Ref Stage 21, run, end, 9783590322568003
1787664524.484523, NoOp Chain Depth 128 Size 0 Mode ref, Ref Stage 22, run, start, 9783590322582371
1787664524.484544, NoOp Chain Depth 128 Size 0 Mode ref, Ref Stage 22, run, end, 9783590322602963
1787664524.484558, NoOp Chain Depth 128 Size 0 Mode ref, Ref Stage 23, run, start, 9783590322617523
1787664524.484581, NoOp Chain Depth 128 Size 0 Mode ref, Ref Stage 23, run, end, 9783590322639779
1787664524.484595, NoOp Chain Depth 128 Size 0 Mode ref, Ref Stage 24, run, start, 9783590322654291
1787664524.484615, NoOp Chain Depth 128 Size 0 Mode ref, Ref Stage 24, run, end, 9783590322674691
1787664524.484630, NoOp Chain Depth 128 Size 0 Mode ref, Ref Stage 25, run, start, 9783590322689059
1787664524.484651, NoOp Chain Depth 128 Size 0 Mode ref, Ref Stage 25, run, end, 9783590322710403
1787664524.484666, NoOp Chain Depth 128 Size 0 Mode ref, Ref Stage 26, run, start, 9783590322725475
1787664524.484689, NoOp Chain Depth 128 Size 0 Mode ref, Ref Stage 26, run, end, 9783590322747779
1787664524.484700, NoOp Chain Depth 128 Size 0 Mode ref, Ref Stage 27, run, start, 9783590322759411
1787664524.484731, NoOp Chain Depth 128 Size 0 Mode ref, Ref Stage 27, run, end, 9783590322789971
1787664524.484745, NoOp Chain Depth 128 Size 0 Mode ref, Ref Stage 28, run, start, 9783590322804323
1787664524.484768, NoOp Chain Depth 128 Size 0 Mode ref, Ref Stage 28, run, end, 9783590322826899
1787664524.484782, NoOp Chain Depth 128 Size 0 Mode ref, Ref Stage 29, run, start, 9783590322841139
1787664524.484803, NoOp Chain Depth 128 Size 0 Mode ref, Ref Stage 29, run, end, 9783590322861923
1787664524.484817, NoOp Chain Depth 128 Size 0 Mode ref, Ref Stage 30, run, start, 9783590322876275
1787664524.484839, NoOp Chain Depth 128 Size 0 Mode ref, Ref Stage 30, run, end, 9783590322897779
1787664524.484853, NoOp Chain Depth 128 Size 0 Mode ref, Ref Stage 31, run, start, 9783590322912147
1787664524.484874, NoOp Chain Depth 128 Size 0 Mode ref, Ref Stage 31, run, end, 9783590322932915
1787664524.484888, NoOp Chain Depth 128 Size 0 Mode ref, Ref Stage 32, run, start, 9783590322947331
1787664524.484910, NoOp Chain Depth 128 Size 0 Mode ref, Ref Stage 32, run, end, 9783590322968787
1787664524.484924, NoOp Chain Depth 128 Size 0 Mode ref, Ref Stage 33, run, start, 9783590322983027
1787664524.484947, NoOp Chain Depth 128 Size 0 Mode ref, Ref Stage 33, run, end, 9783590323006419
1787664524.484962, NoOp Chain Depth 128 Size 0 Mode ref, Ref Stage 34, run, start, 9783590323021555
1787664524.484987, NoOp Chain Depth 128 Size 0 Mode ref, Ref Stage 34, run, end, 9783590323046051
1787664524.485001, NoOp Chain Depth 128 Size 0 Mode ref, Ref Stage 35, run, start, 9783590323060451
1787664524.485022, NoOp Chain Depth 128 Size 0 Mode ref, Ref Stage 35, run, end, 9783590323081123
1787664524.485037, NoOp Chain Depth 128 Size 0 Mode ref, Ref Stage 36, run, start, 9783590323096803
1787664524.485059, NoOp Chain Depth 128 Size 0 Mode ref, Ref Stage 36, run, end, 9783590323117779
1787664524.485074, NoOp Chain Depth 128 Size 0 Mode ref, Ref Stage 37, run, start, 9783590323133043
1787664524.485095, NoOp Chain Depth 128 Size 0 Mode ref, Ref Stage 37, run, end, 9783590323154067
1787664524.485109, NoOp Chain Depth 128 Size 0 Mode ref, Ref Stage 38, run, start, 9783590323168307
1787664524.485130, NoOp Chain Depth 128 Size 0 Mode ref, Ref Stage 38, run, end, 9783590323188899
1787664524.485144, NoOp Chain Depth 128 Size 0 Mode ref, Ref Stage 39, run, start, 9783590323203203
1787664524.485164, NoOp Chain Depth 128 Size 0 Mode ref, Ref Stage 39, run, end, 9783590323223603
1787664524.485180, NoOp Chain Depth 128 Size 0 Mode ref, Ref Stage 40, run, start, 9783590323238995
1787664524.485200, NoOp Chain Depth 128 Size 0 Mode ref, Ref Stage 40, run, end, 9783590323259555
1787664524.485215, NoOp Chain Depth 128 Size 0 Mode ref, Ref Stage 41, run, start, 9783590323273955
1787664524.485236, NoOp Chain Depth 128 Size 0 Mode ref, Ref Stage 41, run, end, 9783590323295395
1787664524.485250, NoOp Chain Depth 128 Size 0 Mode ref, Ref Stage 42, run, start, 9783590323309811
1787664524.485271, NoOp Chain Depth 128 Size 0 Mode ref, Ref Stage 42, run, end, 9783590323330307
1787664524.485285, NoOp Chain Depth 128 Size 0 Mode ref, Ref Stage 43, run, start, 9783590323344707
1787664524.485306, NoOp Chain Depth 128 Size 0 Mode ref, Ref Stage 43, run, end, 9783590323365187
1787664524.485320, NoOp Chain Depth 128 Size 0 Mode ref, Ref Stage 44, run, start, 9783590323379587
1787664524.485343, NoOp Chain Depth 128 Size 0 Mode ref, Ref Stage 44, run, end, 9783590323401667
1787664524.485357, NoOp Chain Depth 128 Size 0 Mode ref, Ref Stage 45, run, start, 9783590323416643
1787664524.485379, NoOp Chain Depth 128 Size 0 Mode ref, Ref Stage 45, run, end, 9783590323438003
1787664524.485393, NoOp Chain Depth 128 Size 0 Mode ref, Ref Stage 46, run, start, 9783590323452291
1787664524.485415, NoOp Chain Depth 128 Size 0 Mode ref, Ref Stage 46, run, end, 9783590323473827
1787664524.485430, NoOp Chain Depth 128 Size 0 Mode ref, Ref Stage 47, run, start, 9783590323489395
1787664524.487955, NoOp Chain Depth 128 Size 0 Mode ref, Ref Stage 47, run, end, 9783590326015505
1787664524.488655, NoOp Chain Depth 128 Size 0 Mode ref, Ref Stage 48, run, start, 9783590326714817
1787664524.488682, NoOp Chain Depth 128 Size 0 Mode ref, Ref Stage 48, run, end, 9783590326741233
1787664524.488698, NoOp Chain Depth 128 Size 0 Mode ref, Ref Stage 49, run, start, 9783590326757105
1787664524.488720, NoOp Chain Depth 128 Size 0 Mode ref, Ref Stage 49, run, end, 9783590326779025
1787664524.488734, NoOp Chain Depth 128 Size 0 Mode ref, Ref Stage 50, run, start, 9783590326793617
1787664524.488755, NoOp Chain Depth 128 Size 0 Mode ref, Ref Stage 50, run, end, 9783590326814817
1787664524.488770, NoOp Chain Depth 128 Size 0 Mode ref, Ref Stage 51, run, start, 9783590326829409
1787664524.488791, NoOp Chain Depth 128 Size 0 Mode ref, Ref Stage 51, run, end, 9783590326850753
1787664524.488806, NoOp Chain Depth 128 Size 0 Mode ref, Ref Stage 52, run, start, 9783590326865649
1787664524.488828, NoOp Chain Depth 128 Size 0 Mode ref, Ref Stage 52, run, end, 9783590326887057
1787664524.488842, NoOp Chain Depth 128 Size 0 Mode ref, Ref Stage 53, run, start, 9783590326901777
1787664524.488864, NoOp Chain Depth 128 Size 0 Mode ref, Ref Stage 53, run, end, 9783590326923153
1787664524.488878, NoOp Chain Depth 128 Size 0 Mode ref, Ref Stage 54, run, start, 9783590326937921
1787664524.488899, NoOp Chain Depth 128 Size 0 Mode ref, Ref Stage 54, run, end, 9783590326958673
1787664524.488914, NoOp Chain Depth 128 Size 0 Mode ref, Ref Stage 55, run, start, 9783590326973217
1787664524.488937, NoOp Chain Depth 128 Size 0 Mode ref, Ref Stage 55, run, end, 9783590326996129
1787664524.488950, NoOp Chain Depth 128 Size 0 Mode ref, Ref Stage 56, run, start, 9783590327010001
1787664524.488982, NoOp Chain Depth 128 Size 0 Mode ref, Ref Stage 56, run, end, 9783590327041745
1787664524.488997, NoOp Chain Depth 128 Size 0 Mode ref, Ref Stage 57, run, start, 9783590327056289
1787664524.489018, NoOp Chain Depth 128 Size 0 Mode ref, Ref Stage 57, run, end, 9783590327077232
1787664524.489033, NoOp Chain Depth 128 Size 0 Mode ref, Ref Stage 58, run, start, 9783590327092416
1787664524.489054, NoOp Chain Depth 128 Size 0 Mode ref, Ref Stage 58, run, end, 9783590327113344
1787664524.489069, NoOp Chain Depth 128 Size 0 Mode ref, Ref Stage 59, run, start, 9783590327127952
1787664524.489091, NoOp Chain Depth 128 Size 0 Mode ref, Ref Stage 59, run, end, 9783590327150208
1787664524.489103, NoOp Chain Depth 128 Size 0 Mode ref, Ref Stage 60, run, start, 9783590327161936
1787664524.489133, NoOp Chain Depth 128 Size 0 Mode ref, Ref Stage 60, run, end, 9783590327192448
1787664524.489148, NoOp Chain Depth 128 Size 0 Mode ref, Ref Stage 61, run, start, 9783590327207184
1787664524.489169, NoOp Chain Depth 128 Size 0 Mode ref, Ref Stage 61, run, end, 9783590327228048
1787664524.489183, NoOp Chain Depth 128 Size 0 Mode ref, Ref Stage 62, run, start, 9783590327242496
1787664524.489204, NoOp Chain Depth 128 Size 0 Mode ref, Ref Stage 62, run, end, 9783590327263312
1787664524.489218, NoOp Chain Depth 128 Size 0 Mode ref, Ref Stage 63, run, start, 9783590327277712
1787664524.489239, NoOp Chain Depth 128 Size 0 Mode ref, Ref Stage 63, run, end, 9783590327298736
1787664524.489254, NoOp Chain Depth 128 Size 0 Mode ref, Ref Stage 64, run, start, 9783590327313168
1787664524.489275, NoOp Chain Depth 128 Size 0 Mode ref, Ref Stage 64, run, end, 9783590327334336
1787664524.489292, NoOp Chain Depth 128 Size 0 Mode ref, Ref Stage 65, run, start, 9783590327351664
1787664524.489313, NoOp Chain Depth 128 Size 0 Mode ref, Ref Stage 65, run, end, 9783590327372400
1787664524.489327, NoOp Chain Depth 128 Size 0 Mode ref, Ref Stage 66, run, start, 9783590327386656
1787664524.489348, NoOp Chain Depth 128 Size 0 Mode ref, Ref Stage 66, run, end, 9783590327407632
1787664524.489363, NoOp Chain Depth 128 Size 0 Mode ref, Ref Stage 67, run, start, 9783590327422000
1787664524.489383, NoOp Chain Depth 128 Size 0 Mode ref, Ref Stage 67, run, end, 9783590327442544
1787664524.489398, NoOp Chain Depth 128 Size 0 Mode ref, Ref Stage 68, run, start, 9783590327456848
1787664524.489418, NoOp Chain Depth 128 Size 0 Mode ref, Ref Stage 68, run, end, 9783590327477472
1787664524.489433, NoOp Chain Depth 128 Size 0 Mode ref, Ref Stage 69, run, start, 9783590327492528
1787664524.489454, NoOp Chain Depth 128 Size 0 Mode ref, Ref Stage 69, run, end, 9783590327513440
1787664524.489468, NoOp Chain Depth 128 Size 0 Mode ref, Ref Stage 70, run, start, 9783590327527840
1787664524.489489, NoOp Chain Depth 128 Size 0 Mode ref, Ref Stage 70, run, end, 9783590327548672
1787664524.489504, NoOp Chain Depth 128 Size 0 Mode ref, Ref Stage 71, run, start, 9783590327562992
1787664524.489526, NoOp Chain Depth 128 Size 0 Mode ref, Ref Stage 71, run, end, 9783590327585328
1787664524.489538, NoOp Chain Depth 128 Size 0 Mode ref, Ref Stage 72, run, start, 9783590327596960
1787664524.489569, NoOp Chain Depth 128 Size 0 Mode ref, Ref Stage 72, run, end, 9783590327627904
1787664524.489583, NoOp Chain Depth 128 Size 0 Mode ref, Ref Stage 73, run, start, 9783590327642240
1787664524.489606, NoOp Chain Depth 128 Size 0 Mode ref, Ref Stage 73, run, end, 9783590327665328
1787664524.489783, NoOp Chain Depth 128 Size 0 Mode ref, Ref Stage 74, run, start, 9783590327843008
1787664524.489921, NoOp Chain Depth 128 Size 0 Mode ref, Ref Stage 74, run, end, 9783590327980944
1787664524.489937, NoOp Chain Depth 128 Size 0 Mode ref, Ref Stage 75, run, start, 9783590327996096
1787664524.489960, NoOp Chain Depth 128 Size 0 Mode ref, Ref Stage 75, run, end, 9783590328019264
1787664524.489976, NoOp Chain Depth 128 Size 0 Mode ref, Ref Stage 76, run, start, 9783590328035616
1787664524.489997, NoOp Chain Depth 128 Size 0 Mode ref, Ref Stage 76, run, end, 9783590328056464
1787664524.490012, NoOp Chain Depth 128 Size 0 Mode ref, Ref Stage 77, run, start, 9783590328070992
1787664524.490034, NoOp Chain Depth 128 Size 0 Mode ref, Ref Stage 77, run, end, 9783590328093536
1787664524.490046, NoOp Chain Depth 128 Size 0 Mode ref, Ref Stage 78, run, start, 9783590328105376
1787664524.490078, NoOp Chain Depth 128 Size 0 Mode ref, Ref Stage 78, run, end, 9783590328137776
1787664524.490090, NoOp Chain Depth 128 Size 0 Mode ref, Ref Stage 79, run, start, 9783590328149488
1787664524.490121, NoOp Chain Depth 128 Size 0 Mode ref, Ref Stage 79, run, end, 9783590328180528
1787664524.490136, NoOp Chain Depth 128 Size 0 Mode ref, Ref Stage 80, run, start, 9783590328194912
1787664524.490157, NoOp Chain Depth 128 Size 0 Mode ref, Ref Stage 80, run, end, 9783590328215600
1787664524.490170, NoOp Chain Depth 128 Size 0 Mode ref, Ref Stage 81, run, start, 9783590328229552
1787664524.490191, NoOp Chain Depth 128 Size 0 Mode ref, Ref Stage 81, run, end, 9783590328250256
1787664524.490206, NoOp Chain Depth 128 Size 0 Mode ref, Ref Stage 82, run, start, 9783590328264640
1787664524.490226, NoOp Chain Depth 128 Size 0 Mode ref, Ref Stage 82, run, end, 9783590328284960
1787664524.490240, NoOp Chain Depth 128 Size 0 Mode ref, Ref Stage 83, run, start, 9783590328299104
1787664524.490260, NoOp Chain Depth 128 Size 0 Mode ref, Ref Stage 83, run, end, 9783590328319600
1787664524.490275, NoOp Chain Depth 128 Size 0 Mode ref, Ref Stage 84, run, start, 9783590328334784
1787664524.490296, NoOp Chain Depth 128 Size 0 Mode ref, Ref Stage 84, run, end, 9783590328355424
1787664524.490310, NoOp Chain Depth 128 Size 0 Mode ref, Ref Stage 85, run, start, 9783590328369584
1787664524.490335, NoOp Chain Depth 128 Size 0 Mode ref, Ref Stage 85, run, end, 9783590328394064
1787664524.490346, NoOp Chain Depth 128 Size 0 Mode ref, Ref Stage 86, run, start, 9783590328405824
1787664524.490377, NoOp Chain Depth 128 Size 0 Mode ref, Ref Stage 86, run, end, 9783590328436080
1787664524.490391, NoOp Chain Depth 128 Size 0 Mode ref, Ref Stage 87, run, start, 9783590328450272
1787664524.490412, NoOp Chain Depth 128 Size 0 Mode ref, Ref Stage 87, run, end, 9783590328470959
1787664524.490426, NoOp Chain Depth 128 Size 0 Mode ref, Ref Stage 88, run, start, 9783590328485663
1787664524.490450, NoOp Chain Depth 128 Size 0 Mode ref, Ref Stage 88, run, end, 9783590328509071
1787664524.490464, NoOp Chain Depth 128 Size 0 Mode ref, Ref Stage 89, run, start, 9783590328523519
1787664524.490486, NoOp Chain Depth 128 Size 0 Mode ref, Ref Stage 89, run, end, 9783590328545215
1787664524.490500, NoOp Chain Depth 128 Size 0 Mode ref, Ref Stage 90, run, start, 9783590328559359
1787664524.490521, NoOp Chain Depth 128 Size 0 Mode ref, Ref Stage 90, run, end, 9783590328580191
1787664524.490536, NoOp Chain Depth 128 Size 0 Mode ref, Ref Stage 91, run, start, 9783590328595327
1787664524.490558, NoOp Chain Depth 128 Size 0 Mode ref, Ref Stage 91, run, end, 9783590328617407
1787664524.490574, NoOp Chain Depth 128 Size 0 Mode ref, Ref Stage 92, run, start, 9783590328633295
1787664524.490596, NoOp Chain Depth 128 Size 0 Mode ref, Ref Stage 92, run, end, 9783590328655231
1787664524.490608, NoOp Chain Depth 128 Size 0 Mode ref, Ref Stage 93, run, start, 9783590328666799
1787664524.490641, NoOp Chain Depth 128 Size 0 Mode ref, Ref Stage 93, run, end, 9783590328699871
1787664524.490652, NoOp Chain Depth 128 Size 0 Mode ref, Ref Stage 94, run, start, 9783590328711327
1787664524.490683, NoOp Chain Depth 128 Size 0 Mode ref, Ref Stage 94, run, end, 9783590328741935
1787664524.490697, NoOp Chain Depth 128 Size 0 Mode ref, Ref Stage 95, run, start, 9783590328756255
1787664524.490717, NoOp Chain Depth 128 Size 0 Mode ref, Ref Stage 95, run, end, 9783590328776703
1787664524.490732, NoOp Chain Depth 128 Size 0 Mode ref, Ref Stage 96, run, start, 9783590328790943
1787664524.490752, NoOp Chain Depth 128 Size 0 Mode ref, Ref Stage 96, run, end, 9783590328811199
1787664524.490766, NoOp Chain Depth 128 Size 0 Mode ref, Ref Stage 97, run, start, 9783590328825695
1787664524.490788, NoOp Chain Depth 128 Size 0 Mode ref, Ref Stage 97, run, end, 9783590328846639
1787664524.490802, NoOp Chain Depth 128 Size 0 Mode ref, Ref Stage 98, run, start, 9783590328861103
1787664524.490822, NoOp Chain Depth 128 Size 0 Mode ref, Ref Stage 98, run, end, 9783590328881583
1787664524.490838, NoOp Chain Depth 128 Size 0 Mode ref, Ref Stage 99, run, start, 9783590328896687
1787664524.490859, NoOp Chain Depth 128 Size 0 Mode ref, Ref Stage 99, run, end, 9783590328918607
1787664524.490874, NoOp Chain Depth 128 Size 0 Mode ref, Ref Stage 100, run, start, 9783590328933615
1787664524.490898, NoOp Chain Depth 128 Size 0 Mode ref, Ref Stage 100, run, end, 9783590328956751
1787664524.490912, NoOp Chain Depth 128 Size 0 Mode ref, Ref Stage 101, run, start, 9783590328971055
1787664524.490933, NoOp Chain Depth 128 Size 0 Mode ref, Ref Stage 101, run, end, 9783590328992735
1787664524.490949, NoOp Chain Depth 128 Size 0 Mode ref, Ref Stage 102, run, start, 9783590329008751
1787664524.491275, NoOp Chain Depth 128 Size 0 Mode ref, Ref Stage 102, run, end, 9783590329335183
1787664524.491396, NoOp Chain Depth 128 Size 0 Mode ref, Ref Stage 103, run, start, 9783590329455903
1787664524.491419, NoOp Chain Depth 128 Size 0 Mode ref, Ref Stage 103, run, end, 9783590329478783
1787664524.491434, NoOp Chain Depth 128 Size 0 Mode ref, Ref Stage 104, run, start, 9783590329493583
1787664524.491457, NoOp Chain Depth 128 Size 0 Mode ref, Ref Stage 104, run, end, 9783590329516351
1787664524.491469, NoOp Chain Depth 128 Size 0 Mode ref, Ref Stage 105, run, start, 9783590329528159
1787664524.491500, NoOp Chain Depth 128 Size 0 Mode ref, Ref Stage 105, run, end, 9783590329559039
1787664524.491515, NoOp Chain Depth 128 Size 0 Mode ref, Ref Stage 106, run, start, 9783590329574271
1787664524.491539, NoOp Chain Depth 128 Size 0 Mode ref, Ref Stage 106, run, end, 9783590329598431
1787664524.491551, NoOp Chain Depth 128 Size 0 Mode ref, Ref Stage 107, run, start, 9783590329610127
1787664524.491582, NoOp Chain Depth 128 Size 0 Mode ref, Ref Stage 107, run, end, 9783590329641151
1787664524.491596, NoOp Chain Depth 128 Size 0 Mode ref, Ref Stage 108, run, start, 9783590329655727
1787664524.491617, NoOp Chain Depth 128 Size 0 Mode ref, Ref Stage 108, run, end, 9783590329676543
1787664524.491632, NoOp Chain Depth 128 Size 0 Mode ref, Ref Stage 109, run, start, 9783590329691007
1787664524.491653, NoOp Chain Depth 128 Size 0 Mode ref, Ref Stage 109, run, end, 9783590329711839
1787664524.491667, NoOp Chain Depth 128 Size 0 Mode ref, Ref Stage 110, run, start, 9783590329726223
1787664524.491688, NoOp Chain Depth 128 Size 0 Mode ref, Ref Stage 110, run, end, 9783590329746767
1787664524.491703, NoOp Chain Depth 128 Size 0 Mode ref, Ref Stage 111, run, start, 9783590329761935
1787664524.491725, NoOp Chain Depth 128 Size 0 Mode ref, Ref Stage 111, run, end, 9783590329783999
1787664524.491736, NoOp Chain Depth 128 Size 0 Mode ref, Ref Stage 112, run, start, 9783590329795503
1787664524.491767, NoOp Chain Depth 128 Size 0 Mode ref, Ref Stage 112, run, end, 9783590329826655
1787664524.491782, NoOp Chain Depth 128 Size 0 Mode ref, Ref Stage 113, run, start, 9783590329840991
1787664524.491803, NoOp Chain Depth 128 Size 0 Mode ref, Ref Stage 113, run, end, 9783590329861903
1787664524.491817, NoOp Chain Depth 128 Size 0 Mode ref, Ref Stage 114, run, start, 9783590329876751
1787664524.491838, NoOp Chain Depth 128 Size 0 Mode ref, Ref Stage 114, run, end, 9783590329897759
1787664524.491853, NoOp Chain Depth 128 Size 0 Mode ref, Ref Stage 115, run, start, 9783590329912223
1787664524.491876, NoOp Chain Depth 128 Size 0 Mode ref, Ref Stage 115, run, end, 9783590329934975
1787664524.491890, NoOp Chain Depth 128 Size 0 Mode ref, Ref Stage 116, run, start, 9783590329949615
1787664524.491911, NoOp Chain Depth 128 Size 0 Mode ref, Ref Stage 116, run, end, 9783590329970783
1787664524.491926, NoOp Chain Depth 128 Size 0 Mode ref, Ref Stage 117, run, start, 9783590329985231
1787664524.491950, NoOp Chain Depth 128 Size 0 Mode ref, Ref Stage 117, run, end, 9783590330008879
1787664524.491966, NoOp Chain Depth 128 Size 0 Mode ref, Ref Stage 118, run, start, 9783590330024943
1787664524.492497, NoOp Chain Depth 128 Size 0 Mode ref, Ref Stage 118, run, end, 9783590330558206
1787664524.492630, NoOp Chain Depth 128 Size 0 Mode ref, Ref Stage 119, run, start, 9783590330689790
1787664524.492655, NoOp Chain Depth 128 Size 0 Mode ref, Ref Stage 119, run, end, 9783590330714526
1787664524.492670, NoOp Chain Depth 128 Size 0 Mode ref, Ref Stage 120, run, start, 9783590330729518
1787664524.492692, NoOp Chain Depth 128 Size 0 Mode ref, Ref Stage 120, run, end, 9783590330750638
1787664524.492706, NoOp Chain Depth 128 Size 0 Mode ref, Ref Stage 121, run, start, 9783590330765262
1787664524.492729, NoOp Chain Depth 128 Size 0 Mode ref, Ref Stage 121, run, end, 9783590330788382
1787664524.492741, NoOp Chain Depth 128 Size 0 Mode ref, Ref Stage 122, run, start, 9783590330800014
1787664524.492771, NoOp Chain Depth 128 Size 0 Mode ref, Ref Stage 122, run, end, 9783590330830622
1787664524.492786, NoOp Chain Depth 128 Size 0 Mode ref, Ref Stage 123, run, start, 9783590330845166
1787664524.492807, NoOp Chain Depth 128 Size 0 Mode ref, Ref Stage 123, run, end, 9783590330866030
1787664524.492821, NoOp Chain Depth 128 Size 0 Mode ref, Ref Stage 124, run, start, 9783590330880622
1787664524.492842, NoOp Chain Depth 128 Size 0 Mode ref, Ref Stage 124, run, end, 9783590330901470
1787664524.492857, NoOp Chain Depth 128 Size 0 Mode ref, Ref Stage 125, run, start, 9783590330915870
1787664524.492877, NoOp Chain Depth 128 Size 0 Mode ref, Ref Stage 125, run, end, 9783590330936782
1787664524.492893, NoOp Chain Depth 128 Size 0 Mode ref, Ref Stage 126, run, start, 9783590330952270
1787664524.492921, NoOp Chain Depth 128 Size 0 Mode ref, Ref Stage 126, run, end, 9783590330981070
1787664524.492937, NoOp Chain Depth 128 Size 0 Mode ref, Ref Stage 127, run, start, 9783590330995934
1787664524.492960, NoOp Chain Depth 128 Size 0 Mode ref, Ref Stage 127, run, end, 9783590331019118
1787664524.492976, NoOp Chain Depth 128 Size 0 Mode ref, pipeline - train, run, end, 51901890554220462192505084337539407736, 1787664524.483669, 97, 1, 9783590331035102
1787664524.493014, NoOp Chain Depth 128 Size 0 Mode ref, pipeline - train, run, start, 231102990867403159650388967093217630485, 1787664524.493002, 98, 1, 9783590331073102
1787664524.493036, NoOp Chain Depth 128 Size 0 Mode ref, Ref Stage 0, run, start, 9783590331095630
1787664524.493059, NoOp Chain Depth 128 Size 0 Mode ref, Ref Stage 0, run, end, 9783590331118670
1787664524.493071, NoOp Chain Depth 128 Size 0 Mode ref, Ref Stage 1, run, start, 9783590331130190
1787664524.493102, NoOp Chain Depth 128 Size 0 Mode ref, Ref Stage 1, run, end, 9783590331160958
1787664524.493116, NoOp Chain Depth 128 Size 0 Mode ref, Ref Stage 2, run, start, 9783590331175406
1787664524.493137, NoOp Chain Depth 128 Size 0 Mode ref, Ref Stage 2, run, end, 9783590331196126
1787664524.493151, NoOp Chain Depth 128 Size 0 Mode ref, Ref Stage 3, run, start, 9783590331210446
1787664524.493172, NoOp Chain Depth 128 Size 0 Mode ref, Ref Stage 3, run, end, 9783590331231390
1787664524.493186, NoOp Chain Depth 128 Size 0 Mode ref, Ref Stage 4, run, start, 9783590331245678
1787664524.493209, NoOp Chain Depth 128 Size 0 Mode ref, Ref Stage 4, run, end, 9783590331268270
1787664524.493223, NoOp Chain Depth 128 Size 0 Mode ref, Ref Stage 5, run, start, 9783590331282734
1787664524.493244, NoOp Chain Depth 128 Size 0 Mode ref, Ref Stage 5, run, end, 9783590331303422
1787664524.493258, NoOp Chain Depth 128 Size 0 Mode ref, Ref Stage 6, run, start, 9783590331317710
1787664524.493279, NoOp Chain Depth 128 Size 0 Mode ref, Ref Stage 6, run, end, 9783590331338222
1787664524.493293, NoOp Chain Depth 128 Size 0 Mode ref, Ref Stage 7, run, start, 9783590331352558
1787664524.493315, NoOp Chain Depth 128 Size 0 Mode ref, Ref Stage 7, run, end, 9783590331374046
1787664524.493329, NoOp Chain Depth 128 Size 0 Mode ref, Ref Stage 8, run, start, 9783590331388254
1787664524.493350, NoOp Chain Depth 128 Size 0 Mode ref, Ref Stage 8, run, end, 9783590331409006
1787664524.493364, NoOp Chain Depth 128 Size 0 Mode ref, Ref Stage 9, run, start, 9783590331423486
1787664524.493386, NoOp Chain Depth 128 Size 0 Mode ref, Ref Stage 9, run, end, 9783590331445374
1787664524.493400, NoOp Chain Depth 128 Size 0 Mode ref, Ref Stage 10, run, start, 9783590331459518
1787664524.493422, NoOp Chain Depth 128 Size 0 Mode ref, Ref Stage 10, run, end, 9783590331481310
1787664524.493852, NoOp Chain Depth 128 Size 0 Mode ref, Ref Stage 11, run, start, 9783590331911853
1787664524.493879, NoOp Chain Depth 128 Size 0 Mode ref, Ref Stage 11, run, end, 9783590331938989
1787664524.493892, NoOp Chain Depth 128 Size 0 Mode ref, Ref Stage 12, run, start, 9783590331951149
1787664524.493924, NoOp Chain Depth 128 Size 0 Mode ref, Ref Stage 12, run, end, 9783590331983085
1787664524.493938, NoOp Chain Depth 128 Size 0 Mode ref, Ref Stage 13, run, start, 9783590331997581
1787664524.493963, NoOp Chain Depth 128 Size 0 Mode ref, Ref Stage 13, run, end, 9783590332021677
1787664524.493977, NoOp Chain Depth 128 Size 0 Mode ref, Ref Stage 14, run, start, 9783590332036157
1787664524.493998, NoOp Chain Depth 128 Size 0 Mode ref, Ref Stage 14, run, end, 9783590332057261
1787664524.494012, NoOp Chain Depth 128 Size 0 Mode ref, Ref Stage 15, run, start, 9783590332071709
1787664524.494033, NoOp Chain Depth 128 Size 0 Mode ref, Ref Stage 15, run, end, 9783590332092701
1787664524.494048, NoOp Chain Depth 128 Size 0 Mode ref, Ref Stage 16, run, start, 9783590332107453
1787664524.494069, NoOp Chain Depth 128 Size 0 Mode ref, Ref Stage 16, run, end, 9783590332129901
1787664524.494085, NoOp Chain Depth 128 Size 0 Mode ref, Ref Stage 17, run, start, 9783590332144621
1787664524.494106, NoOp Chain Depth 128 Size 0 Mode ref, Ref Stage 17, run, end, 9783590332165357
1787664524.494124, NoOp Chain Depth 128 Size 0 Mode ref, Ref Stage 18, run, start, 9783590332183773
1787664524.494145, NoOp Chain Depth 128 Size 0 Mode ref, Ref Stage 18, run, end, 9783590332204461
1787664524.494159, NoOp Chain Depth 128 Size 0 Mode ref, Ref Stage 19, run, start, 9783590332218733
1787664524.494182, NoOp Chain Depth 128 Size 0 Mode ref, Ref Stage 19, run, end, 9783590332241133
1787664524.494195, NoOp Chain Depth 128 Size 0 Mode ref, Ref Stage 20, run, start, 9783590332253789
1787664524.494227, NoOp Chain Depth 128 Size 0 Mode ref, Ref Stage 20, run, end, 9783590332286141
1787664524.494238, NoOp Chain Depth 128 Size 0 Mode ref, Ref Stage 21, run, start, 9783590332297821
1787664524.494269, NoOp Chain Depth 128 Size 0 Mode ref, Ref Stage 21, run, end, 9783590332328589
1787664524.494284, NoOp Chain Depth 128 Size 0 Mode ref, Ref Stage 22, run, start, 9783590332343101
1787664524.494305, NoOp Chain Depth 128 Size 0 Mode ref, Ref Stage 22, run, end, 9783590332364461
1787664524.494319, NoOp Chain Depth 128 Size 0 Mode ref, Ref Stage 23, run, start, 9783590332378733
1787664524.494340, NoOp Chain Depth 128 Size 0 Mode ref, Ref Stage 23, run, end, 9783590332399501
1787664524.494355, NoOp Chain Depth 128 Size 0 Mode ref, Ref Stage 24, run, start, 9783590332414813
1787664524.494378, NoOp Chain Depth 128 Size 0 Mode ref, Ref Stage 24, run, end, 9783590332437101
1787664524.494392, NoOp Chain Depth 128 Size 0 Mode ref, Ref Stage 25, run, start, 9783590332451133
1787664524.494414, NoOp Chain Depth 128 Size 0 Mode ref, Ref Stage 25, run, end, 9783590332473021
1787664524.494428, NoOp Chain Depth 128 Size 0 Mode ref, Ref Stage 26, run, start, 9783590332487357
1787664524.494449, NoOp Chain Depth 128 Size 0 Mode ref, Ref Stage 26, run, end, 9783590332507853
1787664524.494463, NoOp Chain Depth 128 Size 0 Mode ref, Ref Stage 27, run, start, 9783590332522269
1787664524.494484, NoOp Chain Depth 128 Size 0 Mode ref, Ref Stage 27, run, end, 9783590332543021
1787664524.494498, NoOp Chain Depth 128 Size 0 Mode ref, Ref Stage 28, run, start, 9783590332557469
1787664524.494519, NoOp Chain Depth 128 Size 0 Mode ref, Ref Stage 28, run, end, 9783590332578109
1787664524.494533, NoOp Chain Depth 128 Size 0 Mode ref, Ref Stage 29, run, start, 9783590332592333
1787664524.494554, NoOp Chain Depth 128 Size 0 Mode ref, Ref Stage 29, run, end, 9783590332613677
1787664524.494569, NoOp Chain Depth 128 Size 0 Mode ref, Ref Stage 30, run, start, 9783590332627917
1787664524.494595, NoOp Chain Depth 128 Size 0 Mode ref, Ref Stage 30, run, end, 9783590332653757
1787664524.494610, NoOp Chain Depth 128 Size 0 Mode ref, Ref Stage 31, run, start, 9783590332669213
1787664524.494631, NoOp Chain Depth 128 Size 0 Mode ref, Ref Stage 31, run, end, 9783590332689885
1787664524.494645, NoOp Chain Depth 128 Size 0 Mode ref, Ref Stage 32, run, start, 9783590332704125
1787664524.494665, NoOp Chain Depth 128 Size 0 Mode ref, Ref Stage 32, run, end, 9783590332724749
1787664524.494680, NoOp Chain Depth 128 Size 0 Mode ref, Ref Stage 33, run, start, 9783590332738925
1787664524.494700, NoOp Chain Depth 128 Size 0 Mode ref, Ref Stage 33, run, end, 9783590332759549
1787664524.494714, NoOp Chain Depth 128 Size 0 Mode ref, Ref Stage 34, run, start, 9783590332773885
1787664524.494735, NoOp Chain Depth 128 Size 0 Mode ref, Ref Stage 34, run, end, 9783590332794301
1787664524.494751, NoOp Chain Depth 128 Size 0 Mode ref, Ref Stage 35, run, start, 9783590332809981
1787664524.494774, NoOp Chain Depth 128 Size 0 Mode ref, Ref Stage 35, run, end, 9783590332833645
1787664524.494789, NoOp Chain Depth 128 Size 0 Mode ref, Ref Stage 36, run, start, 9783590332848253
1787664524.494811, NoOp Chain Depth 128 Size 0 Mode ref, Ref Stage 36, run, end, 9783590332870125
1787664524.494825, NoOp Chain Depth 128 Size 0 Mode ref, Ref Stage 37, run, start, 9783590332884365
1787664524.494846, NoOp Chain Depth 128 Size 0 Mode ref, Ref Stage 37, run, end, 9783590332904813
1787664524.494860, NoOp Chain Depth 128 Size 0 Mode ref, Ref Stage 38, run, start, 9783590332919005
1787664524.494882, NoOp Chain Depth 128 Size 0 Mode ref, Ref Stage 38, run, end, 9783590332940749
1787664524.494896, NoOp Chain Depth 128 Size 0 Mode ref, Ref Stage 39, run, start, 9783590332955053
1787664524.494916, NoOp Chain Depth 128 Size 0 Mode ref, Ref Stage 39, run, end, 9783590332975421
1787664524.494931, NoOp Chain Depth 128 Size 0 Mode ref, Ref Stage 40, run, start, 9783590332989629
1787664524.494953, NoOp Chain Depth 128 Size 0 Mode ref, Ref Stage 40, run, end, 9783590333011996
1787664524.494968, NoOp Chain Depth 128 Size 0 Mode ref, Ref Stage 41, run, start, 9783590333027404
1787664524.494990, NoOp Chain Depth 128 Size 0 Mode ref, Ref Stage 41, run, end, 9783590333048956
1787664524.495004, NoOp Chain Depth 128 Size 0 Mode ref, Ref Stage 42, run, start, 9783590333063372
1787664524.495025, NoOp Chain Depth 128 Size 0 Mode ref, Ref Stage 42, run, end, 9783590333083916
1787664524.495039, NoOp Chain Depth 128 Size 0 Mode ref, Ref Stage 43, run, start, 9783590333098332
1787664524.495061, NoOp Chain Depth 128 Size 0 Mode ref, Ref Stage 43, run, end, 9783590333120076
1787664524.495075, NoOp Chain Depth 128 Size 0 Mode ref, Ref Stage 44, run, start, 9783590333134316
1787664524.495095, NoOp Chain Depth 128 Size 0 Mode ref, Ref Stage 44, run, end, 9783590333154732
1787664524.495112, NoOp Chain Depth 128 Size 0 Mode ref, Ref Stage 45, run, start, 9783590333170972
1787664524.495132, NoOp Chain Depth 128 Size 0 Mode ref, Ref Stage 45, run, end, 9783590333191708
1787664524.495147, NoOp Chain Depth 128 Size 0 Mode ref, Ref Stage 46, run, start, 9783590333206860
1787664524.495171, NoOp Chain Depth 128 Size 0 Mode ref, Ref Stage 46, run, end, 9783590333230268
1787664524.495184, NoOp Chain Depth 128 Size 0 Mode ref, Ref Stage 47, run, start, 9783590333243340
1787664524.495216, NoOp Chain Depth 128 Size 0 Mode ref, Ref Stage 47, run, end, 9783590333275004
1787664524.495230, NoOp Chain Depth 128 Size 0 Mode ref, Ref Stage 48, run, start, 9783590333289676
1787664524.495252, NoOp Chain Depth 128 Size 0 Mode ref, Ref Stage 48, run, end, 9783590333310940
1787664524.495266, NoOp Chain Depth 128 Size 0 Mode ref, Ref Stage 49, run, start, 9783590333325644
1787664524.495291, NoOp Chain Depth 128 Size 0 Mode ref, Ref Stage 49, run, end, 9783590333349852
1787664524.495305, NoOp Chain Depth 128 Size 0 Mode ref, Ref Stage 50, run, start, 9783590333364508
1787664524.495327, NoOp Chain Depth 128 Size 0 Mode ref, Ref Stage 50, run, end, 9783590333385676
1787664524.495341, NoOp Chain Depth 128 Size 0 Mode ref, Ref Stage 51, run, start, 9783590333400524
1787664524.495363, NoOp Chain Depth 128 Size 0 Mode ref, Ref Stage 51, run, end, 9783590333422716
1787664524.495379, NoOp Chain Depth 128 Size 0 Mode ref, Ref Stage 52, run, start, 9783590333438204
1787664524.495400, NoOp Chain Depth 128 Size 0 Mode ref, Ref Stage 52, run, end, 9783590333459420
1787664524.495415, NoOp Chain Depth 128 Size 0 Mode ref, Ref Stage 53, run, start, 9783590333474268
1787664524.495436, NoOp Chain Depth 128 Size 0 Mode ref, Ref Stage 53, run, end, 9783590333495452
1787664524.495451, NoOp Chain Depth 128 Size 0 Mode ref, Ref Stage 54, run, start, 9783590333510140
1787664524.495472, NoOp Chain Depth 128 Size 0 Mode ref, Ref Stage 54, run, end, 9783590333531180
1787664524.495487, NoOp Chain Depth 128 Size 0 Mode ref, Ref Stage 55, run, start, 9783590333546252
1787664524.495511, NoOp Chain Depth 128 Size 0 Mode ref, Ref Stage 55, run, end, 9783590333569788
1787664524.495522, NoOp Chain Depth 128 Size 0 Mode ref, Ref Stage 56, run, start, 9783590333581724
1787664524.495975, NoOp Chain Depth 128 Size 0 Mode ref, Ref Stage 56, run, end, 9783590334035612
1787664524.496101, NoOp Chain Depth 128 Size 0 Mode ref, Ref Stage 57, run, start, 9783590334160732
1787664524.496124, NoOp Chain Depth 128 Size 0 Mode ref, Ref Stage 57, run, end, 9783590334183500
1787664524.496140, NoOp Chain Depth 128 Size 0 Mode ref, Ref Stage 58, run, start, 9783590334198764
1787664524.496161, NoOp Chain Depth 128 Size 0 Mode ref, Ref Stage 58, run, end, 9783590334220188
1787664524.496178, NoOp Chain Depth 128 Size 0 Mode ref, Ref Stage 59, run, start, 9783590334236940
1787664524.496201, NoOp Chain Depth 128 Size 0 Mode ref, Ref Stage 59, run, end, 9783590334259772
1787664524.496212, NoOp Chain Depth 128 Size 0 Mode ref, Ref Stage 60, run, start, 9783590334271612
1787664524.496243, NoOp Chain Depth 128 Size 0 Mode ref, Ref Stage 60, run, end, 9783590334302732
1787664524.496258, NoOp Chain Depth 128 Size 0 Mode ref, Ref Stage 61, run, start, 9783590334317388
1787664524.496279, NoOp Chain Depth 128 Size 0 Mode ref, Ref Stage 61, run, end, 9783590334338844
1787664524.496295, NoOp Chain Depth 128 Size 0 Mode ref, Ref Stage 62, run, start, 9783590334354876
1787664524.496317, NoOp Chain Depth 128 Size 0 Mode ref, Ref Stage 62, run, end, 9783590334375980
1787664524.496332, NoOp Chain Depth 128 Size 0 Mode ref, Ref Stage 63, run, start, 9783590334391724
1787664524.496355, NoOp Chain Depth 128 Size 0 Mode ref, Ref Stage 63, run, end, 9783590334413948
1787664524.496369, NoOp Chain Depth 128 Size 0 Mode ref, Ref Stage 64, run, start, 9783590334429468
1787664524.496391, NoOp Chain Depth 128 Size 0 Mode ref, Ref Stage 64, run, end, 9783590334450252
1787664524.496406, NoOp Chain Depth 128 Size 0 Mode ref, Ref Stage 65, run, start, 9783590334464636
1787664524.496426, NoOp Chain Depth 128 Size 0 Mode ref, Ref Stage 65, run, end, 9783590334485468
1787664524.496441, NoOp Chain Depth 128 Size 0 Mode ref, Ref Stage 66, run, start, 9783590334499820
1787664524.496462, NoOp Chain Depth 128 Size 0 Mode ref, Ref Stage 66, run, end, 9783590334520748
1787664524.496477, NoOp Chain Depth 128 Size 0 Mode ref, Ref Stage 67, run, start, 9783590334536220
1787664524.496499, NoOp Chain Depth 128 Size 0 Mode ref, Ref Stage 67, run, end, 9783590334558396
1787664524.496514, NoOp Chain Depth 128 Size 0 Mode ref, Ref Stage 68, run, start, 9783590334572795
1787664524.496534, NoOp Chain Depth 128 Size 0 Mode ref, Ref Stage 68, run, end, 9783590334593275
1787664524.496548, NoOp Chain Depth 128 Size 0 Mode ref, Ref Stage 69, run, start, 9783590334607531
1787664524.496569, NoOp Chain Depth 128 Size 0 Mode ref, Ref Stage 69, run, end, 9783590334628043
1787664524.496583, NoOp Chain Depth 128 Size 0 Mode ref, Ref Stage 70, run, start, 9783590334642315
1787664524.496604, NoOp Chain Depth 128 Size 0 Mode ref, Ref Stage 70, run, end, 9783590334662795
1787664524.496618, NoOp Chain Depth 128 Size 0 Mode ref, Ref Stage 71, run, start, 9783590334677195
1787664524.496952, NoOp Chain Depth 128 Size 0 Mode ref, Ref Stage 71, run, end, 9783590335011803
1787664524.497073, NoOp Chain Depth 128 Size 0 Mode ref, Ref Stage 72, run, start, 9783590335132859
1787664524.497097, NoOp Chain Depth 128 Size 0 Mode ref, Ref Stage 72, run, end, 9783590335156011
1787664524.497112, NoOp Chain Depth 128 Size 0 Mode ref, Ref Stage 73, run, start, 9783590335171339
1787664524.497133, NoOp Chain Depth 128 Size 0 Mode ref, Ref Stage 73, run, end, 9783590335192859
1787664524.497149, NoOp Chain Depth 128 Size 0 Mode ref, Ref Stage 74, run, start, 9783590335207755
1787664524.497169, NoOp Chain Depth 128 Size 0 Mode ref, Ref Stage 74, run, end, 9783590335228747
1787664524.497184, NoOp Chain Depth 128 Size 0 Mode ref, Ref Stage 75, run, start, 9783590335243371
1787664524.497205, NoOp Chain Depth 128 Size 0 Mode ref, Ref Stage 75, run, end, 9783590335264363
1787664524.497219, NoOp Chain Depth 128 Size 0 Mode ref, Ref Stage 76, run, start, 9783590335278619
1787664524.497240, NoOp Chain Depth 128 Size 0 Mode ref, Ref Stage 76, run, end, 9783590335299531
1787664524.497255, NoOp Chain Depth 128 Size 0 Mode ref, Ref Stage 77, run, start, 9783590335313883
1787664524.497279, NoOp Chain Depth 128 Size 0 Mode ref, Ref Stage 77, run, end, 9783590335338027
1787664524.497291, NoOp Chain Depth 128 Size 0 Mode ref, Ref Stage 78, run, start, 9783590335349947
1787664524.497324, NoOp Chain Depth 128 Size 0 Mode ref, Ref Stage 78, run, end, 9783590335382699
1787664524.497335, NoOp Chain Depth 128 Size 0 Mode ref, Ref Stage 79, run, start, 9783590335394363
1787664524.497367, NoOp Chain Depth 128 Size 0 Mode ref, Ref Stage 79, run, end, 9783590335426315
1787664524.497385, NoOp Chain Depth 128 Size 0 Mode ref, Ref Stage 80, run, start, 9783590335444235
1787664524.497406, NoOp Chain Depth 128 Size 0 Mode ref, Ref Stage 80, run, end, 9783590335465003
1787664524.497420, NoOp Chain Depth 128 Size 0 Mode ref, Ref Stage 81, run, start, 9783590335479467
1787664524.497441, NoOp Chain Depth 128 Size 0 Mode ref, Ref Stage 81, run, end, 9783590335500075
1787664524.497457, NoOp Chain Depth 128 Size 0 Mode ref, Ref Stage 82, run, start, 9783590335515819
1787664524.497477, NoOp Chain Depth 128 Size 0 Mode ref, Ref Stage 82, run, end, 9783590335535995
1787664524.497492, NoOp Chain Depth 128 Size 0 Mode ref, Ref Stage 83, run, start, 9783590335551067
1787664524.497513, NoOp Chain Depth 128 Size 0 Mode ref, Ref Stage 83, run, end, 9783590335572475
1787664524.497527, NoOp Chain Depth 128 Size 0 Mode ref, Ref Stage 84, run, start, 9783590335586635
1787664524.497619, NoOp Chain Depth 128 Size 0 Mode ref, Ref Stage 84, run, end, 9783590335678699
1787664524.497636, NoOp Chain Depth 128 Size 0 Mode ref, Ref Stage 85, run, start, 9783590335695771
1787664524.497659, NoOp Chain Depth 128 Size 0 Mode ref, Ref Stage 85, run, end, 9783590335718699
1787664524.497674, NoOp Chain Depth 128 Size 0 Mode ref, Ref Stage 86, run, start, 9783590335733547
1787664524.497695, NoOp Chain Depth 128 Size 0 Mode ref, Ref Stage 86, run, end, 9783590335754107
1787664524.497709, NoOp Chain Depth 128 Size 0 Mode ref, Ref Stage 87, run, start, 9783590335768411
1787664524.497730, NoOp Chain Depth 128 Size 0 Mode ref, Ref Stage 87, run, end, 9783590335789739
1787664524.497745, NoOp Chain Depth 128 Size 0 Mode ref, Ref Stage 88, run, start, 9783590335804027
1787664524.497768, NoOp Chain Depth 128 Size 0 Mode ref, Ref Stage 88, run, end, 9783590335827675
1787664524.497783, NoOp Chain Depth 128 Size 0 Mode ref, Ref Stage 89, run, start, 9783590335842187
1787664524.497803, NoOp Chain Depth 128 Size 0 Mode ref, Ref Stage 89, run, end, 9783590335862763
1787664524.497818, NoOp Chain Depth 128 Size 0 Mode ref, Ref Stage 90, run, start, 9783590335877115
1787664524.497838, NoOp Chain Depth 128 Size 0 Mode ref, Ref Stage 90, run, end, 9783590335897643
1787664524.497854, NoOp Chain Depth 128 Size 0 Mode ref, Ref Stage 91, run, start, 9783590335913003
1787664524.497874, NoOp Chain Depth 128 Size 0 Mode ref, Ref Stage 91, run, end, 9783590335933435
1787664524.497889, NoOp Chain Depth 128 Size 0 Mode ref, Ref Stage 92, run, start, 9783590335947867
1787664524.497909, NoOp Chain Depth 128 Size 0 Mode ref, Ref Stage 92, run, end, 9783590335968347
1787664524.497924, NoOp Chain Depth 128 Size 0 Mode ref, Ref Stage 93, run, start, 9783590335982875
1787664524.497952, NoOp Chain Depth 128 Size 0 Mode ref, Ref Stage 93, run, end, 9783590336011035
1787664524.497967, NoOp Chain Depth 128 Size 0 Mode ref, Ref Stage 94, run, start, 9783590336026363
1787664524.497988, NoOp Chain Depth 128 Size 0 Mode ref, Ref Stage 94, run, end, 9783590336046955
1787664524.498002, NoOp Chain Depth 128 Size 0 Mode ref, Ref Stage 95, run, start, 9783590336061307
1787664524.498023, NoOp Chain Depth 128 Size 0 Mode ref, Ref Stage 95, run, end, 9783590336081899
1787664524.498038, NoOp Chain Depth 128 Size 0 Mode ref, Ref Stage 96, run, start, 9783590336097259
1787664524.498060, NoOp Chain Depth 128 Size 0 Mode ref, Ref Stage 96, run, end, 9783590336118939
1787664524.498074, NoOp Chain Depth 128 Size 0 Mode ref, Ref Stage 97, run, start, 9783590336133226
1787664524.498096, NoOp Chain Depth 128 Size 0 Mode ref, Ref Stage 97, run, end, 9783590336154954
1787664524.498110, NoOp Chain Depth 128 Size 0 Mode ref, Ref Stage 98, run, start, 9783590336169306
1787664524.498131, NoOp Chain Depth 128 Size 0 Mode ref, Ref Stage 98, run, end, 9783590336190058
1787664524.498147, NoOp Chain Depth 128 Size 0 Mode ref, Ref Stage 99, run, start, 9783590336205786
1787664524.498168, NoOp Chain Depth 128 Size 0 Mode ref, Ref Stage 99, run, end, 9783590336227322
1787664524.498182, NoOp Chain Depth 128 Size 0 Mode ref, Ref Stage 100, run, start, 9783590336241674
1787664524.498205, NoOp Chain Depth 128 Size 0 Mode ref, Ref Stage 100, run, end, 9783590336263978
1787664524.498220, NoOp Chain Depth 128 Size 0 Mode ref, Ref Stage 101, run, start, 9783590336279386
1787664524.498243, NoOp Chain Depth 128 Size 0 Mode ref, Ref Stage 101, run, end, 9783590336301898
1787664524.498254, NoOp Chain Depth 128 Size 0 Mode ref, Ref Stage 102, run, start, 9783590336313674
1787664524.498285, NoOp Chain Depth 128 Size 0 Mode ref, Ref Stage 102, run, end, 9783590336344298
1787664524.498300, NoOp Chain Depth 128 Size 0 Mode ref, Ref Stage 103, run, start, 9783590336359754
1787664524.498321, NoOp Chain Depth 128 Size 0 Mode ref, Ref Stage 103, run, end, 9783590336380202
1787664524.498335, NoOp Chain Depth 128 Size 0 Mode ref, Ref Stage 104, run, start, 9783590336394522
1787664524.498359, NoOp Chain Depth 128 Size 0 Mode ref, Ref Stage 104, run, end, 9783590336418778
1787664524.498374, NoOp Chain Depth 128 Size 0 Mode ref, Ref Stage 105, run, start, 9783590336433146
1787664524.498394, NoOp Chain Depth 128 Size 0 Mode ref, Ref Stage 105, run, end, 9783590336453594
1787664524.498409, NoOp Chain Depth 128 Size 0 Mode ref, Ref Stage 106, run, start, 9783590336467722
1787664524.498429, NoOp Chain Depth 128 Size 0 Mode ref, Ref Stage 106, run, end, 9783590336488442
1787664524.498444, NoOp Chain Depth 128 Size 0 Mode ref, Ref Stage 107, run, start, 9783590336502890
1787664524.498464, NoOp Chain Depth 128 Size 0 Mode ref, Ref Stage 107, run, end, 9783590336523354
1787664524.498479, NoOp Chain Depth 128 Size 0 Mode ref, Ref Stage 108, run, start, 9783590336538570
1787664524.498502, NoOp Chain Depth 128 Size 0 Mode ref, Ref Stage 108, run, end, 9783590336561674
1787664524.498514, NoOp Chain Depth 128 Size 0 Mode ref, Ref Stage 109, run, start, 9783590336573306
1787664524.500377, NoOp Chain Depth 128 Size 0 Mode ref, Ref Stage 109, run, end, 9783590338437449
1787664524.500395, NoOp Chain Depth 128 Size 0 Mode ref, Ref Stage 110, run, start, 9783590338454521
1787664524.500418, NoOp Chain Depth 128 Size 0 Mode ref, Ref Stage 110, run, end, 9783590338477641
1787664524.500433, NoOp Chain Depth 128 Size 0 Mode ref, Ref Stage 111, run, start, 9783590338492809
1787664524.500455, NoOp Chain Depth 128 Size 0 Mode ref, Ref Stage 111, run, end, 9783590338513801
1787664524.500469, NoOp Chain Depth 128 Size 0 Mode ref, Ref Stage 112, run, start, 9783590338528345
1787664524.500490, NoOp Chain Depth 128 Size 0 Mode ref, Ref Stage 112, run, end, 9783590338549369
1787664524.500504, NoOp Chain Depth 128 Size 0 Mode ref, Ref Stage 113, run, start, 9783590338563897
1787664524.500527, NoOp Chain Depth 128 Size 0 Mode ref, Ref Stage 113, run, end, 9783590338586649
1787664524.500539, NoOp Chain Depth 128 Size 0 Mode ref, Ref Stage 114, run, start, 9783590338598585
1787664524.500570, NoOp Chain Depth 128 Size 0 Mode ref, Ref Stage 114, run, end, 9783590338629529
1787664524.500585, NoOp Chain Depth 128 Size 0 Mode ref, Ref Stage 115, run, start, 9783590338643913
1787664524.500606, NoOp Chain Depth 128 Size 0 Mode ref, Ref Stage 115, run, end, 9783590338664841
1787664524.500620, NoOp Chain Depth 128 Size 0 Mode ref, Ref Stage 116, run, start, 9783590338679337
1787664524.500641, NoOp Chain Depth 128 Size 0 Mode ref, Ref Stage 116, run, end, 9783590338700169
1787664524.500656, NoOp Chain Depth 128 Size 0 Mode ref, Ref Stage 117, run, start, 9783590338715193
1787664524.500677, NoOp Chain Depth 128 Size 0 Mode ref, Ref Stage 117, run, end, 9783590338735945
1787664524.500691, NoOp Chain Depth 128 Size 0 Mode ref, Ref Stage 118, run, start, 9783590338750217
1787664524.500712, NoOp Chain Depth 128 Size 0 Mode ref, Ref Stage 118, run, end, 9783590338770905
1787664524.500726, NoOp Chain Depth 128 Size 0 Mode ref, Ref Stage 119, run, start, 9783590338785305
1787664524.500746, NoOp Chain Depth 128 Size 0 Mode ref, Ref Stage 119, run, end, 9783590338805577
1787664524.500761, NoOp Chain Depth 128 Size 0 Mode ref, Ref Stage 120, run, start, 9783590338819785
1787664524.500781, NoOp Chain Depth 128 Size 0 Mode ref, Ref Stage 120, run, end, 9783590338840377
1787664524.500798, NoOp Chain Depth 128 Size 0 Mode ref, Ref Stage 121, run, start, 9783590338856953
1787664524.500818, NoOp Chain Depth 128 Size 0 Mode ref, Ref Stage 121, run, end, 9783590338877625
1787664524.500833, NoOp Chain Depth 128 Size 0 Mode ref, Ref Stage 122, run, start, 9783590338892153
1787664524.500853, NoOp Chain Depth 128 Size 0 Mode ref, Ref Stage 122, run, end, 9783590338912489
1787664524.500867, NoOp Chain Depth 128 Size 0 Mode ref, Ref Stage 123, run, start, 9783590338926761
1787664524.501185, NoOp Chain Depth 128 Size 0 Mode ref, Ref Stage 123, run, end, 9783590339245368
1787664524.501312, NoOp Chain Depth 128 Size 0 Mode ref, Ref Stage 124, run, start, 9783590339372136
1787664524.501337, NoOp Chain Depth 128 Size 0 Mode ref, Ref Stage 124, run, end, 9783590339396856
1787664524.501349, NoOp Chain Depth 128 Size 0 Mode ref, Ref Stage 125, run, start, 9783590339408568
1787664524.501381, NoOp Chain Depth 128 Size 0 Mode ref, Ref Stage 125, run, end, 9783590339440296
1787664524.501396, NoOp Chain Depth 128 Size 0 Mode ref, Ref Stage 126, run, start, 9783590339454920
1787664524.501416, NoOp Chain Depth 128 Size 0 Mode ref, Ref Stage 126, run, end, 9783590339475640
1787664524.501431, NoOp Chain Depth 128 Size 0 Mode ref, Ref Stage 127, run, start, 9783590339490264
1787664524.501452, NoOp Chain Depth 128 Size 0 Mode ref, Ref Stage 127, run, end, 9783590339511144
1787664524.501467, NoOp Chain Depth 128 Size 0 Mode ref, pipeline - train, run, end, 231102990867403159650388967093217630485, 1787664524.493002, 98, 1, 9783590339526120
1787664524.501504, NoOp Chain Depth 128 Size 0 Mode ref, pipeline - train, run, start, 186349488124316510771708348261564768754, 1787664524.501492, 99, 1, 9783590339563544
1787664524.501527, NoOp Chain Depth 128 Size 0 Mode ref, Ref Stage 0, run, start, 9783590339586136
1787664524.501548, NoOp Chain Depth 128 Size 0 Mode ref, Ref Stage 0, run, end, 9783590339607416
1787664524.501563, NoOp Chain Depth 128 Size 0 Mode ref, Ref Stage 1, run, start, 9783590339622232
1787664524.501584, NoOp Chain Depth 128 Size 0 Mode ref, Ref Stage 1, run, end, 9783590339643368
1787664524.501598, NoOp Chain Depth 128 Size 0 Mode ref, Ref Stage 2, run, start, 9783590339657816
1787664524.501619, NoOp Chain Depth 128 Size 0 Mode ref, Ref Stage 2, run, end, 9783590339678616
1787664524.501634, NoOp Chain Depth 128 Size 0 Mode ref, Ref Stage 3, run, start, 9783590339693016
1787664524.501655, NoOp Chain Depth 128 Size 0 Mode ref, Ref Stage 3, run, end, 9783590339713992
1787664524.501669, NoOp Chain Depth 128 Size 0 Mode ref, Ref Stage 4, run, start, 9783590339728328
1787664524.501690, NoOp Chain Depth 128 Size 0 Mode ref, Ref Stage 4, run, end, 9783590339749512
1787664524.501707, NoOp Chain Depth 128 Size 0 Mode ref, Ref Stage 5, run, start, 9783590339765752
1787664524.501728, NoOp Chain Depth 128 Size 0 Mode ref, Ref Stage 5, run, end, 9783590339786872
1787664524.501744, NoOp Chain Depth 128 Size 0 Mode ref, Ref Stage 6, run, start, 9783590339803064
1787664524.501766, NoOp Chain Depth 128 Size 0 Mode ref, Ref Stage 6, run, end, 9783590339824856
1787664524.501780, NoOp Chain Depth 128 Size 0 Mode ref, Ref Stage 7, run, start, 9783590339839512
1787664524.501802, NoOp Chain Depth 128 Size 0 Mode ref, Ref Stage 7, run, end, 9783590339861160
1787664524.501816, NoOp Chain Depth 128 Size 0 Mode ref, Ref Stage 8, run, start, 9783590339875480
1787664524.501837, NoOp Chain Depth 128 Size 0 Mode ref, Ref Stage 8, run, end, 9783590339896120
1787664524.501851, NoOp Chain Depth 128 Size 0 Mode ref, Ref Stage 9, run, start, 9783590339910344
1787664524.501872, NoOp Chain Depth 128 Size 0 Mode ref, Ref Stage 9, run, end, 9783590339930952
1787664524.501886, NoOp Chain Depth 128 Size 0 Mode ref, Ref Stage 10, run, start, 9783590339945720
1787664524.501911, NoOp Chain Depth 128 Size 0 Mode ref, Ref Stage 10, run, end, 9783590339970072
1787664524.501923, NoOp Chain Depth 128 Size 0 Mode ref, Ref Stage 11, run, start, 9783590339981832
1787664524.501957, NoOp Chain Depth 128 Size 0 Mode ref, Ref Stage 11, run, end, 9783590340016616
1787664524.501969, NoOp Chain Depth 128 Size 0 Mode ref, Ref Stage 12, run, start, 9783590340028456
1787664524.502003, NoOp Chain Depth 128 Size 0 Mode ref, Ref Stage 12, run, end, 9783590340062264
1787664524.502017, NoOp Chain Depth 128 Size 0 Mode ref, Ref Stage 13, run, start, 9783590340076760
1787664524.502040, NoOp Chain Depth 128 Size 0 Mode ref, Ref Stage 13, run, end, 9783590340099176
1787664524.502055, NoOp Chain Depth 128 Size 0 Mode ref, Ref Stage 14, run, start, 9783590340114024
1787664524.502076, NoOp Chain Depth 128 Size 0 Mode ref, Ref Stage 14, run, end, 9783590340134952
1787664524.502090, NoOp Chain Depth 128 Size 0 Mode ref, Ref Stage 15, run, start, 9783590340149448
1787664524.502112, NoOp Chain Depth 128 Size 0 Mode ref, Ref Stage 15, run, end, 9783590340170872
1787664524.502126, NoOp Chain Depth 128 Size 0 Mode ref, Ref Stage 16, run, start, 9783590340185336
1787664524.502147, NoOp Chain Depth 128 Size 0 Mode ref, Ref Stage 16, run, end, 9783590340206088
1787664524.502161, NoOp Chain Depth 128 Size 0 Mode ref, Ref Stage 17, run, start, 9783590340220392
1787664524.502182, NoOp Chain Depth 128 Size 0 Mode ref, Ref Stage 17, run, end, 9783590340240904
1787664524.502196, NoOp Chain Depth 128 Size 0 Mode ref, Ref Stage 18, run, start, 9783590340255272
1787664524.502217, NoOp Chain Depth 128 Size 0 Mode ref, Ref Stage 18, run, end, 9783590340276312
1787664524.502233, NoOp Chain Depth 128 Size 0 Mode ref, Ref Stage 19, run, start, 9783590340291832
1787664524.502255, NoOp Chain Depth 128 Size 0 Mode ref, Ref Stage 19, run, end, 9783590340314168
1787664524.502270, NoOp Chain Depth 128 Size 0 Mode ref, Ref Stage 20, run, start, 9783590340329608
1787664524.502294, NoOp Chain Depth 128 Size 0 Mode ref, Ref Stage 20, run, end, 9783590340353416
1787664524.502308, NoOp Chain Depth 128 Size 0 Mode ref, Ref Stage 21, run, start, 9783590340367880
1787664524.502341, NoOp Chain Depth 128 Size 0 Mode ref, Ref Stage 21, run, end, 9783590340400248
1787664524.502356, NoOp Chain Depth 128 Size 0 Mode ref, Ref Stage 22, run, start, 9783590340415160
1787664524.502379, NoOp Chain Depth 128 Size 0 Mode ref, Ref Stage 22, run, end, 9783590340438312
1787664524.502394, NoOp Chain Depth 128 Size 0 Mode ref, Ref Stage 23, run, start, 9783590340453224
1787664524.502415, NoOp Chain Depth 128 Size 0 Mode ref, Ref Stage 23, run, end, 9783590340473928
1787664524.502429, NoOp Chain Depth 128 Size 0 Mode ref, Ref Stage 24, run, start, 9783590340488248
1787664524.502450, NoOp Chain Depth 128 Size 0 Mode ref, Ref Stage 24, run, end, 9783590340508568
1787664524.502464, NoOp Chain Depth 128 Size 0 Mode ref, Ref Stage 25, run, start, 9783590340522744
1787664524.502484, NoOp Chain Depth 128 Size 0 Mode ref, Ref Stage 25, run, end, 9783590340543160
1787664524.502498, NoOp Chain Depth 128 Size 0 Mode ref, Ref Stage 26, run, start, 9783590340557352
1787664524.502520, NoOp Chain Depth 128 Size 0 Mode ref, Ref Stage 26, run, end, 9783590340579016
1787664524.502534, NoOp Chain Depth 128 Size 0 Mode ref, Ref Stage 27, run, start, 9783590340593288
1787664524.502556, NoOp Chain Depth 128 Size 0 Mode ref, Ref Stage 27, run, end, 9783590340615528
1787664524.502568, NoOp Chain Depth 128 Size 0 Mode ref, Ref Stage 28, run, start, 9783590340627256
1787664524.502598, NoOp Chain Depth 128 Size 0 Mode ref, Ref Stage 28, run, end, 9783590340657639
1787664524.502613, NoOp Chain Depth 128 Size 0 Mode ref, Ref Stage 29, run, start, 9783590340671991
1787664524.502633, NoOp Chain Depth 128 Size 0 Mode ref, Ref Stage 29, run, end, 9783590340692535
1787664524.502648, NoOp Chain Depth 128 Size 0 Mode ref, Ref Stage 30, run, start, 9783590340706743
1787664524.502673, NoOp Chain Depth 128 Size 0 Mode ref, Ref Stage 30, run, end, 9783590340732311
1787664524.502687, NoOp Chain Depth 128 Size 0 Mode ref, Ref Stage 31, run, start, 9783590340746503
1787664524.502708, NoOp Chain Depth 128 Size 0 Mode ref, Ref Stage 31, run, end, 9783590340767831
1787664524.502723, NoOp Chain Depth 128 Size 0 Mode ref, Ref Stage 32, run, start, 9783590340782167
1787664524.502746, NoOp Chain Depth 128 Size 0 Mode ref, Ref Stage 32, run, end, 9783590340804887
1787664524.502760, NoOp Chain Depth 128 Size 0 Mode ref, Ref Stage 33, run, start, 9783590340819175
1787664524.502783, NoOp Chain Depth 128 Size 0 Mode ref, Ref Stage 33, run, end, 9783590340842391
1787664524.502798, NoOp Chain Depth 128 Size 0 Mode ref, Ref Stage 34, run, start, 9783590340856743
1787664524.502819, NoOp Chain Depth 128 Size 0 Mode ref, Ref Stage 34, run, end, 9783590340878119
1787664524.502833, NoOp Chain Depth 128 Size 0 Mode ref, Ref Stage 35, run, start, 9783590340892423
1787664524.502854, NoOp Chain Depth 128 Size 0 Mode ref, Ref Stage 35, run, end, 9783590340913927
1787664524.502869, NoOp Chain Depth 128 Size 0 Mode ref, Ref Stage 36, run, start, 9783590340928199
1787664524.502889, NoOp Chain Depth 128 Size 0 Mode ref, Ref Stage 36, run, end, 9783590340948615
1787664524.502904, NoOp Chain Depth 128 Size 0 Mode ref, Ref Stage 37, run, start, 9783590340963527
1787664524.502925, NoOp Chain Depth 128 Size 0 Mode ref, Ref Stage 37, run, end, 9783590340983863
1787664524.502939, NoOp Chain Depth 128 Size 0 Mode ref, Ref Stage 38, run, start, 9783590340998023
1787664524.502961, NoOp Chain Depth 128 Size 0 Mode ref, Ref Stage 38, run, end, 9783590341020535
1787664524.502975, NoOp Chain Depth 128 Size 0 Mode ref, Ref Stage 39, run, start, 9783590341034807
1787664524.502996, NoOp Chain Depth 128 Size 0 Mode ref, Ref Stage 39, run, end, 9783590341055223
1787664524.503010, NoOp Chain Depth 128 Size 0 Mode ref, Ref Stage 40, run, start, 9783590341069527
1787664524.503031, NoOp Chain Depth 128 Size 0 Mode ref, Ref Stage 40, run, end, 9783590341090519
1787664524.503046, NoOp Chain Depth 128 Size 0 Mode ref, Ref Stage 41, run, start, 9783590341104951
1787664524.503066, NoOp Chain Depth 128 Size 0 Mode ref, Ref Stage 41, run, end, 9783590341125271
1787664524.503080, NoOp Chain Depth 128 Size 0 Mode ref, Ref Stage 42, run, start, 9783590341139591
1787664524.503102, NoOp Chain Depth 128 Size 0 Mode ref, Ref Stage 42, run, end, 9783590341161143
1787664524.503116, NoOp Chain Depth 128 Size 0 Mode ref, Ref Stage 43, run, start, 9783590341175255
1787664524.503138, NoOp Chain Depth 128 Size 0 Mode ref, Ref Stage 43, run, end, 9783590341196647
1787664524.503152, NoOp Chain Depth 128 Size 0 Mode ref, Ref Stage 44, run, start, 9783590341210919
1787664524.503172, NoOp Chain Depth 128 Size 0 Mode ref, Ref Stage 44, run, end, 9783590341231431
1787664524.503187, NoOp Chain Depth 128 Size 0 Mode ref, Ref Stage 45, run, start, 9783590341246663
1787664524.503209, NoOp Chain Depth 128 Size 0 Mode ref, Ref Stage 45, run, end, 9783590341267911
1787664524.503224, NoOp Chain Depth 128 Size 0 Mode ref, Ref Stage 46, run, start, 9783590341283031
1787664524.503250, NoOp Chain Depth 128 Size 0 Mode ref, Ref Stage 46, run, end, 9783590341309015
1787664524.503261, NoOp Chain Depth 128 Size 0 Mode ref, Ref Stage 47, run, start, 9783590341320823
1787664524.503294, NoOp Chain Depth 128 Size 0 Mode ref, Ref Stage 47, run, end, 9783590341353239
1787664524.503308, NoOp Chain Depth 128 Size 0 Mode ref, Ref Stage 48, run, start, 9783590341367607
1787664524.503330, NoOp Chain Depth 128 Size 0 Mode ref, Ref Stage 48, run, end, 9783590341389207
1787664524.503344, NoOp Chain Depth 128 Size 0 Mode ref, Ref Stage 49, run, start, 9783590341403543
1787664524.503365, NoOp Chain Depth 128 Size 0 Mode ref, Ref Stage 49, run, end, 9783590341424055
1787664524.503380, NoOp Chain Depth 128 Size 0 Mode ref, Ref Stage 50, run, start, 9783590341439479
1787664524.503401, NoOp Chain Depth 128 Size 0 Mode ref, Ref Stage 50, run, end, 9783590341460183
1787664524.503415, NoOp Chain Depth 128 Size 0 Mode ref, Ref Stage 51, run, start, 9783590341474647
1787664524.503436, NoOp Chain Depth 128 Size 0 Mode ref, Ref Stage 51, run, end, 9783590341494807
1787664524.503450, NoOp Chain Depth 128 Size 0 Mode ref, Ref Stage 52, run, start, 9783590341509159
1787664524.503471, NoOp Chain Depth 128 Size 0 Mode ref, Ref Stage 52, run, end, 9783590341530087
1787664524.503486, NoOp Chain Depth 128 Size 0 Mode ref, Ref Stage 53, run, start, 9783590341545367
1787664524.503508, NoOp Chain Depth 128 Size 0 Mode ref, Ref Stage 53, run, end, 9783590341567271
1787664524.503522, NoOp Chain Depth 128 Size 0 Mode ref, Ref Stage 54, run, start, 9783590341581671
1787664524.503544, NoOp Chain Depth 128 Size 0 Mode ref, Ref Stage 54, run, end, 9783590341603559
1787664524.503556, NoOp Chain Depth 128 Size 0 Mode ref, Ref Stage 55, run, start, 9783590341615383
1787664524.503587, NoOp Chain Depth 128 Size 0 Mode ref, Ref Stage 55, run, end, 9783590341645927
1787664524.503602, NoOp Chain Depth 128 Size 0 Mode ref, Ref Stage 56, run, start, 9783590341660855
1787664524.503624, NoOp Chain Depth 128 Size 0 Mode ref, Ref Stage 56, run, end, 9783590341683127
1787664524.503637, NoOp Chain Depth 128 Size 0 Mode ref, Ref Stage 57, run, start, 9783590341696039
1787664524.503741, NoOp Chain Depth 128 Size 0 Mode ref, Ref Stage 57, run, end, 9783590341800647
1787664524.503757, NoOp Chain Depth 128 Size 0 Mode ref, Ref Stage 58, run, start, 9783590341816631
1787664524.503781, NoOp Chain Depth 128 Size 0 Mode ref, Ref Stage 58, run, end, 9783590341839911
1787664524.503795, NoOp Chain Depth 128 Size 0 Mode ref, Ref Stage 59, run, start, 9783590341854519
1787664524.503817, NoOp Chain Depth 128 Size 0 Mode ref, Ref Stage 59, run, end, 9783590341876471
1787664524.503832, NoOp Chain Depth 128 Size 0 Mode ref, Ref Stage 60, run, start, 9783590341891351
1787664524.503853, NoOp Chain Depth 128 Size 0 Mode ref, Ref Stage 60, run, end, 9783590341912167
1787664524.503867, NoOp Chain Depth 128 Size 0 Mode ref, Ref Stage 61, run, start, 9783590341926455
1787664524.503888, NoOp Chain Depth 128 Size 0 Mode ref, Ref Stage 61, run, end, 9783590341947383
1787664524.503902, NoOp Chain Depth 128 Size 0 Mode ref, Ref Stage 62, run, start, 9783590341961703
1787664524.503924, NoOp Chain Depth 128 Size 0 Mode ref, Ref Stage 62, run, end, 9783590341983847
1787664524.503939, NoOp Chain Depth 128 Size 0 Mode ref, Ref Stage 63, run, start, 9783590341998199
1787664524.503963, NoOp Chain Depth 128 Size 0 Mode ref, Ref Stage 63, run, end, 9783590342021927
1787664524.503978, NoOp Chain Depth 128 Size 0 Mode ref, Ref Stage 64, run, start, 9783590342037431
1787664524.504001, NoOp Chain Depth 128 Size 0 Mode ref, Ref Stage 64, run, end, 9783590342060359
1787664524.504016, NoOp Chain Depth 128 Size 0 Mode ref, Ref Stage 65, run, start, 9783590342074839
1787664524.504037, NoOp Chain Depth 128 Size 0 Mode ref, Ref Stage 65, run, end, 9783590342095895
1787664524.504051, NoOp Chain Depth 128 Size 0 Mode ref, Ref Stage 66, run, start, 9783590342110215
1787664524.504072, NoOp Chain Depth 128 Size 0 Mode ref, Ref Stage 66, run, end, 9783590342130919
1787664524.504087, NoOp Chain Depth 128 Size 0 Mode ref, Ref Stage 67, run, start, 9783590342146135
1787664524.504107, NoOp Chain Depth 128 Size 0 Mode ref, Ref Stage 67, run, end, 9783590342166455
1787664524.504122, NoOp Chain Depth 128 Size 0 Mode ref, Ref Stage 68, run, start, 9783590342181719
1787664524.504145, NoOp Chain Depth 128 Size 0 Mode ref, Ref Stage 68, run, end, 9783590342204023
1787664524.504586, NoOp Chain Depth 128 Size 0 Mode ref, Ref Stage 69, run, start, 9783590342646758
1787664524.504613, NoOp Chain Depth 128 Size 0 Mode ref, Ref Stage 69, run, end, 9783590342672598
1787664524.504629, NoOp Chain Depth 128 Size 0 Mode ref, Ref Stage 70, run, start, 9783590342688198
1787664524.504651, NoOp Chain Depth 128 Size 0 Mode ref, Ref Stage 70, run, end, 9783590342710070
1787664524.504666, NoOp Chain Depth 128 Size 0 Mode ref, Ref Stage 71, run, start, 9783590342724950
1787664524.504687, NoOp Chain Depth 128 Size 0 Mode ref, Ref Stage 71, run, end, 9783590342746342
1787664524.504702, NoOp Chain Depth 128 Size 0 Mode ref, Ref Stage 72, run, start, 9783590342761318
1787664524.504723, NoOp Chain Depth 128 Size 0 Mode ref, Ref Stage 72, run, end, 9783590342782678
1787664524.504739, NoOp Chain Depth 128 Size 0 Mode ref, Ref Stage 73, run, start, 9783590342797830
1787664524.504760, NoOp Chain Depth 128 Size 0 Mode ref, Ref Stage 73, run, end, 9783590342819094
1787664524.504777, NoOp Chain Depth 128 Size 0 Mode ref, Ref Stage 74, run, start, 9783590342836838
1787664524.504799, NoOp Chain Depth 128 Size 0 Mode ref, Ref Stage 74, run, end, 9783590342858166
1787664524.504814, NoOp Chain Depth 128 Size 0 Mode ref, Ref Stage 75, run, start, 9783590342872742
1787664524.504835, NoOp Chain Depth 128 Size 0 Mode ref, Ref Stage 75, run, end, 9783590342893766
1787664524.504849, NoOp Chain Depth 128 Size 0 Mode ref, Ref Stage 76, run, start, 9783590342908502
1787664524.504870, NoOp Chain Depth 128 Size 0 Mode ref, Ref Stage 76, run, end, 9783590342929542
1787664524.504885, NoOp Chain Depth 128 Size 0 Mode ref, Ref Stage 77, run, start, 9783590342944294
1787664524.504908, NoOp Chain Depth 128 Size 0 Mode ref, Ref Stage 77, run, end, 9783590342967174
1787664524.504920, NoOp Chain Depth 128 Size 0 Mode ref, Ref Stage 78, run, start, 9783590342979398
1787664524.504957, NoOp Chain Depth 128 Size 0 Mode ref, Ref Stage 78, run, end, 9783590343016182
1787664524.504968, NoOp Chain Depth 128 Size 0 Mode ref, Ref Stage 79, run, start, 9783590343027782
1787664524.505003, NoOp Chain Depth 128 Size 0 Mode ref, Ref Stage 79, run, end, 9783590343062854
1787664524.505015, NoOp Chain Depth 128 Size 0 Mode ref, Ref Stage 80, run, start, 9783590343074566
1787664524.505046, NoOp Chain Depth 128 Size 0 Mode ref, Ref Stage 80, run, end, 9783590343105254
1787664524.505060, NoOp Chain Depth 128 Size 0 Mode ref, Ref Stage 81, run, start, 9783590343119478
1787664524.505081, NoOp Chain Depth 128 Size 0 Mode ref, Ref Stage 81, run, end, 9783590343140342
1787664524.505096, NoOp Chain Depth 128 Size 0 Mode ref, Ref Stage 82, run, start, 9783590343155862
1787664524.505117, NoOp Chain Depth 128 Size 0 Mode ref, Ref Stage 82, run, end, 9783590343176438
1787664524.505131, NoOp Chain Depth 128 Size 0 Mode ref, Ref Stage 83, run, start, 9783590343190854
1787664524.505155, NoOp Chain Depth 128 Size 0 Mode ref, Ref Stage 83, run, end, 9783590343214534
1787664524.505170, NoOp Chain Depth 128 Size 0 Mode ref, Ref Stage 84, run, start, 9783590343228950
1787664524.505191, NoOp Chain Depth 128 Size 0 Mode ref, Ref Stage 84, run, end, 9783590343250214
1787664524.505206, NoOp Chain Depth 128 Size 0 Mode ref, Ref Stage 85, run, start, 9783590343265238
1787664524.505227, NoOp Chain Depth 128 Size 0 Mode ref, Ref Stage 85, run, end, 9783590343285718
1787664524.505241, NoOp Chain Depth 128 Size 0 Mode ref, Ref Stage 86, run, start, 9783590343300118
1787664524.505261, NoOp Chain Depth 128 Size 0 Mode ref, Ref Stage 86, run, end, 9783590343320582
1787664524.505278, NoOp Chain Depth 128 Size 0 Mode ref, Ref Stage 87, run, start, 9783590343337110
1787664524.505298, NoOp Chain Depth 128 Size 0 Mode ref, Ref Stage 87, run, end, 9783590343357558
1787664524.505313, NoOp Chain Depth 128 Size 0 Mode ref, Ref Stage 88, run, start, 9783590343371926
1787664524.505333, NoOp Chain Depth 128 Size 0 Mode ref, Ref Stage 88, run, end, 9783590343392790
1787664524.505348, NoOp Chain Depth 128 Size 0 Mode ref, Ref Stage 89, run, start, 9783590343407030
1787664524.505369, NoOp Chain Depth 128 Size 0 Mode ref, Ref Stage 89, run, end, 9783590343428358
1787664524.505383, NoOp Chain Depth 128 Size 0 Mode ref, Ref Stage 90, run, start, 9783590343442646
1787664524.505404, NoOp Chain Depth 128 Size 0 Mode ref, Ref Stage 90, run, end, 9783590343463126
1787664524.505418, NoOp Chain Depth 128 Size 0 Mode ref, Ref Stage 91, run, start, 9783590343477510
1787664524.505440, NoOp Chain Depth 128 Size 0 Mode ref, Ref Stage 91, run, end, 9783590343499718
1787664524.505455, NoOp Chain Depth 128 Size 0 Mode ref, Ref Stage 92, run, start, 9783590343514006
1787664524.505475, NoOp Chain Depth 128 Size 0 Mode ref, Ref Stage 92, run, end, 9783590343534470
1787664524.505490, NoOp Chain Depth 128 Size 0 Mode ref, Ref Stage 93, run, start, 9783590343549526
1787664524.505513, NoOp Chain Depth 128 Size 0 Mode ref, Ref Stage 93, run, end, 9783590343572550
1787664524.505525, NoOp Chain Depth 128 Size 0 Mode ref, Ref Stage 94, run, start, 9783590343584230
1787664524.505954, NoOp Chain Depth 128 Size 0 Mode ref, Ref Stage 94, run, end, 9783590344013573
1787664524.505968, NoOp Chain Depth 128 Size 0 Mode ref, Ref Stage 95, run, start, 9783590344027109
1787664524.506115, NoOp Chain Depth 128 Size 0 Mode ref, Ref Stage 95, run, end, 9783590344174805
1787664524.506130, NoOp Chain Depth 128 Size 0 Mode ref, Ref Stage 96, run, start, 9783590344189749
1787664524.506152, NoOp Chain Depth 128 Size 0 Mode ref, Ref Stage 96, run, end, 9783590344210901
1787664524.506166, NoOp Chain Depth 128 Size 0 Mode ref, Ref Stage 97, run, start, 9783590344225429
1787664524.506187, NoOp Chain Depth 128 Size 0 Mode ref, Ref Stage 97, run, end, 9783590344246501
1787664524.506202, NoOp Chain Depth 128 Size 0 Mode ref, Ref Stage 98, run, start, 9783590344261285
1787664524.506223, NoOp Chain Depth 128 Size 0 Mode ref, Ref Stage 98, run, end, 9783590344282165
1787664524.506237, NoOp Chain Depth 128 Size 0 Mode ref, Ref Stage 99, run, start, 9783590344296645
1787664524.506258, NoOp Chain Depth 128 Size 0 Mode ref, Ref Stage 99, run, end, 9783590344317541
1787664524.506273, NoOp Chain Depth 128 Size 0 Mode ref, Ref Stage 100, run, start, 9783590344332101
1787664524.506294, NoOp Chain Depth 128 Size 0 Mode ref, Ref Stage 100, run, end, 9783590344352901
1787664524.506310, NoOp Chain Depth 128 Size 0 Mode ref, Ref Stage 101, run, start, 9783590344369349
1787664524.506331, NoOp Chain Depth 128 Size 0 Mode ref, Ref Stage 101, run, end, 9783590344390469
1787664524.506346, NoOp Chain Depth 128 Size 0 Mode ref, Ref Stage 102, run, start, 9783590344404965
1787664524.506366, NoOp Chain Depth 128 Size 0 Mode ref, Ref Stage 102, run, end, 9783590344426805
1787664524.506382, NoOp Chain Depth 128 Size 0 Mode ref, Ref Stage 103, run, start, 9783590344441269
1787664524.506403, NoOp Chain Depth 128 Size 0 Mode ref, Ref Stage 103, run, end, 9783590344462053
1787664524.506417, NoOp Chain Depth 128 Size 0 Mode ref, Ref Stage 104, run, start, 9783590344476517
1787664524.506440, NoOp Chain Depth 128 Size 0 Mode ref, Ref Stage 104, run, end, 9783590344499573
1787664524.506452, NoOp Chain Depth 128 Size 0 Mode ref, Ref Stage 105, run, start, 9783590344511285
1787664524.506484, NoOp Chain Depth 128 Size 0 Mode ref, Ref Stage 105, run, end, 9783590344543413
1787664524.506499, NoOp Chain Depth 128 Size 0 Mode ref, Ref Stage 106, run, start, 9783590344558597
1787664524.506520, NoOp Chain Depth 128 Size 0 Mode ref, Ref Stage 106, run, end, 9783590344579525
1787664524.506535, NoOp Chain Depth 128 Size 0 Mode ref, Ref Stage 107, run, start, 9783590344594021
1787664524.506557, NoOp Chain Depth 128 Size 0 Mode ref, Ref Stage 107, run, end, 9783590344616309
1787664524.506569, NoOp Chain Depth 128 Size 0 Mode ref, Ref Stage 108, run, start, 9783590344627877
1787664524.506601, NoOp Chain Depth 128 Size 0 Mode ref, Ref Stage 108, run, end, 9783590344660213
1787664524.506616, NoOp Chain Depth 128 Size 0 Mode ref, Ref Stage 109, run, start, 9783590344674997
1787664524.506637, NoOp Chain Depth 128 Size 0 Mode ref, Ref Stage 109, run, end, 9783590344695941
1787664524.506651, NoOp Chain Depth 128 Size 0 Mode ref, Ref Stage 110, run, start, 9783590344710389
1787664524.506675, NoOp Chain Depth 128 Size 0 Mode ref, Ref Stage 110, run, end, 9783590344733829
1787664524.506689, NoOp Chain Depth 128 Size 0 Mode ref, Ref Stage 111, run, start, 9783590344748101
1787664524.506711, NoOp Chain Depth 128 Size 0 Mode ref, Ref Stage 111, run, end, 9783590344769861
1787664524.506725, NoOp Chain Depth 128 Size 0 Mode ref, Ref Stage 112, run, start, 9783590344784357
1787664524.506746, NoOp Chain Depth 128 Size 0 Mode ref, Ref Stage 112, run, end, 9783590344804901
1787664524.506760, NoOp Chain Depth 128 Size 0 Mode ref, Ref Stage 113, run, start, 9783590344819253
1787664524.506780, NoOp Chain Depth 128 Size 0 Mode ref, Ref Stage 113, run, end, 9783590344839685
1787664524.506795, NoOp Chain Depth 128 Size 0 Mode ref, Ref Stage 114, run, start, 9783590344854213
1787664524.506815, NoOp Chain Depth 128 Size 0 Mode ref, Ref Stage 114, run, end, 9783590344874757
1787664524.506830, NoOp Chain Depth 128 Size 0 Mode ref, Ref Stage 115, run, start, 9783590344888837
1787664524.506853, NoOp Chain Depth 128 Size 0 Mode ref, Ref Stage 115, run, end, 9783590344912149
1787664524.506868, NoOp Chain Depth 128 Size 0 Mode ref, Ref Stage 116, run, start, 9783590344927317
1787664524.506889, NoOp Chain Depth 128 Size 0 Mode ref, Ref Stage 116, run, end, 9783590344947941
1787664524.506904, NoOp Chain Depth 128 Size 0 Mode ref, Ref Stage 117, run, start, 9783590344963541
1787664524.506927, NoOp Chain Depth 128 Size 0 Mode ref, Ref Stage 117, run, end, 9783590344986565
1787664524.507255, NoOp Chain Depth 128 Size 0 Mode ref, Ref Stage 118, run, start, 9783590345314740
1787664524.507279, NoOp Chain Depth 128 Size 0 Mode ref, Ref Stage 118, run, end, 9783590345338148
1787664524.507400, NoOp Chain Depth 128 Size 0 Mode ref, Ref Stage 119, run, start, 9783590345459172
1787664524.507422, NoOp Chain Depth 128 Size 0 Mode ref, Ref Stage 119, run, end, 9783590345481460
1787664524.507437, NoOp Chain Depth 128 Size 0 Mode ref, Ref Stage 120, run, start, 9783590345496548
1787664524.507458, NoOp Chain Depth 128 Size 0 Mode ref, Ref Stage 120, run, end, 9783590345517940
1787664524.507473, NoOp Chain Depth 128 Size 0 Mode ref, Ref Stage 121, run, start, 9783590345532756
1787664524.507495, NoOp Chain Depth 128 Size 0 Mode ref, Ref Stage 121, run, end, 9783590345554196
1787664524.507509, NoOp Chain Depth 128 Size 0 Mode ref, Ref Stage 122, run, start, 9783590345568852
1787664524.507532, NoOp Chain Depth 128 Size 0 Mode ref, Ref Stage 122, run, end, 9783590345591300
1787664524.507544, NoOp Chain Depth 128 Size 0 Mode ref, Ref Stage 123, run, start, 9783590345603124
1787664524.507575, NoOp Chain Depth 128 Size 0 Mode ref, Ref Stage 123, run, end, 9783590345633748
1787664524.507589, NoOp Chain Depth 128 Size 0 Mode ref, Ref Stage 124, run, start, 9783590345648340
1787664524.507610, NoOp Chain Depth 128 Size 0 Mode ref, Ref Stage 124, run, end, 9783590345669540
1787664524.507625, NoOp Chain Depth 128 Size 0 Mode ref, Ref Stage 125, run, start, 9783590345684132
1787664524.507650, NoOp Chain Depth 128 Size 0 Mode ref, Ref Stage 125, run, end, 9783590345709380
1787664524.507662, NoOp Chain Depth 128 Size 0 Mode ref, Ref Stage 126, run, start, 9783590345721156
1787664524.507694, NoOp Chain Depth 128 Size 0 Mode ref, Ref Stage 126, run, end, 9783590345753108
1787664524.507709, NoOp Chain Depth 128 Size 0 Mode ref, Ref Stage 127, run, start, 9783590345768116
1787664524.507730, NoOp Chain Depth 128 Size 0 Mode ref, Ref Stage 127, run, end, 9783590345788868
1787664524.507746, NoOp Chain Depth 128 Size 0 Mode ref, pipeline - train, run, end, 186349488124316510771708348261564768754, 1787664524.501492, 99, 1, 9783590345804996
1787664524.507783, NoOp Chain Depth 128 Size 0 Mode ref, pipeline - train, run, start, 22545038309345948136730546139200398606, 1787664524.507771, 100, 1, 9783590345842532
1787664524.507806, NoOp Chain Depth 128 Size 0 Mode ref, Ref Stage 0, run, start, 9783590345865060
1787664524.507828, NoOp Chain Depth 128 Size 0 Mode ref, Ref Stage 0, run, end, 9783590345886740
1787664524.507843, NoOp Chain Depth 128 Size 0 Mode ref, Ref Stage 1, run, start, 9783590345902420
1787664524.507866, NoOp Chain Depth 128 Size 0 Mode ref, Ref Stage 1, run, end, 9783590345924964
1787664524.507877, NoOp Chain Depth 128 Size 0 Mode ref, Ref Stage 2, run, start, 9783590345936628
1787664524.507911, NoOp Chain Depth 128 Size 0 Mode ref, Ref Stage 2, run, end, 9783590345970244
1787664524.507923, NoOp Chain Depth 128 Size 0 Mode ref, Ref Stage 3, run, start, 9783590345981988
1787664524.507956, NoOp Chain Depth 128 Size 0 Mode ref, Ref Stage 3, run, end, 9783590346015012
1787664524.507971, NoOp Chain Depth 128 Size 0 Mode ref, Ref Stage 4, run, start, 9783590346030452
1787664524.507992, NoOp Chain Depth 128 Size 0 Mode ref, Ref Stage 4, run, end, 9783590346051700
1787664524.508008, NoOp Chain Depth 128 Size 0 Mode ref, Ref Stage 5, run, start, 9783590346066964
1787664524.508029, NoOp Chain Depth 128 Size 0 Mode ref, Ref Stage 5, run, end, 9783590346087828
1787664524.508053, NoOp Chain Depth 128 Size 0 Mode ref, Ref Stage 6, run, start, 9783590346112628
1787664524.508074, NoOp Chain Depth 128 Size 0 Mode ref, Ref Stage 6, run, end, 9783590346134180
1787664524.508089, NoOp Chain Depth 128 Size 0 Mode ref, Ref Stage 7, run, start, 9783590346148676
1787664524.508111, NoOp Chain Depth 128 Size 0 Mode ref, Ref Stage 7, run, end, 9783590346170292
1787664524.508125, NoOp Chain Depth 128 Size 0 Mode ref, Ref Stage 8, run, start, 9783590346184548
1787664524.508146, NoOp Chain Depth 128 Size 0 Mode ref, Ref Stage 8, run, end, 9783590346205188
1787664524.508160, NoOp Chain Depth 128 Size 0 Mode ref, Ref Stage 9, run, start, 9783590346219428
1787664524.508181, NoOp Chain Depth 128 Size 0 Mode ref, Ref Stage 9, run, end, 9783590346239972
1787664524.508196, NoOp Chain Depth 128 Size 0 Mode ref, Ref Stage 10, run, start, 9783590346254884
1787664524.508220, NoOp Chain Depth 128 Size 0 Mode ref, Ref Stage 10, run, end, 9783590346278804
1787664524.508231, NoOp Chain Depth 128 Size 0 Mode ref, Ref Stage 11, run, start, 9783590346290644
1787664524.508262, NoOp Chain Depth 128 Size 0 Mode ref, Ref Stage 11, run, end, 9783590346321220
1787664524.508276, NoOp Chain Depth 128 Size 0 Mode ref, Ref Stage 12, run, start, 9783590346335668
1787664524.508298, NoOp Chain Depth 128 Size 0 Mode ref, Ref Stage 12, run, end, 9783590346357172
1787664524.508312, NoOp Chain Depth 128 Size 0 Mode ref, Ref Stage 13, run, start, 9783590346371540
1787664524.508333, NoOp Chain Depth 128 Size 0 Mode ref, Ref Stage 13, run, end, 9783590346392388
1787664524.508347, NoOp Chain Depth 128 Size 0 Mode ref, Ref Stage 14, run, start, 9783590346406548
1787664524.508369, NoOp Chain Depth 128 Size 0 Mode ref, Ref Stage 14, run, end, 9783590346428228
1787664524.508383, NoOp Chain Depth 128 Size 0 Mode ref, Ref Stage 15, run, start, 9783590346442548
1787664524.508404, NoOp Chain Depth 128 Size 0 Mode ref, Ref Stage 15, run, end, 9783590346463044
1787664524.508418, NoOp Chain Depth 128 Size 0 Mode ref, Ref Stage 16, run, start, 9783590346477316
1787664524.508439, NoOp Chain Depth 128 Size 0 Mode ref, Ref Stage 16, run, end, 9783590346498068
1787664524.508453, NoOp Chain Depth 128 Size 0 Mode ref, Ref Stage 17, run, start, 9783590346512292
1787664524.508474, NoOp Chain Depth 128 Size 0 Mode ref, Ref Stage 17, run, end, 9783590346532660
1787664524.508489, NoOp Chain Depth 128 Size 0 Mode ref, Ref Stage 18, run, start, 9783590346548100
1787664524.508510, NoOp Chain Depth 128 Size 0 Mode ref, Ref Stage 18, run, end, 9783590346569668
1787664524.508525, NoOp Chain Depth 128 Size 0 Mode ref, Ref Stage 19, run, start, 9783590346584212
1787664524.508547, NoOp Chain Depth 128 Size 0 Mode ref, Ref Stage 19, run, end, 9783590346605924
1787664524.508562, NoOp Chain Depth 128 Size 0 Mode ref, Ref Stage 20, run, start, 9783590346621028
1787664524.508649, NoOp Chain Depth 128 Size 0 Mode ref, Ref Stage 20, run, end, 9783590346708596
1787664524.509176, NoOp Chain Depth 128 Size 0 Mode ref, Ref Stage 21, run, start, 9783590347236979
1787664524.509204, NoOp Chain Depth 128 Size 0 Mode ref, Ref Stage 21, run, end, 9783590347263779
1787664524.509220, NoOp Chain Depth 128 Size 0 Mode ref, Ref Stage 22, run, start, 9783590347279283
1787664524.509242, NoOp Chain Depth 128 Size 0 Mode ref, Ref Stage 22, run, end, 9783590347301203
1787664524.509257, NoOp Chain Depth 128 Size 0 Mode ref, Ref Stage 23, run, start, 9783590347315955
1787664524.509278, NoOp Chain Depth 128 Size 0 Mode ref, Ref Stage 23, run, end, 9783590347336899
1787664524.509292, NoOp Chain Depth 128 Size 0 Mode ref, Ref Stage 24, run, start, 9783590347351459
1787664524.509313, NoOp Chain Depth 128 Size 0 Mode ref, Ref Stage 24, run, end, 9783590347372579
1787664524.509328, NoOp Chain Depth 128 Size 0 Mode ref, Ref Stage 25, run, start, 9783590347387043
1787664524.509349, NoOp Chain Depth 128 Size 0 Mode ref, Ref Stage 25, run, end, 9783590347408163
1787664524.509363, NoOp Chain Depth 128 Size 0 Mode ref, Ref Stage 26, run, start, 9783590347422803
1787664524.509385, NoOp Chain Depth 128 Size 0 Mode ref, Ref Stage 26, run, end, 9783590347444211
1787664524.509405, NoOp Chain Depth 128 Size 0 Mode ref, Ref Stage 27, run, start, 9783590347464595
1787664524.509427, NoOp Chain Depth 128 Size 0 Mode ref, Ref Stage 27, run, end, 9783590347485971
1787664524.509443, NoOp Chain Depth 128 Size 0 Mode ref, Ref Stage 28, run, start, 9783590347502211
1787664524.509464, NoOp Chain Depth 128 Size 0 Mode ref, Ref Stage 28, run, end, 9783590347523107
1787664524.509479, NoOp Chain Depth 128 Size 0 Mode ref, Ref Stage 29, run, start, 9783590347538531
1787664524.509501, NoOp Chain Depth 128 Size 0 Mode ref, Ref Stage 29, run, end, 9783590347560323
1787664524.509516, NoOp Chain Depth 128 Size 0 Mode ref, Ref Stage 30, run, start, 9783590347574915
1787664524.509537, NoOp Chain Depth 128 Size 0 Mode ref, Ref Stage 30, run, end, 9783590347595779
1787664524.509551, NoOp Chain Depth 128 Size 0 Mode ref, Ref Stage 31, run, start, 9783590347610371
1787664524.509572, NoOp Chain Depth 128 Size 0 Mode ref, Ref Stage 31, run, end, 9783590347630835
1787664524.509586, NoOp Chain Depth 128 Size 0 Mode ref, Ref Stage 32, run, start, 9783590347645299
1787664524.509607, NoOp Chain Depth 128 Size 0 Mode ref, Ref Stage 32, run, end, 9783590347666323
1787664524.509622, NoOp Chain Depth 128 Size 0 Mode ref, Ref Stage 33, run, start, 9783590347680835
1787664524.509642, NoOp Chain Depth 128 Size 0 Mode ref, Ref Stage 33, run, end, 9783590347701539
1787664524.509657, NoOp Chain Depth 128 Size 0 Mode ref, Ref Stage 34, run, start, 9783590347715955
1787664524.509678, NoOp Chain Depth 128 Size 0 Mode ref, Ref Stage 34, run, end, 9783590347737331
1787664524.509693, NoOp Chain Depth 128 Size 0 Mode ref, Ref Stage 35, run, start, 9783590347751987
1787664524.509713, NoOp Chain Depth 128 Size 0 Mode ref, Ref Stage 35, run, end, 9783590347772595
1787664524.509727, NoOp Chain Depth 128 Size 0 Mode ref, Ref Stage 36, run, start, 9783590347786835
1787664524.509748, NoOp Chain Depth 128 Size 0 Mode ref, Ref Stage 36, run, end, 9783590347807411
1787664524.509762, NoOp Chain Depth 128 Size 0 Mode ref, Ref Stage 37, run, start, 9783590347821539
1787664524.509783, NoOp Chain Depth 128 Size 0 Mode ref, Ref Stage 37, run, end, 9783590347842243
1787664524.509797, NoOp Chain Depth 128 Size 0 Mode ref, Ref Stage 38, run, start, 9783590347856707
1787664524.509819, NoOp Chain Depth 128 Size 0 Mode ref, Ref Stage 38, run, end, 9783590347878211
1787664524.509834, NoOp Chain Depth 128 Size 0 Mode ref, Ref Stage 39, run, start, 9783590347892659
1787664524.509856, NoOp Chain Depth 128 Size 0 Mode ref, Ref Stage 39, run, end, 9783590347915043
1787664524.509871, NoOp Chain Depth 128 Size 0 Mode ref, Ref Stage 40, run, start, 9783590347930291
1787664524.509894, NoOp Chain Depth 128 Size 0 Mode ref, Ref Stage 40, run, end, 9783590347953443
1787664524.509909, NoOp Chain Depth 128 Size 0 Mode ref, Ref Stage 41, run, start, 9783590347968099
1787664524.509930, NoOp Chain Depth 128 Size 0 Mode ref, Ref Stage 41, run, end, 9783590347988979
1787664524.509946, NoOp Chain Depth 128 Size 0 Mode ref, Ref Stage 42, run, start, 9783590348005251
1787664524.509967, NoOp Chain Depth 128 Size 0 Mode ref, Ref Stage 42, run, end, 9783590348026451
1787664524.509982, NoOp Chain Depth 128 Size 0 Mode ref, Ref Stage 43, run, start, 9783590348040979
1787664524.510003, NoOp Chain Depth 128 Size 0 Mode ref, Ref Stage 43, run, end, 9783590348062499
1787664524.510018, NoOp Chain Depth 128 Size 0 Mode ref, Ref Stage 44, run, start, 9783590348076755
1787664524.510039, NoOp Chain Depth 128 Size 0 Mode ref, Ref Stage 44, run, end, 9783590348098003
1787664524.510053, NoOp Chain Depth 128 Size 0 Mode ref, Ref Stage 45, run, start, 9783590348112339
1787664524.510074, NoOp Chain Depth 128 Size 0 Mode ref, Ref Stage 45, run, end, 9783590348132851
1787664524.510088, NoOp Chain Depth 128 Size 0 Mode ref, Ref Stage 46, run, start, 9783590348147299
1787664524.510110, NoOp Chain Depth 128 Size 0 Mode ref, Ref Stage 46, run, end, 9783590348169699
1787664524.510123, NoOp Chain Depth 128 Size 0 Mode ref, Ref Stage 47, run, start, 9783590348181811
1787664524.510157, NoOp Chain Depth 128 Size 0 Mode ref, Ref Stage 47, run, end, 9783590348216035
1787664524.510168, NoOp Chain Depth 128 Size 0 Mode ref, Ref Stage 48, run, start, 9783590348227651
1787664524.510199, NoOp Chain Depth 128 Size 0 Mode ref, Ref Stage 48, run, end, 9783590348258211
1787664524.510213, NoOp Chain Depth 128 Size 0 Mode ref, Ref Stage 49, run, start, 9783590348272563
1787664524.510234, NoOp Chain Depth 128 Size 0 Mode ref, Ref Stage 49, run, end, 9783590348293187
1787664524.510248, NoOp Chain Depth 128 Size 0 Mode ref, Ref Stage 50, run, start, 9783590348307491
1787664524.510270, NoOp Chain Depth 128 Size 0 Mode ref, Ref Stage 50, run, end, 9783590348329298
1787664524.510285, NoOp Chain Depth 128 Size 0 Mode ref, Ref Stage 51, run, start, 9783590348343762
1787664524.510306, NoOp Chain Depth 128 Size 0 Mode ref, Ref Stage 51, run, end, 9783590348365394
1787664524.510321, NoOp Chain Depth 128 Size 0 Mode ref, Ref Stage 52, run, start, 9783590348379858
1787664524.510342, NoOp Chain Depth 128 Size 0 Mode ref, Ref Stage 52, run, end, 9783590348401490
1787664524.510357, NoOp Chain Depth 128 Size 0 Mode ref, Ref Stage 53, run, start, 9783590348415922
1787664524.510378, NoOp Chain Depth 128 Size 0 Mode ref, Ref Stage 53, run, end, 9783590348436882
1787664524.510393, NoOp Chain Depth 128 Size 0 Mode ref, Ref Stage 54, run, start, 9783590348451954
1787664524.510415, NoOp Chain Depth 128 Size 0 Mode ref, Ref Stage 54, run, end, 9783590348473890
1787664524.510429, NoOp Chain Depth 128 Size 0 Mode ref, Ref Stage 55, run, start, 9783590348488162
1787664524.510450, NoOp Chain Depth 128 Size 0 Mode ref, Ref Stage 55, run, end, 9783590348509314
1787664524.510465, NoOp Chain Depth 128 Size 0 Mode ref, Ref Stage 56, run, start, 9783590348524354
1787664524.510487, NoOp Chain Depth 128 Size 0 Mode ref, Ref Stage 56, run, end, 9783590348546274
1787664524.510501, NoOp Chain Depth 128 Size 0 Mode ref, Ref Stage 57, run, start, 9783590348560610
1787664524.510523, NoOp Chain Depth 128 Size 0 Mode ref, Ref Stage 57, run, end, 9783590348582130
1787664524.510537, NoOp Chain Depth 128 Size 0 Mode ref, Ref Stage 58, run, start, 9783590348596306
1787664524.510557, NoOp Chain Depth 128 Size 0 Mode ref, Ref Stage 58, run, end, 9783590348616722
1787664524.510572, NoOp Chain Depth 128 Size 0 Mode ref, Ref Stage 59, run, start, 9783590348630978
1787664524.510592, NoOp Chain Depth 128 Size 0 Mode ref, Ref Stage 59, run, end, 9783590348651378
1787664524.510606, NoOp Chain Depth 128 Size 0 Mode ref, Ref Stage 60, run, start, 9783590348665730
1787664524.510629, NoOp Chain Depth 128 Size 0 Mode ref, Ref Stage 60, run, end, 9783590348688562
1787664524.510641, NoOp Chain Depth 128 Size 0 Mode ref, Ref Stage 61, run, start, 9783590348700226
1787664524.510672, NoOp Chain Depth 128 Size 0 Mode ref, Ref Stage 61, run, end, 9783590348731586
1787664524.510686, NoOp Chain Depth 128 Size 0 Mode ref, Ref Stage 62, run, start, 9783590348745858
1787664524.510709, NoOp Chain Depth 128 Size 0 Mode ref, Ref Stage 62, run, end, 9783590348767874
1787664524.510723, NoOp Chain Depth 128 Size 0 Mode ref, Ref Stage 63, run, start, 9783590348782242
1787664524.510744, NoOp Chain Depth 128 Size 0 Mode ref, Ref Stage 63, run, end, 9783590348802962
1787664524.510758, NoOp Chain Depth 128 Size 0 Mode ref, Ref Stage 64, run, start, 9783590348817298
1787664524.510779, NoOp Chain Depth 128 Size 0 Mode ref, Ref Stage 64, run, end, 9783590348838050
1787664524.510793, NoOp Chain Depth 128 Size 0 Mode ref, Ref Stage 65, run, start, 9783590348852546
1787664524.510814, NoOp Chain Depth 128 Size 0 Mode ref, Ref Stage 65, run, end, 9783590348873058
1787664524.510829, NoOp Chain Depth 128 Size 0 Mode ref, Ref Stage 66, run, start, 9783590348888018
1787664524.510849, NoOp Chain Depth 128 Size 0 Mode ref, Ref Stage 66, run, end, 9783590348908498
1787664524.510865, NoOp Chain Depth 128 Size 0 Mode ref, Ref Stage 67, run, start, 9783590348924786
1787664524.510886, NoOp Chain Depth 128 Size 0 Mode ref, Ref Stage 67, run, end, 9783590348945266
1787664524.510900, NoOp Chain Depth 128 Size 0 Mode ref, Ref Stage 68, run, start, 9783590348959634
1787664524.512955, NoOp Chain Depth 128 Size 0 Mode ref, Ref Stage 68, run, end, 9783590351015649
1787664524.513458, NoOp Chain Depth 128 Size 0 Mode ref, Ref Stage 69, run, start, 9783590351518320
1787664524.513484, NoOp Chain Depth 128 Size 0 Mode ref, Ref Stage 69, run, end, 9783590351543504
1787664524.513500, NoOp Chain Depth 128 Size 0 Mode ref, Ref Stage 70, run, start, 9783590351558832
1787664524.513521, NoOp Chain Depth 128 Size 0 Mode ref, Ref Stage 70, run, end, 9783590351580032
1787664524.513535, NoOp Chain Depth 128 Size 0 Mode ref, Ref Stage 71, run, start, 9783590351594576
1787664524.513556, NoOp Chain Depth 128 Size 0 Mode ref, Ref Stage 71, run, end, 9783590351615584
1787664524.513571, NoOp Chain Depth 128 Size 0 Mode ref, Ref Stage 72, run, start, 9783590351630112
1787664524.513592, NoOp Chain Depth 128 Size 0 Mode ref, Ref Stage 72, run, end, 9783590351651200
1787664524.513606, NoOp Chain Depth 128 Size 0 Mode ref, Ref Stage 73, run, start, 9783590351665600
1787664524.513627, NoOp Chain Depth 128 Size 0 Mode ref, Ref Stage 73, run, end, 9783590351686496
1787664524.513642, NoOp Chain Depth 128 Size 0 Mode ref, Ref Stage 74, run, start, 9783590351701008
1787664524.513664, NoOp Chain Depth 128 Size 0 Mode ref, Ref Stage 74, run, end, 9783590351723600
1787664524.513676, NoOp Chain Depth 128 Size 0 Mode ref, Ref Stage 75, run, start, 9783590351735456
1787664524.513707, NoOp Chain Depth 128 Size 0 Mode ref, Ref Stage 75, run, end, 9783590351766448
1787664524.513722, NoOp Chain Depth 128 Size 0 Mode ref, Ref Stage 76, run, start, 9783590351780880
1787664524.513743, NoOp Chain Depth 128 Size 0 Mode ref, Ref Stage 76, run, end, 9783590351801808
1787664524.513757, NoOp Chain Depth 128 Size 0 Mode ref, Ref Stage 77, run, start, 9783590351816320
1787664524.513778, NoOp Chain Depth 128 Size 0 Mode ref, Ref Stage 77, run, end, 9783590351836896
1787664524.513793, NoOp Chain Depth 128 Size 0 Mode ref, Ref Stage 78, run, start, 9783590351852208
1787664524.513906, NoOp Chain Depth 128 Size 0 Mode ref, Ref Stage 78, run, end, 9783590351966384
1787664524.514033, NoOp Chain Depth 128 Size 0 Mode ref, Ref Stage 79, run, start, 9783590352092944
1787664524.514059, NoOp Chain Depth 128 Size 0 Mode ref, Ref Stage 79, run, end, 9783590352118128
1787664524.514071, NoOp Chain Depth 128 Size 0 Mode ref, Ref Stage 80, run, start, 9783590352130064
1787664524.514102, NoOp Chain Depth 128 Size 0 Mode ref, Ref Stage 80, run, end, 9783590352161584
1787664524.514117, NoOp Chain Depth 128 Size 0 Mode ref, Ref Stage 81, run, start, 9783590352176208
1787664524.514138, NoOp Chain Depth 128 Size 0 Mode ref, Ref Stage 81, run, end, 9783590352197568
1787664524.514153, NoOp Chain Depth 128 Size 0 Mode ref, Ref Stage 82, run, start, 9783590352212144
1787664524.514174, NoOp Chain Depth 128 Size 0 Mode ref, Ref Stage 82, run, end, 9783590352232912
1787664524.514188, NoOp Chain Depth 128 Size 0 Mode ref, Ref Stage 83, run, start, 9783590352247072
1787664524.514209, NoOp Chain Depth 128 Size 0 Mode ref, Ref Stage 83, run, end, 9783590352267792
1787664524.514223, NoOp Chain Depth 128 Size 0 Mode ref, Ref Stage 84, run, start, 9783590352282288
1787664524.514244, NoOp Chain Depth 128 Size 0 Mode ref, Ref Stage 84, run, end, 9783590352302912
1787664524.514258, NoOp Chain Depth 128 Size 0 Mode ref, Ref Stage 85, run, start, 9783590352317424
1787664524.514279, NoOp Chain Depth 128 Size 0 Mode ref, Ref Stage 85, run, end, 9783590352337920
1787664524.514293, NoOp Chain Depth 128 Size 0 Mode ref, Ref Stage 86, run, start, 9783590352352160
1787664524.514314, NoOp Chain Depth 128 Size 0 Mode ref, Ref Stage 86, run, end, 9783590352372944
1787664524.514328, NoOp Chain Depth 128 Size 0 Mode ref, Ref Stage 87, run, start, 9783590352387168
1787664524.514348, NoOp Chain Depth 128 Size 0 Mode ref, Ref Stage 87, run, end, 9783590352407488
1787664524.514363, NoOp Chain Depth 128 Size 0 Mode ref, Ref Stage 88, run, start, 9783590352422000
1787664524.514385, NoOp Chain Depth 128 Size 0 Mode ref, Ref Stage 88, run, end, 9783590352444064
1787664524.514396, NoOp Chain Depth 128 Size 0 Mode ref, Ref Stage 89, run, start, 9783590352455728
1787664524.514430, NoOp Chain Depth 128 Size 0 Mode ref, Ref Stage 89, run, end, 9783590352489312
1787664524.514445, NoOp Chain Depth 128 Size 0 Mode ref, Ref Stage 90, run, start, 9783590352503920
1787664524.514466, NoOp Chain Depth 128 Size 0 Mode ref, Ref Stage 90, run, end, 9783590352524832
1787664524.514480, NoOp Chain Depth 128 Size 0 Mode ref, Ref Stage 91, run, start, 9783590352539264
1787664524.514500, NoOp Chain Depth 128 Size 0 Mode ref, Ref Stage 91, run, end, 9783590352559552
1787664524.514516, NoOp Chain Depth 128 Size 0 Mode ref, Ref Stage 92, run, start, 9783590352574944
1787664524.514536, NoOp Chain Depth 128 Size 0 Mode ref, Ref Stage 92, run, end, 9783590352595616
1787664524.514551, NoOp Chain Depth 128 Size 0 Mode ref, Ref Stage 93, run, start, 9783590352610160
1787664524.514572, NoOp Chain Depth 128 Size 0 Mode ref, Ref Stage 93, run, end, 9783590352630960
1787664524.514586, NoOp Chain Depth 128 Size 0 Mode ref, Ref Stage 94, run, start, 9783590352645216
1787664524.514607, NoOp Chain Depth 128 Size 0 Mode ref, Ref Stage 94, run, end, 9783590352666160
1787664524.514621, NoOp Chain Depth 128 Size 0 Mode ref, Ref Stage 95, run, start, 9783590352680416
1787664524.514644, NoOp Chain Depth 128 Size 0 Mode ref, Ref Stage 95, run, end, 9783590352702944
1787664524.514655, NoOp Chain Depth 128 Size 0 Mode ref, Ref Stage 96, run, start, 9783590352714640
1787664524.514686, NoOp Chain Depth 128 Size 0 Mode ref, Ref Stage 96, run, end, 9783590352745520
1787664524.514701, NoOp Chain Depth 128 Size 0 Mode ref, Ref Stage 97, run, start, 9783590352759936
1787664524.514721, NoOp Chain Depth 128 Size 0 Mode ref, Ref Stage 97, run, end, 9783590352780496
1787664524.514735, NoOp Chain Depth 128 Size 0 Mode ref, Ref Stage 98, run, start, 9783590352794768
1787664524.514757, NoOp Chain Depth 128 Size 0 Mode ref, Ref Stage 98, run, end, 9783590352816160
1787664524.514771, NoOp Chain Depth 128 Size 0 Mode ref, Ref Stage 99, run, start, 9783590352830624
1787664524.514795, NoOp Chain Depth 128 Size 0 Mode ref, Ref Stage 99, run, end, 9783590352854079
1787664524.514809, NoOp Chain Depth 128 Size 0 Mode ref, Ref Stage 100, run, start, 9783590352868671
1787664524.514830, NoOp Chain Depth 128 Size 0 Mode ref, Ref Stage 100, run, end, 9783590352889663
1787664524.514845, NoOp Chain Depth 128 Size 0 Mode ref, Ref Stage 101, run, start, 9783590352903967
1787664524.514866, NoOp Chain Depth 128 Size 0 Mode ref, Ref Stage 101, run, end, 9783590352925775
1787664524.514882, NoOp Chain Depth 128 Size 0 Mode ref, Ref Stage 102, run, start, 9783590352941807
1787664524.514904, NoOp Chain Depth 128 Size 0 Mode ref, Ref Stage 102, run, end, 9783590352962847
1787664524.514918, NoOp Chain Depth 128 Size 0 Mode ref, Ref Stage 103, run, start, 9783590352977199
1787664524.514939, NoOp Chain Depth 128 Size 0 Mode ref, Ref Stage 103, run, end, 9783590352998175
1787664524.514956, NoOp Chain Depth 128 Size 0 Mode ref, Ref Stage 104, run, start, 9783590353015215
1787664524.514979, NoOp Chain Depth 128 Size 0 Mode ref, Ref Stage 104, run, end, 9783590353038095
1787664524.514993, NoOp Chain Depth 128 Size 0 Mode ref, Ref Stage 105, run, start, 9783590353052383
1787664524.515014, NoOp Chain Depth 128 Size 0 Mode ref, Ref Stage 105, run, end, 9783590353073007
1787664524.515028, NoOp Chain Depth 128 Size 0 Mode ref, Ref Stage 106, run, start, 9783590353087487
1787664524.515050, NoOp Chain Depth 128 Size 0 Mode ref, Ref Stage 106, run, end, 9783590353109071
1787664524.515064, NoOp Chain Depth 128 Size 0 Mode ref, Ref Stage 107, run, start, 9783590353123999
1787664524.515390, NoOp Chain Depth 128 Size 0 Mode ref, Ref Stage 107, run, end, 9783590353449855
1787664524.515404, NoOp Chain Depth 128 Size 0 Mode ref, Ref Stage 108, run, start, 9783590353462975
1787664524.515538, NoOp Chain Depth 128 Size 0 Mode ref, Ref Stage 108, run, end, 9783590353597279
1787664524.515550, NoOp Chain Depth 128 Size 0 Mode ref, Ref Stage 109, run, start, 9783590353609247
1787664524.515583, NoOp Chain Depth 128 Size 0 Mode ref, Ref Stage 109, run, end, 9783590353642415
1787664524.515598, NoOp Chain Depth 128 Size 0 Mode ref, Ref Stage 110, run, start, 9783590353656863
1787664524.515618, NoOp Chain Depth 128 Size 0 Mode ref, Ref Stage 110, run, end, 9783590353677551
1787664524.515633, NoOp Chain Depth 128 Size 0 Mode ref, Ref Stage 111, run, start, 9783590353691839
1787664524.515653, NoOp Chain Depth 128 Size 0 Mode ref, Ref Stage 111, run, end, 9783590353712447
1787664524.515668, NoOp Chain Depth 128 Size 0 Mode ref, Ref Stage 112, run, start, 9783590353727039
1787664524.515688, NoOp Chain Depth 128 Size 0 Mode ref, Ref Stage 112, run, end, 9783590353747631
1787664524.515703, NoOp Chain Depth 128 Size 0 Mode ref, Ref Stage 113, run, start, 9783590353762687
1787664524.515724, NoOp Chain Depth 128 Size 0 Mode ref, Ref Stage 113, run, end, 9783590353783503
1787664524.515739, NoOp Chain Depth 128 Size 0 Mode ref, Ref Stage 114, run, start, 9783590353797983
1787664524.515759, NoOp Chain Depth 128 Size 0 Mode ref, Ref Stage 114, run, end, 9783590353818527
1787664524.515774, NoOp Chain Depth 128 Size 0 Mode ref, Ref Stage 115, run, start, 9783590353832783
1787664524.515794, NoOp Chain Depth 128 Size 0 Mode ref, Ref Stage 115, run, end, 9783590353853327
1787664524.515808, NoOp Chain Depth 128 Size 0 Mode ref, Ref Stage 116, run, start, 9783590353867759
1787664524.515831, NoOp Chain Depth 128 Size 0 Mode ref, Ref Stage 116, run, end, 9783590353890191
1787664524.515846, NoOp Chain Depth 128 Size 0 Mode ref, Ref Stage 117, run, start, 9783590353905455
1787664524.515869, NoOp Chain Depth 128 Size 0 Mode ref, Ref Stage 117, run, end, 9783590353928287
1787664524.515883, NoOp Chain Depth 128 Size 0 Mode ref, Ref Stage 118, run, start, 9783590353942575
1787664524.515907, NoOp Chain Depth 128 Size 0 Mode ref, Ref Stage 118, run, end, 9783590353965807
1787664524.515918, NoOp Chain Depth 128 Size 0 Mode ref, Ref Stage 119, run, start, 9783590353977567
1787664524.515951, NoOp Chain Depth 128 Size 0 Mode ref, Ref Stage 119, run, end, 9783590354010623
1787664524.515967, NoOp Chain Depth 128 Size 0 Mode ref, Ref Stage 120, run, start, 9783590354026255
1787664524.515988, NoOp Chain Depth 128 Size 0 Mode ref, Ref Stage 120, run, end, 9783590354046895
1787664524.516003, NoOp Chain Depth 128 Size 0 Mode ref, Ref Stage 121, run, start, 9783590354062191
1787664524.516024, NoOp Chain Depth 128 Size 0 Mode ref, Ref Stage 121, run, end, 9783590354082751
1787664524.516039, NoOp Chain Depth 128 Size 0 Mode ref, Ref Stage 122, run, start, 9783590354097903
1787664524.516062, NoOp Chain Depth 128 Size 0 Mode ref, Ref Stage 122, run, end, 9783590354120911
1787664524.516073, NoOp Chain Depth 128 Size 0 Mode ref, Ref Stage 123, run, start, 9783590354132511
1787664524.516104, NoOp Chain Depth 128 Size 0 Mode ref, Ref Stage 123, run, end, 9783590354163023
1787664524.516119, NoOp Chain Depth 128 Size 0 Mode ref, Ref Stage 124, run, start, 9783590354178255
1787664524.516141, NoOp Chain Depth 128 Size 0 Mode ref, Ref Stage 124, run, end, 9783590354200511
1787664524.516153, NoOp Chain Depth 128 Size 0 Mode ref, Ref Stage 125, run, start, 9783590354212143
1787664524.516185, NoOp Chain Depth 128 Size 0 Mode ref, Ref Stage 125, run, end, 9783590354244303
1787664524.516196, NoOp Chain Depth 128 Size 0 Mode ref, Ref Stage 126, run, start, 9783590354255871
1787664524.516228, NoOp Chain Depth 128 Size 0 Mode ref, Ref Stage 126, run, end, 9783590354287199
1787664524.516243, NoOp Chain Depth 128 Size 0 Mode ref, Ref Stage 127, run, start, 9783590354301887
1787664524.516264, NoOp Chain Depth 128 Size 0 Mode ref, Ref Stage 127, run, end, 9783590354323247
1787664524.516279, NoOp Chain Depth 128 Size 0 Mode ref, pipeline - train, run, end, 22545038309345948136730546139200398606, 1787664524.507771, 100, 1, 9783590354338271
1787664524.516355, NoOp Chain Depth 128 Size 0 Mode ref, pipeline - train, run, start, 337685350926297972088509517046616813031, 1787664524.516304, 101, 1, 9783590354414686
1787664524.516417, NoOp Chain Depth 128 Size 0 Mode ref, Ref Stage 0, run, start, 9783590354476430
1787664524.516443, NoOp Chain Depth 128 Size 0 Mode ref, Ref Stage 0, run, end, 9783590354502350
1787664524.516458, NoOp Chain Depth 128 Size 0 Mode ref, Ref Stage 1, run, start, 9783590354517630
1787664524.516480, NoOp Chain Depth 128 Size 0 Mode ref, Ref Stage 1, run, end, 9783590354539790
1787664524.516496, NoOp Chain Depth 128 Size 0 Mode ref, Ref Stage 2, run, start, 9783590354555294
1787664524.516518, NoOp Chain Depth 128 Size 0 Mode ref, Ref Stage 2, run, end, 9783590354577486
1787664524.516532, NoOp Chain Depth 128 Size 0 Mode ref, Ref Stage 3, run, start, 9783590354591870
1787664524.516556, NoOp Chain Depth 128 Size 0 Mode ref, Ref Stage 3, run, end, 9783590354615134
1787664524.516568, NoOp Chain Depth 128 Size 0 Mode ref, Ref Stage 4, run, start, 9783590354627902
1787664524.516600, NoOp Chain Depth 128 Size 0 Mode ref, Ref Stage 4, run, end, 9783590354658990
1787664524.516614, NoOp Chain Depth 128 Size 0 Mode ref, Ref Stage 5, run, start, 9783590354673166
1787664524.516635, NoOp Chain Depth 128 Size 0 Mode ref, Ref Stage 5, run, end, 9783590354694190
1787664524.516649, NoOp Chain Depth 128 Size 0 Mode ref, Ref Stage 6, run, start, 9783590354708558
1787664524.516670, NoOp Chain Depth 128 Size 0 Mode ref, Ref Stage 6, run, end, 9783590354729326
1787664524.516684, NoOp Chain Depth 128 Size 0 Mode ref, Ref Stage 7, run, start, 9783590354743646
1787664524.516705, NoOp Chain Depth 128 Size 0 Mode ref, Ref Stage 7, run, end, 9783590354764318
1787664524.516719, NoOp Chain Depth 128 Size 0 Mode ref, Ref Stage 8, run, start, 9783590354778606
1787664524.517550, NoOp Chain Depth 128 Size 0 Mode ref, Ref Stage 8, run, end, 9783590355612334
1787664524.517690, NoOp Chain Depth 128 Size 0 Mode ref, Ref Stage 9, run, start, 9783590355750430
1787664524.517717, NoOp Chain Depth 128 Size 0 Mode ref, Ref Stage 9, run, end, 9783590355776238
1787664524.517732, NoOp Chain Depth 128 Size 0 Mode ref, Ref Stage 10, run, start, 9783590355791662
1787664524.517754, NoOp Chain Depth 128 Size 0 Mode ref, Ref Stage 10, run, end, 9783590355813326
1787664524.517769, NoOp Chain Depth 128 Size 0 Mode ref, Ref Stage 11, run, start, 9783590355828254
1787664524.517790, NoOp Chain Depth 128 Size 0 Mode ref, Ref Stage 11, run, end, 9783590355849294
1787664524.517804, NoOp Chain Depth 128 Size 0 Mode ref, Ref Stage 12, run, start, 9783590355863758
1787664524.517827, NoOp Chain Depth 128 Size 0 Mode ref, Ref Stage 12, run, end, 9783590355886590
1787664524.517839, NoOp Chain Depth 128 Size 0 Mode ref, Ref Stage 13, run, start, 9783590355898798
1787664524.517871, NoOp Chain Depth 128 Size 0 Mode ref, Ref Stage 13, run, end, 9783590355930718
1787664524.517886, NoOp Chain Depth 128 Size 0 Mode ref, Ref Stage 14, run, start, 9783590355945678
1787664524.517908, NoOp Chain Depth 128 Size 0 Mode ref, Ref Stage 14, run, end, 9783590355967037
1787664524.517923, NoOp Chain Depth 128 Size 0 Mode ref, Ref Stage 15, run, start, 9783590355981917
1787664524.517949, NoOp Chain Depth 128 Size 0 Mode ref, Ref Stage 15, run, end, 9783590356008109
1787664524.517964, NoOp Chain Depth 128 Size 0 Mode ref, Ref Stage 16, run, start, 9783590356023693
1787664524.517985, NoOp Chain Depth 128 Size 0 Mode ref, Ref Stage 16, run, end, 9783590356044365
1787664524.518000, NoOp Chain Depth 128 Size 0 Mode ref, Ref Stage 17, run, start, 9783590356059069
1787664524.518021, NoOp Chain Depth 128 Size 0 Mode ref, Ref Stage 17, run, end, 9783590356080029
1787664524.518035, NoOp Chain Depth 128 Size 0 Mode ref, Ref Stage 18, run, start, 9783590356094541
1787664524.518057, NoOp Chain Depth 128 Size 0 Mode ref, Ref Stage 18, run, end, 9783590356116205
1787664524.518073, NoOp Chain Depth 128 Size 0 Mode ref, Ref Stage 19, run, start, 9783590356132301
1787664524.518094, NoOp Chain Depth 128 Size 0 Mode ref, Ref Stage 19, run, end, 9783590356152909
1787664524.518108, NoOp Chain Depth 128 Size 0 Mode ref, Ref Stage 20, run, start, 9783590356167613
1787664524.518131, NoOp Chain Depth 128 Size 0 Mode ref, Ref Stage 20, run, end, 9783590356190573
1787664524.518560, NoOp Chain Depth 128 Size 0 Mode ref, Ref Stage 21, run, start, 9783590356620077
1787664524.518585, NoOp Chain Depth 128 Size 0 Mode ref, Ref Stage 21, run, end, 9783590356645005
1787664524.518601, NoOp Chain Depth 128 Size 0 Mode ref, Ref Stage 22, run, start, 9783590356660285
1787664524.518625, NoOp Chain Depth 128 Size 0 Mode ref, Ref Stage 22, run, end, 9783590356683613
1787664524.518636, NoOp Chain Depth 128 Size 0 Mode ref, Ref Stage 23, run, start, 9783590356695405
1787664524.518668, NoOp Chain Depth 128 Size 0 Mode ref, Ref Stage 23, run, end, 9783590356726893
1787664524.518682, NoOp Chain Depth 128 Size 0 Mode ref, Ref Stage 24, run, start, 9783590356741581
1787664524.518703, NoOp Chain Depth 128 Size 0 Mode ref, Ref Stage 24, run, end, 9783590356762525
1787664524.518718, NoOp Chain Depth 128 Size 0 Mode ref, Ref Stage 25, run, start, 9783590356777005
1787664524.518739, NoOp Chain Depth 128 Size 0 Mode ref, Ref Stage 25, run, end, 9783590356798429
1787664524.518754, NoOp Chain Depth 128 Size 0 Mode ref, Ref Stage 26, run, start, 9783590356812989
1787664524.518777, NoOp Chain Depth 128 Size 0 Mode ref, Ref Stage 26, run, end, 9783590356835789
1787664524.518791, NoOp Chain Depth 128 Size 0 Mode ref, Ref Stage 27, run, start, 9783590356850557
1787664524.518812, NoOp Chain Depth 128 Size 0 Mode ref, Ref Stage 27, run, end, 9783590356871773
1787664524.518827, NoOp Chain Depth 128 Size 0 Mode ref, Ref Stage 28, run, start, 9783590356886349
1787664524.518848, NoOp Chain Depth 128 Size 0 Mode ref, Ref Stage 28, run, end, 9783590356907165
1787664524.518862, NoOp Chain Depth 128 Size 0 Mode ref, Ref Stage 29, run, start, 9783590356921789
1787664524.518884, NoOp Chain Depth 128 Size 0 Mode ref, Ref Stage 29, run, end, 9783590356943661
1787664524.518900, NoOp Chain Depth 128 Size 0 Mode ref, Ref Stage 30, run, start, 9783590356959261
1787664524.518921, NoOp Chain Depth 128 Size 0 Mode ref, Ref Stage 30, run, end, 9783590356980813
1787664524.518936, NoOp Chain Depth 128 Size 0 Mode ref, Ref Stage 31, run, start, 9783590356995741
1787664524.518960, NoOp Chain Depth 128 Size 0 Mode ref, Ref Stage 31, run, end, 9783590357019005
1787664524.518975, NoOp Chain Depth 128 Size 0 Mode ref, Ref Stage 32, run, start, 9783590357034333
1787664524.518996, NoOp Chain Depth 128 Size 0 Mode ref, Ref Stage 32, run, end, 9783590357055037
1787664524.519011, NoOp Chain Depth 128 Size 0 Mode ref, Ref Stage 33, run, start, 9783590357070349
1787664524.519032, NoOp Chain Depth 128 Size 0 Mode ref, Ref Stage 33, run, end, 9783590357091373
1787664524.519047, NoOp Chain Depth 128 Size 0 Mode ref, Ref Stage 34, run, start, 9783590357105869
1787664524.519068, NoOp Chain Depth 128 Size 0 Mode ref, Ref Stage 34, run, end, 9783590357127581
1787664524.519083, NoOp Chain Depth 128 Size 0 Mode ref, Ref Stage 35, run, start, 9783590357141965
1787664524.519103, NoOp Chain Depth 128 Size 0 Mode ref, Ref Stage 35, run, end, 9783590357162461
1787664524.519118, NoOp Chain Depth 128 Size 0 Mode ref, Ref Stage 36, run, start, 9783590357176957
1787664524.519139, NoOp Chain Depth 128 Size 0 Mode ref, Ref Stage 36, run, end, 9783590357198541
1787664524.519154, NoOp Chain Depth 128 Size 0 Mode ref, Ref Stage 37, run, start, 9783590357212813
1787664524.519175, NoOp Chain Depth 128 Size 0 Mode ref, Ref Stage 37, run, end, 9783590357234141
1787664524.519189, NoOp Chain Depth 128 Size 0 Mode ref, Ref Stage 38, run, start, 9783590357248381
1787664524.519210, NoOp Chain Depth 128 Size 0 Mode ref, Ref Stage 38, run, end, 9783590357268957
1787664524.519224, NoOp Chain Depth 128 Size 0 Mode ref, Ref Stage 39, run, start, 9783590357283357
1787664524.519246, NoOp Chain Depth 128 Size 0 Mode ref, Ref Stage 39, run, end, 9783590357304989
1787664524.519261, NoOp Chain Depth 128 Size 0 Mode ref, Ref Stage 40, run, start, 9783590357319949
1787664524.519283, NoOp Chain Depth 128 Size 0 Mode ref, Ref Stage 40, run, end, 9783590357341917
1787664524.519297, NoOp Chain Depth 128 Size 0 Mode ref, Ref Stage 41, run, start, 9783590357356237
1787664524.519319, NoOp Chain Depth 128 Size 0 Mode ref, Ref Stage 41, run, end, 9783590357377965
1787664524.519335, NoOp Chain Depth 128 Size 0 Mode ref, Ref Stage 42, run, start, 9783590357394109
1787664524.519356, NoOp Chain Depth 128 Size 0 Mode ref, Ref Stage 42, run, end, 9783590357414973
1787664524.519370, NoOp Chain Depth 128 Size 0 Mode ref, Ref Stage 43, run, start, 9783590357429373
1787664524.519391, NoOp Chain Depth 128 Size 0 Mode ref, Ref Stage 43, run, end, 9783590357449964
1787664524.519405, NoOp Chain Depth 128 Size 0 Mode ref, Ref Stage 44, run, start, 9783590357464316
1787664524.519426, NoOp Chain Depth 128 Size 0 Mode ref, Ref Stage 44, run, end, 9783590357484956
1787664524.519440, NoOp Chain Depth 128 Size 0 Mode ref, Ref Stage 45, run, start, 9783590357499244
1787664524.519461, NoOp Chain Depth 128 Size 0 Mode ref, Ref Stage 45, run, end, 9783590357520556
1787664524.519476, NoOp Chain Depth 128 Size 0 Mode ref, Ref Stage 46, run, start, 9783590357535180
1787664524.519498, NoOp Chain Depth 128 Size 0 Mode ref, Ref Stage 46, run, end, 9783590357557068
1787664524.519512, NoOp Chain Depth 128 Size 0 Mode ref, Ref Stage 47, run, start, 9783590357571516
1787664524.519535, NoOp Chain Depth 128 Size 0 Mode ref, Ref Stage 47, run, end, 9783590357593916
1787664524.519546, NoOp Chain Depth 128 Size 0 Mode ref, Ref Stage 48, run, start, 9783590357605468
1787664524.519577, NoOp Chain Depth 128 Size 0 Mode ref, Ref Stage 48, run, end, 9783590357636396
1787664524.519593, NoOp Chain Depth 128 Size 0 Mode ref, Ref Stage 49, run, start, 9783590357652076
1787664524.519614, NoOp Chain Depth 128 Size 0 Mode ref, Ref Stage 49, run, end, 9783590357673356
1787664524.519628, NoOp Chain Depth 128 Size 0 Mode ref, Ref Stage 50, run, start, 9783590357687676
1787664524.519650, NoOp Chain Depth 128 Size 0 Mode ref, Ref Stage 50, run, end, 9783590357708956
1787664524.519664, NoOp Chain Depth 128 Size 0 Mode ref, Ref Stage 51, run, start, 9783590357723692
1787664524.519685, NoOp Chain Depth 128 Size 0 Mode ref, Ref Stage 51, run, end, 9783590357744428
1787664524.519700, NoOp Chain Depth 128 Size 0 Mode ref, Ref Stage 52, run, start, 9783590357759052
1787664524.519721, NoOp Chain Depth 128 Size 0 Mode ref, Ref Stage 52, run, end, 9783590357780332
1787664524.519736, NoOp Chain Depth 128 Size 0 Mode ref, Ref Stage 53, run, start, 9783590357794684
1787664524.519756, NoOp Chain Depth 128 Size 0 Mode ref, Ref Stage 53, run, end, 9783590357815596
1787664524.519773, NoOp Chain Depth 128 Size 0 Mode ref, Ref Stage 54, run, start, 9783590357832092
1787664524.519795, NoOp Chain Depth 128 Size 0 Mode ref, Ref Stage 54, run, end, 9783590357854028
1787664524.519809, NoOp Chain Depth 128 Size 0 Mode ref, Ref Stage 55, run, start, 9783590357868300
1787664524.519830, NoOp Chain Depth 128 Size 0 Mode ref, Ref Stage 55, run, end, 9783590357888828
1787664524.519845, NoOp Chain Depth 128 Size 0 Mode ref, Ref Stage 56, run, start, 9783590357904140
1787664524.519866, NoOp Chain Depth 128 Size 0 Mode ref, Ref Stage 56, run, end, 9783590357924908
1787664524.519880, NoOp Chain Depth 128 Size 0 Mode ref, Ref Stage 57, run, start, 9783590357939356
1787664524.519902, NoOp Chain Depth 128 Size 0 Mode ref, Ref Stage 57, run, end, 9783590357961612
1787664524.519914, NoOp Chain Depth 128 Size 0 Mode ref, Ref Stage 58, run, start, 9783590357973116
1787664524.519946, NoOp Chain Depth 128 Size 0 Mode ref, Ref Stage 58, run, end, 9783590358005436
1787664524.519961, NoOp Chain Depth 128 Size 0 Mode ref, Ref Stage 59, run, start, 9783590358020524
1787664524.519982, NoOp Chain Depth 128 Size 0 Mode ref, Ref Stage 59, run, end, 9783590358041068
1787664524.520499, NoOp Chain Depth 128 Size 0 Mode ref, Ref Stage 60, run, start, 9783590358558860
1787664524.520525, NoOp Chain Depth 128 Size 0 Mode ref, Ref Stage 60, run, end, 9783590358584604
1787664524.520541, NoOp Chain Depth 128 Size 0 Mode ref, Ref Stage 61, run, start, 9783590358600300
1787664524.520562, NoOp Chain Depth 128 Size 0 Mode ref, Ref Stage 61, run, end, 9783590358621692
1787664524.520577, NoOp Chain Depth 128 Size 0 Mode ref, Ref Stage 62, run, start, 9783590358636236
1787664524.520601, NoOp Chain Depth 128 Size 0 Mode ref, Ref Stage 62, run, end, 9783590358659756
1787664524.520615, NoOp Chain Depth 128 Size 0 Mode ref, Ref Stage 63, run, start, 9783590358674700
1787664524.520636, NoOp Chain Depth 128 Size 0 Mode ref, Ref Stage 63, run, end, 9783590358695708
1787664524.520651, NoOp Chain Depth 128 Size 0 Mode ref, Ref Stage 64, run, start, 9783590358710380
1787664524.520672, NoOp Chain Depth 128 Size 0 Mode ref, Ref Stage 64, run, end, 9783590358731484
1787664524.520687, NoOp Chain Depth 128 Size 0 Mode ref, Ref Stage 65, run, start, 9783590358746140
1787664524.520708, NoOp Chain Depth 128 Size 0 Mode ref, Ref Stage 65, run, end, 9783590358767244
1787664524.520722, NoOp Chain Depth 128 Size 0 Mode ref, Ref Stage 66, run, start, 9783590358781772
1787664524.520744, NoOp Chain Depth 128 Size 0 Mode ref, Ref Stage 66, run, end, 9783590358803388
1787664524.520759, NoOp Chain Depth 128 Size 0 Mode ref, Ref Stage 67, run, start, 9783590358817836
1787664524.520781, NoOp Chain Depth 128 Size 0 Mode ref, Ref Stage 67, run, end, 9783590358839900
1787664524.520792, NoOp Chain Depth 128 Size 0 Mode ref, Ref Stage 68, run, start, 9783590358851820
1787664524.520826, NoOp Chain Depth 128 Size 0 Mode ref, Ref Stage 68, run, end, 9783590358885052
1787664524.520840, NoOp Chain Depth 128 Size 0 Mode ref, Ref Stage 69, run, start, 9783590358899388
1787664524.520861, NoOp Chain Depth 128 Size 0 Mode ref, Ref Stage 69, run, end, 9783590358919916
1787664524.520875, NoOp Chain Depth 128 Size 0 Mode ref, Ref Stage 70, run, start, 9783590358934251
1787664524.520896, NoOp Chain Depth 128 Size 0 Mode ref, Ref Stage 70, run, end, 9783590358955019
1787664524.520910, NoOp Chain Depth 128 Size 0 Mode ref, Ref Stage 71, run, start, 9783590358969403
1787664524.520932, NoOp Chain Depth 128 Size 0 Mode ref, Ref Stage 71, run, end, 9783590358991131
1787664524.520951, NoOp Chain Depth 128 Size 0 Mode ref, Ref Stage 72, run, start, 9783590359010699
1787664524.520973, NoOp Chain Depth 128 Size 0 Mode ref, Ref Stage 72, run, end, 9783590359032427
1787664524.520989, NoOp Chain Depth 128 Size 0 Mode ref, Ref Stage 73, run, start, 9783590359048203
1787664524.521010, NoOp Chain Depth 128 Size 0 Mode ref, Ref Stage 73, run, end, 9783590359070283
1787664524.521026, NoOp Chain Depth 128 Size 0 Mode ref, Ref Stage 74, run, start, 9783590359085323
1787664524.521047, NoOp Chain Depth 128 Size 0 Mode ref, Ref Stage 74, run, end, 9783590359106219
1787664524.521061, NoOp Chain Depth 128 Size 0 Mode ref, Ref Stage 75, run, start, 9783590359120555
1787664524.521083, NoOp Chain Depth 128 Size 0 Mode ref, Ref Stage 75, run, end, 9783590359142747
1787664524.521402, NoOp Chain Depth 128 Size 0 Mode ref, Ref Stage 76, run, start, 9783590359461915
1787664524.521426, NoOp Chain Depth 128 Size 0 Mode ref, Ref Stage 76, run, end, 9783590359485627
1787664524.521547, NoOp Chain Depth 128 Size 0 Mode ref, Ref Stage 77, run, start, 9783590359606667
1787664524.521570, NoOp Chain Depth 128 Size 0 Mode ref, Ref Stage 77, run, end, 9783590359628987
1787664524.521585, NoOp Chain Depth 128 Size 0 Mode ref, Ref Stage 78, run, start, 9783590359643867
1787664524.521606, NoOp Chain Depth 128 Size 0 Mode ref, Ref Stage 78, run, end, 9783590359665099
1787664524.521621, NoOp Chain Depth 128 Size 0 Mode ref, Ref Stage 79, run, start, 9783590359679723
1787664524.521643, NoOp Chain Depth 128 Size 0 Mode ref, Ref Stage 79, run, end, 9783590359701915
1787664524.521655, NoOp Chain Depth 128 Size 0 Mode ref, Ref Stage 80, run, start, 9783590359713835
1787664524.523266, NoOp Chain Depth 128 Size 0 Mode ref, Ref Stage 80, run, end, 9783590361326346
1787664524.523283, NoOp Chain Depth 128 Size 0 Mode ref, Ref Stage 81, run, start, 9783590361342330
1787664524.523304, NoOp Chain Depth 128 Size 0 Mode ref, Ref Stage 81, run, end, 9783590361363770
1787664524.523319, NoOp Chain Depth 128 Size 0 Mode ref, Ref Stage 82, run, start, 9783590361378266
1787664524.523340, NoOp Chain Depth 128 Size 0 Mode ref, Ref Stage 82, run, end, 9783590361399050
1787664524.523359, NoOp Chain Depth 128 Size 0 Mode ref, Ref Stage 83, run, start, 9783590361418746
1787664524.523381, NoOp Chain Depth 128 Size 0 Mode ref, Ref Stage 83, run, end, 9783590361439866
1787664524.523395, NoOp Chain Depth 128 Size 0 Mode ref, Ref Stage 84, run, start, 9783590361454298
1787664524.523416, NoOp Chain Depth 128 Size 0 Mode ref, Ref Stage 84, run, end, 9783590361474874
1787664524.523430, NoOp Chain Depth 128 Size 0 Mode ref, Ref Stage 85, run, start, 9783590361489306
1787664524.523451, NoOp Chain Depth 128 Size 0 Mode ref, Ref Stage 85, run, end, 9783590361510042
1787664524.523465, NoOp Chain Depth 128 Size 0 Mode ref, Ref Stage 86, run, start, 9783590361524458
1787664524.523486, NoOp Chain Depth 128 Size 0 Mode ref, Ref Stage 86, run, end, 9783590361545514
1787664524.523500, NoOp Chain Depth 128 Size 0 Mode ref, Ref Stage 87, run, start, 9783590361560010
1787664524.523521, NoOp Chain Depth 128 Size 0 Mode ref, Ref Stage 87, run, end, 9783590361580554
1787664524.523536, NoOp Chain Depth 128 Size 0 Mode ref, Ref Stage 88, run, start, 9783590361594986
1787664524.523558, NoOp Chain Depth 128 Size 0 Mode ref, Ref Stage 88, run, end, 9783590361617466
1787664524.523570, NoOp Chain Depth 128 Size 0 Mode ref, Ref Stage 89, run, start, 9783590361629434
1787664524.523601, NoOp Chain Depth 128 Size 0 Mode ref, Ref Stage 89, run, end, 9783590361660218
1787664524.523616, NoOp Chain Depth 128 Size 0 Mode ref, Ref Stage 90, run, start, 9783590361674746
1787664524.523636, NoOp Chain Depth 128 Size 0 Mode ref, Ref Stage 90, run, end, 9783590361695402
1787664524.523650, NoOp Chain Depth 128 Size 0 Mode ref, Ref Stage 91, run, start, 9783590361709642
1787664524.523671, NoOp Chain Depth 128 Size 0 Mode ref, Ref Stage 91, run, end, 9783590361730218
1787664524.523685, NoOp Chain Depth 128 Size 0 Mode ref, Ref Stage 92, run, start, 9783590361744730
1787664524.523707, NoOp Chain Depth 128 Size 0 Mode ref, Ref Stage 92, run, end, 9783590361765802
1787664524.523721, NoOp Chain Depth 128 Size 0 Mode ref, Ref Stage 93, run, start, 9783590361780346
1787664524.523742, NoOp Chain Depth 128 Size 0 Mode ref, Ref Stage 93, run, end, 9783590361801066
1787664524.523756, NoOp Chain Depth 128 Size 0 Mode ref, Ref Stage 94, run, start, 9783590361815434
1787664524.523777, NoOp Chain Depth 128 Size 0 Mode ref, Ref Stage 94, run, end, 9783590361836282
1787664524.523792, NoOp Chain Depth 128 Size 0 Mode ref, Ref Stage 95, run, start, 9783590361850954
1787664524.523814, NoOp Chain Depth 128 Size 0 Mode ref, Ref Stage 95, run, end, 9783590361873754
1787664524.523826, NoOp Chain Depth 128 Size 0 Mode ref, Ref Stage 96, run, start, 9783590361885290
1787664524.523857, NoOp Chain Depth 128 Size 0 Mode ref, Ref Stage 96, run, end, 9783590361916345
1787664524.523872, NoOp Chain Depth 128 Size 0 Mode ref, Ref Stage 97, run, start, 9783590361931049
1787664524.523893, NoOp Chain Depth 128 Size 0 Mode ref, Ref Stage 97, run, end, 9783590361951993
1787664524.523907, NoOp Chain Depth 128 Size 0 Mode ref, Ref Stage 98, run, start, 9783590361966281
1787664524.523928, NoOp Chain Depth 128 Size 0 Mode ref, Ref Stage 98, run, end, 9783590361987161
1787664524.523942, NoOp Chain Depth 128 Size 0 Mode ref, Ref Stage 99, run, start, 9783590362003657
1787664524.523966, NoOp Chain Depth 128 Size 0 Mode ref, Ref Stage 99, run, end, 9783590362025113
1787664524.523980, NoOp Chain Depth 128 Size 0 Mode ref, Ref Stage 100, run, start, 9783590362039289
1787664524.524001, NoOp Chain Depth 128 Size 0 Mode ref, Ref Stage 100, run, end, 9783590362060025
1787664524.524015, NoOp Chain Depth 128 Size 0 Mode ref, Ref Stage 101, run, start, 9783590362074265
1787664524.524037, NoOp Chain Depth 128 Size 0 Mode ref, Ref Stage 101, run, end, 9783590362096617
1787664524.524053, NoOp Chain Depth 128 Size 0 Mode ref, Ref Stage 102, run, start, 9783590362112537
1787664524.524075, NoOp Chain Depth 128 Size 0 Mode ref, Ref Stage 102, run, end, 9783590362134297
1787664524.524089, NoOp Chain Depth 128 Size 0 Mode ref, Ref Stage 103, run, start, 9783590362148601
1787664524.524110, NoOp Chain Depth 128 Size 0 Mode ref, Ref Stage 103, run, end, 9783590362168921
1787664524.524125, NoOp Chain Depth 128 Size 0 Mode ref, Ref Stage 104, run, start, 9783590362184729
1787664524.524146, NoOp Chain Depth 128 Size 0 Mode ref, Ref Stage 104, run, end, 9783590362205529
1787664524.524161, NoOp Chain Depth 128 Size 0 Mode ref, Ref Stage 105, run, start, 9783590362219753
1787664524.524182, NoOp Chain Depth 128 Size 0 Mode ref, Ref Stage 105, run, end, 9783590362241577
1787664524.524197, NoOp Chain Depth 128 Size 0 Mode ref, Ref Stage 106, run, start, 9783590362256153
1787664524.524296, NoOp Chain Depth 128 Size 0 Mode ref, Ref Stage 106, run, end, 9783590362355785
1787664524.524309, NoOp Chain Depth 128 Size 0 Mode ref, Ref Stage 107, run, start, 9783590362369065
1787664524.524447, NoOp Chain Depth 128 Size 0 Mode ref, Ref Stage 107, run, end, 9783590362506617
1787664524.524462, NoOp Chain Depth 128 Size 0 Mode ref, Ref Stage 108, run, start, 9783590362521705
1787664524.524484, NoOp Chain Depth 128 Size 0 Mode ref, Ref Stage 108, run, end, 9783590362542921
1787664524.524498, NoOp Chain Depth 128 Size 0 Mode ref, Ref Stage 109, run, start, 9783590362557385
1787664524.524519, NoOp Chain Depth 128 Size 0 Mode ref, Ref Stage 109, run, end, 9783590362578649
1787664524.524534, NoOp Chain Depth 128 Size 0 Mode ref, Ref Stage 110, run, start, 9783590362593049
1787664524.524554, NoOp Chain Depth 128 Size 0 Mode ref, Ref Stage 110, run, end, 9783590362613641
1787664524.524569, NoOp Chain Depth 128 Size 0 Mode ref, Ref Stage 111, run, start, 9783590362627929
1787664524.524590, NoOp Chain Depth 128 Size 0 Mode ref, Ref Stage 111, run, end, 9783590362649049
1787664524.524604, NoOp Chain Depth 128 Size 0 Mode ref, Ref Stage 112, run, start, 9783590362663817
1787664524.524627, NoOp Chain Depth 128 Size 0 Mode ref, Ref Stage 112, run, end, 9783590362685961
1787664524.524642, NoOp Chain Depth 128 Size 0 Mode ref, Ref Stage 113, run, start, 9783590362701545
1787664524.524664, NoOp Chain Depth 128 Size 0 Mode ref, Ref Stage 113, run, end, 9783590362723481
1787664524.524679, NoOp Chain Depth 128 Size 0 Mode ref, Ref Stage 114, run, start, 9783590362738105
1787664524.524701, NoOp Chain Depth 128 Size 0 Mode ref, Ref Stage 114, run, end, 9783590362759817
1787664524.524715, NoOp Chain Depth 128 Size 0 Mode ref, Ref Stage 115, run, start, 9783590362774201
1787664524.524736, NoOp Chain Depth 128 Size 0 Mode ref, Ref Stage 115, run, end, 9783590362795129
1787664524.524751, NoOp Chain Depth 128 Size 0 Mode ref, Ref Stage 116, run, start, 9783590362810393
1787664524.524773, NoOp Chain Depth 128 Size 0 Mode ref, Ref Stage 116, run, end, 9783590362832665
1787664524.524785, NoOp Chain Depth 128 Size 0 Mode ref, Ref Stage 117, run, start, 9783590362844425
1787664524.524817, NoOp Chain Depth 128 Size 0 Mode ref, Ref Stage 117, run, end, 9783590362875881
1787664524.524831, NoOp Chain Depth 128 Size 0 Mode ref, Ref Stage 118, run, start, 9783590362890073
1787664524.524854, NoOp Chain Depth 128 Size 0 Mode ref, Ref Stage 118, run, end, 9783590362913161
1787664524.524866, NoOp Chain Depth 128 Size 0 Mode ref, Ref Stage 119, run, start, 9783590362924729
1787664524.524897, NoOp Chain Depth 128 Size 0 Mode ref, Ref Stage 119, run, end, 9783590362956169
1787664524.524911, NoOp Chain Depth 128 Size 0 Mode ref, Ref Stage 120, run, start, 9783590362970697
1787664524.524932, NoOp Chain Depth 128 Size 0 Mode ref, Ref Stage 120, run, end, 9783590362991497
1787664524.524951, NoOp Chain Depth 128 Size 0 Mode ref, Ref Stage 121, run, start, 9783590363009801
1787664524.524972, NoOp Chain Depth 128 Size 0 Mode ref, Ref Stage 121, run, end, 9783590363031369
1787664524.524987, NoOp Chain Depth 128 Size 0 Mode ref, Ref Stage 122, run, start, 9783590363045977
1787664524.525009, NoOp Chain Depth 128 Size 0 Mode ref, Ref Stage 122, run, end, 9783590363068137
1787664524.525021, NoOp Chain Depth 128 Size 0 Mode ref, Ref Stage 123, run, start, 9783590363080537
1787664524.525055, NoOp Chain Depth 128 Size 0 Mode ref, Ref Stage 123, run, end, 9783590363113897
1787664524.525067, NoOp Chain Depth 128 Size 0 Mode ref, Ref Stage 124, run, start, 9783590363125817
1787664524.525186, NoOp Chain Depth 128 Size 0 Mode ref, Ref Stage 124, run, end, 9783590363246249
1787664524.525204, NoOp Chain Depth 128 Size 0 Mode ref, Ref Stage 125, run, start, 9783590363263961
1787664524.525228, NoOp Chain Depth 128 Size 0 Mode ref, Ref Stage 125, run, end, 9783590363287545
1787664524.525240, NoOp Chain Depth 128 Size 0 Mode ref, Ref Stage 126, run, start, 9783590363299353
1787664524.525272, NoOp Chain Depth 128 Size 0 Mode ref, Ref Stage 126, run, end, 9783590363330825
1787664524.525288, NoOp Chain Depth 128 Size 0 Mode ref, Ref Stage 127, run, start, 9783590363346873
1787664524.525308, NoOp Chain Depth 128 Size 0 Mode ref, Ref Stage 127, run, end, 9783590363367737
1787664524.525323, NoOp Chain Depth 128 Size 0 Mode ref, pipeline - train, run, end, 337685350926297972088509517046616813031, 1787664524.516304, 101, 1, 9783590363382585
1787664524.550077, choreo, spans, emitted, 39318, 9783590388258392
