1787080804.353234, NoOp Chain Depth 64 Size 0 Mode ref, pipeline, prepare, start, 9199870191468580
1787080804.359150, NoOp Chain Depth 64 Size 0 Mode ref, pipeline, prepare, end, 9199870197218357
1787080804.359580, NoOp Chain Depth 64 Size 0 Mode ref, pipeline - train, run, start, 191348954753642170456192674669810296873, 1787080804.359487, 1, 1, 9199870197643541
1787080804.359652, NoOp Chain Depth 64 Size 0 Mode ref, Ref Stage 0, run, start, 9199870197713493
1787080804.359683, NoOp Chain Depth 64 Size 0 Mode ref, Ref Stage 0, run, end, 9199870197743221
1787080804.359758, NoOp Chain Depth 64 Size 0 Mode ref, Ref Stage 1, run, start, 9199870197817861
1787080804.359783, NoOp Chain Depth 64 Size 0 Mode ref, Ref Stage 1, run, end, 9199870197842933
1787080804.359977, NoOp Chain Depth 64 Size 0 Mode ref, Ref Stage 2, run, start, 9199870198037813
1787080804.360006, NoOp Chain Depth 64 Size 0 Mode ref, Ref Stage 2, run, end, 9199870198065749
1787080804.360023, NoOp Chain Depth 64 Size 0 Mode ref, Ref Stage 3, run, start, 9199870198082869
1787080804.360046, NoOp Chain Depth 64 Size 0 Mode ref, Ref Stage 3, run, end, 9199870198105637
1787080804.360107, NoOp Chain Depth 64 Size 0 Mode ref, Ref Stage 4, run, start, 9199870198166837
1787080804.360130, NoOp Chain Depth 64 Size 0 Mode ref, Ref Stage 4, run, end, 9199870198189429
1787080804.360147, NoOp Chain Depth 64 Size 0 Mode ref, Ref Stage 5, run, start, 9199870198206021
1787080804.360168, NoOp Chain Depth 64 Size 0 Mode ref, Ref Stage 5, run, end, 9199870198227765
1787080804.360641, NoOp Chain Depth 64 Size 0 Mode ref, Ref Stage 6, run, start, 9199870198701141
1787080804.360668, NoOp Chain Depth 64 Size 0 Mode ref, Ref Stage 6, run, end, 9199870198727301
1787080804.360685, NoOp Chain Depth 64 Size 0 Mode ref, Ref Stage 7, run, start, 9199870198744181
1787080804.360707, NoOp Chain Depth 64 Size 0 Mode ref, Ref Stage 7, run, end, 9199870198766309
1787080804.360768, NoOp Chain Depth 64 Size 0 Mode ref, Ref Stage 8, run, start, 9199870198827253
1787080804.360791, NoOp Chain Depth 64 Size 0 Mode ref, Ref Stage 8, run, end, 9199870198850261
1787080804.360828, NoOp Chain Depth 64 Size 0 Mode ref, Ref Stage 9, run, start, 9199870198888245
1787080804.360851, NoOp Chain Depth 64 Size 0 Mode ref, Ref Stage 9, run, end, 9199870198910101
1787080804.360888, NoOp Chain Depth 64 Size 0 Mode ref, Ref Stage 10, run, start, 9199870198947797
1787080804.360910, NoOp Chain Depth 64 Size 0 Mode ref, Ref Stage 10, run, end, 9199870198969301
1787080804.360950, NoOp Chain Depth 64 Size 0 Mode ref, Ref Stage 11, run, start, 9199870199010101
1787080804.360984, NoOp Chain Depth 64 Size 0 Mode ref, Ref Stage 11, run, end, 9199870199043045
1787080804.361030, NoOp Chain Depth 64 Size 0 Mode ref, Ref Stage 12, run, start, 9199870199089189
1787080804.361051, NoOp Chain Depth 64 Size 0 Mode ref, Ref Stage 12, run, end, 9199870199110981
1787080804.361090, NoOp Chain Depth 64 Size 0 Mode ref, Ref Stage 13, run, start, 9199870199149509
1787080804.361112, NoOp Chain Depth 64 Size 0 Mode ref, Ref Stage 13, run, end, 9199870199171029
1787080804.361617, NoOp Chain Depth 64 Size 0 Mode ref, Ref Stage 14, run, start, 9199870199676949
1787080804.361642, NoOp Chain Depth 64 Size 0 Mode ref, Ref Stage 14, run, end, 9199870199701397
1787080804.361682, NoOp Chain Depth 64 Size 0 Mode ref, Ref Stage 15, run, start, 9199870199741237
1787080804.361704, NoOp Chain Depth 64 Size 0 Mode ref, Ref Stage 15, run, end, 9199870199763477
1787080804.361741, NoOp Chain Depth 64 Size 0 Mode ref, Ref Stage 16, run, start, 9199870199801141
1787080804.361764, NoOp Chain Depth 64 Size 0 Mode ref, Ref Stage 16, run, end, 9199870199823349
1787080804.361801, NoOp Chain Depth 64 Size 0 Mode ref, Ref Stage 17, run, start, 9199870199860565
1787080804.361823, NoOp Chain Depth 64 Size 0 Mode ref, Ref Stage 17, run, end, 9199870199882245
1787080804.361860, NoOp Chain Depth 64 Size 0 Mode ref, Ref Stage 18, run, start, 9199870199919317
1787080804.361881, NoOp Chain Depth 64 Size 0 Mode ref, Ref Stage 18, run, end, 9199870199940629
1787080804.361917, NoOp Chain Depth 64 Size 0 Mode ref, Ref Stage 19, run, start, 9199870199976597
1787080804.361942, NoOp Chain Depth 64 Size 0 Mode ref, Ref Stage 19, run, end, 9199870200005397
1787080804.361984, NoOp Chain Depth 64 Size 0 Mode ref, Ref Stage 20, run, start, 9199870200044133
1787080804.362006, NoOp Chain Depth 64 Size 0 Mode ref, Ref Stage 20, run, end, 9199870200065941
1787080804.362046, NoOp Chain Depth 64 Size 0 Mode ref, Ref Stage 21, run, start, 9199870200105701
1787080804.362078, NoOp Chain Depth 64 Size 0 Mode ref, Ref Stage 21, run, end, 9199870200137829
1787080804.362124, NoOp Chain Depth 64 Size 0 Mode ref, Ref Stage 22, run, start, 9199870200183605
1787080804.362146, NoOp Chain Depth 64 Size 0 Mode ref, Ref Stage 22, run, end, 9199870200205461
1787080804.362183, NoOp Chain Depth 64 Size 0 Mode ref, Ref Stage 23, run, start, 9199870200242293
1787080804.362204, NoOp Chain Depth 64 Size 0 Mode ref, Ref Stage 23, run, end, 9199870200263861
1787080804.362919, NoOp Chain Depth 64 Size 0 Mode ref, Ref Stage 24, run, start, 9199870200979653
1787080804.362950, NoOp Chain Depth 64 Size 0 Mode ref, Ref Stage 24, run, end, 9199870201009861
1787080804.362968, NoOp Chain Depth 64 Size 0 Mode ref, Ref Stage 25, run, start, 9199870201027509
1787080804.362990, NoOp Chain Depth 64 Size 0 Mode ref, Ref Stage 25, run, end, 9199870201049509
1787080804.363049, NoOp Chain Depth 64 Size 0 Mode ref, Ref Stage 26, run, start, 9199870201108405
1787080804.363070, NoOp Chain Depth 64 Size 0 Mode ref, Ref Stage 26, run, end, 9199870201130149
1787080804.363108, NoOp Chain Depth 64 Size 0 Mode ref, Ref Stage 27, run, start, 9199870201167397
1787080804.363130, NoOp Chain Depth 64 Size 0 Mode ref, Ref Stage 27, run, end, 9199870201189093
1787080804.363167, NoOp Chain Depth 64 Size 0 Mode ref, Ref Stage 28, run, start, 9199870201226021
1787080804.363188, NoOp Chain Depth 64 Size 0 Mode ref, Ref Stage 28, run, end, 9199870201247173
1787080804.363224, NoOp Chain Depth 64 Size 0 Mode ref, Ref Stage 29, run, start, 9199870201283493
1787080804.363245, NoOp Chain Depth 64 Size 0 Mode ref, Ref Stage 29, run, end, 9199870201304453
1787080804.363281, NoOp Chain Depth 64 Size 0 Mode ref, Ref Stage 30, run, start, 9199870201340661
1787080804.363302, NoOp Chain Depth 64 Size 0 Mode ref, Ref Stage 30, run, end, 9199870201361509
1787080804.363339, NoOp Chain Depth 64 Size 0 Mode ref, Ref Stage 31, run, start, 9199870201398821
1787080804.363360, NoOp Chain Depth 64 Size 0 Mode ref, Ref Stage 31, run, end, 9199870201420021
1787080804.363397, NoOp Chain Depth 64 Size 0 Mode ref, Ref Stage 32, run, start, 9199870201456597
1787080804.363418, NoOp Chain Depth 64 Size 0 Mode ref, Ref Stage 32, run, end, 9199870201477493
1787080804.363455, NoOp Chain Depth 64 Size 0 Mode ref, Ref Stage 33, run, start, 9199870201513973
1787080804.363476, NoOp Chain Depth 64 Size 0 Mode ref, Ref Stage 33, run, end, 9199870201535381
1787080804.363512, NoOp Chain Depth 64 Size 0 Mode ref, Ref Stage 34, run, start, 9199870201571365
1787080804.363533, NoOp Chain Depth 64 Size 0 Mode ref, Ref Stage 34, run, end, 9199870201592069
1787080804.363569, NoOp Chain Depth 64 Size 0 Mode ref, Ref Stage 35, run, start, 9199870201628229
1787080804.363590, NoOp Chain Depth 64 Size 0 Mode ref, Ref Stage 35, run, end, 9199870201649413
1787080804.363626, NoOp Chain Depth 64 Size 0 Mode ref, Ref Stage 36, run, start, 9199870201685493
1787080804.363647, NoOp Chain Depth 64 Size 0 Mode ref, Ref Stage 36, run, end, 9199870201706485
1787080804.363685, NoOp Chain Depth 64 Size 0 Mode ref, Ref Stage 37, run, start, 9199870201744325
1787080804.363715, NoOp Chain Depth 64 Size 0 Mode ref, Ref Stage 37, run, end, 9199870201774821
1787080804.363760, NoOp Chain Depth 64 Size 0 Mode ref, Ref Stage 38, run, start, 9199870201819221
1787080804.363780, NoOp Chain Depth 64 Size 0 Mode ref, Ref Stage 38, run, end, 9199870201840021
1787080804.363817, NoOp Chain Depth 64 Size 0 Mode ref, Ref Stage 39, run, start, 9199870201876981
1787080804.363838, NoOp Chain Depth 64 Size 0 Mode ref, Ref Stage 39, run, end, 9199870201897909
1787080804.364879, NoOp Chain Depth 64 Size 0 Mode ref, Ref Stage 40, run, start, 9199870202940118
1787080804.364910, NoOp Chain Depth 64 Size 0 Mode ref, Ref Stage 40, run, end, 9199870202969942
1787080804.364953, NoOp Chain Depth 64 Size 0 Mode ref, Ref Stage 41, run, start, 9199870203013158
1787080804.364977, NoOp Chain Depth 64 Size 0 Mode ref, Ref Stage 41, run, end, 9199870203036758
1787080804.365015, NoOp Chain Depth 64 Size 0 Mode ref, Ref Stage 42, run, start, 9199870203075062
1787080804.365039, NoOp Chain Depth 64 Size 0 Mode ref, Ref Stage 42, run, end, 9199870203098550
1787080804.365076, NoOp Chain Depth 64 Size 0 Mode ref, Ref Stage 43, run, start, 9199870203136134
1787080804.365099, NoOp Chain Depth 64 Size 0 Mode ref, Ref Stage 43, run, end, 9199870203158374
1787080804.365136, NoOp Chain Depth 64 Size 0 Mode ref, Ref Stage 44, run, start, 9199870203195206
1787080804.365157, NoOp Chain Depth 64 Size 0 Mode ref, Ref Stage 44, run, end, 9199870203216758
1787080804.365194, NoOp Chain Depth 64 Size 0 Mode ref, Ref Stage 45, run, start, 9199870203253334
1787080804.365215, NoOp Chain Depth 64 Size 0 Mode ref, Ref Stage 45, run, end, 9199870203274646
1787080804.365252, NoOp Chain Depth 64 Size 0 Mode ref, Ref Stage 46, run, start, 9199870203310998
1787080804.365273, NoOp Chain Depth 64 Size 0 Mode ref, Ref Stage 46, run, end, 9199870203332006
1787080804.365309, NoOp Chain Depth 64 Size 0 Mode ref, Ref Stage 47, run, start, 9199870203368950
1787080804.365330, NoOp Chain Depth 64 Size 0 Mode ref, Ref Stage 47, run, end, 9199870203390038
1787080804.365366, NoOp Chain Depth 64 Size 0 Mode ref, Ref Stage 48, run, start, 9199870203425462
1787080804.365387, NoOp Chain Depth 64 Size 0 Mode ref, Ref Stage 48, run, end, 9199870203446454
1787080804.365425, NoOp Chain Depth 64 Size 0 Mode ref, Ref Stage 49, run, start, 9199870203484086
1787080804.365455, NoOp Chain Depth 64 Size 0 Mode ref, Ref Stage 49, run, end, 9199870203514678
1787080804.365490, NoOp Chain Depth 64 Size 0 Mode ref, Ref Stage 50, run, start, 9199870203549878
1787080804.365521, NoOp Chain Depth 64 Size 0 Mode ref, Ref Stage 50, run, end, 9199870203580214
1787080804.365565, NoOp Chain Depth 64 Size 0 Mode ref, Ref Stage 51, run, start, 9199870203624902
1787080804.365596, NoOp Chain Depth 64 Size 0 Mode ref, Ref Stage 51, run, end, 9199870203655414
1787080804.365639, NoOp Chain Depth 64 Size 0 Mode ref, Ref Stage 52, run, start, 9199870203698854
1787080804.365660, NoOp Chain Depth 64 Size 0 Mode ref, Ref Stage 52, run, end, 9199870203719894
1787080804.365699, NoOp Chain Depth 64 Size 0 Mode ref, Ref Stage 53, run, start, 9199870203758678
1787080804.365731, NoOp Chain Depth 64 Size 0 Mode ref, Ref Stage 53, run, end, 9199870203790566
1787080804.365777, NoOp Chain Depth 64 Size 0 Mode ref, Ref Stage 54, run, start, 9199870203836502
1787080804.365809, NoOp Chain Depth 64 Size 0 Mode ref, Ref Stage 54, run, end, 9199870203868198
1787080804.365994, NoOp Chain Depth 64 Size 0 Mode ref, Ref Stage 55, run, start, 9199870204054198
1787080804.366028, NoOp Chain Depth 64 Size 0 Mode ref, Ref Stage 55, run, end, 9199870204087110
1787080804.366065, NoOp Chain Depth 64 Size 0 Mode ref, Ref Stage 56, run, start, 9199870204124454
1787080804.366097, NoOp Chain Depth 64 Size 0 Mode ref, Ref Stage 56, run, end, 9199870204156262
1787080804.366140, NoOp Chain Depth 64 Size 0 Mode ref, Ref Stage 57, run, start, 9199870204199910
1787080804.366162, NoOp Chain Depth 64 Size 0 Mode ref, Ref Stage 57, run, end, 9199870204221046
1787080804.366197, NoOp Chain Depth 64 Size 0 Mode ref, Ref Stage 58, run, start, 9199870204256550
1787080804.366219, NoOp Chain Depth 64 Size 0 Mode ref, Ref Stage 58, run, end, 9199870204277974
1787080804.366256, NoOp Chain Depth 64 Size 0 Mode ref, Ref Stage 59, run, start, 9199870204315606
1787080804.366287, NoOp Chain Depth 64 Size 0 Mode ref, Ref Stage 59, run, end, 9199870204346166
1787080804.366319, NoOp Chain Depth 64 Size 0 Mode ref, Ref Stage 60, run, start, 9199870204378310
1787080804.367571, NoOp Chain Depth 64 Size 0 Mode ref, Ref Stage 60, run, end, 9199870205631110
1787080804.367615, NoOp Chain Depth 64 Size 0 Mode ref, Ref Stage 61, run, start, 9199870205674742
1787080804.367638, NoOp Chain Depth 64 Size 0 Mode ref, Ref Stage 61, run, end, 9199870205697414
1787080804.367675, NoOp Chain Depth 64 Size 0 Mode ref, Ref Stage 62, run, start, 9199870205734406
1787080804.367696, NoOp Chain Depth 64 Size 0 Mode ref, Ref Stage 62, run, end, 9199870205755606
1787080804.367733, NoOp Chain Depth 64 Size 0 Mode ref, Ref Stage 63, run, start, 9199870205791910
1787080804.367753, NoOp Chain Depth 64 Size 0 Mode ref, Ref Stage 63, run, end, 9199870205812278
1787080804.367790, NoOp Chain Depth 64 Size 0 Mode ref, pipeline - train, run, end, 191348954753642170456192674669810296873, 1787080804.359487, 1, 1, 9199870205849782
1787080804.367855, NoOp Chain Depth 64 Size 0 Mode ref, pipeline - train, run, start, 319917542028635011775260363792407001853, 1787080804.367834, 2, 1, 9199870205914790
1787080804.367894, NoOp Chain Depth 64 Size 0 Mode ref, Ref Stage 0, run, start, 9199870205953526
1787080804.367926, NoOp Chain Depth 64 Size 0 Mode ref, Ref Stage 0, run, end, 9199870205985366
1787080804.367974, NoOp Chain Depth 64 Size 0 Mode ref, Ref Stage 1, run, start, 9199870206033462
1787080804.368397, NoOp Chain Depth 64 Size 0 Mode ref, Ref Stage 1, run, end, 9199870206457862
1787080804.368438, NoOp Chain Depth 64 Size 0 Mode ref, Ref Stage 2, run, start, 9199870206497766
1787080804.368461, NoOp Chain Depth 64 Size 0 Mode ref, Ref Stage 2, run, end, 9199870206520742
1787080804.368498, NoOp Chain Depth 64 Size 0 Mode ref, Ref Stage 3, run, start, 9199870206557750
1787080804.368520, NoOp Chain Depth 64 Size 0 Mode ref, Ref Stage 3, run, end, 9199870206579974
1787080804.368557, NoOp Chain Depth 64 Size 0 Mode ref, Ref Stage 4, run, start, 9199870206616758
1787080804.368579, NoOp Chain Depth 64 Size 0 Mode ref, Ref Stage 4, run, end, 9199870206638150
1787080804.368615, NoOp Chain Depth 64 Size 0 Mode ref, Ref Stage 5, run, start, 9199870206674470
1787080804.368639, NoOp Chain Depth 64 Size 0 Mode ref, Ref Stage 5, run, end, 9199870206698278
1787080804.368652, NoOp Chain Depth 64 Size 0 Mode ref, Ref Stage 6, run, start, 9199870206711174
1787080804.368707, NoOp Chain Depth 64 Size 0 Mode ref, Ref Stage 6, run, end, 9199870206766678
1787080804.368744, NoOp Chain Depth 64 Size 0 Mode ref, Ref Stage 7, run, start, 9199870206804022
1787080804.368766, NoOp Chain Depth 64 Size 0 Mode ref, Ref Stage 7, run, end, 9199870206825222
1787080804.368803, NoOp Chain Depth 64 Size 0 Mode ref, Ref Stage 8, run, start, 9199870206862454
1787080804.368824, NoOp Chain Depth 64 Size 0 Mode ref, Ref Stage 8, run, end, 9199870206883590
1787080804.368862, NoOp Chain Depth 64 Size 0 Mode ref, Ref Stage 9, run, start, 9199870206922006
1787080804.368894, NoOp Chain Depth 64 Size 0 Mode ref, Ref Stage 9, run, end, 9199870206953302
1787080804.368938, NoOp Chain Depth 64 Size 0 Mode ref, Ref Stage 10, run, start, 9199870206997430
1787080804.368971, NoOp Chain Depth 64 Size 0 Mode ref, Ref Stage 10, run, end, 9199870207030534
1787080804.369015, NoOp Chain Depth 64 Size 0 Mode ref, Ref Stage 11, run, start, 9199870207074422
1787080804.369036, NoOp Chain Depth 64 Size 0 Mode ref, Ref Stage 11, run, end, 9199870207095430
1787080804.369074, NoOp Chain Depth 64 Size 0 Mode ref, Ref Stage 12, run, start, 9199870207133302
1787080804.369105, NoOp Chain Depth 64 Size 0 Mode ref, Ref Stage 12, run, end, 9199870207164006
1787080804.369936, NoOp Chain Depth 64 Size 0 Mode ref, Ref Stage 13, run, start, 9199870207996470
1787080804.369970, NoOp Chain Depth 64 Size 0 Mode ref, Ref Stage 13, run, end, 9199870208030262
1787080804.369986, NoOp Chain Depth 64 Size 0 Mode ref, Ref Stage 14, run, start, 9199870208045862
1787080804.370054, NoOp Chain Depth 64 Size 0 Mode ref, Ref Stage 14, run, end, 9199870208113286
1787080804.370089, NoOp Chain Depth 64 Size 0 Mode ref, Ref Stage 15, run, start, 9199870208148726
1787080804.370111, NoOp Chain Depth 64 Size 0 Mode ref, Ref Stage 15, run, end, 9199870208170694
1787080804.370149, NoOp Chain Depth 64 Size 0 Mode ref, Ref Stage 16, run, start, 9199870208208710
1787080804.370173, NoOp Chain Depth 64 Size 0 Mode ref, Ref Stage 16, run, end, 9199870208232374
1787080804.370211, NoOp Chain Depth 64 Size 0 Mode ref, Ref Stage 17, run, start, 9199870208270278
1787080804.370242, NoOp Chain Depth 64 Size 0 Mode ref, Ref Stage 17, run, end, 9199870208301862
1787080804.370279, NoOp Chain Depth 64 Size 0 Mode ref, Ref Stage 18, run, start, 9199870208338294
1787080804.370310, NoOp Chain Depth 64 Size 0 Mode ref, Ref Stage 18, run, end, 9199870208369302
1787080804.370354, NoOp Chain Depth 64 Size 0 Mode ref, Ref Stage 19, run, start, 9199870208413334
1787080804.370385, NoOp Chain Depth 64 Size 0 Mode ref, Ref Stage 19, run, end, 9199870208444486
1787080804.370791, NoOp Chain Depth 64 Size 0 Mode ref, Ref Stage 20, run, start, 9199870208851462
1787080804.370815, NoOp Chain Depth 64 Size 0 Mode ref, Ref Stage 20, run, end, 9199870208874326
1787080804.370852, NoOp Chain Depth 64 Size 0 Mode ref, Ref Stage 21, run, start, 9199870208911702
1787080804.370874, NoOp Chain Depth 64 Size 0 Mode ref, Ref Stage 21, run, end, 9199870208933894
1787080804.370913, NoOp Chain Depth 64 Size 0 Mode ref, Ref Stage 22, run, start, 9199870208972118
1787080804.370962, NoOp Chain Depth 64 Size 0 Mode ref, Ref Stage 22, run, end, 9199870209021446
1787080804.370999, NoOp Chain Depth 64 Size 0 Mode ref, Ref Stage 23, run, start, 9199870209058502
1787080804.371032, NoOp Chain Depth 64 Size 0 Mode ref, Ref Stage 23, run, end, 9199870209091174
1787080804.371062, NoOp Chain Depth 64 Size 0 Mode ref, Ref Stage 24, run, start, 9199870209121046
1787080804.371101, NoOp Chain Depth 64 Size 0 Mode ref, Ref Stage 24, run, end, 9199870209160518
1787080804.371139, NoOp Chain Depth 64 Size 0 Mode ref, Ref Stage 25, run, start, 9199870209198006
1787080804.371160, NoOp Chain Depth 64 Size 0 Mode ref, Ref Stage 25, run, end, 9199870209219606
1787080804.371197, NoOp Chain Depth 64 Size 0 Mode ref, Ref Stage 26, run, start, 9199870209256950
1787080804.371219, NoOp Chain Depth 64 Size 0 Mode ref, Ref Stage 26, run, end, 9199870209278902
1787080804.371256, NoOp Chain Depth 64 Size 0 Mode ref, Ref Stage 27, run, start, 9199870209316086
1787080804.371278, NoOp Chain Depth 64 Size 0 Mode ref, Ref Stage 27, run, end, 9199870209337766
1787080804.371316, NoOp Chain Depth 64 Size 0 Mode ref, Ref Stage 28, run, start, 9199870209375446
1787080804.371338, NoOp Chain Depth 64 Size 0 Mode ref, Ref Stage 28, run, end, 9199870209397286
1787080804.371376, NoOp Chain Depth 64 Size 0 Mode ref, Ref Stage 29, run, start, 9199870209435590
1787080804.371408, NoOp Chain Depth 64 Size 0 Mode ref, Ref Stage 29, run, end, 9199870209467110
1787080804.371453, NoOp Chain Depth 64 Size 0 Mode ref, Ref Stage 30, run, start, 9199870209512998
1787080804.371485, NoOp Chain Depth 64 Size 0 Mode ref, Ref Stage 30, run, end, 9199870209544358
1787080804.371966, NoOp Chain Depth 64 Size 0 Mode ref, Ref Stage 31, run, start, 9199870210026230
1787080804.371992, NoOp Chain Depth 64 Size 0 Mode ref, Ref Stage 31, run, end, 9199870210051446
1787080804.372031, NoOp Chain Depth 64 Size 0 Mode ref, Ref Stage 32, run, start, 9199870210090838
1787080804.372063, NoOp Chain Depth 64 Size 0 Mode ref, Ref Stage 32, run, end, 9199870210122086
1787080804.372099, NoOp Chain Depth 64 Size 0 Mode ref, Ref Stage 33, run, start, 9199870210158470
1787080804.372129, NoOp Chain Depth 64 Size 0 Mode ref, Ref Stage 33, run, end, 9199870210189078
1787080804.372174, NoOp Chain Depth 64 Size 0 Mode ref, Ref Stage 34, run, start, 9199870210233030
1787080804.372204, NoOp Chain Depth 64 Size 0 Mode ref, Ref Stage 34, run, end, 9199870210263414
1787080804.372778, NoOp Chain Depth 64 Size 0 Mode ref, Ref Stage 35, run, start, 9199870210838102
1787080804.372802, NoOp Chain Depth 64 Size 0 Mode ref, Ref Stage 35, run, end, 9199870210861206
1787080804.372839, NoOp Chain Depth 64 Size 0 Mode ref, Ref Stage 36, run, start, 9199870210898246
1787080804.372861, NoOp Chain Depth 64 Size 0 Mode ref, Ref Stage 36, run, end, 9199870210920182
1787080804.372897, NoOp Chain Depth 64 Size 0 Mode ref, Ref Stage 37, run, start, 9199870210956886
1787080804.372921, NoOp Chain Depth 64 Size 0 Mode ref, Ref Stage 37, run, end, 9199870210980247
1787080804.372961, NoOp Chain Depth 64 Size 0 Mode ref, Ref Stage 38, run, start, 9199870211020487
1787080804.372992, NoOp Chain Depth 64 Size 0 Mode ref, Ref Stage 38, run, end, 9199870211051655
1787080804.373028, NoOp Chain Depth 64 Size 0 Mode ref, Ref Stage 39, run, start, 9199870211087223
1787080804.373060, NoOp Chain Depth 64 Size 0 Mode ref, Ref Stage 39, run, end, 9199870211119351
1787080804.373091, NoOp Chain Depth 64 Size 0 Mode ref, Ref Stage 40, run, start, 9199870211150343
1787080804.373130, NoOp Chain Depth 64 Size 0 Mode ref, Ref Stage 40, run, end, 9199870211189559
1787080804.373146, NoOp Chain Depth 64 Size 0 Mode ref, Ref Stage 41, run, start, 9199870211205191
1787080804.373168, NoOp Chain Depth 64 Size 0 Mode ref, Ref Stage 41, run, end, 9199870211227191
1787080804.373222, NoOp Chain Depth 64 Size 0 Mode ref, Ref Stage 42, run, start, 9199870211281687
1787080804.373244, NoOp Chain Depth 64 Size 0 Mode ref, Ref Stage 42, run, end, 9199870211303671
1787080804.373281, NoOp Chain Depth 64 Size 0 Mode ref, Ref Stage 43, run, start, 9199870211340215
1787080804.373302, NoOp Chain Depth 64 Size 0 Mode ref, Ref Stage 43, run, end, 9199870211361767
1787080804.373338, NoOp Chain Depth 64 Size 0 Mode ref, Ref Stage 44, run, start, 9199870211397959
1787080804.373360, NoOp Chain Depth 64 Size 0 Mode ref, Ref Stage 44, run, end, 9199870211419591
1787080804.373398, NoOp Chain Depth 64 Size 0 Mode ref, Ref Stage 45, run, start, 9199870211457063
1787080804.373429, NoOp Chain Depth 64 Size 0 Mode ref, Ref Stage 45, run, end, 9199870211488103
1787080804.373473, NoOp Chain Depth 64 Size 0 Mode ref, Ref Stage 46, run, start, 9199870211533127
1787080804.373504, NoOp Chain Depth 64 Size 0 Mode ref, Ref Stage 46, run, end, 9199870211563655
1787080804.373548, NoOp Chain Depth 64 Size 0 Mode ref, Ref Stage 47, run, start, 9199870211607511
1787080804.374432, NoOp Chain Depth 64 Size 0 Mode ref, Ref Stage 47, run, end, 9199870212492599
1787080804.374475, NoOp Chain Depth 64 Size 0 Mode ref, Ref Stage 48, run, start, 9199870212535031
1787080804.374499, NoOp Chain Depth 64 Size 0 Mode ref, Ref Stage 48, run, end, 9199870212558759
1787080804.374537, NoOp Chain Depth 64 Size 0 Mode ref, Ref Stage 49, run, start, 9199870212596327
1787080804.374559, NoOp Chain Depth 64 Size 0 Mode ref, Ref Stage 49, run, end, 9199870212618439
1787080804.374596, NoOp Chain Depth 64 Size 0 Mode ref, Ref Stage 50, run, start, 9199870212655591
1787080804.374618, NoOp Chain Depth 64 Size 0 Mode ref, Ref Stage 50, run, end, 9199870212677687
1787080804.374655, NoOp Chain Depth 64 Size 0 Mode ref, Ref Stage 51, run, start, 9199870212714871
1787080804.374677, NoOp Chain Depth 64 Size 0 Mode ref, Ref Stage 51, run, end, 9199870212736263
1787080804.374712, NoOp Chain Depth 64 Size 0 Mode ref, Ref Stage 52, run, start, 9199870212772199
1787080804.374734, NoOp Chain Depth 64 Size 0 Mode ref, Ref Stage 52, run, end, 9199870212793335
1787080804.374769, NoOp Chain Depth 64 Size 0 Mode ref, Ref Stage 53, run, start, 9199870212828951
1787080804.374791, NoOp Chain Depth 64 Size 0 Mode ref, Ref Stage 53, run, end, 9199870212850215
1787080804.374827, NoOp Chain Depth 64 Size 0 Mode ref, Ref Stage 54, run, start, 9199870212886567
1787080804.374848, NoOp Chain Depth 64 Size 0 Mode ref, Ref Stage 54, run, end, 9199870212907799
1787080804.374884, NoOp Chain Depth 64 Size 0 Mode ref, Ref Stage 55, run, start, 9199870212943543
1787080804.374905, NoOp Chain Depth 64 Size 0 Mode ref, Ref Stage 55, run, end, 9199870212964647
1787080804.374941, NoOp Chain Depth 64 Size 0 Mode ref, Ref Stage 56, run, start, 9199870213002951
1787080804.374965, NoOp Chain Depth 64 Size 0 Mode ref, Ref Stage 56, run, end, 9199870213024535
1787080804.375002, NoOp Chain Depth 64 Size 0 Mode ref, Ref Stage 57, run, start, 9199870213061479
1787080804.375033, NoOp Chain Depth 64 Size 0 Mode ref, Ref Stage 57, run, end, 9199870213092231
1787080804.375068, NoOp Chain Depth 64 Size 0 Mode ref, Ref Stage 58, run, start, 9199870213127703
1787080804.375103, NoOp Chain Depth 64 Size 0 Mode ref, Ref Stage 58, run, end, 9199870213162055
1787080804.375123, NoOp Chain Depth 64 Size 0 Mode ref, Ref Stage 59, run, start, 9199870213182423
1787080804.375170, NoOp Chain Depth 64 Size 0 Mode ref, Ref Stage 59, run, end, 9199870213229511
1787080804.375186, NoOp Chain Depth 64 Size 0 Mode ref, Ref Stage 60, run, start, 9199870213245175
1787080804.375206, NoOp Chain Depth 64 Size 0 Mode ref, Ref Stage 60, run, end, 9199870213265847
1787080804.375261, NoOp Chain Depth 64 Size 0 Mode ref, Ref Stage 61, run, start, 9199870213320151
1787080804.375282, NoOp Chain Depth 64 Size 0 Mode ref, Ref Stage 61, run, end, 9199870213341735
1787080804.375319, NoOp Chain Depth 64 Size 0 Mode ref, Ref Stage 62, run, start, 9199870213378055
1787080804.375340, NoOp Chain Depth 64 Size 0 Mode ref, Ref Stage 62, run, end, 9199870213399175
1787080804.375376, NoOp Chain Depth 64 Size 0 Mode ref, Ref Stage 63, run, start, 9199870213435351
1787080804.375396, NoOp Chain Depth 64 Size 0 Mode ref, Ref Stage 63, run, end, 9199870213455751
1787080804.375432, NoOp Chain Depth 64 Size 0 Mode ref, pipeline - train, run, end, 319917542028635011775260363792407001853, 1787080804.367834, 2, 1, 9199870213491831
1787080804.375501, NoOp Chain Depth 64 Size 0 Mode ref, pipeline - train, run, start, 195402615085978585322817399438750727514, 1787080804.375475, 3, 1, 9199870213560679
1787080804.375541, NoOp Chain Depth 64 Size 0 Mode ref, Ref Stage 0, run, start, 9199870213600455
1787080804.375574, NoOp Chain Depth 64 Size 0 Mode ref, Ref Stage 0, run, end, 9199870213633783
1787080804.376860, NoOp Chain Depth 64 Size 0 Mode ref, Ref Stage 1, run, start, 9199870214921415
1787080804.376887, NoOp Chain Depth 64 Size 0 Mode ref, Ref Stage 1, run, end, 9199870214947175
1787080804.376926, NoOp Chain Depth 64 Size 0 Mode ref, Ref Stage 2, run, start, 9199870214986199
1787080804.376952, NoOp Chain Depth 64 Size 0 Mode ref, Ref Stage 2, run, end, 9199870215011431
1787080804.376991, NoOp Chain Depth 64 Size 0 Mode ref, Ref Stage 3, run, start, 9199870215050215
1787080804.377013, NoOp Chain Depth 64 Size 0 Mode ref, Ref Stage 3, run, end, 9199870215072487
1787080804.377050, NoOp Chain Depth 64 Size 0 Mode ref, Ref Stage 4, run, start, 9199870215109351
1787080804.377072, NoOp Chain Depth 64 Size 0 Mode ref, Ref Stage 4, run, end, 9199870215131127
1787080804.377108, NoOp Chain Depth 64 Size 0 Mode ref, Ref Stage 5, run, start, 9199870215167719
1787080804.377130, NoOp Chain Depth 64 Size 0 Mode ref, Ref Stage 5, run, end, 9199870215189223
1787080804.377166, NoOp Chain Depth 64 Size 0 Mode ref, Ref Stage 6, run, start, 9199870215225383
1787080804.377187, NoOp Chain Depth 64 Size 0 Mode ref, Ref Stage 6, run, end, 9199870215246727
1787080804.377224, NoOp Chain Depth 64 Size 0 Mode ref, Ref Stage 7, run, start, 9199870215283543
1787080804.377245, NoOp Chain Depth 64 Size 0 Mode ref, Ref Stage 7, run, end, 9199870215304999
1787080804.377282, NoOp Chain Depth 64 Size 0 Mode ref, Ref Stage 8, run, start, 9199870215341447
1787080804.377304, NoOp Chain Depth 64 Size 0 Mode ref, Ref Stage 8, run, end, 9199870215362951
1787080804.377340, NoOp Chain Depth 64 Size 0 Mode ref, Ref Stage 9, run, start, 9199870215399495
1787080804.377361, NoOp Chain Depth 64 Size 0 Mode ref, Ref Stage 9, run, end, 9199870215420871
1787080804.377398, NoOp Chain Depth 64 Size 0 Mode ref, Ref Stage 10, run, start, 9199870215457367
1787080804.377419, NoOp Chain Depth 64 Size 0 Mode ref, Ref Stage 10, run, end, 9199870215479063
1787080804.377456, NoOp Chain Depth 64 Size 0 Mode ref, Ref Stage 11, run, start, 9199870215515431
1787080804.377480, NoOp Chain Depth 64 Size 0 Mode ref, Ref Stage 11, run, end, 9199870215539175
1787080804.377492, NoOp Chain Depth 64 Size 0 Mode ref, Ref Stage 12, run, start, 9199870215552119
1787080804.377553, NoOp Chain Depth 64 Size 0 Mode ref, Ref Stage 12, run, end, 9199870215612535
1787080804.377587, NoOp Chain Depth 64 Size 0 Mode ref, Ref Stage 13, run, start, 9199870215646311
1787080804.377610, NoOp Chain Depth 64 Size 0 Mode ref, Ref Stage 13, run, end, 9199870215669751
1787080804.377647, NoOp Chain Depth 64 Size 0 Mode ref, Ref Stage 14, run, start, 9199870215706519
1787080804.377668, NoOp Chain Depth 64 Size 0 Mode ref, Ref Stage 14, run, end, 9199870215727815
1787080804.377704, NoOp Chain Depth 64 Size 0 Mode ref, Ref Stage 15, run, start, 9199870215763895
1787080804.377726, NoOp Chain Depth 64 Size 0 Mode ref, Ref Stage 15, run, end, 9199870215785335
1787080804.377762, NoOp Chain Depth 64 Size 0 Mode ref, Ref Stage 16, run, start, 9199870215821143
1787080804.377783, NoOp Chain Depth 64 Size 0 Mode ref, Ref Stage 16, run, end, 9199870215842263
1787080804.377820, NoOp Chain Depth 64 Size 0 Mode ref, Ref Stage 17, run, start, 9199870215879303
1787080804.377841, NoOp Chain Depth 64 Size 0 Mode ref, Ref Stage 17, run, end, 9199870215900375
1787080804.377877, NoOp Chain Depth 64 Size 0 Mode ref, Ref Stage 18, run, start, 9199870215936519
1787080804.377898, NoOp Chain Depth 64 Size 0 Mode ref, Ref Stage 18, run, end, 9199870215957335
1787080804.377934, NoOp Chain Depth 64 Size 0 Mode ref, Ref Stage 19, run, start, 9199870215993655
1787080804.377959, NoOp Chain Depth 64 Size 0 Mode ref, Ref Stage 19, run, end, 9199870216019031
1787080804.377999, NoOp Chain Depth 64 Size 0 Mode ref, Ref Stage 20, run, start, 9199870216058183
1787080804.378020, NoOp Chain Depth 64 Size 0 Mode ref, Ref Stage 20, run, end, 9199870216079943
1787080804.378057, NoOp Chain Depth 64 Size 0 Mode ref, Ref Stage 21, run, start, 9199870216117095
1787080804.378079, NoOp Chain Depth 64 Size 0 Mode ref, Ref Stage 21, run, end, 9199870216139079
1787080804.378117, NoOp Chain Depth 64 Size 0 Mode ref, Ref Stage 22, run, start, 9199870216176375
1787080804.378139, NoOp Chain Depth 64 Size 0 Mode ref, Ref Stage 22, run, end, 9199870216198151
1787080804.378176, NoOp Chain Depth 64 Size 0 Mode ref, Ref Stage 23, run, start, 9199870216235287
1787080804.378197, NoOp Chain Depth 64 Size 0 Mode ref, Ref Stage 23, run, end, 9199870216257111
1787080804.378235, NoOp Chain Depth 64 Size 0 Mode ref, Ref Stage 24, run, start, 9199870216294359
1787080804.378257, NoOp Chain Depth 64 Size 0 Mode ref, Ref Stage 24, run, end, 9199870216316327
1787080804.378294, NoOp Chain Depth 64 Size 0 Mode ref, Ref Stage 25, run, start, 9199870216353415
1787080804.378316, NoOp Chain Depth 64 Size 0 Mode ref, Ref Stage 25, run, end, 9199870216375623
1787080804.378353, NoOp Chain Depth 64 Size 0 Mode ref, Ref Stage 26, run, start, 9199870216412743
1787080804.378375, NoOp Chain Depth 64 Size 0 Mode ref, Ref Stage 26, run, end, 9199870216434263
1787080804.378412, NoOp Chain Depth 64 Size 0 Mode ref, Ref Stage 27, run, start, 9199870216472007
1787080804.378434, NoOp Chain Depth 64 Size 0 Mode ref, Ref Stage 27, run, end, 9199870216493399
1787080804.378471, NoOp Chain Depth 64 Size 0 Mode ref, Ref Stage 28, run, start, 9199870216530199
1787080804.378494, NoOp Chain Depth 64 Size 0 Mode ref, Ref Stage 28, run, end, 9199870216553031
1787080804.378534, NoOp Chain Depth 64 Size 0 Mode ref, Ref Stage 29, run, start, 9199870216593527
1787080804.378556, NoOp Chain Depth 64 Size 0 Mode ref, Ref Stage 29, run, end, 9199870216615223
1787080804.378592, NoOp Chain Depth 64 Size 0 Mode ref, Ref Stage 30, run, start, 9199870216652311
1787080804.378614, NoOp Chain Depth 64 Size 0 Mode ref, Ref Stage 30, run, end, 9199870216673671
1787080804.378650, NoOp Chain Depth 64 Size 0 Mode ref, Ref Stage 31, run, start, 9199870216709895
1787080804.378672, NoOp Chain Depth 64 Size 0 Mode ref, Ref Stage 31, run, end, 9199870216731223
1787080804.378707, NoOp Chain Depth 64 Size 0 Mode ref, Ref Stage 32, run, start, 9199870216766615
1787080804.378728, NoOp Chain Depth 64 Size 0 Mode ref, Ref Stage 32, run, end, 9199870216787463
1787080804.378765, NoOp Chain Depth 64 Size 0 Mode ref, Ref Stage 33, run, start, 9199870216824327
1787080804.378788, NoOp Chain Depth 64 Size 0 Mode ref, Ref Stage 33, run, end, 9199870216847735
1787080804.378828, NoOp Chain Depth 64 Size 0 Mode ref, Ref Stage 34, run, start, 9199870216887863
1787080804.378851, NoOp Chain Depth 64 Size 0 Mode ref, Ref Stage 34, run, end, 9199870216910759
1787080804.378887, NoOp Chain Depth 64 Size 0 Mode ref, Ref Stage 35, run, start, 9199870216946471
1787080804.378908, NoOp Chain Depth 64 Size 0 Mode ref, Ref Stage 35, run, end, 9199870216967495
1787080804.378970, NoOp Chain Depth 64 Size 0 Mode ref, Ref Stage 36, run, start, 9199870217029767
1787080804.378993, NoOp Chain Depth 64 Size 0 Mode ref, Ref Stage 36, run, end, 9199870217052487
1787080804.379030, NoOp Chain Depth 64 Size 0 Mode ref, Ref Stage 37, run, start, 9199870217089159
1787080804.379051, NoOp Chain Depth 64 Size 0 Mode ref, Ref Stage 37, run, end, 9199870217110343
1787080804.379086, NoOp Chain Depth 64 Size 0 Mode ref, Ref Stage 38, run, start, 9199870217145991
1787080804.379107, NoOp Chain Depth 64 Size 0 Mode ref, Ref Stage 38, run, end, 9199870217166887
1787080804.379143, NoOp Chain Depth 64 Size 0 Mode ref, Ref Stage 39, run, start, 9199870217202535
1787080804.379167, NoOp Chain Depth 64 Size 0 Mode ref, Ref Stage 39, run, end, 9199870217226279
1787080804.379179, NoOp Chain Depth 64 Size 0 Mode ref, Ref Stage 40, run, start, 9199870217238855
1787080804.379235, NoOp Chain Depth 64 Size 0 Mode ref, Ref Stage 40, run, end, 9199870217293975
1787080804.379250, NoOp Chain Depth 64 Size 0 Mode ref, Ref Stage 41, run, start, 9199870217309847
1787080804.379272, NoOp Chain Depth 64 Size 0 Mode ref, Ref Stage 41, run, end, 9199870217331495
1787080804.379325, NoOp Chain Depth 64 Size 0 Mode ref, Ref Stage 42, run, start, 9199870217384791
1787080804.379347, NoOp Chain Depth 64 Size 0 Mode ref, Ref Stage 42, run, end, 9199870217406823
1787080804.379384, NoOp Chain Depth 64 Size 0 Mode ref, Ref Stage 43, run, start, 9199870217443239
1787080804.379405, NoOp Chain Depth 64 Size 0 Mode ref, Ref Stage 43, run, end, 9199870217464599
1787080804.379441, NoOp Chain Depth 64 Size 0 Mode ref, Ref Stage 44, run, start, 9199870217500807
1787080804.379462, NoOp Chain Depth 64 Size 0 Mode ref, Ref Stage 44, run, end, 9199870217521847
1787080804.379499, NoOp Chain Depth 64 Size 0 Mode ref, Ref Stage 45, run, start, 9199870217558343
1787080804.379520, NoOp Chain Depth 64 Size 0 Mode ref, Ref Stage 45, run, end, 9199870217579671
1787080804.379557, NoOp Chain Depth 64 Size 0 Mode ref, Ref Stage 46, run, start, 9199870217616711
1787080804.379581, NoOp Chain Depth 64 Size 0 Mode ref, Ref Stage 46, run, end, 9199870217640039
1787080804.379593, NoOp Chain Depth 64 Size 0 Mode ref, Ref Stage 47, run, start, 9199870217652759
1787080804.379648, NoOp Chain Depth 64 Size 0 Mode ref, Ref Stage 47, run, end, 9199870217707783
1787080804.379685, NoOp Chain Depth 64 Size 0 Mode ref, Ref Stage 48, run, start, 9199870217744151
1787080804.379706, NoOp Chain Depth 64 Size 0 Mode ref, Ref Stage 48, run, end, 9199870217765543
1787080804.379742, NoOp Chain Depth 64 Size 0 Mode ref, Ref Stage 49, run, start, 9199870217801303
1787080804.379763, NoOp Chain Depth 64 Size 0 Mode ref, Ref Stage 49, run, end, 9199870217822407
1787080804.379798, NoOp Chain Depth 64 Size 0 Mode ref, Ref Stage 50, run, start, 9199870217857927
1787080804.379820, NoOp Chain Depth 64 Size 0 Mode ref, Ref Stage 50, run, end, 9199870217878919
1787080804.379856, NoOp Chain Depth 64 Size 0 Mode ref, Ref Stage 51, run, start, 9199870217915159
1787080804.379877, NoOp Chain Depth 64 Size 0 Mode ref, Ref Stage 51, run, end, 9199870217936103
1787080804.379912, NoOp Chain Depth 64 Size 0 Mode ref, Ref Stage 52, run, start, 9199870217971831
1787080804.379933, NoOp Chain Depth 64 Size 0 Mode ref, Ref Stage 52, run, end, 9199870217992791
1787080804.379970, NoOp Chain Depth 64 Size 0 Mode ref, Ref Stage 53, run, start, 9199870218029927
1787080804.379992, NoOp Chain Depth 64 Size 0 Mode ref, Ref Stage 53, run, end, 9199870218051303
1787080804.380027, NoOp Chain Depth 64 Size 0 Mode ref, Ref Stage 54, run, start, 9199870218086439
1787080804.380048, NoOp Chain Depth 64 Size 0 Mode ref, Ref Stage 54, run, end, 9199870218107511
1787080804.380085, NoOp Chain Depth 64 Size 0 Mode ref, Ref Stage 55, run, start, 9199870218144039
1787080804.380116, NoOp Chain Depth 64 Size 0 Mode ref, Ref Stage 55, run, end, 9199870218175815
1787080804.380160, NoOp Chain Depth 64 Size 0 Mode ref, Ref Stage 56, run, start, 9199870218219879
1787080804.380190, NoOp Chain Depth 64 Size 0 Mode ref, Ref Stage 56, run, end, 9199870218249895
1787080804.380221, NoOp Chain Depth 64 Size 0 Mode ref, Ref Stage 57, run, start, 9199870218280183
1787080804.380266, NoOp Chain Depth 64 Size 0 Mode ref, Ref Stage 57, run, end, 9199870218325783
1787080804.380986, NoOp Chain Depth 64 Size 0 Mode ref, Ref Stage 58, run, start, 9199870219046631
1787080804.381014, NoOp Chain Depth 64 Size 0 Mode ref, Ref Stage 58, run, end, 9199870219073687
1787080804.381027, NoOp Chain Depth 64 Size 0 Mode ref, Ref Stage 59, run, start, 9199870219086727
1787080804.381083, NoOp Chain Depth 64 Size 0 Mode ref, Ref Stage 59, run, end, 9199870219142615
1787080804.381099, NoOp Chain Depth 64 Size 0 Mode ref, Ref Stage 60, run, start, 9199870219158327
1787080804.381120, NoOp Chain Depth 64 Size 0 Mode ref, Ref Stage 60, run, end, 9199870219179671
1787080804.381174, NoOp Chain Depth 64 Size 0 Mode ref, Ref Stage 61, run, start, 9199870219233095
1787080804.381195, NoOp Chain Depth 64 Size 0 Mode ref, Ref Stage 61, run, end, 9199870219254791
1787080804.381231, NoOp Chain Depth 64 Size 0 Mode ref, Ref Stage 62, run, start, 9199870219290087
1787080804.381251, NoOp Chain Depth 64 Size 0 Mode ref, Ref Stage 62, run, end, 9199870219310663
1787080804.381286, NoOp Chain Depth 64 Size 0 Mode ref, Ref Stage 63, run, start, 9199870219346039
1787080804.381307, NoOp Chain Depth 64 Size 0 Mode ref, Ref Stage 63, run, end, 9199870219366247
1787080804.381342, NoOp Chain Depth 64 Size 0 Mode ref, pipeline - train, run, end, 195402615085978585322817399438750727514, 1787080804.375475, 3, 1, 9199870219402071
1787080804.381404, NoOp Chain Depth 64 Size 0 Mode ref, pipeline - train, run, start, 102934077939904460108045477625302983792, 1787080804.381384, 4, 1, 9199870219463271
1787080804.381432, NoOp Chain Depth 64 Size 0 Mode ref, Ref Stage 0, run, start, 9199870219491655
1787080804.381454, NoOp Chain Depth 64 Size 0 Mode ref, Ref Stage 0, run, end, 9199870219513591
1787080804.381498, NoOp Chain Depth 64 Size 0 Mode ref, Ref Stage 1, run, start, 9199870219557559
1787080804.381519, NoOp Chain Depth 64 Size 0 Mode ref, Ref Stage 1, run, end, 9199870219578775
1787080804.381555, NoOp Chain Depth 64 Size 0 Mode ref, Ref Stage 2, run, start, 9199870219614391
1787080804.381576, NoOp Chain Depth 64 Size 0 Mode ref, Ref Stage 2, run, end, 9199870219635383
1787080804.381611, NoOp Chain Depth 64 Size 0 Mode ref, Ref Stage 3, run, start, 9199870219670807
1787080804.381633, NoOp Chain Depth 64 Size 0 Mode ref, Ref Stage 3, run, end, 9199870219692135
1787080804.381669, NoOp Chain Depth 64 Size 0 Mode ref, Ref Stage 4, run, start, 9199870219728967
1787080804.381691, NoOp Chain Depth 64 Size 0 Mode ref, Ref Stage 4, run, end, 9199870219750439
1787080804.381728, NoOp Chain Depth 64 Size 0 Mode ref, Ref Stage 5, run, start, 9199870219787223
1787080804.381758, NoOp Chain Depth 64 Size 0 Mode ref, Ref Stage 5, run, end, 9199870219818119
1787080804.381794, NoOp Chain Depth 64 Size 0 Mode ref, Ref Stage 6, run, start, 9199870219854295
1787080804.381825, NoOp Chain Depth 64 Size 0 Mode ref, Ref Stage 6, run, end, 9199870219885015
1787080804.381870, NoOp Chain Depth 64 Size 0 Mode ref, Ref Stage 7, run, start, 9199870219929607
1787080804.381901, NoOp Chain Depth 64 Size 0 Mode ref, Ref Stage 7, run, end, 9199870219960455
1787080804.381946, NoOp Chain Depth 64 Size 0 Mode ref, Ref Stage 8, run, start, 9199870220005527
1787080804.381979, NoOp Chain Depth 64 Size 0 Mode ref, Ref Stage 8, run, end, 9199870220038071
1787080804.384988, NoOp Chain Depth 64 Size 0 Mode ref, Ref Stage 9, run, start, 9199870223049416
1787080804.385015, NoOp Chain Depth 64 Size 0 Mode ref, Ref Stage 9, run, end, 9199870223075304
1787080804.385053, NoOp Chain Depth 64 Size 0 Mode ref, Ref Stage 10, run, start, 9199870223112952
1787080804.385078, NoOp Chain Depth 64 Size 0 Mode ref, Ref Stage 10, run, end, 9199870223137752
1787080804.385115, NoOp Chain Depth 64 Size 0 Mode ref, Ref Stage 11, run, start, 9199870223175032
1787080804.385137, NoOp Chain Depth 64 Size 0 Mode ref, Ref Stage 11, run, end, 9199870223196744
1787080804.385174, NoOp Chain Depth 64 Size 0 Mode ref, Ref Stage 12, run, start, 9199870223233032
1787080804.385195, NoOp Chain Depth 64 Size 0 Mode ref, Ref Stage 12, run, end, 9199870223254520
1787080804.385231, NoOp Chain Depth 64 Size 0 Mode ref, Ref Stage 13, run, start, 9199870223290600
1787080804.385252, NoOp Chain Depth 64 Size 0 Mode ref, Ref Stage 13, run, end, 9199870223311608
1787080804.385288, NoOp Chain Depth 64 Size 0 Mode ref, Ref Stage 14, run, start, 9199870223346968
1787080804.385309, NoOp Chain Depth 64 Size 0 Mode ref, Ref Stage 14, run, end, 9199870223368008
1787080804.385344, NoOp Chain Depth 64 Size 0 Mode ref, Ref Stage 15, run, start, 9199870223403160
1787080804.385365, NoOp Chain Depth 64 Size 0 Mode ref, Ref Stage 15, run, end, 9199870223424072
1787080804.385400, NoOp Chain Depth 64 Size 0 Mode ref, Ref Stage 16, run, start, 9199870223459192
1787080804.385421, NoOp Chain Depth 64 Size 0 Mode ref, Ref Stage 16, run, end, 9199870223479912
1787080804.385456, NoOp Chain Depth 64 Size 0 Mode ref, Ref Stage 17, run, start, 9199870223515112
1787080804.385476, NoOp Chain Depth 64 Size 0 Mode ref, Ref Stage 17, run, end, 9199870223536008
1787080804.385511, NoOp Chain Depth 64 Size 0 Mode ref, Ref Stage 18, run, start, 9199870223571096
1787080804.385533, NoOp Chain Depth 64 Size 0 Mode ref, Ref Stage 18, run, end, 9199870223592120
1787080804.385568, NoOp Chain Depth 64 Size 0 Mode ref, Ref Stage 19, run, start, 9199870223627432
1787080804.385589, NoOp Chain Depth 64 Size 0 Mode ref, Ref Stage 19, run, end, 9199870223648328
1787080804.385625, NoOp Chain Depth 64 Size 0 Mode ref, Ref Stage 20, run, start, 9199870223684088
1787080804.385646, NoOp Chain Depth 64 Size 0 Mode ref, Ref Stage 20, run, end, 9199870223705016
1787080804.385681, NoOp Chain Depth 64 Size 0 Mode ref, Ref Stage 21, run, start, 9199870223740408
1787080804.385702, NoOp Chain Depth 64 Size 0 Mode ref, Ref Stage 21, run, end, 9199870223761880
1787080804.385739, NoOp Chain Depth 64 Size 0 Mode ref, Ref Stage 22, run, start, 9199870223798680
1787080804.385770, NoOp Chain Depth 64 Size 0 Mode ref, Ref Stage 22, run, end, 9199870223829480
1787080804.385805, NoOp Chain Depth 64 Size 0 Mode ref, Ref Stage 23, run, start, 9199870223864424
1787080804.385835, NoOp Chain Depth 64 Size 0 Mode ref, Ref Stage 23, run, end, 9199870223894840
1787080804.385864, NoOp Chain Depth 64 Size 0 Mode ref, Ref Stage 24, run, start, 9199870223923752
1787080804.385908, NoOp Chain Depth 64 Size 0 Mode ref, Ref Stage 24, run, end, 9199870223967320
1787080804.385941, NoOp Chain Depth 64 Size 0 Mode ref, Ref Stage 25, run, start, 9199870224002376
1787080804.385965, NoOp Chain Depth 64 Size 0 Mode ref, Ref Stage 25, run, end, 9199870224024136
1787080804.386001, NoOp Chain Depth 64 Size 0 Mode ref, Ref Stage 26, run, start, 9199870224060408
1787080804.386022, NoOp Chain Depth 64 Size 0 Mode ref, Ref Stage 26, run, end, 9199870224081064
1787080804.386056, NoOp Chain Depth 64 Size 0 Mode ref, Ref Stage 27, run, start, 9199870224116008
1787080804.386078, NoOp Chain Depth 64 Size 0 Mode ref, Ref Stage 27, run, end, 9199870224137080
1787080804.386113, NoOp Chain Depth 64 Size 0 Mode ref, Ref Stage 28, run, start, 9199870224172872
1787080804.386134, NoOp Chain Depth 64 Size 0 Mode ref, Ref Stage 28, run, end, 9199870224193592
1787080804.386171, NoOp Chain Depth 64 Size 0 Mode ref, Ref Stage 29, run, start, 9199870224230136
1787080804.386201, NoOp Chain Depth 64 Size 0 Mode ref, Ref Stage 29, run, end, 9199870224260264
1787080804.386244, NoOp Chain Depth 64 Size 0 Mode ref, Ref Stage 30, run, start, 9199870224303832
1787080804.386275, NoOp Chain Depth 64 Size 0 Mode ref, Ref Stage 30, run, end, 9199870224334376
1787080804.386319, NoOp Chain Depth 64 Size 0 Mode ref, Ref Stage 31, run, start, 9199870224378040
1787080804.386351, NoOp Chain Depth 64 Size 0 Mode ref, Ref Stage 31, run, end, 9199870224409944
1787080804.386394, NoOp Chain Depth 64 Size 0 Mode ref, Ref Stage 32, run, start, 9199870224453176
1787080804.386424, NoOp Chain Depth 64 Size 0 Mode ref, Ref Stage 32, run, end, 9199870224483448
1787080804.386468, NoOp Chain Depth 64 Size 0 Mode ref, Ref Stage 33, run, start, 9199870224527144
1787080804.386499, NoOp Chain Depth 64 Size 0 Mode ref, Ref Stage 33, run, end, 9199870224558872
1787080804.386528, NoOp Chain Depth 64 Size 0 Mode ref, Ref Stage 34, run, start, 9199870224587336
1787080804.386575, NoOp Chain Depth 64 Size 0 Mode ref, Ref Stage 34, run, end, 9199870224634520
1787080804.386618, NoOp Chain Depth 64 Size 0 Mode ref, Ref Stage 35, run, start, 9199870224677544
1787080804.386649, NoOp Chain Depth 64 Size 0 Mode ref, Ref Stage 35, run, end, 9199870224708024
1787080804.386691, NoOp Chain Depth 64 Size 0 Mode ref, Ref Stage 36, run, start, 9199870224750968
1787080804.386722, NoOp Chain Depth 64 Size 0 Mode ref, Ref Stage 36, run, end, 9199870224781416
1787080804.389546, NoOp Chain Depth 64 Size 0 Mode ref, Ref Stage 37, run, start, 9199870227607096
1787080804.389574, NoOp Chain Depth 64 Size 0 Mode ref, Ref Stage 37, run, end, 9199870227633672
1787080804.389613, NoOp Chain Depth 64 Size 0 Mode ref, Ref Stage 38, run, start, 9199870227672808
1787080804.389645, NoOp Chain Depth 64 Size 0 Mode ref, Ref Stage 38, run, end, 9199870227704152
1787080804.389681, NoOp Chain Depth 64 Size 0 Mode ref, Ref Stage 39, run, start, 9199870227740568
1787080804.389713, NoOp Chain Depth 64 Size 0 Mode ref, Ref Stage 39, run, end, 9199870227772184
1787080804.389757, NoOp Chain Depth 64 Size 0 Mode ref, Ref Stage 40, run, start, 9199870227816456
1787080804.389788, NoOp Chain Depth 64 Size 0 Mode ref, Ref Stage 40, run, end, 9199870227847784
1787080804.389820, NoOp Chain Depth 64 Size 0 Mode ref, Ref Stage 41, run, start, 9199870227879304
1787080804.389864, NoOp Chain Depth 64 Size 0 Mode ref, Ref Stage 41, run, end, 9199870227923944
1787080804.389898, NoOp Chain Depth 64 Size 0 Mode ref, Ref Stage 42, run, start, 9199870227957560
1787080804.389920, NoOp Chain Depth 64 Size 0 Mode ref, Ref Stage 42, run, end, 9199870227979512
1787080804.389959, NoOp Chain Depth 64 Size 0 Mode ref, Ref Stage 43, run, start, 9199870228018392
1787080804.389981, NoOp Chain Depth 64 Size 0 Mode ref, Ref Stage 43, run, end, 9199870228040488
1787080804.390017, NoOp Chain Depth 64 Size 0 Mode ref, Ref Stage 44, run, start, 9199870228076280
1787080804.390038, NoOp Chain Depth 64 Size 0 Mode ref, Ref Stage 44, run, end, 9199870228097480
1787080804.390074, NoOp Chain Depth 64 Size 0 Mode ref, Ref Stage 45, run, start, 9199870228133320
1787080804.390095, NoOp Chain Depth 64 Size 0 Mode ref, Ref Stage 45, run, end, 9199870228154792
1787080804.390131, NoOp Chain Depth 64 Size 0 Mode ref, Ref Stage 46, run, start, 9199870228190280
1787080804.390152, NoOp Chain Depth 64 Size 0 Mode ref, Ref Stage 46, run, end, 9199870228211224
1787080804.390187, NoOp Chain Depth 64 Size 0 Mode ref, Ref Stage 47, run, start, 9199870228246792
1787080804.390208, NoOp Chain Depth 64 Size 0 Mode ref, Ref Stage 47, run, end, 9199870228267880
1787080804.390244, NoOp Chain Depth 64 Size 0 Mode ref, Ref Stage 48, run, start, 9199870228303352
1787080804.390265, NoOp Chain Depth 64 Size 0 Mode ref, Ref Stage 48, run, end, 9199870228324328
1787080804.390301, NoOp Chain Depth 64 Size 0 Mode ref, Ref Stage 49, run, start, 9199870228360472
1787080804.390322, NoOp Chain Depth 64 Size 0 Mode ref, Ref Stage 49, run, end, 9199870228381912
1787080804.390358, NoOp Chain Depth 64 Size 0 Mode ref, Ref Stage 50, run, start, 9199870228418008
1787080804.390380, NoOp Chain Depth 64 Size 0 Mode ref, Ref Stage 50, run, end, 9199870228439272
1787080804.390416, NoOp Chain Depth 64 Size 0 Mode ref, Ref Stage 51, run, start, 9199870228475864
1787080804.390447, NoOp Chain Depth 64 Size 0 Mode ref, Ref Stage 51, run, end, 9199870228506440
1787080804.390482, NoOp Chain Depth 64 Size 0 Mode ref, Ref Stage 52, run, start, 9199870228541896
1787080804.390515, NoOp Chain Depth 64 Size 0 Mode ref, Ref Stage 52, run, end, 9199870228574472
1787080804.390558, NoOp Chain Depth 64 Size 0 Mode ref, Ref Stage 53, run, start, 9199870228618008
1787080804.390589, NoOp Chain Depth 64 Size 0 Mode ref, Ref Stage 53, run, end, 9199870228648280
1787080804.390632, NoOp Chain Depth 64 Size 0 Mode ref, Ref Stage 54, run, start, 9199870228691480
1787080804.390664, NoOp Chain Depth 64 Size 0 Mode ref, Ref Stage 54, run, end, 9199870228723688
1787080804.390692, NoOp Chain Depth 64 Size 0 Mode ref, Ref Stage 55, run, start, 9199870228751881
1787080804.390741, NoOp Chain Depth 64 Size 0 Mode ref, Ref Stage 55, run, end, 9199870228800281
1787080804.390937, NoOp Chain Depth 64 Size 0 Mode ref, Ref Stage 56, run, start, 9199870228996793
1787080804.390989, NoOp Chain Depth 64 Size 0 Mode ref, Ref Stage 56, run, end, 9199870229048329
1787080804.391017, NoOp Chain Depth 64 Size 0 Mode ref, Ref Stage 57, run, start, 9199870229077113
1787080804.391056, NoOp Chain Depth 64 Size 0 Mode ref, Ref Stage 57, run, end, 9199870229115737
1787080804.391093, NoOp Chain Depth 64 Size 0 Mode ref, Ref Stage 58, run, start, 9199870229153193
1787080804.391116, NoOp Chain Depth 64 Size 0 Mode ref, Ref Stage 58, run, end, 9199870229175273
1787080804.391152, NoOp Chain Depth 64 Size 0 Mode ref, Ref Stage 59, run, start, 9199870229212105
1787080804.391174, NoOp Chain Depth 64 Size 0 Mode ref, Ref Stage 59, run, end, 9199870229233657
1787080804.391211, NoOp Chain Depth 64 Size 0 Mode ref, Ref Stage 60, run, start, 9199870229270089
1787080804.391232, NoOp Chain Depth 64 Size 0 Mode ref, Ref Stage 60, run, end, 9199870229291593
1787080804.391268, NoOp Chain Depth 64 Size 0 Mode ref, Ref Stage 61, run, start, 9199870229327705
1787080804.391290, NoOp Chain Depth 64 Size 0 Mode ref, Ref Stage 61, run, end, 9199870229349209
1787080804.391326, NoOp Chain Depth 64 Size 0 Mode ref, Ref Stage 62, run, start, 9199870229385305
1787080804.391347, NoOp Chain Depth 64 Size 0 Mode ref, Ref Stage 62, run, end, 9199870229406169
1787080804.391383, NoOp Chain Depth 64 Size 0 Mode ref, Ref Stage 63, run, start, 9199870229442601
1787080804.391403, NoOp Chain Depth 64 Size 0 Mode ref, Ref Stage 63, run, end, 9199870229462569
1787080804.391439, NoOp Chain Depth 64 Size 0 Mode ref, pipeline - train, run, end, 102934077939904460108045477625302983792, 1787080804.381384, 4, 1, 9199870229498777
1787080804.391506, NoOp Chain Depth 64 Size 0 Mode ref, pipeline - train, run, start, 281368719381741958585579896601952151851, 1787080804.391481, 5, 1, 9199870229565753
1787080804.391545, NoOp Chain Depth 64 Size 0 Mode ref, Ref Stage 0, run, start, 9199870229604985
1787080804.391567, NoOp Chain Depth 64 Size 0 Mode ref, Ref Stage 0, run, end, 9199870229626233
1787080804.391602, NoOp Chain Depth 64 Size 0 Mode ref, Ref Stage 1, run, start, 9199870229661689
1787080804.391623, NoOp Chain Depth 64 Size 0 Mode ref, Ref Stage 1, run, end, 9199870229682889
1787080804.391659, NoOp Chain Depth 64 Size 0 Mode ref, Ref Stage 2, run, start, 9199870229718665
1787080804.391680, NoOp Chain Depth 64 Size 0 Mode ref, Ref Stage 2, run, end, 9199870229739721
1787080804.391716, NoOp Chain Depth 64 Size 0 Mode ref, Ref Stage 3, run, start, 9199870229775145
1787080804.391737, NoOp Chain Depth 64 Size 0 Mode ref, Ref Stage 3, run, end, 9199870229795993
1787080804.391773, NoOp Chain Depth 64 Size 0 Mode ref, Ref Stage 4, run, start, 9199870229832297
1787080804.391794, NoOp Chain Depth 64 Size 0 Mode ref, Ref Stage 4, run, end, 9199870229853385
1787080804.391830, NoOp Chain Depth 64 Size 0 Mode ref, Ref Stage 5, run, start, 9199870229890105
1787080804.391861, NoOp Chain Depth 64 Size 0 Mode ref, Ref Stage 5, run, end, 9199870229920825
1787080804.391906, NoOp Chain Depth 64 Size 0 Mode ref, Ref Stage 6, run, start, 9199870229965065
1787080804.391936, NoOp Chain Depth 64 Size 0 Mode ref, Ref Stage 6, run, end, 9199870229995657
1787080804.391998, NoOp Chain Depth 64 Size 0 Mode ref, Ref Stage 7, run, start, 9199870230057753
1787080804.392033, NoOp Chain Depth 64 Size 0 Mode ref, Ref Stage 7, run, end, 9199870230092265
1787080804.392061, NoOp Chain Depth 64 Size 0 Mode ref, Ref Stage 8, run, start, 9199870230120601
1787080804.392100, NoOp Chain Depth 64 Size 0 Mode ref, Ref Stage 8, run, end, 9199870230158969
1787080804.392135, NoOp Chain Depth 64 Size 0 Mode ref, Ref Stage 9, run, start, 9199870230194841
1787080804.392156, NoOp Chain Depth 64 Size 0 Mode ref, Ref Stage 9, run, end, 9199870230215657
1787080804.392192, NoOp Chain Depth 64 Size 0 Mode ref, Ref Stage 10, run, start, 9199870230251881
1787080804.392214, NoOp Chain Depth 64 Size 0 Mode ref, Ref Stage 10, run, end, 9199870230273193
1787080804.392249, NoOp Chain Depth 64 Size 0 Mode ref, Ref Stage 11, run, start, 9199870230308137
1787080804.392270, NoOp Chain Depth 64 Size 0 Mode ref, Ref Stage 11, run, end, 9199870230329321
1787080804.392305, NoOp Chain Depth 64 Size 0 Mode ref, Ref Stage 12, run, start, 9199870230364345
1787080804.392326, NoOp Chain Depth 64 Size 0 Mode ref, Ref Stage 12, run, end, 9199870230385497
1787080804.392362, NoOp Chain Depth 64 Size 0 Mode ref, Ref Stage 13, run, start, 9199870230421337
1787080804.392383, NoOp Chain Depth 64 Size 0 Mode ref, Ref Stage 13, run, end, 9199870230442377
1787080804.392418, NoOp Chain Depth 64 Size 0 Mode ref, Ref Stage 14, run, start, 9199870230477209
1787080804.392438, NoOp Chain Depth 64 Size 0 Mode ref, Ref Stage 14, run, end, 9199870230498105
1787080804.392474, NoOp Chain Depth 64 Size 0 Mode ref, Ref Stage 15, run, start, 9199870230533481
1787080804.392495, NoOp Chain Depth 64 Size 0 Mode ref, Ref Stage 15, run, end, 9199870230553929
1787080804.392529, NoOp Chain Depth 64 Size 0 Mode ref, Ref Stage 16, run, start, 9199870230588777
1787080804.392550, NoOp Chain Depth 64 Size 0 Mode ref, Ref Stage 16, run, end, 9199870230609209
1787080804.392586, NoOp Chain Depth 64 Size 0 Mode ref, Ref Stage 17, run, start, 9199870230645785
1787080804.392617, NoOp Chain Depth 64 Size 0 Mode ref, Ref Stage 17, run, end, 9199870230675961
1787080804.392651, NoOp Chain Depth 64 Size 0 Mode ref, Ref Stage 18, run, start, 9199870230710537
1787080804.392682, NoOp Chain Depth 64 Size 0 Mode ref, Ref Stage 18, run, end, 9199870230741129
1787080804.392710, NoOp Chain Depth 64 Size 0 Mode ref, Ref Stage 19, run, start, 9199870230769769
1787080804.392753, NoOp Chain Depth 64 Size 0 Mode ref, Ref Stage 19, run, end, 9199870230812697
1787080804.392786, NoOp Chain Depth 64 Size 0 Mode ref, Ref Stage 20, run, start, 9199870230845721
1787080804.392807, NoOp Chain Depth 64 Size 0 Mode ref, Ref Stage 20, run, end, 9199870230866345
1787080804.392843, NoOp Chain Depth 64 Size 0 Mode ref, Ref Stage 21, run, start, 9199870230902825
1787080804.392874, NoOp Chain Depth 64 Size 0 Mode ref, Ref Stage 21, run, end, 9199870230933401
1787080804.392917, NoOp Chain Depth 64 Size 0 Mode ref, Ref Stage 22, run, start, 9199870230977145
1787080804.392950, NoOp Chain Depth 64 Size 0 Mode ref, Ref Stage 22, run, end, 9199870231009657
1787080804.392981, NoOp Chain Depth 64 Size 0 Mode ref, Ref Stage 23, run, start, 9199870231040041
1787080804.393025, NoOp Chain Depth 64 Size 0 Mode ref, Ref Stage 23, run, end, 9199870231084809
1787080804.393059, NoOp Chain Depth 64 Size 0 Mode ref, Ref Stage 24, run, start, 9199870231118601
1787080804.393080, NoOp Chain Depth 64 Size 0 Mode ref, Ref Stage 24, run, end, 9199870231139673
1787080804.393116, NoOp Chain Depth 64 Size 0 Mode ref, Ref Stage 25, run, start, 9199870231175753
1787080804.393137, NoOp Chain Depth 64 Size 0 Mode ref, Ref Stage 25, run, end, 9199870231196681
1787080804.393173, NoOp Chain Depth 64 Size 0 Mode ref, Ref Stage 26, run, start, 9199870231232601
1787080804.393194, NoOp Chain Depth 64 Size 0 Mode ref, Ref Stage 26, run, end, 9199870231253721
1787080804.393232, NoOp Chain Depth 64 Size 0 Mode ref, Ref Stage 27, run, start, 9199870231291369
1787080804.393263, NoOp Chain Depth 64 Size 0 Mode ref, Ref Stage 27, run, end, 9199870231323001
1787080804.393300, NoOp Chain Depth 64 Size 0 Mode ref, Ref Stage 28, run, start, 9199870231359849
1787080804.393335, NoOp Chain Depth 64 Size 0 Mode ref, Ref Stage 28, run, end, 9199870231394457
1787080804.393364, NoOp Chain Depth 64 Size 0 Mode ref, Ref Stage 29, run, start, 9199870231423321
1787080804.393441, NoOp Chain Depth 64 Size 0 Mode ref, Ref Stage 29, run, end, 9199870231500921
1787080804.393471, NoOp Chain Depth 64 Size 0 Mode ref, Ref Stage 30, run, start, 9199870231530393
1787080804.393515, NoOp Chain Depth 64 Size 0 Mode ref, Ref Stage 30, run, end, 9199870231574265
1787080804.393548, NoOp Chain Depth 64 Size 0 Mode ref, Ref Stage 31, run, start, 9199870231607481
1787080804.393569, NoOp Chain Depth 64 Size 0 Mode ref, Ref Stage 31, run, end, 9199870231627993
1787080804.393604, NoOp Chain Depth 64 Size 0 Mode ref, Ref Stage 32, run, start, 9199870231663017
1787080804.393624, NoOp Chain Depth 64 Size 0 Mode ref, Ref Stage 32, run, end, 9199870231683881
1787080804.393661, NoOp Chain Depth 64 Size 0 Mode ref, Ref Stage 33, run, start, 9199870231720153
1787080804.393682, NoOp Chain Depth 64 Size 0 Mode ref, Ref Stage 33, run, end, 9199870231741209
1787080804.393717, NoOp Chain Depth 64 Size 0 Mode ref, Ref Stage 34, run, start, 9199870231776297
1787080804.393738, NoOp Chain Depth 64 Size 0 Mode ref, Ref Stage 34, run, end, 9199870231797065
1787080804.393773, NoOp Chain Depth 64 Size 0 Mode ref, Ref Stage 35, run, start, 9199870231832089
1787080804.393796, NoOp Chain Depth 64 Size 0 Mode ref, Ref Stage 35, run, end, 9199870231855513
1787080804.393808, NoOp Chain Depth 64 Size 0 Mode ref, Ref Stage 36, run, start, 9199870231867945
1787080804.393862, NoOp Chain Depth 64 Size 0 Mode ref, Ref Stage 36, run, end, 9199870231921801
1787080804.393898, NoOp Chain Depth 64 Size 0 Mode ref, Ref Stage 37, run, start, 9199870231956985
1787080804.393919, NoOp Chain Depth 64 Size 0 Mode ref, Ref Stage 37, run, end, 9199870231977961
1787080804.393956, NoOp Chain Depth 64 Size 0 Mode ref, Ref Stage 38, run, start, 9199870232015401
1787080804.393977, NoOp Chain Depth 64 Size 0 Mode ref, Ref Stage 38, run, end, 9199870232036809
1787080804.394012, NoOp Chain Depth 64 Size 0 Mode ref, Ref Stage 39, run, start, 9199870232072073
1787080804.394034, NoOp Chain Depth 64 Size 0 Mode ref, Ref Stage 39, run, end, 9199870232093129
1787080804.394069, NoOp Chain Depth 64 Size 0 Mode ref, Ref Stage 40, run, start, 9199870232128649
1787080804.394091, NoOp Chain Depth 64 Size 0 Mode ref, Ref Stage 40, run, end, 9199870232150329
1787080804.394126, NoOp Chain Depth 64 Size 0 Mode ref, Ref Stage 41, run, start, 9199870232185769
1787080804.394148, NoOp Chain Depth 64 Size 0 Mode ref, Ref Stage 41, run, end, 9199870232207193
1787080804.394183, NoOp Chain Depth 64 Size 0 Mode ref, Ref Stage 42, run, start, 9199870232242601
1787080804.394205, NoOp Chain Depth 64 Size 0 Mode ref, Ref Stage 42, run, end, 9199870232264153
1787080804.394241, NoOp Chain Depth 64 Size 0 Mode ref, Ref Stage 43, run, start, 9199870232300009
1787080804.394262, NoOp Chain Depth 64 Size 0 Mode ref, Ref Stage 43, run, end, 9199870232321241
1787080804.394299, NoOp Chain Depth 64 Size 0 Mode ref, Ref Stage 44, run, start, 9199870232358345
1787080804.394329, NoOp Chain Depth 64 Size 0 Mode ref, Ref Stage 44, run, end, 9199870232389033
1787080804.394364, NoOp Chain Depth 64 Size 0 Mode ref, Ref Stage 45, run, start, 9199870232423881
1787080804.394395, NoOp Chain Depth 64 Size 0 Mode ref, Ref Stage 45, run, end, 9199870232454345
1787080804.394439, NoOp Chain Depth 64 Size 0 Mode ref, Ref Stage 46, run, start, 9199870232497961
1787080804.394471, NoOp Chain Depth 64 Size 0 Mode ref, Ref Stage 46, run, end, 9199870232530329
1787080804.394499, NoOp Chain Depth 64 Size 0 Mode ref, Ref Stage 47, run, start, 9199870232558537
1787080804.394546, NoOp Chain Depth 64 Size 0 Mode ref, Ref Stage 47, run, end, 9199870232605641
1787080804.394589, NoOp Chain Depth 64 Size 0 Mode ref, Ref Stage 48, run, start, 9199870232648569
1787080804.394619, NoOp Chain Depth 64 Size 0 Mode ref, Ref Stage 48, run, end, 9199870232678905
1787080804.394663, NoOp Chain Depth 64 Size 0 Mode ref, Ref Stage 49, run, start, 9199870232723017
1787080804.394696, NoOp Chain Depth 64 Size 0 Mode ref, Ref Stage 49, run, end, 9199870232755145
1787080804.394739, NoOp Chain Depth 64 Size 0 Mode ref, Ref Stage 50, run, start, 9199870232798505
1787080804.397973, NoOp Chain Depth 64 Size 0 Mode ref, Ref Stage 50, run, end, 9199870236034473
1787080804.398019, NoOp Chain Depth 64 Size 0 Mode ref, Ref Stage 51, run, start, 9199870236079401
1787080804.398043, NoOp Chain Depth 64 Size 0 Mode ref, Ref Stage 51, run, end, 9199870236102185
1787080804.398079, NoOp Chain Depth 64 Size 0 Mode ref, Ref Stage 52, run, start, 9199870236138601
1787080804.398101, NoOp Chain Depth 64 Size 0 Mode ref, Ref Stage 52, run, end, 9199870236160489
1787080804.398137, NoOp Chain Depth 64 Size 0 Mode ref, Ref Stage 53, run, start, 9199870236196777
1787080804.398159, NoOp Chain Depth 64 Size 0 Mode ref, Ref Stage 53, run, end, 9199870236218569
1787080804.398195, NoOp Chain Depth 64 Size 0 Mode ref, Ref Stage 54, run, start, 9199870236254889
1787080804.398217, NoOp Chain Depth 64 Size 0 Mode ref, Ref Stage 54, run, end, 9199870236276425
1787080804.398252, NoOp Chain Depth 64 Size 0 Mode ref, Ref Stage 55, run, start, 9199870236311961
1787080804.398273, NoOp Chain Depth 64 Size 0 Mode ref, Ref Stage 55, run, end, 9199870236333049
1787080804.398309, NoOp Chain Depth 64 Size 0 Mode ref, Ref Stage 56, run, start, 9199870236368665
1787080804.398330, NoOp Chain Depth 64 Size 0 Mode ref, Ref Stage 56, run, end, 9199870236389481
1787080804.398366, NoOp Chain Depth 64 Size 0 Mode ref, Ref Stage 57, run, start, 9199870236425497
1787080804.398388, NoOp Chain Depth 64 Size 0 Mode ref, Ref Stage 57, run, end, 9199870236448057
1787080804.398425, NoOp Chain Depth 64 Size 0 Mode ref, Ref Stage 58, run, start, 9199870236484345
1787080804.398446, NoOp Chain Depth 64 Size 0 Mode ref, Ref Stage 58, run, end, 9199870236505673
1787080804.398482, NoOp Chain Depth 64 Size 0 Mode ref, Ref Stage 59, run, start, 9199870236541897
1787080804.398504, NoOp Chain Depth 64 Size 0 Mode ref, Ref Stage 59, run, end, 9199870236563513
1787080804.398540, NoOp Chain Depth 64 Size 0 Mode ref, Ref Stage 60, run, start, 9199870236599641
1787080804.398561, NoOp Chain Depth 64 Size 0 Mode ref, Ref Stage 60, run, end, 9199870236621081
1787080804.398597, NoOp Chain Depth 64 Size 0 Mode ref, Ref Stage 61, run, start, 9199870236656905
1787080804.398619, NoOp Chain Depth 64 Size 0 Mode ref, Ref Stage 61, run, end, 9199870236678185
1787080804.398655, NoOp Chain Depth 64 Size 0 Mode ref, Ref Stage 62, run, start, 9199870236714441
1787080804.398676, NoOp Chain Depth 64 Size 0 Mode ref, Ref Stage 62, run, end, 9199870236735689
1787080804.398713, NoOp Chain Depth 64 Size 0 Mode ref, Ref Stage 63, run, start, 9199870236772313
1787080804.398734, NoOp Chain Depth 64 Size 0 Mode ref, Ref Stage 63, run, end, 9199870236793385
1787080804.398770, NoOp Chain Depth 64 Size 0 Mode ref, pipeline - train, run, end, 281368719381741958585579896601952151851, 1787080804.391481, 5, 1, 9199870236830233
1787080804.398837, NoOp Chain Depth 64 Size 0 Mode ref, pipeline - train, run, start, 290014569149523572549298488941726860711, 1787080804.398817, 6, 1, 9199870236896825
1787080804.398872, NoOp Chain Depth 64 Size 0 Mode ref, Ref Stage 0, run, start, 9199870236931433
1787080804.398893, NoOp Chain Depth 64 Size 0 Mode ref, Ref Stage 0, run, end, 9199870236952569
1787080804.398928, NoOp Chain Depth 64 Size 0 Mode ref, Ref Stage 1, run, start, 9199870236988009
1787080804.398952, NoOp Chain Depth 64 Size 0 Mode ref, Ref Stage 1, run, end, 9199870237011369
1787080804.398988, NoOp Chain Depth 64 Size 0 Mode ref, Ref Stage 2, run, start, 9199870237048105
1787080804.399010, NoOp Chain Depth 64 Size 0 Mode ref, Ref Stage 2, run, end, 9199870237069289
1787080804.399046, NoOp Chain Depth 64 Size 0 Mode ref, Ref Stage 3, run, start, 9199870237105529
1787080804.399067, NoOp Chain Depth 64 Size 0 Mode ref, Ref Stage 3, run, end, 9199870237126297
1787080804.399102, NoOp Chain Depth 64 Size 0 Mode ref, Ref Stage 4, run, start, 9199870237161849
1787080804.399126, NoOp Chain Depth 64 Size 0 Mode ref, Ref Stage 4, run, end, 9199870237185049
1787080804.399161, NoOp Chain Depth 64 Size 0 Mode ref, Ref Stage 5, run, start, 9199870237220889
1787080804.399183, NoOp Chain Depth 64 Size 0 Mode ref, Ref Stage 5, run, end, 9199870237242169
1787080804.399218, NoOp Chain Depth 64 Size 0 Mode ref, Ref Stage 6, run, start, 9199870237277769
1787080804.399240, NoOp Chain Depth 64 Size 0 Mode ref, Ref Stage 6, run, end, 9199870237298889
1787080804.399275, NoOp Chain Depth 64 Size 0 Mode ref, Ref Stage 7, run, start, 9199870237334409
1787080804.399299, NoOp Chain Depth 64 Size 0 Mode ref, Ref Stage 7, run, end, 9199870237358009
1787080804.399311, NoOp Chain Depth 64 Size 0 Mode ref, Ref Stage 8, run, start, 9199870237370841
1787080804.399370, NoOp Chain Depth 64 Size 0 Mode ref, Ref Stage 8, run, end, 9199870237429737
1787080804.399403, NoOp Chain Depth 64 Size 0 Mode ref, Ref Stage 9, run, start, 9199870237462745
1787080804.399424, NoOp Chain Depth 64 Size 0 Mode ref, Ref Stage 9, run, end, 9199870237483721
1787080804.399460, NoOp Chain Depth 64 Size 0 Mode ref, Ref Stage 10, run, start, 9199870237519945
1787080804.399482, NoOp Chain Depth 64 Size 0 Mode ref, Ref Stage 10, run, end, 9199870237541033
1787080804.399517, NoOp Chain Depth 64 Size 0 Mode ref, Ref Stage 11, run, start, 9199870237576729
1787080804.399539, NoOp Chain Depth 64 Size 0 Mode ref, Ref Stage 11, run, end, 9199870237598105
1787080804.399574, NoOp Chain Depth 64 Size 0 Mode ref, Ref Stage 12, run, start, 9199870237633705
1787080804.399595, NoOp Chain Depth 64 Size 0 Mode ref, Ref Stage 12, run, end, 9199870237654745
1787080804.399631, NoOp Chain Depth 64 Size 0 Mode ref, Ref Stage 13, run, start, 9199870237690297
1787080804.399652, NoOp Chain Depth 64 Size 0 Mode ref, Ref Stage 13, run, end, 9199870237711577
1787080804.399688, NoOp Chain Depth 64 Size 0 Mode ref, Ref Stage 14, run, start, 9199870237747145
1787080804.399709, NoOp Chain Depth 64 Size 0 Mode ref, Ref Stage 14, run, end, 9199870237767945
1787080804.399744, NoOp Chain Depth 64 Size 0 Mode ref, Ref Stage 15, run, start, 9199870237803833
1787080804.399765, NoOp Chain Depth 64 Size 0 Mode ref, Ref Stage 15, run, end, 9199870237824697
1787080804.399801, NoOp Chain Depth 64 Size 0 Mode ref, Ref Stage 16, run, start, 9199870237860921
1787080804.399822, NoOp Chain Depth 64 Size 0 Mode ref, Ref Stage 16, run, end, 9199870237882057
1787080804.399858, NoOp Chain Depth 64 Size 0 Mode ref, Ref Stage 17, run, start, 9199870237917385
1787080804.399879, NoOp Chain Depth 64 Size 0 Mode ref, Ref Stage 17, run, end, 9199870237938345
1787080804.399914, NoOp Chain Depth 64 Size 0 Mode ref, Ref Stage 18, run, start, 9199870237973913
1787080804.399936, NoOp Chain Depth 64 Size 0 Mode ref, Ref Stage 18, run, end, 9199870237995113
1787080804.399972, NoOp Chain Depth 64 Size 0 Mode ref, Ref Stage 19, run, start, 9199870238031673
1787080804.399994, NoOp Chain Depth 64 Size 0 Mode ref, Ref Stage 19, run, end, 9199870238053289
1787080804.400030, NoOp Chain Depth 64 Size 0 Mode ref, Ref Stage 20, run, start, 9199870238089945
1787080804.400061, NoOp Chain Depth 64 Size 0 Mode ref, Ref Stage 20, run, end, 9199870238120249
1787080804.400096, NoOp Chain Depth 64 Size 0 Mode ref, Ref Stage 21, run, start, 9199870238155690
1787080804.400127, NoOp Chain Depth 64 Size 0 Mode ref, Ref Stage 21, run, end, 9199870238186410
1787080804.400170, NoOp Chain Depth 64 Size 0 Mode ref, Ref Stage 22, run, start, 9199870238229514
1787080804.400201, NoOp Chain Depth 64 Size 0 Mode ref, Ref Stage 22, run, end, 9199870238260282
1787080804.400244, NoOp Chain Depth 64 Size 0 Mode ref, Ref Stage 23, run, start, 9199870238303754
1787080804.400275, NoOp Chain Depth 64 Size 0 Mode ref, Ref Stage 23, run, end, 9199870238334410
1787080804.400318, NoOp Chain Depth 64 Size 0 Mode ref, Ref Stage 24, run, start, 9199870238377290
1787080804.400348, NoOp Chain Depth 64 Size 0 Mode ref, Ref Stage 24, run, end, 9199870238407546
1787080804.400391, NoOp Chain Depth 64 Size 0 Mode ref, Ref Stage 25, run, start, 9199870238450346
1787080804.400423, NoOp Chain Depth 64 Size 0 Mode ref, Ref Stage 25, run, end, 9199870238482442
1787080804.400466, NoOp Chain Depth 64 Size 0 Mode ref, Ref Stage 26, run, start, 9199870238525386
1787080804.400496, NoOp Chain Depth 64 Size 0 Mode ref, Ref Stage 26, run, end, 9199870238555802
1787080804.400539, NoOp Chain Depth 64 Size 0 Mode ref, Ref Stage 27, run, start, 9199870238598682
1787080804.400569, NoOp Chain Depth 64 Size 0 Mode ref, Ref Stage 27, run, end, 9199870238628810
1787080804.400612, NoOp Chain Depth 64 Size 0 Mode ref, Ref Stage 28, run, start, 9199870238671258
1787080804.400643, NoOp Chain Depth 64 Size 0 Mode ref, Ref Stage 28, run, end, 9199870238702746
1787080804.400986, NoOp Chain Depth 64 Size 0 Mode ref, Ref Stage 29, run, start, 9199870239046442
1787080804.401036, NoOp Chain Depth 64 Size 0 Mode ref, Ref Stage 29, run, end, 9199870239095978
1787080804.401067, NoOp Chain Depth 64 Size 0 Mode ref, Ref Stage 30, run, start, 9199870239126042
1787080804.401111, NoOp Chain Depth 64 Size 0 Mode ref, Ref Stage 30, run, end, 9199870239170570
1787080804.401145, NoOp Chain Depth 64 Size 0 Mode ref, Ref Stage 31, run, start, 9199870239204426
1787080804.401166, NoOp Chain Depth 64 Size 0 Mode ref, Ref Stage 31, run, end, 9199870239225978
1787080804.401203, NoOp Chain Depth 64 Size 0 Mode ref, Ref Stage 32, run, start, 9199870239262698
1787080804.401225, NoOp Chain Depth 64 Size 0 Mode ref, Ref Stage 32, run, end, 9199870239284170
1787080804.401261, NoOp Chain Depth 64 Size 0 Mode ref, Ref Stage 33, run, start, 9199870239320426
1787080804.401282, NoOp Chain Depth 64 Size 0 Mode ref, Ref Stage 33, run, end, 9199870239341946
1787080804.401319, NoOp Chain Depth 64 Size 0 Mode ref, Ref Stage 34, run, start, 9199870239378218
1787080804.401340, NoOp Chain Depth 64 Size 0 Mode ref, Ref Stage 34, run, end, 9199870239399674
1787080804.401376, NoOp Chain Depth 64 Size 0 Mode ref, Ref Stage 35, run, start, 9199870239435978
1787080804.401400, NoOp Chain Depth 64 Size 0 Mode ref, Ref Stage 35, run, end, 9199870239459866
1787080804.401417, NoOp Chain Depth 64 Size 0 Mode ref, Ref Stage 36, run, start, 9199870239477162
1787080804.401439, NoOp Chain Depth 64 Size 0 Mode ref, Ref Stage 36, run, end, 9199870239498746
1787080804.401494, NoOp Chain Depth 64 Size 0 Mode ref, Ref Stage 37, run, start, 9199870239553578
1787080804.401516, NoOp Chain Depth 64 Size 0 Mode ref, Ref Stage 37, run, end, 9199870239575274
1787080804.401552, NoOp Chain Depth 64 Size 0 Mode ref, Ref Stage 38, run, start, 9199870239611706
1787080804.401574, NoOp Chain Depth 64 Size 0 Mode ref, Ref Stage 38, run, end, 9199870239633258
1787080804.401610, NoOp Chain Depth 64 Size 0 Mode ref, Ref Stage 39, run, start, 9199870239669786
1787080804.401632, NoOp Chain Depth 64 Size 0 Mode ref, Ref Stage 39, run, end, 9199870239691114
1787080804.401668, NoOp Chain Depth 64 Size 0 Mode ref, Ref Stage 40, run, start, 9199870239727754
1787080804.401690, NoOp Chain Depth 64 Size 0 Mode ref, Ref Stage 40, run, end, 9199870239749354
1787080804.401726, NoOp Chain Depth 64 Size 0 Mode ref, Ref Stage 41, run, start, 9199870239785706
1787080804.401748, NoOp Chain Depth 64 Size 0 Mode ref, Ref Stage 41, run, end, 9199870239807866
1787080804.401785, NoOp Chain Depth 64 Size 0 Mode ref, Ref Stage 42, run, start, 9199870239844858
1787080804.401808, NoOp Chain Depth 64 Size 0 Mode ref, Ref Stage 42, run, end, 9199870239867226
1787080804.401844, NoOp Chain Depth 64 Size 0 Mode ref, Ref Stage 43, run, start, 9199870239903530
1787080804.401866, NoOp Chain Depth 64 Size 0 Mode ref, Ref Stage 43, run, end, 9199870239925258
1787080804.401902, NoOp Chain Depth 64 Size 0 Mode ref, Ref Stage 44, run, start, 9199870239961434
1787080804.401924, NoOp Chain Depth 64 Size 0 Mode ref, Ref Stage 44, run, end, 9199870239983146
1787080804.401964, NoOp Chain Depth 64 Size 0 Mode ref, Ref Stage 45, run, start, 9199870240023370
1787080804.401986, NoOp Chain Depth 64 Size 0 Mode ref, Ref Stage 45, run, end, 9199870240045786
1787080804.402022, NoOp Chain Depth 64 Size 0 Mode ref, Ref Stage 46, run, start, 9199870240081994
1787080804.402046, NoOp Chain Depth 64 Size 0 Mode ref, Ref Stage 46, run, end, 9199870240105242
1787080804.402082, NoOp Chain Depth 64 Size 0 Mode ref, Ref Stage 47, run, start, 9199870240141546
1787080804.402104, NoOp Chain Depth 64 Size 0 Mode ref, Ref Stage 47, run, end, 9199870240163066
1787080804.402140, NoOp Chain Depth 64 Size 0 Mode ref, Ref Stage 48, run, start, 9199870240199290
1787080804.402161, NoOp Chain Depth 64 Size 0 Mode ref, Ref Stage 48, run, end, 9199870240220858
1787080804.402198, NoOp Chain Depth 64 Size 0 Mode ref, Ref Stage 49, run, start, 9199870240257738
1787080804.402222, NoOp Chain Depth 64 Size 0 Mode ref, Ref Stage 49, run, end, 9199870240281770
1787080804.402235, NoOp Chain Depth 64 Size 0 Mode ref, Ref Stage 50, run, start, 9199870240294458
1787080804.402290, NoOp Chain Depth 64 Size 0 Mode ref, Ref Stage 50, run, end, 9199870240349258
1787080804.402327, NoOp Chain Depth 64 Size 0 Mode ref, Ref Stage 51, run, start, 9199870240386554
1787080804.402349, NoOp Chain Depth 64 Size 0 Mode ref, Ref Stage 51, run, end, 9199870240408266
1787080804.402385, NoOp Chain Depth 64 Size 0 Mode ref, Ref Stage 52, run, start, 9199870240444618
1787080804.402407, NoOp Chain Depth 64 Size 0 Mode ref, Ref Stage 52, run, end, 9199870240466122
1787080804.402443, NoOp Chain Depth 64 Size 0 Mode ref, Ref Stage 53, run, start, 9199870240502698
1787080804.402465, NoOp Chain Depth 64 Size 0 Mode ref, Ref Stage 53, run, end, 9199870240524442
1787080804.402501, NoOp Chain Depth 64 Size 0 Mode ref, Ref Stage 54, run, start, 9199870240560458
1787080804.402522, NoOp Chain Depth 64 Size 0 Mode ref, Ref Stage 54, run, end, 9199870240581834
1787080804.402559, NoOp Chain Depth 64 Size 0 Mode ref, Ref Stage 55, run, start, 9199870240618778
1787080804.402581, NoOp Chain Depth 64 Size 0 Mode ref, Ref Stage 55, run, end, 9199870240640282
1787080804.402618, NoOp Chain Depth 64 Size 0 Mode ref, Ref Stage 56, run, start, 9199870240677194
1787080804.402639, NoOp Chain Depth 64 Size 0 Mode ref, Ref Stage 56, run, end, 9199870240698474
1787080804.402675, NoOp Chain Depth 64 Size 0 Mode ref, Ref Stage 57, run, start, 9199870240735002
1787080804.402697, NoOp Chain Depth 64 Size 0 Mode ref, Ref Stage 57, run, end, 9199870240756634
1787080804.402734, NoOp Chain Depth 64 Size 0 Mode ref, Ref Stage 58, run, start, 9199870240793450
1787080804.402755, NoOp Chain Depth 64 Size 0 Mode ref, Ref Stage 58, run, end, 9199870240814762
1787080804.402792, NoOp Chain Depth 64 Size 0 Mode ref, Ref Stage 59, run, start, 9199870240852186
1787080804.402824, NoOp Chain Depth 64 Size 0 Mode ref, Ref Stage 59, run, end, 9199870240883530
1787080804.402868, NoOp Chain Depth 64 Size 0 Mode ref, Ref Stage 60, run, start, 9199870240927754
1787080804.402899, NoOp Chain Depth 64 Size 0 Mode ref, Ref Stage 60, run, end, 9199870240958778
1787080804.402929, NoOp Chain Depth 64 Size 0 Mode ref, Ref Stage 61, run, start, 9199870240988330
1787080804.402976, NoOp Chain Depth 64 Size 0 Mode ref, Ref Stage 61, run, end, 9199870241035466
1787080804.403010, NoOp Chain Depth 64 Size 0 Mode ref, Ref Stage 62, run, start, 9199870241069066
1787080804.403030, NoOp Chain Depth 64 Size 0 Mode ref, Ref Stage 62, run, end, 9199870241089706
1787080804.403065, NoOp Chain Depth 64 Size 0 Mode ref, Ref Stage 63, run, start, 9199870241125082
1787080804.403085, NoOp Chain Depth 64 Size 0 Mode ref, Ref Stage 63, run, end, 9199870241145066
1787080804.403123, NoOp Chain Depth 64 Size 0 Mode ref, pipeline - train, run, end, 290014569149523572549298488941726860711, 1787080804.398817, 6, 1, 9199870241182442
1787080804.403201, NoOp Chain Depth 64 Size 0 Mode ref, pipeline - train, run, start, 265194492126048984001930953367146657742, 1787080804.403172, 7, 1, 9199870241260986
1787080804.403239, NoOp Chain Depth 64 Size 0 Mode ref, Ref Stage 0, run, start, 9199870241299130
1787080804.403261, NoOp Chain Depth 64 Size 0 Mode ref, Ref Stage 0, run, end, 9199870241320202
1787080804.403296, NoOp Chain Depth 64 Size 0 Mode ref, Ref Stage 1, run, start, 9199870241355962
1787080804.403317, NoOp Chain Depth 64 Size 0 Mode ref, Ref Stage 1, run, end, 9199870241376906
1787080804.403355, NoOp Chain Depth 64 Size 0 Mode ref, Ref Stage 2, run, start, 9199870241414826
1787080804.403376, NoOp Chain Depth 64 Size 0 Mode ref, Ref Stage 2, run, end, 9199870241435626
1787080804.403399, NoOp Chain Depth 64 Size 0 Mode ref, Ref Stage 3, run, start, 9199870241458842
1787080804.403420, NoOp Chain Depth 64 Size 0 Mode ref, Ref Stage 3, run, end, 9199870241479466
1787080804.403435, NoOp Chain Depth 64 Size 0 Mode ref, Ref Stage 4, run, start, 9199870241494346
1787080804.403455, NoOp Chain Depth 64 Size 0 Mode ref, Ref Stage 4, run, end, 9199870241515034
1787080804.403471, NoOp Chain Depth 64 Size 0 Mode ref, Ref Stage 5, run, start, 9199870241530058
1787080804.403491, NoOp Chain Depth 64 Size 0 Mode ref, Ref Stage 5, run, end, 9199870241551066
1787080804.403508, NoOp Chain Depth 64 Size 0 Mode ref, Ref Stage 6, run, start, 9199870241567178
1787080804.403530, NoOp Chain Depth 64 Size 0 Mode ref, Ref Stage 6, run, end, 9199870241589338
1787080804.403543, NoOp Chain Depth 64 Size 0 Mode ref, Ref Stage 7, run, start, 9199870241602026
1787080804.403574, NoOp Chain Depth 64 Size 0 Mode ref, Ref Stage 7, run, end, 9199870241633322
1787080804.403591, NoOp Chain Depth 64 Size 0 Mode ref, Ref Stage 8, run, start, 9199870241650346
1787080804.403654, NoOp Chain Depth 64 Size 0 Mode ref, Ref Stage 8, run, end, 9199870241713642
1787080804.403670, NoOp Chain Depth 64 Size 0 Mode ref, Ref Stage 9, run, start, 9199870241729802
1787080804.403692, NoOp Chain Depth 64 Size 0 Mode ref, Ref Stage 9, run, end, 9199870241751146
1787080804.403707, NoOp Chain Depth 64 Size 0 Mode ref, Ref Stage 10, run, start, 9199870241766602
1787080804.403728, NoOp Chain Depth 64 Size 0 Mode ref, Ref Stage 10, run, end, 9199870241787194
1787080804.403743, NoOp Chain Depth 64 Size 0 Mode ref, Ref Stage 11, run, start, 9199870241802074
1787080804.403763, NoOp Chain Depth 64 Size 0 Mode ref, Ref Stage 11, run, end, 9199870241822618
1787080804.403778, NoOp Chain Depth 64 Size 0 Mode ref, Ref Stage 12, run, start, 9199870241837834
1787080804.403799, NoOp Chain Depth 64 Size 0 Mode ref, Ref Stage 12, run, end, 9199870241858538
1787080804.403814, NoOp Chain Depth 64 Size 0 Mode ref, Ref Stage 13, run, start, 9199870241873882
1787080804.403836, NoOp Chain Depth 64 Size 0 Mode ref, Ref Stage 13, run, end, 9199870241895418
1787080804.403852, NoOp Chain Depth 64 Size 0 Mode ref, Ref Stage 14, run, start, 9199870241911146
1787080804.403873, NoOp Chain Depth 64 Size 0 Mode ref, Ref Stage 14, run, end, 9199870241932474
1787080804.403889, NoOp Chain Depth 64 Size 0 Mode ref, Ref Stage 15, run, start, 9199870241949114
1787080804.403913, NoOp Chain Depth 64 Size 0 Mode ref, Ref Stage 15, run, end, 9199870241972106
1787080804.403928, NoOp Chain Depth 64 Size 0 Mode ref, Ref Stage 16, run, start, 9199870241987738
1787080804.403951, NoOp Chain Depth 64 Size 0 Mode ref, Ref Stage 16, run, end, 9199870242010762
1787080804.404450, NoOp Chain Depth 64 Size 0 Mode ref, Ref Stage 17, run, start, 9199870242511002
1787080804.404476, NoOp Chain Depth 64 Size 0 Mode ref, Ref Stage 17, run, end, 9199870242536218
1787080804.404493, NoOp Chain Depth 64 Size 0 Mode ref, Ref Stage 18, run, start, 9199870242552410
1787080804.404514, NoOp Chain Depth 64 Size 0 Mode ref, Ref Stage 18, run, end, 9199870242573530
1787080804.404529, NoOp Chain Depth 64 Size 0 Mode ref, Ref Stage 19, run, start, 9199870242589034
1787080804.404550, NoOp Chain Depth 64 Size 0 Mode ref, Ref Stage 19, run, end, 9199870242609690
1787080804.404565, NoOp Chain Depth 64 Size 0 Mode ref, Ref Stage 20, run, start, 9199870242624858
1787080804.404588, NoOp Chain Depth 64 Size 0 Mode ref, Ref Stage 20, run, end, 9199870242647274
1787080804.404600, NoOp Chain Depth 64 Size 0 Mode ref, Ref Stage 21, run, start, 9199870242659978
1787080804.404631, NoOp Chain Depth 64 Size 0 Mode ref, Ref Stage 21, run, end, 9199870242690682
1787080804.404646, NoOp Chain Depth 64 Size 0 Mode ref, Ref Stage 22, run, start, 9199870242706026
1787080804.404667, NoOp Chain Depth 64 Size 0 Mode ref, Ref Stage 22, run, end, 9199870242726938
1787080804.404685, NoOp Chain Depth 64 Size 0 Mode ref, Ref Stage 23, run, start, 9199870242744458
1787080804.404706, NoOp Chain Depth 64 Size 0 Mode ref, Ref Stage 23, run, end, 9199870242765066
1787080804.404721, NoOp Chain Depth 64 Size 0 Mode ref, Ref Stage 24, run, start, 9199870242780234
1787080804.404743, NoOp Chain Depth 64 Size 0 Mode ref, Ref Stage 24, run, end, 9199870242802922
1787080804.404760, NoOp Chain Depth 64 Size 0 Mode ref, Ref Stage 25, run, start, 9199870242819146
1787080804.404780, NoOp Chain Depth 64 Size 0 Mode ref, Ref Stage 25, run, end, 9199870242839722
1787080804.404795, NoOp Chain Depth 64 Size 0 Mode ref, Ref Stage 26, run, start, 9199870242854554
1787080804.404816, NoOp Chain Depth 64 Size 0 Mode ref, Ref Stage 26, run, end, 9199870242875114
1787080804.404831, NoOp Chain Depth 64 Size 0 Mode ref, Ref Stage 27, run, start, 9199870242890266
1787080804.404854, NoOp Chain Depth 64 Size 0 Mode ref, Ref Stage 27, run, end, 9199870242912858
1787080804.404867, NoOp Chain Depth 64 Size 0 Mode ref, Ref Stage 28, run, start, 9199870242926458
1787080804.405396, NoOp Chain Depth 64 Size 0 Mode ref, Ref Stage 28, run, end, 9199870243455818
1787080804.405412, NoOp Chain Depth 64 Size 0 Mode ref, Ref Stage 29, run, start, 9199870243471978
1787080804.405433, NoOp Chain Depth 64 Size 0 Mode ref, Ref Stage 29, run, end, 9199870243492874
1787080804.405448, NoOp Chain Depth 64 Size 0 Mode ref, Ref Stage 30, run, start, 9199870243507962
1787080804.405469, NoOp Chain Depth 64 Size 0 Mode ref, Ref Stage 30, run, end, 9199870243528426
1787080804.405484, NoOp Chain Depth 64 Size 0 Mode ref, Ref Stage 31, run, start, 9199870243543530
1787080804.405504, NoOp Chain Depth 64 Size 0 Mode ref, Ref Stage 31, run, end, 9199870243563850
1787080804.405520, NoOp Chain Depth 64 Size 0 Mode ref, Ref Stage 32, run, start, 9199870243579162
1787080804.405540, NoOp Chain Depth 64 Size 0 Mode ref, Ref Stage 32, run, end, 9199870243599658
1787080804.405555, NoOp Chain Depth 64 Size 0 Mode ref, Ref Stage 33, run, start, 9199870243614666
1787080804.405576, NoOp Chain Depth 64 Size 0 Mode ref, Ref Stage 33, run, end, 9199870243634874
1787080804.405591, NoOp Chain Depth 64 Size 0 Mode ref, Ref Stage 34, run, start, 9199870243650170
1787080804.405612, NoOp Chain Depth 64 Size 0 Mode ref, Ref Stage 34, run, end, 9199870243671194
1787080804.405627, NoOp Chain Depth 64 Size 0 Mode ref, Ref Stage 35, run, start, 9199870243686218
1787080804.405649, NoOp Chain Depth 64 Size 0 Mode ref, Ref Stage 35, run, end, 9199870243708570
1787080804.406108, NoOp Chain Depth 64 Size 0 Mode ref, Ref Stage 36, run, start, 9199870244168266
1787080804.406254, NoOp Chain Depth 64 Size 0 Mode ref, Ref Stage 36, run, end, 9199870244313818
1787080804.406270, NoOp Chain Depth 64 Size 0 Mode ref, Ref Stage 37, run, start, 9199870244329258
1787080804.406291, NoOp Chain Depth 64 Size 0 Mode ref, Ref Stage 37, run, end, 9199870244349802
1787080804.406306, NoOp Chain Depth 64 Size 0 Mode ref, Ref Stage 38, run, start, 9199870244365466
1787080804.406327, NoOp Chain Depth 64 Size 0 Mode ref, Ref Stage 38, run, end, 9199870244385978
1787080804.406341, NoOp Chain Depth 64 Size 0 Mode ref, Ref Stage 39, run, start, 9199870244401050
1787080804.406362, NoOp Chain Depth 64 Size 0 Mode ref, Ref Stage 39, run, end, 9199870244421386
1787080804.406377, NoOp Chain Depth 64 Size 0 Mode ref, Ref Stage 40, run, start, 9199870244436522
1787080804.406398, NoOp Chain Depth 64 Size 0 Mode ref, Ref Stage 40, run, end, 9199870244457258
1787080804.406413, NoOp Chain Depth 64 Size 0 Mode ref, Ref Stage 41, run, start, 9199870244472554
1787080804.406434, NoOp Chain Depth 64 Size 0 Mode ref, Ref Stage 41, run, end, 9199870244493450
1787080804.406449, NoOp Chain Depth 64 Size 0 Mode ref, Ref Stage 42, run, start, 9199870244508810
1787080804.406472, NoOp Chain Depth 64 Size 0 Mode ref, Ref Stage 42, run, end, 9199870244531882
1787080804.406489, NoOp Chain Depth 64 Size 0 Mode ref, Ref Stage 43, run, start, 9199870244548490
1787080804.406512, NoOp Chain Depth 64 Size 0 Mode ref, Ref Stage 43, run, end, 9199870244571578
1787080804.406528, NoOp Chain Depth 64 Size 0 Mode ref, Ref Stage 44, run, start, 9199870244586906
1787080804.406549, NoOp Chain Depth 64 Size 0 Mode ref, Ref Stage 44, run, end, 9199870244608986
1787080804.406935, NoOp Chain Depth 64 Size 0 Mode ref, Ref Stage 45, run, start, 9199870244995530
1787080804.407083, NoOp Chain Depth 64 Size 0 Mode ref, Ref Stage 45, run, end, 9199870245142186
1787080804.407098, NoOp Chain Depth 64 Size 0 Mode ref, Ref Stage 46, run, start, 9199870245158058
1787080804.407121, NoOp Chain Depth 64 Size 0 Mode ref, Ref Stage 46, run, end, 9199870245180394
1787080804.407133, NoOp Chain Depth 64 Size 0 Mode ref, Ref Stage 47, run, start, 9199870245192714
1787080804.407164, NoOp Chain Depth 64 Size 0 Mode ref, Ref Stage 47, run, end, 9199870245223354
1787080804.407179, NoOp Chain Depth 64 Size 0 Mode ref, Ref Stage 48, run, start, 9199870245238522
1787080804.407200, NoOp Chain Depth 64 Size 0 Mode ref, Ref Stage 48, run, end, 9199870245259178
1787080804.407215, NoOp Chain Depth 64 Size 0 Mode ref, Ref Stage 49, run, start, 9199870245274698
1787080804.407237, NoOp Chain Depth 64 Size 0 Mode ref, Ref Stage 49, run, end, 9199870245296426
1787080804.407249, NoOp Chain Depth 64 Size 0 Mode ref, Ref Stage 50, run, start, 9199870245308650
1787080804.407280, NoOp Chain Depth 64 Size 0 Mode ref, Ref Stage 50, run, end, 9199870245339290
1787080804.407295, NoOp Chain Depth 64 Size 0 Mode ref, Ref Stage 51, run, start, 9199870245354378
1787080804.407315, NoOp Chain Depth 64 Size 0 Mode ref, Ref Stage 51, run, end, 9199870245374698
1787080804.407330, NoOp Chain Depth 64 Size 0 Mode ref, Ref Stage 52, run, start, 9199870245389338
1787080804.407350, NoOp Chain Depth 64 Size 0 Mode ref, Ref Stage 52, run, end, 9199870245409706
1787080804.407365, NoOp Chain Depth 64 Size 0 Mode ref, Ref Stage 53, run, start, 9199870245424746
1787080804.407386, NoOp Chain Depth 64 Size 0 Mode ref, Ref Stage 53, run, end, 9199870245444938
1787080804.407401, NoOp Chain Depth 64 Size 0 Mode ref, Ref Stage 54, run, start, 9199870245460730
1787080804.407422, NoOp Chain Depth 64 Size 0 Mode ref, Ref Stage 54, run, end, 9199870245481578
1787080804.407438, NoOp Chain Depth 64 Size 0 Mode ref, Ref Stage 55, run, start, 9199870245497290
1787080804.407460, NoOp Chain Depth 64 Size 0 Mode ref, Ref Stage 55, run, end, 9199870245519450
1787080804.407475, NoOp Chain Depth 64 Size 0 Mode ref, Ref Stage 56, run, start, 9199870245534538
1787080804.407495, NoOp Chain Depth 64 Size 0 Mode ref, Ref Stage 56, run, end, 9199870245554618
1787080804.408083, NoOp Chain Depth 64 Size 0 Mode ref, Ref Stage 57, run, start, 9199870246143658
1787080804.408109, NoOp Chain Depth 64 Size 0 Mode ref, Ref Stage 57, run, end, 9199870246168730
1787080804.408125, NoOp Chain Depth 64 Size 0 Mode ref, Ref Stage 58, run, start, 9199870246184842
1787080804.408146, NoOp Chain Depth 64 Size 0 Mode ref, Ref Stage 58, run, end, 9199870246205786
1787080804.408162, NoOp Chain Depth 64 Size 0 Mode ref, Ref Stage 59, run, start, 9199870246221290
1787080804.408182, NoOp Chain Depth 64 Size 0 Mode ref, Ref Stage 59, run, end, 9199870246241770
1787080804.408197, NoOp Chain Depth 64 Size 0 Mode ref, Ref Stage 60, run, start, 9199870246257066
1787080804.408218, NoOp Chain Depth 64 Size 0 Mode ref, Ref Stage 60, run, end, 9199870246277578
1787080804.408233, NoOp Chain Depth 64 Size 0 Mode ref, Ref Stage 61, run, start, 9199870246292618
1787080804.408254, NoOp Chain Depth 64 Size 0 Mode ref, Ref Stage 61, run, end, 9199870246312970
1787080804.408268, NoOp Chain Depth 64 Size 0 Mode ref, Ref Stage 62, run, start, 9199870246328010
1787080804.408289, NoOp Chain Depth 64 Size 0 Mode ref, Ref Stage 62, run, end, 9199870246348602
1787080804.408305, NoOp Chain Depth 64 Size 0 Mode ref, Ref Stage 63, run, start, 9199870246364138
1787080804.408325, NoOp Chain Depth 64 Size 0 Mode ref, Ref Stage 63, run, end, 9199870246384218
1787080804.408340, NoOp Chain Depth 64 Size 0 Mode ref, pipeline - train, run, end, 265194492126048984001930953367146657742, 1787080804.403172, 7, 1, 9199870246399482
1787080804.408383, NoOp Chain Depth 64 Size 0 Mode ref, pipeline - train, run, start, 103123034010337041485658038685702223887, 1787080804.408372, 8, 1, 9199870246443418
1787080804.408407, NoOp Chain Depth 64 Size 0 Mode ref, Ref Stage 0, run, start, 9199870246466602
1787080804.408430, NoOp Chain Depth 64 Size 0 Mode ref, Ref Stage 0, run, end, 9199870246489498
1787080804.408442, NoOp Chain Depth 64 Size 0 Mode ref, Ref Stage 1, run, start, 9199870246501930
1787080804.408473, NoOp Chain Depth 64 Size 0 Mode ref, Ref Stage 1, run, end, 9199870246532939
1787080804.408489, NoOp Chain Depth 64 Size 0 Mode ref, Ref Stage 2, run, start, 9199870246548043
1787080804.408511, NoOp Chain Depth 64 Size 0 Mode ref, Ref Stage 2, run, end, 9199870246570155
1787080804.408525, NoOp Chain Depth 64 Size 0 Mode ref, Ref Stage 3, run, start, 9199870246585067
1787080804.408546, NoOp Chain Depth 64 Size 0 Mode ref, Ref Stage 3, run, end, 9199870246605483
1787080804.408561, NoOp Chain Depth 64 Size 0 Mode ref, Ref Stage 4, run, start, 9199870246620587
1787080804.408582, NoOp Chain Depth 64 Size 0 Mode ref, Ref Stage 4, run, end, 9199870246641019
1787080804.408597, NoOp Chain Depth 64 Size 0 Mode ref, Ref Stage 5, run, start, 9199870246656411
1787080804.408618, NoOp Chain Depth 64 Size 0 Mode ref, Ref Stage 5, run, end, 9199870246677499
1787080804.408634, NoOp Chain Depth 64 Size 0 Mode ref, Ref Stage 6, run, start, 9199870246693467
1787080804.408657, NoOp Chain Depth 64 Size 0 Mode ref, Ref Stage 6, run, end, 9199870246716955
1787080804.408670, NoOp Chain Depth 64 Size 0 Mode ref, Ref Stage 7, run, start, 9199870246729035
1787080804.408700, NoOp Chain Depth 64 Size 0 Mode ref, Ref Stage 7, run, end, 9199870246759547
1787080804.408715, NoOp Chain Depth 64 Size 0 Mode ref, Ref Stage 8, run, start, 9199870246774603
1787080804.408736, NoOp Chain Depth 64 Size 0 Mode ref, Ref Stage 8, run, end, 9199870246795483
1787080804.408751, NoOp Chain Depth 64 Size 0 Mode ref, Ref Stage 9, run, start, 9199870246810571
1787080804.408772, NoOp Chain Depth 64 Size 0 Mode ref, Ref Stage 9, run, end, 9199870246831147
1787080804.408788, NoOp Chain Depth 64 Size 0 Mode ref, Ref Stage 10, run, start, 9199870246847419
1787080804.408809, NoOp Chain Depth 64 Size 0 Mode ref, Ref Stage 10, run, end, 9199870246868347
1787080804.408824, NoOp Chain Depth 64 Size 0 Mode ref, Ref Stage 11, run, start, 9199870246883307
1787080804.408846, NoOp Chain Depth 64 Size 0 Mode ref, Ref Stage 11, run, end, 9199870246905227
1787080804.408861, NoOp Chain Depth 64 Size 0 Mode ref, Ref Stage 12, run, start, 9199870246920491
1787080804.408884, NoOp Chain Depth 64 Size 0 Mode ref, Ref Stage 12, run, end, 9199870246942891
1787080804.408898, NoOp Chain Depth 64 Size 0 Mode ref, Ref Stage 13, run, start, 9199870246957947
1787080804.408921, NoOp Chain Depth 64 Size 0 Mode ref, Ref Stage 13, run, end, 9199870246980011
1787080804.408935, NoOp Chain Depth 64 Size 0 Mode ref, Ref Stage 14, run, start, 9199870246994939
1787080804.408958, NoOp Chain Depth 64 Size 0 Mode ref, Ref Stage 14, run, end, 9199870247017307
1787080804.408976, NoOp Chain Depth 64 Size 0 Mode ref, Ref Stage 15, run, start, 9199870247035115
1787080804.408998, NoOp Chain Depth 64 Size 0 Mode ref, Ref Stage 15, run, end, 9199870247057563
1787080804.409013, NoOp Chain Depth 64 Size 0 Mode ref, Ref Stage 16, run, start, 9199870247072235
1787080804.409035, NoOp Chain Depth 64 Size 0 Mode ref, Ref Stage 16, run, end, 9199870247094395
1787080804.409048, NoOp Chain Depth 64 Size 0 Mode ref, Ref Stage 17, run, start, 9199870247107099
1787080804.409577, NoOp Chain Depth 64 Size 0 Mode ref, Ref Stage 17, run, end, 9199870247636939
1787080804.409593, NoOp Chain Depth 64 Size 0 Mode ref, Ref Stage 18, run, start, 9199870247652955
1787080804.409615, NoOp Chain Depth 64 Size 0 Mode ref, Ref Stage 18, run, end, 9199870247674731
1787080804.409631, NoOp Chain Depth 64 Size 0 Mode ref, Ref Stage 19, run, start, 9199870247690539
1787080804.409652, NoOp Chain Depth 64 Size 0 Mode ref, Ref Stage 19, run, end, 9199870247711211
1787080804.409669, NoOp Chain Depth 64 Size 0 Mode ref, Ref Stage 20, run, start, 9199870247728747
1787080804.409692, NoOp Chain Depth 64 Size 0 Mode ref, Ref Stage 20, run, end, 9199870247751739
1787080804.409705, NoOp Chain Depth 64 Size 0 Mode ref, Ref Stage 21, run, start, 9199870247764219
1787080804.409736, NoOp Chain Depth 64 Size 0 Mode ref, Ref Stage 21, run, end, 9199870247795499
1787080804.409751, NoOp Chain Depth 64 Size 0 Mode ref, Ref Stage 22, run, start, 9199870247810763
1787080804.409772, NoOp Chain Depth 64 Size 0 Mode ref, Ref Stage 22, run, end, 9199870247831691
1787080804.409787, NoOp Chain Depth 64 Size 0 Mode ref, Ref Stage 23, run, start, 9199870247846811
1787080804.409808, NoOp Chain Depth 64 Size 0 Mode ref, Ref Stage 23, run, end, 9199870247867531
1787080804.409825, NoOp Chain Depth 64 Size 0 Mode ref, Ref Stage 24, run, start, 9199870247884395
1787080804.409846, NoOp Chain Depth 64 Size 0 Mode ref, Ref Stage 24, run, end, 9199870247905899
1787080804.409862, NoOp Chain Depth 64 Size 0 Mode ref, Ref Stage 25, run, start, 9199870247921083
1787080804.409882, NoOp Chain Depth 64 Size 0 Mode ref, Ref Stage 25, run, end, 9199870247941691
1787080804.409898, NoOp Chain Depth 64 Size 0 Mode ref, Ref Stage 26, run, start, 9199870247957243
1787080804.409919, NoOp Chain Depth 64 Size 0 Mode ref, Ref Stage 26, run, end, 9199870247978043
1787080804.409933, NoOp Chain Depth 64 Size 0 Mode ref, Ref Stage 27, run, start, 9199870247992859
1787080804.409955, NoOp Chain Depth 64 Size 0 Mode ref, Ref Stage 27, run, end, 9199870248014811
1787080804.409971, NoOp Chain Depth 64 Size 0 Mode ref, Ref Stage 28, run, start, 9199870248031003
1787080804.409992, NoOp Chain Depth 64 Size 0 Mode ref, Ref Stage 28, run, end, 9199870248051467
1787080804.410007, NoOp Chain Depth 64 Size 0 Mode ref, Ref Stage 29, run, start, 9199870248066779
1787080804.410029, NoOp Chain Depth 64 Size 0 Mode ref, Ref Stage 29, run, end, 9199870248088859
1787080804.410044, NoOp Chain Depth 64 Size 0 Mode ref, Ref Stage 30, run, start, 9199870248103979
1787080804.410065, NoOp Chain Depth 64 Size 0 Mode ref, Ref Stage 30, run, end, 9199870248124427
1787080804.410080, NoOp Chain Depth 64 Size 0 Mode ref, Ref Stage 31, run, start, 9199870248139307
1787080804.410100, NoOp Chain Depth 64 Size 0 Mode ref, Ref Stage 31, run, end, 9199870248159723
1787080804.410115, NoOp Chain Depth 64 Size 0 Mode ref, Ref Stage 32, run, start, 9199870248175019
1787080804.410136, NoOp Chain Depth 64 Size 0 Mode ref, Ref Stage 32, run, end, 9199870248195755
1787080804.410152, NoOp Chain Depth 64 Size 0 Mode ref, Ref Stage 33, run, start, 9199870248211163
1787080804.410172, NoOp Chain Depth 64 Size 0 Mode ref, Ref Stage 33, run, end, 9199870248231419
1787080804.410189, NoOp Chain Depth 64 Size 0 Mode ref, Ref Stage 34, run, start, 9199870248248347
1787080804.410212, NoOp Chain Depth 64 Size 0 Mode ref, Ref Stage 34, run, end, 9199870248271803
1787080804.410225, NoOp Chain Depth 64 Size 0 Mode ref, Ref Stage 35, run, start, 9199870248284267
1787080804.410257, NoOp Chain Depth 64 Size 0 Mode ref, Ref Stage 35, run, end, 9199870248316219
1787080804.410269, NoOp Chain Depth 64 Size 0 Mode ref, Ref Stage 36, run, start, 9199870248328603
1787080804.410301, NoOp Chain Depth 64 Size 0 Mode ref, Ref Stage 36, run, end, 9199870248360123
1787080804.410316, NoOp Chain Depth 64 Size 0 Mode ref, Ref Stage 37, run, start, 9199870248375051
1787080804.410336, NoOp Chain Depth 64 Size 0 Mode ref, Ref Stage 37, run, end, 9199870248395403
1787080804.410351, NoOp Chain Depth 64 Size 0 Mode ref, Ref Stage 38, run, start, 9199870248410027
1787080804.410371, NoOp Chain Depth 64 Size 0 Mode ref, Ref Stage 38, run, end, 9199870248430555
1787080804.410386, NoOp Chain Depth 64 Size 0 Mode ref, Ref Stage 39, run, start, 9199870248445227
1787080804.410407, NoOp Chain Depth 64 Size 0 Mode ref, Ref Stage 39, run, end, 9199870248466459
1787080804.410422, NoOp Chain Depth 64 Size 0 Mode ref, Ref Stage 40, run, start, 9199870248481243
1787080804.410442, NoOp Chain Depth 64 Size 0 Mode ref, Ref Stage 40, run, end, 9199870248501595
1787080804.410459, NoOp Chain Depth 64 Size 0 Mode ref, Ref Stage 41, run, start, 9199870248518267
1787080804.410481, NoOp Chain Depth 64 Size 0 Mode ref, Ref Stage 41, run, end, 9199870248540443
1787080804.410496, NoOp Chain Depth 64 Size 0 Mode ref, Ref Stage 42, run, start, 9199870248555483
1787080804.410517, NoOp Chain Depth 64 Size 0 Mode ref, Ref Stage 42, run, end, 9199870248576507
1787080804.410532, NoOp Chain Depth 64 Size 0 Mode ref, Ref Stage 43, run, start, 9199870248591515
1787080804.410555, NoOp Chain Depth 64 Size 0 Mode ref, Ref Stage 43, run, end, 9199870248614251
1787080804.410567, NoOp Chain Depth 64 Size 0 Mode ref, Ref Stage 44, run, start, 9199870248626523
1787080804.410597, NoOp Chain Depth 64 Size 0 Mode ref, Ref Stage 44, run, end, 9199870248656811
1787080804.410612, NoOp Chain Depth 64 Size 0 Mode ref, Ref Stage 45, run, start, 9199870248671691
1787080804.410634, NoOp Chain Depth 64 Size 0 Mode ref, Ref Stage 45, run, end, 9199870248693515
1787080804.410650, NoOp Chain Depth 64 Size 0 Mode ref, Ref Stage 46, run, start, 9199870248709179
1787080804.410670, NoOp Chain Depth 64 Size 0 Mode ref, Ref Stage 46, run, end, 9199870248729787
1787080804.410685, NoOp Chain Depth 64 Size 0 Mode ref, Ref Stage 47, run, start, 9199870248744523
1787080804.410705, NoOp Chain Depth 64 Size 0 Mode ref, Ref Stage 47, run, end, 9199870248764875
1787080804.410721, NoOp Chain Depth 64 Size 0 Mode ref, Ref Stage 48, run, start, 9199870248781003
1787080804.410954, NoOp Chain Depth 64 Size 0 Mode ref, Ref Stage 48, run, end, 9199870249014443
1787080804.410973, NoOp Chain Depth 64 Size 0 Mode ref, Ref Stage 49, run, start, 9199870249032619
1787080804.410997, NoOp Chain Depth 64 Size 0 Mode ref, Ref Stage 49, run, end, 9199870249056891
1787080804.411010, NoOp Chain Depth 64 Size 0 Mode ref, Ref Stage 50, run, start, 9199870249069035
1787080804.411041, NoOp Chain Depth 64 Size 0 Mode ref, Ref Stage 50, run, end, 9199870249101307
1787080804.411056, NoOp Chain Depth 64 Size 0 Mode ref, Ref Stage 51, run, start, 9199870249116043
1787080804.411077, NoOp Chain Depth 64 Size 0 Mode ref, Ref Stage 51, run, end, 9199870249136603
1787080804.411092, NoOp Chain Depth 64 Size 0 Mode ref, Ref Stage 52, run, start, 9199870249151339
1787080804.411113, NoOp Chain Depth 64 Size 0 Mode ref, Ref Stage 52, run, end, 9199870249171787
1787080804.411127, NoOp Chain Depth 64 Size 0 Mode ref, Ref Stage 53, run, start, 9199870249186427
1787080804.411147, NoOp Chain Depth 64 Size 0 Mode ref, Ref Stage 53, run, end, 9199870249206523
1787080804.411162, NoOp Chain Depth 64 Size 0 Mode ref, Ref Stage 54, run, start, 9199870249221547
1787080804.411183, NoOp Chain Depth 64 Size 0 Mode ref, Ref Stage 54, run, end, 9199870249242507
1787080804.411200, NoOp Chain Depth 64 Size 0 Mode ref, Ref Stage 55, run, start, 9199870249260683
1787080804.411227, NoOp Chain Depth 64 Size 0 Mode ref, Ref Stage 55, run, end, 9199870249286939
1787080804.411244, NoOp Chain Depth 64 Size 0 Mode ref, Ref Stage 56, run, start, 9199870249303387
1787080804.411266, NoOp Chain Depth 64 Size 0 Mode ref, Ref Stage 56, run, end, 9199870249325419
1787080804.411278, NoOp Chain Depth 64 Size 0 Mode ref, Ref Stage 57, run, start, 9199870249337579
1787080804.411308, NoOp Chain Depth 64 Size 0 Mode ref, Ref Stage 57, run, end, 9199870249367771
1787080804.411324, NoOp Chain Depth 64 Size 0 Mode ref, Ref Stage 58, run, start, 9199870249383547
1787080804.411344, NoOp Chain Depth 64 Size 0 Mode ref, Ref Stage 58, run, end, 9199870249403515
1787080804.411359, NoOp Chain Depth 64 Size 0 Mode ref, Ref Stage 59, run, start, 9199870249418139
1787080804.411379, NoOp Chain Depth 64 Size 0 Mode ref, Ref Stage 59, run, end, 9199870249438187
1787080804.411393, NoOp Chain Depth 64 Size 0 Mode ref, Ref Stage 60, run, start, 9199870249452443
1787080804.411415, NoOp Chain Depth 64 Size 0 Mode ref, Ref Stage 60, run, end, 9199870249473659
1787080804.411429, NoOp Chain Depth 64 Size 0 Mode ref, Ref Stage 61, run, start, 9199870249488139
1787080804.411452, NoOp Chain Depth 64 Size 0 Mode ref, Ref Stage 61, run, end, 9199870249510859
1787080804.411466, NoOp Chain Depth 64 Size 0 Mode ref, Ref Stage 62, run, start, 9199870249525179
1787080804.411487, NoOp Chain Depth 64 Size 0 Mode ref, Ref Stage 62, run, end, 9199870249546411
1787080804.411502, NoOp Chain Depth 64 Size 0 Mode ref, Ref Stage 63, run, start, 9199870249561067
1787080804.411521, NoOp Chain Depth 64 Size 0 Mode ref, Ref Stage 63, run, end, 9199870249580747
1787080804.411536, NoOp Chain Depth 64 Size 0 Mode ref, pipeline - train, run, end, 103123034010337041485658038685702223887, 1787080804.408372, 8, 1, 9199870249594987
1787080804.411575, NoOp Chain Depth 64 Size 0 Mode ref, pipeline - train, run, start, 38345560820865982631427878034104950767, 1787080804.411564, 9, 1, 9199870249634251
1787080804.411648, NoOp Chain Depth 64 Size 0 Mode ref, Ref Stage 0, run, start, 9199870249707259
1787080804.411672, NoOp Chain Depth 64 Size 0 Mode ref, Ref Stage 0, run, end, 9199870249731467
1787080804.411684, NoOp Chain Depth 64 Size 0 Mode ref, Ref Stage 1, run, start, 9199870249743227
1787080804.411714, NoOp Chain Depth 64 Size 0 Mode ref, Ref Stage 1, run, end, 9199870249773499
1787080804.411729, NoOp Chain Depth 64 Size 0 Mode ref, Ref Stage 2, run, start, 9199870249788203
1787080804.411749, NoOp Chain Depth 64 Size 0 Mode ref, Ref Stage 2, run, end, 9199870249808139
1787080804.411763, NoOp Chain Depth 64 Size 0 Mode ref, Ref Stage 3, run, start, 9199870249822683
1787080804.411783, NoOp Chain Depth 64 Size 0 Mode ref, Ref Stage 3, run, end, 9199870249842699
1787080804.411798, NoOp Chain Depth 64 Size 0 Mode ref, Ref Stage 4, run, start, 9199870249857003
1787080804.411818, NoOp Chain Depth 64 Size 0 Mode ref, Ref Stage 4, run, end, 9199870249877115
1787080804.411832, NoOp Chain Depth 64 Size 0 Mode ref, Ref Stage 5, run, start, 9199870249891643
1787080804.411855, NoOp Chain Depth 64 Size 0 Mode ref, Ref Stage 5, run, end, 9199870249914075
1787080804.411869, NoOp Chain Depth 64 Size 0 Mode ref, Ref Stage 6, run, start, 9199870249928491
1787080804.411889, NoOp Chain Depth 64 Size 0 Mode ref, Ref Stage 6, run, end, 9199870249948395
1787080804.411904, NoOp Chain Depth 64 Size 0 Mode ref, Ref Stage 7, run, start, 9199870249963195
1787080804.411925, NoOp Chain Depth 64 Size 0 Mode ref, Ref Stage 7, run, end, 9199870249984555
1787080804.411937, NoOp Chain Depth 64 Size 0 Mode ref, Ref Stage 8, run, start, 9199870249996043
1787080804.412385, NoOp Chain Depth 64 Size 0 Mode ref, Ref Stage 8, run, end, 9199870250445131
1787080804.412398, NoOp Chain Depth 64 Size 0 Mode ref, Ref Stage 9, run, start, 9199870250457883
1787080804.412430, NoOp Chain Depth 64 Size 0 Mode ref, Ref Stage 9, run, end, 9199870250488907
1787080804.412444, NoOp Chain Depth 64 Size 0 Mode ref, Ref Stage 10, run, start, 9199870250503531
1787080804.412464, NoOp Chain Depth 64 Size 0 Mode ref, Ref Stage 10, run, end, 9199870250523659
1787080804.412479, NoOp Chain Depth 64 Size 0 Mode ref, Ref Stage 11, run, start, 9199870250538411
1787080804.412500, NoOp Chain Depth 64 Size 0 Mode ref, Ref Stage 11, run, end, 9199870250559499
1787080804.412515, NoOp Chain Depth 64 Size 0 Mode ref, Ref Stage 12, run, start, 9199870250574427
1787080804.412536, NoOp Chain Depth 64 Size 0 Mode ref, Ref Stage 12, run, end, 9199870250595099
1787080804.412551, NoOp Chain Depth 64 Size 0 Mode ref, Ref Stage 13, run, start, 9199870250610267
1787080804.412571, NoOp Chain Depth 64 Size 0 Mode ref, Ref Stage 13, run, end, 9199870250630571
1787080804.412585, NoOp Chain Depth 64 Size 0 Mode ref, Ref Stage 14, run, start, 9199870250644891
1787080804.412606, NoOp Chain Depth 64 Size 0 Mode ref, Ref Stage 14, run, end, 9199870250665611
1787080804.412621, NoOp Chain Depth 64 Size 0 Mode ref, Ref Stage 15, run, start, 9199870250680299
1787080804.412643, NoOp Chain Depth 64 Size 0 Mode ref, Ref Stage 15, run, end, 9199870250702139
1787080804.412657, NoOp Chain Depth 64 Size 0 Mode ref, Ref Stage 16, run, start, 9199870250716875
1787080804.412679, NoOp Chain Depth 64 Size 0 Mode ref, Ref Stage 16, run, end, 9199870250738811
1787080804.412696, NoOp Chain Depth 64 Size 0 Mode ref, Ref Stage 17, run, start, 9199870250755355
1787080804.412718, NoOp Chain Depth 64 Size 0 Mode ref, Ref Stage 17, run, end, 9199870250777291
1787080804.412732, NoOp Chain Depth 64 Size 0 Mode ref, Ref Stage 18, run, start, 9199870250791723
1787080804.412753, NoOp Chain Depth 64 Size 0 Mode ref, Ref Stage 18, run, end, 9199870250811883
1787080804.412767, NoOp Chain Depth 64 Size 0 Mode ref, Ref Stage 19, run, start, 9199870250826123
1787080804.412787, NoOp Chain Depth 64 Size 0 Mode ref, Ref Stage 19, run, end, 9199870250845819
1787080804.412801, NoOp Chain Depth 64 Size 0 Mode ref, Ref Stage 20, run, start, 9199870250859915
1787080804.412822, NoOp Chain Depth 64 Size 0 Mode ref, Ref Stage 20, run, end, 9199870250881291
1787080804.412833, NoOp Chain Depth 64 Size 0 Mode ref, Ref Stage 21, run, start, 9199870250892891
1787080804.412865, NoOp Chain Depth 64 Size 0 Mode ref, Ref Stage 21, run, end, 9199870250924395
1787080804.412879, NoOp Chain Depth 64 Size 0 Mode ref, Ref Stage 22, run, start, 9199870250938651
1787080804.412900, NoOp Chain Depth 64 Size 0 Mode ref, Ref Stage 22, run, end, 9199870250959643
1787080804.412915, NoOp Chain Depth 64 Size 0 Mode ref, Ref Stage 23, run, start, 9199870250973899
1787080804.412935, NoOp Chain Depth 64 Size 0 Mode ref, Ref Stage 23, run, end, 9199870250993915
1787080804.412951, NoOp Chain Depth 64 Size 0 Mode ref, Ref Stage 24, run, start, 9199870251009995
1787080804.412971, NoOp Chain Depth 64 Size 0 Mode ref, Ref Stage 24, run, end, 9199870251030523
1787080804.412986, NoOp Chain Depth 64 Size 0 Mode ref, Ref Stage 25, run, start, 9199870251044955
1787080804.413006, NoOp Chain Depth 64 Size 0 Mode ref, Ref Stage 25, run, end, 9199870251064843
1787080804.413022, NoOp Chain Depth 64 Size 0 Mode ref, Ref Stage 26, run, start, 9199870251081195
1787080804.413043, NoOp Chain Depth 64 Size 0 Mode ref, Ref Stage 26, run, end, 9199870251102699
1787080804.413055, NoOp Chain Depth 64 Size 0 Mode ref, Ref Stage 27, run, start, 9199870251114731
1787080804.413085, NoOp Chain Depth 64 Size 0 Mode ref, Ref Stage 27, run, end, 9199870251144811
1787080804.413101, NoOp Chain Depth 64 Size 0 Mode ref, Ref Stage 28, run, start, 9199870251160315
1787080804.413121, NoOp Chain Depth 64 Size 0 Mode ref, Ref Stage 28, run, end, 9199870251180539
1787080804.413135, NoOp Chain Depth 64 Size 0 Mode ref, Ref Stage 29, run, start, 9199870251194747
1787080804.413157, NoOp Chain Depth 64 Size 0 Mode ref, Ref Stage 29, run, end, 9199870251215803
1787080804.413171, NoOp Chain Depth 64 Size 0 Mode ref, Ref Stage 30, run, start, 9199870251229963
1787080804.413190, NoOp Chain Depth 64 Size 0 Mode ref, Ref Stage 30, run, end, 9199870251249707
1787080804.413206, NoOp Chain Depth 64 Size 0 Mode ref, Ref Stage 31, run, start, 9199870251265515
1787080804.413226, NoOp Chain Depth 64 Size 0 Mode ref, Ref Stage 31, run, end, 9199870251285131
1787080804.413240, NoOp Chain Depth 64 Size 0 Mode ref, Ref Stage 32, run, start, 9199870251299211
1787080804.413260, NoOp Chain Depth 64 Size 0 Mode ref, Ref Stage 32, run, end, 9199870251318859
1787080804.413274, NoOp Chain Depth 64 Size 0 Mode ref, Ref Stage 33, run, start, 9199870251333675
1787080804.413297, NoOp Chain Depth 64 Size 0 Mode ref, Ref Stage 33, run, end, 9199870251356299
1787080804.413308, NoOp Chain Depth 64 Size 0 Mode ref, Ref Stage 34, run, start, 9199870251367755
1787080804.413827, NoOp Chain Depth 64 Size 0 Mode ref, Ref Stage 34, run, end, 9199870251886987
1787080804.413843, NoOp Chain Depth 64 Size 0 Mode ref, Ref Stage 35, run, start, 9199870251902315
1787080804.413865, NoOp Chain Depth 64 Size 0 Mode ref, Ref Stage 35, run, end, 9199870251924603
1787080804.413877, NoOp Chain Depth 64 Size 0 Mode ref, Ref Stage 36, run, start, 9199870251936379
1787080804.413907, NoOp Chain Depth 64 Size 0 Mode ref, Ref Stage 36, run, end, 9199870251966491
1787080804.413922, NoOp Chain Depth 64 Size 0 Mode ref, Ref Stage 37, run, start, 9199870251981403
1787080804.413942, NoOp Chain Depth 64 Size 0 Mode ref, Ref Stage 37, run, end, 9199870252003435
1787080804.413961, NoOp Chain Depth 64 Size 0 Mode ref, Ref Stage 38, run, start, 9199870252020683
1787080804.413981, NoOp Chain Depth 64 Size 0 Mode ref, Ref Stage 38, run, end, 9199870252040763
1787080804.413996, NoOp Chain Depth 64 Size 0 Mode ref, Ref Stage 39, run, start, 9199870252055307
1787080804.414016, NoOp Chain Depth 64 Size 0 Mode ref, Ref Stage 39, run, end, 9199870252075099
1787080804.414030, NoOp Chain Depth 64 Size 0 Mode ref, Ref Stage 40, run, start, 9199870252089707
1787080804.414051, NoOp Chain Depth 64 Size 0 Mode ref, Ref Stage 40, run, end, 9199870252109835
1787080804.414065, NoOp Chain Depth 64 Size 0 Mode ref, Ref Stage 41, run, start, 9199870252124283
1787080804.414085, NoOp Chain Depth 64 Size 0 Mode ref, Ref Stage 41, run, end, 9199870252144459
1787080804.414100, NoOp Chain Depth 64 Size 0 Mode ref, Ref Stage 42, run, start, 9199870252159227
1787080804.414120, NoOp Chain Depth 64 Size 0 Mode ref, Ref Stage 42, run, end, 9199870252179579
1787080804.414135, NoOp Chain Depth 64 Size 0 Mode ref, Ref Stage 43, run, start, 9199870252194651
1787080804.414155, NoOp Chain Depth 64 Size 0 Mode ref, Ref Stage 43, run, end, 9199870252214795
1787080804.414170, NoOp Chain Depth 64 Size 0 Mode ref, Ref Stage 44, run, start, 9199870252229387
1787080804.414191, NoOp Chain Depth 64 Size 0 Mode ref, Ref Stage 44, run, end, 9199870252250619
1787080804.414206, NoOp Chain Depth 64 Size 0 Mode ref, Ref Stage 45, run, start, 9199870252265099
1787080804.414227, NoOp Chain Depth 64 Size 0 Mode ref, Ref Stage 45, run, end, 9199870252286491
1787080804.414242, NoOp Chain Depth 64 Size 0 Mode ref, Ref Stage 46, run, start, 9199870252300907
1787080804.414262, NoOp Chain Depth 64 Size 0 Mode ref, Ref Stage 46, run, end, 9199870252321003
1787080804.414276, NoOp Chain Depth 64 Size 0 Mode ref, Ref Stage 47, run, start, 9199870252335515
1787080804.414296, NoOp Chain Depth 64 Size 0 Mode ref, Ref Stage 47, run, end, 9199870252355323
1787080804.414310, NoOp Chain Depth 64 Size 0 Mode ref, Ref Stage 48, run, start, 9199870252369851
1787080804.414332, NoOp Chain Depth 64 Size 0 Mode ref, Ref Stage 48, run, end, 9199870252391163
1787080804.414344, NoOp Chain Depth 64 Size 0 Mode ref, Ref Stage 49, run, start, 9199870252403131
1787080804.414377, NoOp Chain Depth 64 Size 0 Mode ref, Ref Stage 49, run, end, 9199870252436155
1787080804.414388, NoOp Chain Depth 64 Size 0 Mode ref, Ref Stage 50, run, start, 9199870252447851
1787080804.414419, NoOp Chain Depth 64 Size 0 Mode ref, Ref Stage 50, run, end, 9199870252478635
1787080804.414433, NoOp Chain Depth 64 Size 0 Mode ref, Ref Stage 51, run, start, 9199870252492923
1787080804.414454, NoOp Chain Depth 64 Size 0 Mode ref, Ref Stage 51, run, end, 9199870252512811
1787080804.414469, NoOp Chain Depth 64 Size 0 Mode ref, Ref Stage 52, run, start, 9199870252528539
1787080804.414489, NoOp Chain Depth 64 Size 0 Mode ref, Ref Stage 52, run, end, 9199870252548443
1787080804.414503, NoOp Chain Depth 64 Size 0 Mode ref, Ref Stage 53, run, start, 9199870252562539
1787080804.414523, NoOp Chain Depth 64 Size 0 Mode ref, Ref Stage 53, run, end, 9199870252582299
1787080804.414539, NoOp Chain Depth 64 Size 0 Mode ref, Ref Stage 54, run, start, 9199870252598155
1787080804.414558, NoOp Chain Depth 64 Size 0 Mode ref, Ref Stage 54, run, end, 9199870252617787
1787080804.414572, NoOp Chain Depth 64 Size 0 Mode ref, Ref Stage 55, run, start, 9199870252632043
1787080804.414593, NoOp Chain Depth 64 Size 0 Mode ref, Ref Stage 55, run, end, 9199870252652251
1787080804.414609, NoOp Chain Depth 64 Size 0 Mode ref, Ref Stage 56, run, start, 9199870252668315
1787080804.414630, NoOp Chain Depth 64 Size 0 Mode ref, Ref Stage 56, run, end, 9199870252689723
1787080804.414642, NoOp Chain Depth 64 Size 0 Mode ref, Ref Stage 57, run, start, 9199870252701243
1787080804.414672, NoOp Chain Depth 64 Size 0 Mode ref, Ref Stage 57, run, end, 9199870252731403
1787080804.414687, NoOp Chain Depth 64 Size 0 Mode ref, Ref Stage 58, run, start, 9199870252746507
1787080804.414709, NoOp Chain Depth 64 Size 0 Mode ref, Ref Stage 58, run, end, 9199870252768059
1787080804.414724, NoOp Chain Depth 64 Size 0 Mode ref, Ref Stage 59, run, start, 9199870252782939
1787080804.414744, NoOp Chain Depth 64 Size 0 Mode ref, Ref Stage 59, run, end, 9199870252803547
1787080804.414759, NoOp Chain Depth 64 Size 0 Mode ref, Ref Stage 60, run, start, 9199870252818459
1787080804.414781, NoOp Chain Depth 64 Size 0 Mode ref, Ref Stage 60, run, end, 9199870252840283
1787080804.414793, NoOp Chain Depth 64 Size 0 Mode ref, Ref Stage 61, run, start, 9199870252852235
1787080804.414826, NoOp Chain Depth 64 Size 0 Mode ref, Ref Stage 61, run, end, 9199870252885739
1787080804.414841, NoOp Chain Depth 64 Size 0 Mode ref, Ref Stage 62, run, start, 9199870252900315
1787080804.414862, NoOp Chain Depth 64 Size 0 Mode ref, Ref Stage 62, run, end, 9199870252921755
1787080804.414877, NoOp Chain Depth 64 Size 0 Mode ref, Ref Stage 63, run, start, 9199870252936747
1787080804.414897, NoOp Chain Depth 64 Size 0 Mode ref, Ref Stage 63, run, end, 9199870252956379
1787080804.414912, NoOp Chain Depth 64 Size 0 Mode ref, pipeline - train, run, end, 38345560820865982631427878034104950767, 1787080804.411564, 9, 1, 9199870252972107
1787080804.414951, NoOp Chain Depth 64 Size 0 Mode ref, pipeline - train, run, start, 270682762346545695172469587259609965240, 1787080804.414938, 10, 1, 9199870253010971
1787080804.415359, NoOp Chain Depth 64 Size 0 Mode ref, Ref Stage 0, run, start, 9199870253419675
1787080804.415501, NoOp Chain Depth 64 Size 0 Mode ref, Ref Stage 0, run, end, 9199870253560651
1787080804.415516, NoOp Chain Depth 64 Size 0 Mode ref, Ref Stage 1, run, start, 9199870253576011
1787080804.415537, NoOp Chain Depth 64 Size 0 Mode ref, Ref Stage 1, run, end, 9199870253596635
1787080804.415552, NoOp Chain Depth 64 Size 0 Mode ref, Ref Stage 2, run, start, 9199870253611403
1787080804.415574, NoOp Chain Depth 64 Size 0 Mode ref, Ref Stage 2, run, end, 9199870253633387
1787080804.415586, NoOp Chain Depth 64 Size 0 Mode ref, Ref Stage 3, run, start, 9199870253645259
1787080804.415616, NoOp Chain Depth 64 Size 0 Mode ref, Ref Stage 3, run, end, 9199870253675403
1787080804.415631, NoOp Chain Depth 64 Size 0 Mode ref, Ref Stage 4, run, start, 9199870253690251
1787080804.415652, NoOp Chain Depth 64 Size 0 Mode ref, Ref Stage 4, run, end, 9199870253711083
1787080804.415666, NoOp Chain Depth 64 Size 0 Mode ref, Ref Stage 5, run, start, 9199870253725691
1787080804.415687, NoOp Chain Depth 64 Size 0 Mode ref, Ref Stage 5, run, end, 9199870253745931
1787080804.415701, NoOp Chain Depth 64 Size 0 Mode ref, Ref Stage 6, run, start, 9199870253760635
1787080804.415723, NoOp Chain Depth 64 Size 0 Mode ref, Ref Stage 6, run, end, 9199870253782283
1787080804.415738, NoOp Chain Depth 64 Size 0 Mode ref, Ref Stage 7, run, start, 9199870253797211
1787080804.415761, NoOp Chain Depth 64 Size 0 Mode ref, Ref Stage 7, run, end, 9199870253820507
1787080804.415773, NoOp Chain Depth 64 Size 0 Mode ref, Ref Stage 8, run, start, 9199870253832411
1787080804.415803, NoOp Chain Depth 64 Size 0 Mode ref, Ref Stage 8, run, end, 9199870253862411
1787080804.415818, NoOp Chain Depth 64 Size 0 Mode ref, Ref Stage 9, run, start, 9199870253877035
1787080804.415838, NoOp Chain Depth 64 Size 0 Mode ref, Ref Stage 9, run, end, 9199870253897275
1787080804.415853, NoOp Chain Depth 64 Size 0 Mode ref, Ref Stage 10, run, start, 9199870253912027
1787080804.415873, NoOp Chain Depth 64 Size 0 Mode ref, Ref Stage 10, run, end, 9199870253932267
1787080804.415887, NoOp Chain Depth 64 Size 0 Mode ref, Ref Stage 11, run, start, 9199870253946635
1787080804.415907, NoOp Chain Depth 64 Size 0 Mode ref, Ref Stage 11, run, end, 9199870253966619
1787080804.415922, NoOp Chain Depth 64 Size 0 Mode ref, Ref Stage 12, run, start, 9199870253981387
1787080804.415946, NoOp Chain Depth 64 Size 0 Mode ref, Ref Stage 12, run, end, 9199870254004795
1787080804.415962, NoOp Chain Depth 64 Size 0 Mode ref, Ref Stage 13, run, start, 9199870254021867
1787080804.415983, NoOp Chain Depth 64 Size 0 Mode ref, Ref Stage 13, run, end, 9199870254042315
1787080804.415999, NoOp Chain Depth 64 Size 0 Mode ref, Ref Stage 14, run, start, 9199870254058667
1787080804.416020, NoOp Chain Depth 64 Size 0 Mode ref, Ref Stage 14, run, end, 9199870254079083
1787080804.416035, NoOp Chain Depth 64 Size 0 Mode ref, Ref Stage 15, run, start, 9199870254094459
1787080804.416057, NoOp Chain Depth 64 Size 0 Mode ref, Ref Stage 15, run, end, 9199870254116091
1787080804.416072, NoOp Chain Depth 64 Size 0 Mode ref, Ref Stage 16, run, start, 9199870254131339
1787080804.416094, NoOp Chain Depth 64 Size 0 Mode ref, Ref Stage 16, run, end, 9199870254153659
1787080804.416106, NoOp Chain Depth 64 Size 0 Mode ref, Ref Stage 17, run, start, 9199870254165259
1787080804.416136, NoOp Chain Depth 64 Size 0 Mode ref, Ref Stage 17, run, end, 9199870254195291
1787080804.416151, NoOp Chain Depth 64 Size 0 Mode ref, Ref Stage 18, run, start, 9199870254210619
1787080804.416171, NoOp Chain Depth 64 Size 0 Mode ref, Ref Stage 18, run, end, 9199870254230571
1787080804.416186, NoOp Chain Depth 64 Size 0 Mode ref, Ref Stage 19, run, start, 9199870254244859
1787080804.416206, NoOp Chain Depth 64 Size 0 Mode ref, Ref Stage 19, run, end, 9199870254265019
1787080804.416220, NoOp Chain Depth 64 Size 0 Mode ref, Ref Stage 20, run, start, 9199870254279579
1787080804.416240, NoOp Chain Depth 64 Size 0 Mode ref, Ref Stage 20, run, end, 9199870254299531
1787080804.416256, NoOp Chain Depth 64 Size 0 Mode ref, Ref Stage 21, run, start, 9199870254315147
1787080804.416276, NoOp Chain Depth 64 Size 0 Mode ref, Ref Stage 21, run, end, 9199870254334955
1787080804.416290, NoOp Chain Depth 64 Size 0 Mode ref, Ref Stage 22, run, start, 9199870254349307
1787080804.416310, NoOp Chain Depth 64 Size 0 Mode ref, Ref Stage 22, run, end, 9199870254368811
1787080804.416324, NoOp Chain Depth 64 Size 0 Mode ref, Ref Stage 23, run, start, 9199870254383323
1787080804.416344, NoOp Chain Depth 64 Size 0 Mode ref, Ref Stage 23, run, end, 9199870254403403
1787080804.416360, NoOp Chain Depth 64 Size 0 Mode ref, Ref Stage 24, run, start, 9199870254419131
1787080804.416380, NoOp Chain Depth 64 Size 0 Mode ref, Ref Stage 24, run, end, 9199870254439179
1787080804.416394, NoOp Chain Depth 64 Size 0 Mode ref, Ref Stage 25, run, start, 9199870254453611
1787080804.416414, NoOp Chain Depth 64 Size 0 Mode ref, Ref Stage 25, run, end, 9199870254473227
1787080804.416428, NoOp Chain Depth 64 Size 0 Mode ref, Ref Stage 26, run, start, 9199870254487259
1787080804.416448, NoOp Chain Depth 64 Size 0 Mode ref, Ref Stage 26, run, end, 9199870254507003
1787080804.416462, NoOp Chain Depth 64 Size 0 Mode ref, Ref Stage 27, run, start, 9199870254521483
1787080804.416482, NoOp Chain Depth 64 Size 0 Mode ref, Ref Stage 27, run, end, 9199870254541275
1787080804.416496, NoOp Chain Depth 64 Size 0 Mode ref, Ref Stage 28, run, start, 9199870254555771
1787080804.416518, NoOp Chain Depth 64 Size 0 Mode ref, Ref Stage 28, run, end, 9199870254576971
1787080804.416533, NoOp Chain Depth 64 Size 0 Mode ref, Ref Stage 29, run, start, 9199870254592363
1787080804.416555, NoOp Chain Depth 64 Size 0 Mode ref, Ref Stage 29, run, end, 9199870254614427
1787080804.416570, NoOp Chain Depth 64 Size 0 Mode ref, Ref Stage 30, run, start, 9199870254628907
1787080804.416589, NoOp Chain Depth 64 Size 0 Mode ref, Ref Stage 30, run, end, 9199870254648699
1787080804.417227, NoOp Chain Depth 64 Size 0 Mode ref, Ref Stage 31, run, start, 9199870255288251
1787080804.417255, NoOp Chain Depth 64 Size 0 Mode ref, Ref Stage 31, run, end, 9199870255314635
1787080804.417270, NoOp Chain Depth 64 Size 0 Mode ref, Ref Stage 32, run, start, 9199870255329739
1787080804.417291, NoOp Chain Depth 64 Size 0 Mode ref, Ref Stage 32, run, end, 9199870255350091
1787080804.417305, NoOp Chain Depth 64 Size 0 Mode ref, Ref Stage 33, run, start, 9199870255364587
1787080804.417325, NoOp Chain Depth 64 Size 0 Mode ref, Ref Stage 33, run, end, 9199870255384779
1787080804.417340, NoOp Chain Depth 64 Size 0 Mode ref, Ref Stage 34, run, start, 9199870255399483
1787080804.417360, NoOp Chain Depth 64 Size 0 Mode ref, Ref Stage 34, run, end, 9199870255419675
1787080804.417377, NoOp Chain Depth 64 Size 0 Mode ref, Ref Stage 35, run, start, 9199870255436027
1787080804.417397, NoOp Chain Depth 64 Size 0 Mode ref, Ref Stage 35, run, end, 9199870255456299
1787080804.417411, NoOp Chain Depth 64 Size 0 Mode ref, Ref Stage 36, run, start, 9199870255470715
1787080804.417432, NoOp Chain Depth 64 Size 0 Mode ref, Ref Stage 36, run, end, 9199870255490827
1787080804.417446, NoOp Chain Depth 64 Size 0 Mode ref, Ref Stage 37, run, start, 9199870255505259
1787080804.417466, NoOp Chain Depth 64 Size 0 Mode ref, Ref Stage 37, run, end, 9199870255525531
1787080804.417480, NoOp Chain Depth 64 Size 0 Mode ref, Ref Stage 38, run, start, 9199870255539947
1787080804.417501, NoOp Chain Depth 64 Size 0 Mode ref, Ref Stage 38, run, end, 9199870255560171
1787080804.417515, NoOp Chain Depth 64 Size 0 Mode ref, Ref Stage 39, run, start, 9199870255574619
1787080804.417535, NoOp Chain Depth 64 Size 0 Mode ref, Ref Stage 39, run, end, 9199870255594603
1787080804.417550, NoOp Chain Depth 64 Size 0 Mode ref, Ref Stage 40, run, start, 9199870255609227
1787080804.417571, NoOp Chain Depth 64 Size 0 Mode ref, Ref Stage 40, run, end, 9199870255630651
1787080804.417586, NoOp Chain Depth 64 Size 0 Mode ref, Ref Stage 41, run, start, 9199870255645083
1787080804.417608, NoOp Chain Depth 64 Size 0 Mode ref, Ref Stage 41, run, end, 9199870255667883
1787080804.417623, NoOp Chain Depth 64 Size 0 Mode ref, Ref Stage 42, run, start, 9199870255682667
1787080804.417644, NoOp Chain Depth 64 Size 0 Mode ref, Ref Stage 42, run, end, 9199870255703131
1787080804.417658, NoOp Chain Depth 64 Size 0 Mode ref, Ref Stage 43, run, start, 9199870255717691
1787080804.417679, NoOp Chain Depth 64 Size 0 Mode ref, Ref Stage 43, run, end, 9199870255738043
1787080804.417693, NoOp Chain Depth 64 Size 0 Mode ref, Ref Stage 44, run, start, 9199870255752347
1787080804.417713, NoOp Chain Depth 64 Size 0 Mode ref, Ref Stage 44, run, end, 9199870255772299
1787080804.417727, NoOp Chain Depth 64 Size 0 Mode ref, Ref Stage 45, run, start, 9199870255786923
1787080804.417751, NoOp Chain Depth 64 Size 0 Mode ref, Ref Stage 45, run, end, 9199870255810155
1787080804.417765, NoOp Chain Depth 64 Size 0 Mode ref, Ref Stage 46, run, start, 9199870255824875
1787080804.417786, NoOp Chain Depth 64 Size 0 Mode ref, Ref Stage 46, run, end, 9199870255845147
1787080804.417800, NoOp Chain Depth 64 Size 0 Mode ref, Ref Stage 47, run, start, 9199870255859675
1787080804.417820, NoOp Chain Depth 64 Size 0 Mode ref, Ref Stage 47, run, end, 9199870255879691
1787080804.417835, NoOp Chain Depth 64 Size 0 Mode ref, Ref Stage 48, run, start, 9199870255894235
1787080804.417857, NoOp Chain Depth 64 Size 0 Mode ref, Ref Stage 48, run, end, 9199870255916252
1787080804.420532, NoOp Chain Depth 64 Size 0 Mode ref, Ref Stage 49, run, start, 9199870258592684
1787080804.420558, NoOp Chain Depth 64 Size 0 Mode ref, Ref Stage 49, run, end, 9199870258617788
1787080804.420573, NoOp Chain Depth 64 Size 0 Mode ref, Ref Stage 50, run, start, 9199870258632828
1787080804.420594, NoOp Chain Depth 64 Size 0 Mode ref, Ref Stage 50, run, end, 9199870258653020
1787080804.420608, NoOp Chain Depth 64 Size 0 Mode ref, Ref Stage 51, run, start, 9199870258667244
1787080804.420628, NoOp Chain Depth 64 Size 0 Mode ref, Ref Stage 51, run, end, 9199870258687308
1787080804.420642, NoOp Chain Depth 64 Size 0 Mode ref, Ref Stage 52, run, start, 9199870258701596
1787080804.420662, NoOp Chain Depth 64 Size 0 Mode ref, Ref Stage 52, run, end, 9199870258721500
1787080804.420676, NoOp Chain Depth 64 Size 0 Mode ref, Ref Stage 53, run, start, 9199870258735452
1787080804.420696, NoOp Chain Depth 64 Size 0 Mode ref, Ref Stage 53, run, end, 9199870258755148
1787080804.420710, NoOp Chain Depth 64 Size 0 Mode ref, Ref Stage 54, run, start, 9199870258769308
1787080804.420730, NoOp Chain Depth 64 Size 0 Mode ref, Ref Stage 54, run, end, 9199870258789196
1787080804.420744, NoOp Chain Depth 64 Size 0 Mode ref, Ref Stage 55, run, start, 9199870258803340
1787080804.420764, NoOp Chain Depth 64 Size 0 Mode ref, Ref Stage 55, run, end, 9199870258823708
1787080804.420781, NoOp Chain Depth 64 Size 0 Mode ref, Ref Stage 56, run, start, 9199870258839804
1787080804.420800, NoOp Chain Depth 64 Size 0 Mode ref, Ref Stage 56, run, end, 9199870258859916
1787080804.420815, NoOp Chain Depth 64 Size 0 Mode ref, Ref Stage 57, run, start, 9199870258873996
1787080804.420835, NoOp Chain Depth 64 Size 0 Mode ref, Ref Stage 57, run, end, 9199870258893900
1787080804.420849, NoOp Chain Depth 64 Size 0 Mode ref, Ref Stage 58, run, start, 9199870258908060
1787080804.420869, NoOp Chain Depth 64 Size 0 Mode ref, Ref Stage 58, run, end, 9199870258927884
1787080804.420883, NoOp Chain Depth 64 Size 0 Mode ref, Ref Stage 59, run, start, 9199870258942012
1787080804.420903, NoOp Chain Depth 64 Size 0 Mode ref, Ref Stage 59, run, end, 9199870258961868
1787080804.420917, NoOp Chain Depth 64 Size 0 Mode ref, Ref Stage 60, run, start, 9199870258975964
1787080804.420938, NoOp Chain Depth 64 Size 0 Mode ref, Ref Stage 60, run, end, 9199870258997692
1787080804.420952, NoOp Chain Depth 64 Size 0 Mode ref, Ref Stage 61, run, start, 9199870259011676
1787080804.420985, NoOp Chain Depth 64 Size 0 Mode ref, Ref Stage 61, run, end, 9199870259043932
1787080804.420996, NoOp Chain Depth 64 Size 0 Mode ref, Ref Stage 62, run, start, 9199870259055532
1787080804.421026, NoOp Chain Depth 64 Size 0 Mode ref, Ref Stage 62, run, end, 9199870259085244
1787080804.421040, NoOp Chain Depth 64 Size 0 Mode ref, Ref Stage 63, run, start, 9199870259099644
1787080804.421059, NoOp Chain Depth 64 Size 0 Mode ref, Ref Stage 63, run, end, 9199870259118652
1787080804.421074, NoOp Chain Depth 64 Size 0 Mode ref, pipeline - train, run, end, 270682762346545695172469587259609965240, 1787080804.414938, 10, 1, 9199870259133708
1787080804.421550, NoOp Chain Depth 64 Size 0 Mode ref, pipeline - train, run, start, 314789266150266220696209251462728240523, 1787080804.421537, 11, 1, 9199870259610172
1787080804.421576, NoOp Chain Depth 64 Size 0 Mode ref, Ref Stage 0, run, start, 9199870259635660
1787080804.421598, NoOp Chain Depth 64 Size 0 Mode ref, Ref Stage 0, run, end, 9199870259657068
1787080804.421613, NoOp Chain Depth 64 Size 0 Mode ref, Ref Stage 1, run, start, 9199870259672012
1787080804.421633, NoOp Chain Depth 64 Size 0 Mode ref, Ref Stage 1, run, end, 9199870259692060
1787080804.421647, NoOp Chain Depth 64 Size 0 Mode ref, Ref Stage 2, run, start, 9199870259706604
1787080804.421669, NoOp Chain Depth 64 Size 0 Mode ref, Ref Stage 2, run, end, 9199870259728220
1787080804.421681, NoOp Chain Depth 64 Size 0 Mode ref, Ref Stage 3, run, start, 9199870259739964
1787080804.421710, NoOp Chain Depth 64 Size 0 Mode ref, Ref Stage 3, run, end, 9199870259769612
1787080804.421724, NoOp Chain Depth 64 Size 0 Mode ref, Ref Stage 4, run, start, 9199870259783788
1787080804.421744, NoOp Chain Depth 64 Size 0 Mode ref, Ref Stage 4, run, end, 9199870259803724
1787080804.421759, NoOp Chain Depth 64 Size 0 Mode ref, Ref Stage 5, run, start, 9199870259818092
1787080804.421779, NoOp Chain Depth 64 Size 0 Mode ref, Ref Stage 5, run, end, 9199870259838316
1787080804.421794, NoOp Chain Depth 64 Size 0 Mode ref, Ref Stage 6, run, start, 9199870259853212
1787080804.421814, NoOp Chain Depth 64 Size 0 Mode ref, Ref Stage 6, run, end, 9199870259873004
1787080804.421828, NoOp Chain Depth 64 Size 0 Mode ref, Ref Stage 7, run, start, 9199870259887020
1787080804.421847, NoOp Chain Depth 64 Size 0 Mode ref, Ref Stage 7, run, end, 9199870259906828
1787080804.421862, NoOp Chain Depth 64 Size 0 Mode ref, Ref Stage 8, run, start, 9199870259920860
1787080804.422247, NoOp Chain Depth 64 Size 0 Mode ref, Ref Stage 8, run, end, 9199870260307244
1787080804.422385, NoOp Chain Depth 64 Size 0 Mode ref, Ref Stage 9, run, start, 9199870260444348
1787080804.422406, NoOp Chain Depth 64 Size 0 Mode ref, Ref Stage 9, run, end, 9199870260465372
1787080804.422421, NoOp Chain Depth 64 Size 0 Mode ref, Ref Stage 10, run, start, 9199870260479724
1787080804.422441, NoOp Chain Depth 64 Size 0 Mode ref, Ref Stage 10, run, end, 9199870260499836
1787080804.422457, NoOp Chain Depth 64 Size 0 Mode ref, Ref Stage 11, run, start, 9199870260516204
1787080804.422477, NoOp Chain Depth 64 Size 0 Mode ref, Ref Stage 11, run, end, 9199870260536284
1787080804.422491, NoOp Chain Depth 64 Size 0 Mode ref, Ref Stage 12, run, start, 9199870260550412
1787080804.422511, NoOp Chain Depth 64 Size 0 Mode ref, Ref Stage 12, run, end, 9199870260570300
1787080804.422525, NoOp Chain Depth 64 Size 0 Mode ref, Ref Stage 13, run, start, 9199870260584460
1787080804.422545, NoOp Chain Depth 64 Size 0 Mode ref, Ref Stage 13, run, end, 9199870260604284
1787080804.422559, NoOp Chain Depth 64 Size 0 Mode ref, Ref Stage 14, run, start, 9199870260618220
1787080804.422579, NoOp Chain Depth 64 Size 0 Mode ref, Ref Stage 14, run, end, 9199870260637900
1787080804.422594, NoOp Chain Depth 64 Size 0 Mode ref, Ref Stage 15, run, start, 9199870260652780
1787080804.422613, NoOp Chain Depth 64 Size 0 Mode ref, Ref Stage 15, run, end, 9199870260672444
1787080804.422627, NoOp Chain Depth 64 Size 0 Mode ref, Ref Stage 16, run, start, 9199870260686572
1787080804.422647, NoOp Chain Depth 64 Size 0 Mode ref, Ref Stage 16, run, end, 9199870260706284
1787080804.422661, NoOp Chain Depth 64 Size 0 Mode ref, Ref Stage 17, run, start, 9199870260720524
1787080804.422681, NoOp Chain Depth 64 Size 0 Mode ref, Ref Stage 17, run, end, 9199870260739996
1787080804.422695, NoOp Chain Depth 64 Size 0 Mode ref, Ref Stage 18, run, start, 9199870260754204
1787080804.422715, NoOp Chain Depth 64 Size 0 Mode ref, Ref Stage 18, run, end, 9199870260773900
1787080804.422729, NoOp Chain Depth 64 Size 0 Mode ref, Ref Stage 19, run, start, 9199870260787852
1787080804.422748, NoOp Chain Depth 64 Size 0 Mode ref, Ref Stage 19, run, end, 9199870260807260
1787080804.422762, NoOp Chain Depth 64 Size 0 Mode ref, Ref Stage 20, run, start, 9199870260821292
1787080804.422781, NoOp Chain Depth 64 Size 0 Mode ref, Ref Stage 20, run, end, 9199870260840588
1787080804.422795, NoOp Chain Depth 64 Size 0 Mode ref, Ref Stage 21, run, start, 9199870260854588
1787080804.422816, NoOp Chain Depth 64 Size 0 Mode ref, Ref Stage 21, run, end, 9199870260875564
1787080804.422830, NoOp Chain Depth 64 Size 0 Mode ref, Ref Stage 22, run, start, 9199870260888924
1787080804.422861, NoOp Chain Depth 64 Size 0 Mode ref, Ref Stage 22, run, end, 9199870260920188
1787080804.422873, NoOp Chain Depth 64 Size 0 Mode ref, Ref Stage 23, run, start, 9199870260932060
1787080804.422903, NoOp Chain Depth 64 Size 0 Mode ref, Ref Stage 23, run, end, 9199870260961852
1787080804.422917, NoOp Chain Depth 64 Size 0 Mode ref, Ref Stage 24, run, start, 9199870260976300
1787080804.422937, NoOp Chain Depth 64 Size 0 Mode ref, Ref Stage 24, run, end, 9199870260996316
1787080804.422953, NoOp Chain Depth 64 Size 0 Mode ref, Ref Stage 25, run, start, 9199870261012444
1787080804.422974, NoOp Chain Depth 64 Size 0 Mode ref, Ref Stage 25, run, end, 9199870261032924
1787080804.422989, NoOp Chain Depth 64 Size 0 Mode ref, Ref Stage 26, run, start, 9199870261048332
1787080804.423010, NoOp Chain Depth 64 Size 0 Mode ref, Ref Stage 26, run, end, 9199870261069676
1787080804.423022, NoOp Chain Depth 64 Size 0 Mode ref, Ref Stage 27, run, start, 9199870261081292
1787080804.423629, NoOp Chain Depth 64 Size 0 Mode ref, Ref Stage 27, run, end, 9199870261688604
1787080804.423644, NoOp Chain Depth 64 Size 0 Mode ref, Ref Stage 28, run, start, 9199870261703772
1787080804.423665, NoOp Chain Depth 64 Size 0 Mode ref, Ref Stage 28, run, end, 9199870261723788
1787080804.423679, NoOp Chain Depth 64 Size 0 Mode ref, Ref Stage 29, run, start, 9199870261738012
1787080804.423699, NoOp Chain Depth 64 Size 0 Mode ref, Ref Stage 29, run, end, 9199870261757916
1787080804.423713, NoOp Chain Depth 64 Size 0 Mode ref, Ref Stage 30, run, start, 9199870261772236
1787080804.423734, NoOp Chain Depth 64 Size 0 Mode ref, Ref Stage 30, run, end, 9199870261793596
1787080804.424109, NoOp Chain Depth 64 Size 0 Mode ref, Ref Stage 31, run, start, 9199870262169196
1787080804.424132, NoOp Chain Depth 64 Size 0 Mode ref, Ref Stage 31, run, end, 9199870262190988
1787080804.424265, NoOp Chain Depth 64 Size 0 Mode ref, Ref Stage 32, run, start, 9199870262324364
1787080804.424286, NoOp Chain Depth 64 Size 0 Mode ref, Ref Stage 32, run, end, 9199870262344924
1787080804.424300, NoOp Chain Depth 64 Size 0 Mode ref, Ref Stage 33, run, start, 9199870262359148
1787080804.424320, NoOp Chain Depth 64 Size 0 Mode ref, Ref Stage 33, run, end, 9199870262379292
1787080804.424334, NoOp Chain Depth 64 Size 0 Mode ref, Ref Stage 34, run, start, 9199870262393612
1787080804.424354, NoOp Chain Depth 64 Size 0 Mode ref, Ref Stage 34, run, end, 9199870262413388
1787080804.424368, NoOp Chain Depth 64 Size 0 Mode ref, Ref Stage 35, run, start, 9199870262427724
1787080804.424388, NoOp Chain Depth 64 Size 0 Mode ref, Ref Stage 35, run, end, 9199870262447516
1787080804.424402, NoOp Chain Depth 64 Size 0 Mode ref, Ref Stage 36, run, start, 9199870262461916
1787080804.424424, NoOp Chain Depth 64 Size 0 Mode ref, Ref Stage 36, run, end, 9199870262483148
1787080804.424436, NoOp Chain Depth 64 Size 0 Mode ref, Ref Stage 37, run, start, 9199870262495260
1787080804.424465, NoOp Chain Depth 64 Size 0 Mode ref, Ref Stage 37, run, end, 9199870262524652
1787080804.424479, NoOp Chain Depth 64 Size 0 Mode ref, Ref Stage 38, run, start, 9199870262538732
1787080804.424499, NoOp Chain Depth 64 Size 0 Mode ref, Ref Stage 38, run, end, 9199870262558540
1787080804.424513, NoOp Chain Depth 64 Size 0 Mode ref, Ref Stage 39, run, start, 9199870262572700
1787080804.424534, NoOp Chain Depth 64 Size 0 Mode ref, Ref Stage 39, run, end, 9199870262592892
1787080804.424548, NoOp Chain Depth 64 Size 0 Mode ref, Ref Stage 40, run, start, 9199870262607132
1787080804.424568, NoOp Chain Depth 64 Size 0 Mode ref, Ref Stage 40, run, end, 9199870262627212
1787080804.424582, NoOp Chain Depth 64 Size 0 Mode ref, Ref Stage 41, run, start, 9199870262641644
1787080804.424603, NoOp Chain Depth 64 Size 0 Mode ref, Ref Stage 41, run, end, 9199870262662204
1787080804.424617, NoOp Chain Depth 64 Size 0 Mode ref, Ref Stage 42, run, start, 9199870262676668
1787080804.424638, NoOp Chain Depth 64 Size 0 Mode ref, Ref Stage 42, run, end, 9199870262697180
1787080804.424652, NoOp Chain Depth 64 Size 0 Mode ref, Ref Stage 43, run, start, 9199870262711468
1787080804.424673, NoOp Chain Depth 64 Size 0 Mode ref, Ref Stage 43, run, end, 9199870262731708
1787080804.424687, NoOp Chain Depth 64 Size 0 Mode ref, Ref Stage 44, run, start, 9199870262746780
1787080804.424715, NoOp Chain Depth 64 Size 0 Mode ref, Ref Stage 44, run, end, 9199870262774348
1787080804.424727, NoOp Chain Depth 64 Size 0 Mode ref, Ref Stage 45, run, start, 9199870262786076
1787080804.424757, NoOp Chain Depth 64 Size 0 Mode ref, Ref Stage 45, run, end, 9199870262815740
1787080804.424771, NoOp Chain Depth 64 Size 0 Mode ref, Ref Stage 46, run, start, 9199870262830060
1787080804.424791, NoOp Chain Depth 64 Size 0 Mode ref, Ref Stage 46, run, end, 9199870262850012
1787080804.424805, NoOp Chain Depth 64 Size 0 Mode ref, Ref Stage 47, run, start, 9199870262864092
1787080804.424827, NoOp Chain Depth 64 Size 0 Mode ref, Ref Stage 47, run, end, 9199870262885788
1787080804.424838, NoOp Chain Depth 64 Size 0 Mode ref, Ref Stage 48, run, start, 9199870262897356
1787080804.424867, NoOp Chain Depth 64 Size 0 Mode ref, Ref Stage 48, run, end, 9199870262926556
1787080804.424883, NoOp Chain Depth 64 Size 0 Mode ref, Ref Stage 49, run, start, 9199870262942860
1787080804.424905, NoOp Chain Depth 64 Size 0 Mode ref, Ref Stage 49, run, end, 9199870262964156
1787080804.424919, NoOp Chain Depth 64 Size 0 Mode ref, Ref Stage 50, run, start, 9199870262978284
1787080804.424939, NoOp Chain Depth 64 Size 0 Mode ref, Ref Stage 50, run, end, 9199870262997948
1787080804.424955, NoOp Chain Depth 64 Size 0 Mode ref, Ref Stage 51, run, start, 9199870263014940
1787080804.424976, NoOp Chain Depth 64 Size 0 Mode ref, Ref Stage 51, run, end, 9199870263034956
1787080804.424990, NoOp Chain Depth 64 Size 0 Mode ref, Ref Stage 52, run, start, 9199870263049084
1787080804.425009, NoOp Chain Depth 64 Size 0 Mode ref, Ref Stage 52, run, end, 9199870263068588
1787080804.425025, NoOp Chain Depth 64 Size 0 Mode ref, Ref Stage 53, run, start, 9199870263084348
1787080804.425045, NoOp Chain Depth 64 Size 0 Mode ref, Ref Stage 53, run, end, 9199870263104252
1787080804.425059, NoOp Chain Depth 64 Size 0 Mode ref, Ref Stage 54, run, start, 9199870263118364
1787080804.425081, NoOp Chain Depth 64 Size 0 Mode ref, Ref Stage 54, run, end, 9199870263139804
1787080804.425096, NoOp Chain Depth 64 Size 0 Mode ref, Ref Stage 55, run, start, 9199870263155308
1787080804.425117, NoOp Chain Depth 64 Size 0 Mode ref, Ref Stage 55, run, end, 9199870263176764
1787080804.425132, NoOp Chain Depth 64 Size 0 Mode ref, Ref Stage 56, run, start, 9199870263191116
1787080804.425152, NoOp Chain Depth 64 Size 0 Mode ref, Ref Stage 56, run, end, 9199870263210940
1787080804.425166, NoOp Chain Depth 64 Size 0 Mode ref, Ref Stage 57, run, start, 9199870263225084
1787080804.425187, NoOp Chain Depth 64 Size 0 Mode ref, Ref Stage 57, run, end, 9199870263246220
1787080804.425201, NoOp Chain Depth 64 Size 0 Mode ref, Ref Stage 58, run, start, 9199870263260284
1787080804.425221, NoOp Chain Depth 64 Size 0 Mode ref, Ref Stage 58, run, end, 9199870263280236
1787080804.425235, NoOp Chain Depth 64 Size 0 Mode ref, Ref Stage 59, run, start, 9199870263294412
1787080804.425256, NoOp Chain Depth 64 Size 0 Mode ref, Ref Stage 59, run, end, 9199870263314732
1787080804.425270, NoOp Chain Depth 64 Size 0 Mode ref, Ref Stage 60, run, start, 9199870263328764
1787080804.425291, NoOp Chain Depth 64 Size 0 Mode ref, Ref Stage 60, run, end, 9199870263349900
1787080804.426954, NoOp Chain Depth 64 Size 0 Mode ref, Ref Stage 61, run, start, 9199870265015213
1787080804.426982, NoOp Chain Depth 64 Size 0 Mode ref, Ref Stage 61, run, end, 9199870265041533
1787080804.427334, NoOp Chain Depth 64 Size 0 Mode ref, Ref Stage 62, run, start, 9199870265393325
1787080804.427356, NoOp Chain Depth 64 Size 0 Mode ref, Ref Stage 62, run, end, 9199870265415165
1787080804.427371, NoOp Chain Depth 64 Size 0 Mode ref, Ref Stage 63, run, start, 9199870265430253
1787080804.427391, NoOp Chain Depth 64 Size 0 Mode ref, Ref Stage 63, run, end, 9199870265449869
1787080804.427405, NoOp Chain Depth 64 Size 0 Mode ref, pipeline - train, run, end, 314789266150266220696209251462728240523, 1787080804.421537, 11, 1, 9199870265464365
1787080804.427441, NoOp Chain Depth 64 Size 0 Mode ref, pipeline - train, run, start, 71476234640503053933735755424047557951, 1787080804.427430, 12, 1, 9199870265500381
1787080804.427463, NoOp Chain Depth 64 Size 0 Mode ref, Ref Stage 0, run, start, 9199870265522685
1787080804.427484, NoOp Chain Depth 64 Size 0 Mode ref, Ref Stage 0, run, end, 9199870265543005
1787080804.427498, NoOp Chain Depth 64 Size 0 Mode ref, Ref Stage 1, run, start, 9199870265557357
1787080804.427518, NoOp Chain Depth 64 Size 0 Mode ref, Ref Stage 1, run, end, 9199870265577677
1787080804.427532, NoOp Chain Depth 64 Size 0 Mode ref, Ref Stage 2, run, start, 9199870265592013
1787080804.427553, NoOp Chain Depth 64 Size 0 Mode ref, Ref Stage 2, run, end, 9199870265612093
1787080804.427567, NoOp Chain Depth 64 Size 0 Mode ref, Ref Stage 3, run, start, 9199870265626381
1787080804.427587, NoOp Chain Depth 64 Size 0 Mode ref, Ref Stage 3, run, end, 9199870265646029
1787080804.427601, NoOp Chain Depth 64 Size 0 Mode ref, Ref Stage 4, run, start, 9199870265660221
1787080804.427621, NoOp Chain Depth 64 Size 0 Mode ref, Ref Stage 4, run, end, 9199870265680029
1787080804.427635, NoOp Chain Depth 64 Size 0 Mode ref, Ref Stage 5, run, start, 9199870265694061
1787080804.427655, NoOp Chain Depth 64 Size 0 Mode ref, Ref Stage 5, run, end, 9199870265713725
1787080804.427669, NoOp Chain Depth 64 Size 0 Mode ref, Ref Stage 6, run, start, 9199870265727805
1787080804.427688, NoOp Chain Depth 64 Size 0 Mode ref, Ref Stage 6, run, end, 9199870265747293
1787080804.427702, NoOp Chain Depth 64 Size 0 Mode ref, Ref Stage 7, run, start, 9199870265761501
1787080804.427723, NoOp Chain Depth 64 Size 0 Mode ref, Ref Stage 7, run, end, 9199870265782669
1787080804.427735, NoOp Chain Depth 64 Size 0 Mode ref, Ref Stage 8, run, start, 9199870265794445
1787080804.427767, NoOp Chain Depth 64 Size 0 Mode ref, Ref Stage 8, run, end, 9199870265826173
1787080804.427781, NoOp Chain Depth 64 Size 0 Mode ref, Ref Stage 9, run, start, 9199870265840429
1787080804.427801, NoOp Chain Depth 64 Size 0 Mode ref, Ref Stage 9, run, end, 9199870265860221
1787080804.427815, NoOp Chain Depth 64 Size 0 Mode ref, Ref Stage 10, run, start, 9199870265874285
1787080804.427835, NoOp Chain Depth 64 Size 0 Mode ref, Ref Stage 10, run, end, 9199870265894221
1787080804.427850, NoOp Chain Depth 64 Size 0 Mode ref, Ref Stage 11, run, start, 9199870265908941
1787080804.427870, NoOp Chain Depth 64 Size 0 Mode ref, Ref Stage 11, run, end, 9199870265928813
1787080804.427884, NoOp Chain Depth 64 Size 0 Mode ref, Ref Stage 12, run, start, 9199870265942909
1787080804.427903, NoOp Chain Depth 64 Size 0 Mode ref, Ref Stage 12, run, end, 9199870265962637
1787080804.427917, NoOp Chain Depth 64 Size 0 Mode ref, Ref Stage 13, run, start, 9199870265976717
1787080804.427938, NoOp Chain Depth 64 Size 0 Mode ref, Ref Stage 13, run, end, 9199870265996845
1787080804.427954, NoOp Chain Depth 64 Size 0 Mode ref, Ref Stage 14, run, start, 9199870266013085
1787080804.427975, NoOp Chain Depth 64 Size 0 Mode ref, Ref Stage 14, run, end, 9199870266033917
1787080804.427989, NoOp Chain Depth 64 Size 0 Mode ref, Ref Stage 15, run, start, 9199870266048237
1787080804.428009, NoOp Chain Depth 64 Size 0 Mode ref, Ref Stage 15, run, end, 9199870266068093
1787080804.428023, NoOp Chain Depth 64 Size 0 Mode ref, Ref Stage 16, run, start, 9199870266082109
1787080804.428042, NoOp Chain Depth 64 Size 0 Mode ref, Ref Stage 16, run, end, 9199870266101885
1787080804.428058, NoOp Chain Depth 64 Size 0 Mode ref, Ref Stage 17, run, start, 9199870266117341
1787080804.428078, NoOp Chain Depth 64 Size 0 Mode ref, Ref Stage 17, run, end, 9199870266137133
1787080804.428092, NoOp Chain Depth 64 Size 0 Mode ref, Ref Stage 18, run, start, 9199870266151341
1787080804.428112, NoOp Chain Depth 64 Size 0 Mode ref, Ref Stage 18, run, end, 9199870266171053
1787080804.428126, NoOp Chain Depth 64 Size 0 Mode ref, Ref Stage 19, run, start, 9199870266185133
1787080804.428146, NoOp Chain Depth 64 Size 0 Mode ref, Ref Stage 19, run, end, 9199870266205245
1787080804.428160, NoOp Chain Depth 64 Size 0 Mode ref, Ref Stage 20, run, start, 9199870266219389
1787080804.428180, NoOp Chain Depth 64 Size 0 Mode ref, Ref Stage 20, run, end, 9199870266239069
1787080804.428195, NoOp Chain Depth 64 Size 0 Mode ref, Ref Stage 21, run, start, 9199870266254317
1787080804.428215, NoOp Chain Depth 64 Size 0 Mode ref, Ref Stage 21, run, end, 9199870266274157
1787080804.428229, NoOp Chain Depth 64 Size 0 Mode ref, Ref Stage 22, run, start, 9199870266288541
1787080804.428252, NoOp Chain Depth 64 Size 0 Mode ref, Ref Stage 22, run, end, 9199870266311405
1787080804.428374, NoOp Chain Depth 64 Size 0 Mode ref, Ref Stage 23, run, start, 9199870266434205
1787080804.428513, NoOp Chain Depth 64 Size 0 Mode ref, Ref Stage 23, run, end, 9199870266572381
1787080804.428528, NoOp Chain Depth 64 Size 0 Mode ref, Ref Stage 24, run, start, 9199870266587341
1787080804.428548, NoOp Chain Depth 64 Size 0 Mode ref, Ref Stage 24, run, end, 9199870266607725
1787080804.428563, NoOp Chain Depth 64 Size 0 Mode ref, Ref Stage 25, run, start, 9199870266622125
1787080804.428584, NoOp Chain Depth 64 Size 0 Mode ref, Ref Stage 25, run, end, 9199870266643453
1787080804.428596, NoOp Chain Depth 64 Size 0 Mode ref, Ref Stage 26, run, start, 9199870266655293
1787080804.428625, NoOp Chain Depth 64 Size 0 Mode ref, Ref Stage 26, run, end, 9199870266684477
1787080804.428639, NoOp Chain Depth 64 Size 0 Mode ref, Ref Stage 27, run, start, 9199870266698845
1787080804.428659, NoOp Chain Depth 64 Size 0 Mode ref, Ref Stage 27, run, end, 9199870266718429
1787080804.428673, NoOp Chain Depth 64 Size 0 Mode ref, Ref Stage 28, run, start, 9199870266732365
1787080804.428693, NoOp Chain Depth 64 Size 0 Mode ref, Ref Stage 28, run, end, 9199870266752493
1787080804.428710, NoOp Chain Depth 64 Size 0 Mode ref, Ref Stage 29, run, start, 9199870266769485
1787080804.428732, NoOp Chain Depth 64 Size 0 Mode ref, Ref Stage 29, run, end, 9199870266791005
1787080804.428743, NoOp Chain Depth 64 Size 0 Mode ref, Ref Stage 30, run, start, 9199870266802653
1787080804.428773, NoOp Chain Depth 64 Size 0 Mode ref, Ref Stage 30, run, end, 9199870266832349
1787080804.428788, NoOp Chain Depth 64 Size 0 Mode ref, Ref Stage 31, run, start, 9199870266847869
1787080804.428808, NoOp Chain Depth 64 Size 0 Mode ref, Ref Stage 31, run, end, 9199870266867757
1787080804.428822, NoOp Chain Depth 64 Size 0 Mode ref, Ref Stage 32, run, start, 9199870266881709
1787080804.428842, NoOp Chain Depth 64 Size 0 Mode ref, Ref Stage 32, run, end, 9199870266901373
1787080804.428856, NoOp Chain Depth 64 Size 0 Mode ref, Ref Stage 33, run, start, 9199870266915469
1787080804.428876, NoOp Chain Depth 64 Size 0 Mode ref, Ref Stage 33, run, end, 9199870266935165
1787080804.428890, NoOp Chain Depth 64 Size 0 Mode ref, Ref Stage 34, run, start, 9199870266949373
1787080804.428910, NoOp Chain Depth 64 Size 0 Mode ref, Ref Stage 34, run, end, 9199870266969053
1787080804.428925, NoOp Chain Depth 64 Size 0 Mode ref, Ref Stage 35, run, start, 9199870266984525
1787080804.428947, NoOp Chain Depth 64 Size 0 Mode ref, Ref Stage 35, run, end, 9199870267005901
1787080804.428962, NoOp Chain Depth 64 Size 0 Mode ref, Ref Stage 36, run, start, 9199870267021293
1787080804.428986, NoOp Chain Depth 64 Size 0 Mode ref, Ref Stage 36, run, end, 9199870267045533
1787080804.428998, NoOp Chain Depth 64 Size 0 Mode ref, Ref Stage 37, run, start, 9199870267057469
1787080804.429029, NoOp Chain Depth 64 Size 0 Mode ref, Ref Stage 37, run, end, 9199870267088285
1787080804.429043, NoOp Chain Depth 64 Size 0 Mode ref, Ref Stage 38, run, start, 9199870267102621
1787080804.429063, NoOp Chain Depth 64 Size 0 Mode ref, Ref Stage 38, run, end, 9199870267122653
1787080804.429078, NoOp Chain Depth 64 Size 0 Mode ref, Ref Stage 39, run, start, 9199870267137261
1787080804.429098, NoOp Chain Depth 64 Size 0 Mode ref, Ref Stage 39, run, end, 9199870267157021
1787080804.429112, NoOp Chain Depth 64 Size 0 Mode ref, Ref Stage 40, run, start, 9199870267171741
1787080804.429132, NoOp Chain Depth 64 Size 0 Mode ref, Ref Stage 40, run, end, 9199870267191469
1787080804.429148, NoOp Chain Depth 64 Size 0 Mode ref, Ref Stage 41, run, start, 9199870267207165
1787080804.429169, NoOp Chain Depth 64 Size 0 Mode ref, Ref Stage 41, run, end, 9199870267228413
1787080804.429183, NoOp Chain Depth 64 Size 0 Mode ref, Ref Stage 42, run, start, 9199870267242477
1787080804.429204, NoOp Chain Depth 64 Size 0 Mode ref, Ref Stage 42, run, end, 9199870267263757
1787080804.429219, NoOp Chain Depth 64 Size 0 Mode ref, Ref Stage 43, run, start, 9199870267278029
1787080804.429238, NoOp Chain Depth 64 Size 0 Mode ref, Ref Stage 43, run, end, 9199870267297613
1787080804.429254, NoOp Chain Depth 64 Size 0 Mode ref, Ref Stage 44, run, start, 9199870267313261
1787080804.429273, NoOp Chain Depth 64 Size 0 Mode ref, Ref Stage 44, run, end, 9199870267332589
1787080804.429287, NoOp Chain Depth 64 Size 0 Mode ref, Ref Stage 45, run, start, 9199870267346637
1787080804.429308, NoOp Chain Depth 64 Size 0 Mode ref, Ref Stage 45, run, end, 9199870267367773
1787080804.429320, NoOp Chain Depth 64 Size 0 Mode ref, Ref Stage 46, run, start, 9199870267379805
1787080804.429350, NoOp Chain Depth 64 Size 0 Mode ref, Ref Stage 46, run, end, 9199870267409021
1787080804.429365, NoOp Chain Depth 64 Size 0 Mode ref, Ref Stage 47, run, start, 9199870267424253
1787080804.429851, NoOp Chain Depth 64 Size 0 Mode ref, Ref Stage 47, run, end, 9199870267911661
1787080804.429865, NoOp Chain Depth 64 Size 0 Mode ref, Ref Stage 48, run, start, 9199870267924973
1787080804.430025, NoOp Chain Depth 64 Size 0 Mode ref, Ref Stage 48, run, end, 9199870268084461
1787080804.430040, NoOp Chain Depth 64 Size 0 Mode ref, Ref Stage 49, run, start, 9199870268098877
1787080804.430059, NoOp Chain Depth 64 Size 0 Mode ref, Ref Stage 49, run, end, 9199870268118589
1787080804.430075, NoOp Chain Depth 64 Size 0 Mode ref, Ref Stage 50, run, start, 9199870268134605
1787080804.430095, NoOp Chain Depth 64 Size 0 Mode ref, Ref Stage 50, run, end, 9199870268154621
1787080804.430110, NoOp Chain Depth 64 Size 0 Mode ref, Ref Stage 51, run, start, 9199870268168717
1787080804.430129, NoOp Chain Depth 64 Size 0 Mode ref, Ref Stage 51, run, end, 9199870268188557
1787080804.430144, NoOp Chain Depth 64 Size 0 Mode ref, Ref Stage 52, run, start, 9199870268202733
1787080804.430163, NoOp Chain Depth 64 Size 0 Mode ref, Ref Stage 52, run, end, 9199870268222381
1787080804.430177, NoOp Chain Depth 64 Size 0 Mode ref, Ref Stage 53, run, start, 9199870268236445
1787080804.430197, NoOp Chain Depth 64 Size 0 Mode ref, Ref Stage 53, run, end, 9199870268256333
1787080804.430211, NoOp Chain Depth 64 Size 0 Mode ref, Ref Stage 54, run, start, 9199870268270653
1787080804.430231, NoOp Chain Depth 64 Size 0 Mode ref, Ref Stage 54, run, end, 9199870268290637
1787080804.430246, NoOp Chain Depth 64 Size 0 Mode ref, Ref Stage 55, run, start, 9199870268304893
1787080804.430266, NoOp Chain Depth 64 Size 0 Mode ref, Ref Stage 55, run, end, 9199870268324957
1787080804.430280, NoOp Chain Depth 64 Size 0 Mode ref, Ref Stage 56, run, start, 9199870268339149
1787080804.430300, NoOp Chain Depth 64 Size 0 Mode ref, Ref Stage 56, run, end, 9199870268359101
1787080804.430314, NoOp Chain Depth 64 Size 0 Mode ref, Ref Stage 57, run, start, 9199870268373341
1787080804.430334, NoOp Chain Depth 64 Size 0 Mode ref, Ref Stage 57, run, end, 9199870268392989
1787080804.430347, NoOp Chain Depth 64 Size 0 Mode ref, Ref Stage 58, run, start, 9199870268406973
1787080804.430370, NoOp Chain Depth 64 Size 0 Mode ref, Ref Stage 58, run, end, 9199870268429549
1787080804.430386, NoOp Chain Depth 64 Size 0 Mode ref, Ref Stage 59, run, start, 9199870268445197
1787080804.430406, NoOp Chain Depth 64 Size 0 Mode ref, Ref Stage 59, run, end, 9199870268465005
1787080804.430420, NoOp Chain Depth 64 Size 0 Mode ref, Ref Stage 60, run, start, 9199870268478973
1787080804.430441, NoOp Chain Depth 64 Size 0 Mode ref, Ref Stage 60, run, end, 9199870268500221
1787080804.430453, NoOp Chain Depth 64 Size 0 Mode ref, Ref Stage 61, run, start, 9199870268512125
1787080804.430482, NoOp Chain Depth 64 Size 0 Mode ref, Ref Stage 61, run, end, 9199870268541325
1787080804.430496, NoOp Chain Depth 64 Size 0 Mode ref, Ref Stage 62, run, start, 9199870268555597
1787080804.430518, NoOp Chain Depth 64 Size 0 Mode ref, Ref Stage 62, run, end, 9199870268576941
1787080804.430532, NoOp Chain Depth 64 Size 0 Mode ref, Ref Stage 63, run, start, 9199870268591245
1787080804.430551, NoOp Chain Depth 64 Size 0 Mode ref, Ref Stage 63, run, end, 9199870268610525
1787080804.430565, NoOp Chain Depth 64 Size 0 Mode ref, pipeline - train, run, end, 71476234640503053933735755424047557951, 1787080804.427430, 12, 1, 9199870268624877
1787080804.430604, NoOp Chain Depth 64 Size 0 Mode ref, pipeline - train, run, start, 29799580537296560984844716401655403717, 1787080804.430592, 13, 1, 9199870268663245
1787080804.430626, NoOp Chain Depth 64 Size 0 Mode ref, Ref Stage 0, run, start, 9199870268685197
1787080804.430646, NoOp Chain Depth 64 Size 0 Mode ref, Ref Stage 0, run, end, 9199870268705469
1787080804.430660, NoOp Chain Depth 64 Size 0 Mode ref, Ref Stage 1, run, start, 9199870268719853
1787080804.430680, NoOp Chain Depth 64 Size 0 Mode ref, Ref Stage 1, run, end, 9199870268739581
1787080804.430696, NoOp Chain Depth 64 Size 0 Mode ref, Ref Stage 2, run, start, 9199870268754765
1787080804.430715, NoOp Chain Depth 64 Size 0 Mode ref, Ref Stage 2, run, end, 9199870268775725
1787080804.430731, NoOp Chain Depth 64 Size 0 Mode ref, Ref Stage 3, run, start, 9199870268789949
1787080804.430752, NoOp Chain Depth 64 Size 0 Mode ref, Ref Stage 3, run, end, 9199870268811213
1787080804.430764, NoOp Chain Depth 64 Size 0 Mode ref, Ref Stage 4, run, start, 9199870268823053
1787080804.430795, NoOp Chain Depth 64 Size 0 Mode ref, Ref Stage 4, run, end, 9199870268854109
1787080804.430810, NoOp Chain Depth 64 Size 0 Mode ref, Ref Stage 5, run, start, 9199870268869773
1787080804.430830, NoOp Chain Depth 64 Size 0 Mode ref, Ref Stage 5, run, end, 9199870268889405
1787080804.430844, NoOp Chain Depth 64 Size 0 Mode ref, Ref Stage 6, run, start, 9199870268903453
1787080804.430864, NoOp Chain Depth 64 Size 0 Mode ref, Ref Stage 6, run, end, 9199870268922925
1787080804.430879, NoOp Chain Depth 64 Size 0 Mode ref, Ref Stage 7, run, start, 9199870268938285
1787080804.430901, NoOp Chain Depth 64 Size 0 Mode ref, Ref Stage 7, run, end, 9199870268959757
1787080804.430912, NoOp Chain Depth 64 Size 0 Mode ref, Ref Stage 8, run, start, 9199870268971245
1787080804.430941, NoOp Chain Depth 64 Size 0 Mode ref, Ref Stage 8, run, end, 9199870269001997
1787080804.430959, NoOp Chain Depth 64 Size 0 Mode ref, Ref Stage 9, run, start, 9199870269017981
1787080804.431436, NoOp Chain Depth 64 Size 0 Mode ref, Ref Stage 9, run, end, 9199870269496701
1787080804.431451, NoOp Chain Depth 64 Size 0 Mode ref, Ref Stage 10, run, start, 9199870269510717
1787080804.431595, NoOp Chain Depth 64 Size 0 Mode ref, Ref Stage 10, run, end, 9199870269654301
1787080804.431607, NoOp Chain Depth 64 Size 0 Mode ref, Ref Stage 11, run, start, 9199870269666157
1787080804.431637, NoOp Chain Depth 64 Size 0 Mode ref, Ref Stage 11, run, end, 9199870269696109
1787080804.431651, NoOp Chain Depth 64 Size 0 Mode ref, Ref Stage 12, run, start, 9199870269710445
1787080804.431671, NoOp Chain Depth 64 Size 0 Mode ref, Ref Stage 12, run, end, 9199870269730509
1787080804.431685, NoOp Chain Depth 64 Size 0 Mode ref, Ref Stage 13, run, start, 9199870269744813
1787080804.431706, NoOp Chain Depth 64 Size 0 Mode ref, Ref Stage 13, run, end, 9199870269764797
1787080804.431720, NoOp Chain Depth 64 Size 0 Mode ref, Ref Stage 14, run, start, 9199870269779245
1787080804.431740, NoOp Chain Depth 64 Size 0 Mode ref, Ref Stage 14, run, end, 9199870269799133
1787080804.431754, NoOp Chain Depth 64 Size 0 Mode ref, Ref Stage 15, run, start, 9199870269813341
1787080804.431774, NoOp Chain Depth 64 Size 0 Mode ref, Ref Stage 15, run, end, 9199870269833085
1787080804.431788, NoOp Chain Depth 64 Size 0 Mode ref, Ref Stage 16, run, start, 9199870269847389
1787080804.431808, NoOp Chain Depth 64 Size 0 Mode ref, Ref Stage 16, run, end, 9199870269867133
1787080804.431823, NoOp Chain Depth 64 Size 0 Mode ref, Ref Stage 17, run, start, 9199870269881981
1787080804.431842, NoOp Chain Depth 64 Size 0 Mode ref, Ref Stage 17, run, end, 9199870269901677
1787080804.431857, NoOp Chain Depth 64 Size 0 Mode ref, Ref Stage 18, run, start, 9199870269915853
1787080804.431876, NoOp Chain Depth 64 Size 0 Mode ref, Ref Stage 18, run, end, 9199870269935421
1787080804.431890, NoOp Chain Depth 64 Size 0 Mode ref, Ref Stage 19, run, start, 9199870269949405
1787080804.431910, NoOp Chain Depth 64 Size 0 Mode ref, Ref Stage 19, run, end, 9199870269969181
1787080804.431924, NoOp Chain Depth 64 Size 0 Mode ref, Ref Stage 20, run, start, 9199870269983293
1787080804.431946, NoOp Chain Depth 64 Size 0 Mode ref, Ref Stage 20, run, end, 9199870270004845
1787080804.431962, NoOp Chain Depth 64 Size 0 Mode ref, Ref Stage 21, run, start, 9199870270021645
1787080804.431985, NoOp Chain Depth 64 Size 0 Mode ref, Ref Stage 21, run, end, 9199870270044877
1787080804.431997, NoOp Chain Depth 64 Size 0 Mode ref, Ref Stage 22, run, start, 9199870270056589
1787080804.432606, NoOp Chain Depth 64 Size 0 Mode ref, Ref Stage 22, run, end, 9199870270666429
1787080804.432623, NoOp Chain Depth 64 Size 0 Mode ref, Ref Stage 23, run, start, 9199870270682365
1787080804.432644, NoOp Chain Depth 64 Size 0 Mode ref, Ref Stage 23, run, end, 9199870270703613
1787080804.432659, NoOp Chain Depth 64 Size 0 Mode ref, Ref Stage 24, run, start, 9199870270718413
1787080804.432680, NoOp Chain Depth 64 Size 0 Mode ref, Ref Stage 24, run, end, 9199870270739101
1787080804.432694, NoOp Chain Depth 64 Size 0 Mode ref, Ref Stage 25, run, start, 9199870270753597
1787080804.432716, NoOp Chain Depth 64 Size 0 Mode ref, Ref Stage 25, run, end, 9199870270775261
1787080804.432728, NoOp Chain Depth 64 Size 0 Mode ref, Ref Stage 26, run, start, 9199870270786877
1787080804.433131, NoOp Chain Depth 64 Size 0 Mode ref, Ref Stage 26, run, end, 9199870271190317
1787080804.433258, NoOp Chain Depth 64 Size 0 Mode ref, Ref Stage 27, run, start, 9199870271317005
1787080804.433279, NoOp Chain Depth 64 Size 0 Mode ref, Ref Stage 27, run, end, 9199870271337997
1787080804.433293, NoOp Chain Depth 64 Size 0 Mode ref, Ref Stage 28, run, start, 9199870271352669
1787080804.433314, NoOp Chain Depth 64 Size 0 Mode ref, Ref Stage 28, run, end, 9199870271373005
1787080804.433328, NoOp Chain Depth 64 Size 0 Mode ref, Ref Stage 29, run, start, 9199870271387501
1787080804.433348, NoOp Chain Depth 64 Size 0 Mode ref, Ref Stage 29, run, end, 9199870271407661
1787080804.433363, NoOp Chain Depth 64 Size 0 Mode ref, Ref Stage 30, run, start, 9199870271421997
1787080804.433383, NoOp Chain Depth 64 Size 0 Mode ref, Ref Stage 30, run, end, 9199870271441869
1787080804.433397, NoOp Chain Depth 64 Size 0 Mode ref, Ref Stage 31, run, start, 9199870271456013
1787080804.433416, NoOp Chain Depth 64 Size 0 Mode ref, Ref Stage 31, run, end, 9199870271475661
1787080804.433430, NoOp Chain Depth 64 Size 0 Mode ref, Ref Stage 32, run, start, 9199870271489885
1787080804.433450, NoOp Chain Depth 64 Size 0 Mode ref, Ref Stage 32, run, end, 9199870271509933
1787080804.433465, NoOp Chain Depth 64 Size 0 Mode ref, Ref Stage 33, run, start, 9199870271524189
1787080804.433485, NoOp Chain Depth 64 Size 0 Mode ref, Ref Stage 33, run, end, 9199870271543821
1787080804.433499, NoOp Chain Depth 64 Size 0 Mode ref, Ref Stage 34, run, start, 9199870271557965
1787080804.433521, NoOp Chain Depth 64 Size 0 Mode ref, Ref Stage 34, run, end, 9199870271579981
1787080804.433536, NoOp Chain Depth 64 Size 0 Mode ref, Ref Stage 35, run, start, 9199870271594765
1787080804.433556, NoOp Chain Depth 64 Size 0 Mode ref, Ref Stage 35, run, end, 9199870271615149
1787080804.433571, NoOp Chain Depth 64 Size 0 Mode ref, Ref Stage 36, run, start, 9199870271629949
1787080804.433592, NoOp Chain Depth 64 Size 0 Mode ref, Ref Stage 36, run, end, 9199870271651613
1787080804.433604, NoOp Chain Depth 64 Size 0 Mode ref, Ref Stage 37, run, start, 9199870271663325
1787080804.433634, NoOp Chain Depth 64 Size 0 Mode ref, Ref Stage 37, run, end, 9199870271693341
1787080804.433648, NoOp Chain Depth 64 Size 0 Mode ref, Ref Stage 38, run, start, 9199870271707709
1787080804.433668, NoOp Chain Depth 64 Size 0 Mode ref, Ref Stage 38, run, end, 9199870271727693
1787080804.433682, NoOp Chain Depth 64 Size 0 Mode ref, Ref Stage 39, run, start, 9199870271741869
1787080804.433704, NoOp Chain Depth 64 Size 0 Mode ref, Ref Stage 39, run, end, 9199870271763165
1787080804.433718, NoOp Chain Depth 64 Size 0 Mode ref, Ref Stage 40, run, start, 9199870271777149
1787080804.433739, NoOp Chain Depth 64 Size 0 Mode ref, Ref Stage 40, run, end, 9199870271798269
1787080804.433753, NoOp Chain Depth 64 Size 0 Mode ref, Ref Stage 41, run, start, 9199870271812429
1787080804.433774, NoOp Chain Depth 64 Size 0 Mode ref, Ref Stage 41, run, end, 9199870271833757
1787080804.433789, NoOp Chain Depth 64 Size 0 Mode ref, Ref Stage 42, run, start, 9199870271847965
1787080804.433809, NoOp Chain Depth 64 Size 0 Mode ref, Ref Stage 42, run, end, 9199870271867997
1787080804.433823, NoOp Chain Depth 64 Size 0 Mode ref, Ref Stage 43, run, start, 9199870271882045
1787080804.433843, NoOp Chain Depth 64 Size 0 Mode ref, Ref Stage 43, run, end, 9199870271901965
1787080804.433859, NoOp Chain Depth 64 Size 0 Mode ref, Ref Stage 44, run, start, 9199870271918445
1787080804.433883, NoOp Chain Depth 64 Size 0 Mode ref, Ref Stage 44, run, end, 9199870271942733
1787080804.433895, NoOp Chain Depth 64 Size 0 Mode ref, Ref Stage 45, run, start, 9199870271954477
1787080804.433925, NoOp Chain Depth 64 Size 0 Mode ref, Ref Stage 45, run, end, 9199870271984653
1787080804.433940, NoOp Chain Depth 64 Size 0 Mode ref, Ref Stage 46, run, start, 9199870271999245
1787080804.433965, NoOp Chain Depth 64 Size 0 Mode ref, Ref Stage 46, run, end, 9199870272024125
1787080804.433981, NoOp Chain Depth 64 Size 0 Mode ref, Ref Stage 47, run, start, 9199870272040173
1787080804.434001, NoOp Chain Depth 64 Size 0 Mode ref, Ref Stage 47, run, end, 9199870272060621
1787080804.434016, NoOp Chain Depth 64 Size 0 Mode ref, Ref Stage 48, run, start, 9199870272075229
1787080804.434038, NoOp Chain Depth 64 Size 0 Mode ref, Ref Stage 48, run, end, 9199870272097661
1787080804.434051, NoOp Chain Depth 64 Size 0 Mode ref, Ref Stage 49, run, start, 9199870272109869
1787080804.434081, NoOp Chain Depth 64 Size 0 Mode ref, Ref Stage 49, run, end, 9199870272140141
1787080804.434097, NoOp Chain Depth 64 Size 0 Mode ref, Ref Stage 50, run, start, 9199870272155981
1787080804.434117, NoOp Chain Depth 64 Size 0 Mode ref, Ref Stage 50, run, end, 9199870272175869
1787080804.434131, NoOp Chain Depth 64 Size 0 Mode ref, Ref Stage 51, run, start, 9199870272190077
1787080804.434152, NoOp Chain Depth 64 Size 0 Mode ref, Ref Stage 51, run, end, 9199870272211277
1787080804.434166, NoOp Chain Depth 64 Size 0 Mode ref, Ref Stage 52, run, start, 9199870272225501
1787080804.434186, NoOp Chain Depth 64 Size 0 Mode ref, Ref Stage 52, run, end, 9199870272245517
1787080804.434200, NoOp Chain Depth 64 Size 0 Mode ref, Ref Stage 53, run, start, 9199870272259677
1787080804.434220, NoOp Chain Depth 64 Size 0 Mode ref, Ref Stage 53, run, end, 9199870272279357
1787080804.434234, NoOp Chain Depth 64 Size 0 Mode ref, Ref Stage 54, run, start, 9199870272293437
1787080804.434255, NoOp Chain Depth 64 Size 0 Mode ref, Ref Stage 54, run, end, 9199870272314637
1787080804.434269, NoOp Chain Depth 64 Size 0 Mode ref, Ref Stage 55, run, start, 9199870272328749
1787080804.434294, NoOp Chain Depth 64 Size 0 Mode ref, Ref Stage 55, run, end, 9199870272353837
1787080804.434309, NoOp Chain Depth 64 Size 0 Mode ref, Ref Stage 56, run, start, 9199870272368109
1787080804.434329, NoOp Chain Depth 64 Size 0 Mode ref, Ref Stage 56, run, end, 9199870272388093
1787080804.434344, NoOp Chain Depth 64 Size 0 Mode ref, Ref Stage 57, run, start, 9199870272403629
1787080804.434364, NoOp Chain Depth 64 Size 0 Mode ref, Ref Stage 57, run, end, 9199870272423309
1787080804.434378, NoOp Chain Depth 64 Size 0 Mode ref, Ref Stage 58, run, start, 9199870272437453
1787080804.434398, NoOp Chain Depth 64 Size 0 Mode ref, Ref Stage 58, run, end, 9199870272457069
1787080804.434412, NoOp Chain Depth 64 Size 0 Mode ref, Ref Stage 59, run, start, 9199870272471213
1787080804.434432, NoOp Chain Depth 64 Size 0 Mode ref, Ref Stage 59, run, end, 9199870272490813
1787080804.434446, NoOp Chain Depth 64 Size 0 Mode ref, Ref Stage 60, run, start, 9199870272504653
1787080804.434468, NoOp Chain Depth 64 Size 0 Mode ref, Ref Stage 60, run, end, 9199870272527373
1787080804.434480, NoOp Chain Depth 64 Size 0 Mode ref, Ref Stage 61, run, start, 9199870272539213
1787080804.434509, NoOp Chain Depth 64 Size 0 Mode ref, Ref Stage 61, run, end, 9199870272568829
1787080804.434523, NoOp Chain Depth 64 Size 0 Mode ref, Ref Stage 62, run, start, 9199870272582797
1787080804.434543, NoOp Chain Depth 64 Size 0 Mode ref, Ref Stage 62, run, end, 9199870272602349
1787080804.434557, NoOp Chain Depth 64 Size 0 Mode ref, Ref Stage 63, run, start, 9199870272616765
1787080804.434577, NoOp Chain Depth 64 Size 0 Mode ref, Ref Stage 63, run, end, 9199870272636317
1787080804.434591, NoOp Chain Depth 64 Size 0 Mode ref, pipeline - train, run, end, 29799580537296560984844716401655403717, 1787080804.430592, 13, 1, 9199870272650621
1787080804.434627, NoOp Chain Depth 64 Size 0 Mode ref, pipeline - train, run, start, 290401659375245510170676188098029607041, 1787080804.434616, 14, 1, 9199870272686525
1787080804.434650, NoOp Chain Depth 64 Size 0 Mode ref, Ref Stage 0, run, start, 9199870272709709
1787080804.434672, NoOp Chain Depth 64 Size 0 Mode ref, Ref Stage 0, run, end, 9199870272731325
1787080804.434686, NoOp Chain Depth 64 Size 0 Mode ref, Ref Stage 1, run, start, 9199870272745693
1787080804.434706, NoOp Chain Depth 64 Size 0 Mode ref, Ref Stage 1, run, end, 9199870272765725
1787080804.434722, NoOp Chain Depth 64 Size 0 Mode ref, Ref Stage 2, run, start, 9199870272781565
1787080804.434744, NoOp Chain Depth 64 Size 0 Mode ref, Ref Stage 2, run, end, 9199870272803021
1787080804.434758, NoOp Chain Depth 64 Size 0 Mode ref, Ref Stage 3, run, start, 9199870272817325
1787080804.435257, NoOp Chain Depth 64 Size 0 Mode ref, Ref Stage 3, run, end, 9199870273317165
1787080804.435402, NoOp Chain Depth 64 Size 0 Mode ref, Ref Stage 4, run, start, 9199870273462349
1787080804.435426, NoOp Chain Depth 64 Size 0 Mode ref, Ref Stage 4, run, end, 9199870273485005
1787080804.435441, NoOp Chain Depth 64 Size 0 Mode ref, Ref Stage 5, run, start, 9199870273499901
1787080804.435461, NoOp Chain Depth 64 Size 0 Mode ref, Ref Stage 5, run, end, 9199870273520237
1787080804.435475, NoOp Chain Depth 64 Size 0 Mode ref, Ref Stage 6, run, start, 9199870273534797
1787080804.435495, NoOp Chain Depth 64 Size 0 Mode ref, Ref Stage 6, run, end, 9199870273554605
1787080804.435510, NoOp Chain Depth 64 Size 0 Mode ref, Ref Stage 7, run, start, 9199870273569357
1787080804.435530, NoOp Chain Depth 64 Size 0 Mode ref, Ref Stage 7, run, end, 9199870273589229
1787080804.435544, NoOp Chain Depth 64 Size 0 Mode ref, Ref Stage 8, run, start, 9199870273603373
1787080804.435565, NoOp Chain Depth 64 Size 0 Mode ref, Ref Stage 8, run, end, 9199870273624685
1787080804.435577, NoOp Chain Depth 64 Size 0 Mode ref, Ref Stage 9, run, start, 9199870273636429
1787080804.435607, NoOp Chain Depth 64 Size 0 Mode ref, Ref Stage 9, run, end, 9199870273666205
1787080804.435621, NoOp Chain Depth 64 Size 0 Mode ref, Ref Stage 10, run, start, 9199870273680845
1787080804.435642, NoOp Chain Depth 64 Size 0 Mode ref, Ref Stage 10, run, end, 9199870273701710
1787080804.435657, NoOp Chain Depth 64 Size 0 Mode ref, Ref Stage 11, run, start, 9199870273716014
1787080804.435677, NoOp Chain Depth 64 Size 0 Mode ref, Ref Stage 11, run, end, 9199870273736238
1787080804.435691, NoOp Chain Depth 64 Size 0 Mode ref, Ref Stage 12, run, start, 9199870273750590
1787080804.435713, NoOp Chain Depth 64 Size 0 Mode ref, Ref Stage 12, run, end, 9199870273772046
1787080804.435727, NoOp Chain Depth 64 Size 0 Mode ref, Ref Stage 13, run, start, 9199870273786270
1787080804.435747, NoOp Chain Depth 64 Size 0 Mode ref, Ref Stage 13, run, end, 9199870273806238
1787080804.435761, NoOp Chain Depth 64 Size 0 Mode ref, Ref Stage 14, run, start, 9199870273820478
1787080804.435782, NoOp Chain Depth 64 Size 0 Mode ref, Ref Stage 14, run, end, 9199870273841422
1787080804.435796, NoOp Chain Depth 64 Size 0 Mode ref, Ref Stage 15, run, start, 9199870273855534
1787080804.435816, NoOp Chain Depth 64 Size 0 Mode ref, Ref Stage 15, run, end, 9199870273875582
1787080804.435832, NoOp Chain Depth 64 Size 0 Mode ref, Ref Stage 16, run, start, 9199870273891310
1787080804.435852, NoOp Chain Depth 64 Size 0 Mode ref, Ref Stage 16, run, end, 9199870273911374
1787080804.435866, NoOp Chain Depth 64 Size 0 Mode ref, Ref Stage 17, run, start, 9199870273925630
1787080804.435887, NoOp Chain Depth 64 Size 0 Mode ref, Ref Stage 17, run, end, 9199870273946638
1787080804.435901, NoOp Chain Depth 64 Size 0 Mode ref, Ref Stage 18, run, start, 9199870273960894
1787080804.435921, NoOp Chain Depth 64 Size 0 Mode ref, Ref Stage 18, run, end, 9199870273980510
1787080804.435935, NoOp Chain Depth 64 Size 0 Mode ref, Ref Stage 19, run, start, 9199870273994958
1787080804.435957, NoOp Chain Depth 64 Size 0 Mode ref, Ref Stage 19, run, end, 9199870274016958
1787080804.435973, NoOp Chain Depth 64 Size 0 Mode ref, Ref Stage 20, run, start, 9199870274032878
1787080804.435995, NoOp Chain Depth 64 Size 0 Mode ref, Ref Stage 20, run, end, 9199870274054046
1787080804.436006, NoOp Chain Depth 64 Size 0 Mode ref, Ref Stage 21, run, start, 9199870274065662
1787080804.436036, NoOp Chain Depth 64 Size 0 Mode ref, Ref Stage 21, run, end, 9199870274095326
1787080804.436050, NoOp Chain Depth 64 Size 0 Mode ref, Ref Stage 22, run, start, 9199870274109758
1787080804.436072, NoOp Chain Depth 64 Size 0 Mode ref, Ref Stage 22, run, end, 9199870274131454
1787080804.436089, NoOp Chain Depth 64 Size 0 Mode ref, Ref Stage 23, run, start, 9199870274148750
1787080804.436110, NoOp Chain Depth 64 Size 0 Mode ref, Ref Stage 23, run, end, 9199870274169006
1787080804.436125, NoOp Chain Depth 64 Size 0 Mode ref, Ref Stage 24, run, start, 9199870274183950
1787080804.436148, NoOp Chain Depth 64 Size 0 Mode ref, Ref Stage 24, run, end, 9199870274207486
1787080804.436161, NoOp Chain Depth 64 Size 0 Mode ref, Ref Stage 25, run, start, 9199870274220734
1787080804.436192, NoOp Chain Depth 64 Size 0 Mode ref, Ref Stage 25, run, end, 9199870274250750
1787080804.436206, NoOp Chain Depth 64 Size 0 Mode ref, Ref Stage 26, run, start, 9199870274265134
1787080804.436228, NoOp Chain Depth 64 Size 0 Mode ref, Ref Stage 26, run, end, 9199870274287246
1787080804.436240, NoOp Chain Depth 64 Size 0 Mode ref, Ref Stage 27, run, start, 9199870274299150
1787080804.436271, NoOp Chain Depth 64 Size 0 Mode ref, Ref Stage 27, run, end, 9199870274330174
1787080804.436285, NoOp Chain Depth 64 Size 0 Mode ref, Ref Stage 28, run, start, 9199870274344462
1787080804.436306, NoOp Chain Depth 64 Size 0 Mode ref, Ref Stage 28, run, end, 9199870274365870
1787080804.436321, NoOp Chain Depth 64 Size 0 Mode ref, Ref Stage 29, run, start, 9199870274379982
1787080804.436341, NoOp Chain Depth 64 Size 0 Mode ref, Ref Stage 29, run, end, 9199870274400014
1787080804.436355, NoOp Chain Depth 64 Size 0 Mode ref, Ref Stage 30, run, start, 9199870274414222
1787080804.436375, NoOp Chain Depth 64 Size 0 Mode ref, Ref Stage 30, run, end, 9199870274434462
1787080804.436389, NoOp Chain Depth 64 Size 0 Mode ref, Ref Stage 31, run, start, 9199870274448702
1787080804.436410, NoOp Chain Depth 64 Size 0 Mode ref, Ref Stage 31, run, end, 9199870274469646
1787080804.436425, NoOp Chain Depth 64 Size 0 Mode ref, Ref Stage 32, run, start, 9199870274484846
1787080804.436828, NoOp Chain Depth 64 Size 0 Mode ref, Ref Stage 32, run, end, 9199870274888718
1787080804.436969, NoOp Chain Depth 64 Size 0 Mode ref, Ref Stage 33, run, start, 9199870275028718
1787080804.436992, NoOp Chain Depth 64 Size 0 Mode ref, Ref Stage 33, run, end, 9199870275051742
1787080804.437007, NoOp Chain Depth 64 Size 0 Mode ref, Ref Stage 34, run, start, 9199870275066622
1787080804.437028, NoOp Chain Depth 64 Size 0 Mode ref, Ref Stage 34, run, end, 9199870275086878
1787080804.437042, NoOp Chain Depth 64 Size 0 Mode ref, Ref Stage 35, run, start, 9199870275101198
1787080804.437062, NoOp Chain Depth 64 Size 0 Mode ref, Ref Stage 35, run, end, 9199870275121246
1787080804.437076, NoOp Chain Depth 64 Size 0 Mode ref, Ref Stage 36, run, start, 9199870275135678
1787080804.437096, NoOp Chain Depth 64 Size 0 Mode ref, Ref Stage 36, run, end, 9199870275155790
1787080804.437111, NoOp Chain Depth 64 Size 0 Mode ref, Ref Stage 37, run, start, 9199870275170302
1787080804.437131, NoOp Chain Depth 64 Size 0 Mode ref, Ref Stage 37, run, end, 9199870275190270
1787080804.437145, NoOp Chain Depth 64 Size 0 Mode ref, Ref Stage 38, run, start, 9199870275204750
1787080804.437165, NoOp Chain Depth 64 Size 0 Mode ref, Ref Stage 38, run, end, 9199870275224814
1787080804.437180, NoOp Chain Depth 64 Size 0 Mode ref, Ref Stage 39, run, start, 9199870275239374
1787080804.437201, NoOp Chain Depth 64 Size 0 Mode ref, Ref Stage 39, run, end, 9199870275260158
1787080804.437217, NoOp Chain Depth 64 Size 0 Mode ref, Ref Stage 40, run, start, 9199870275276094
1787080804.437237, NoOp Chain Depth 64 Size 0 Mode ref, Ref Stage 40, run, end, 9199870275296334
1787080804.437251, NoOp Chain Depth 64 Size 0 Mode ref, Ref Stage 41, run, start, 9199870275310622
1787080804.437273, NoOp Chain Depth 64 Size 0 Mode ref, Ref Stage 41, run, end, 9199870275331854
1787080804.437287, NoOp Chain Depth 64 Size 0 Mode ref, Ref Stage 42, run, start, 9199870275346158
1787080804.437307, NoOp Chain Depth 64 Size 0 Mode ref, Ref Stage 42, run, end, 9199870275366222
1787080804.437321, NoOp Chain Depth 64 Size 0 Mode ref, Ref Stage 43, run, start, 9199870275380574
1787080804.437341, NoOp Chain Depth 64 Size 0 Mode ref, Ref Stage 43, run, end, 9199870275400558
1787080804.437359, NoOp Chain Depth 64 Size 0 Mode ref, Ref Stage 44, run, start, 9199870275417918
1787080804.437382, NoOp Chain Depth 64 Size 0 Mode ref, Ref Stage 44, run, end, 9199870275440878
1787080804.437393, NoOp Chain Depth 64 Size 0 Mode ref, Ref Stage 45, run, start, 9199870275452558
1787080804.437424, NoOp Chain Depth 64 Size 0 Mode ref, Ref Stage 45, run, end, 9199870275483182
1787080804.437438, NoOp Chain Depth 64 Size 0 Mode ref, Ref Stage 46, run, start, 9199870275497374
1787080804.437458, NoOp Chain Depth 64 Size 0 Mode ref, Ref Stage 46, run, end, 9199870275517230
1787080804.437472, NoOp Chain Depth 64 Size 0 Mode ref, Ref Stage 47, run, start, 9199870275531358
1787080804.437492, NoOp Chain Depth 64 Size 0 Mode ref, Ref Stage 47, run, end, 9199870275550942
1787080804.437506, NoOp Chain Depth 64 Size 0 Mode ref, Ref Stage 48, run, start, 9199870275565086
1787080804.437955, NoOp Chain Depth 64 Size 0 Mode ref, Ref Stage 48, run, end, 9199870276014830
1787080804.437973, NoOp Chain Depth 64 Size 0 Mode ref, Ref Stage 49, run, start, 9199870276032910
1787080804.437994, NoOp Chain Depth 64 Size 0 Mode ref, Ref Stage 49, run, end, 9199870276053934
1787080804.438009, NoOp Chain Depth 64 Size 0 Mode ref, Ref Stage 50, run, start, 9199870276068270
1787080804.438030, NoOp Chain Depth 64 Size 0 Mode ref, Ref Stage 50, run, end, 9199870276089582
1787080804.438045, NoOp Chain Depth 64 Size 0 Mode ref, Ref Stage 51, run, start, 9199870276103886
1787080804.438064, NoOp Chain Depth 64 Size 0 Mode ref, Ref Stage 51, run, end, 9199870276123566
1787080804.438078, NoOp Chain Depth 64 Size 0 Mode ref, Ref Stage 52, run, start, 9199870276137646
1787080804.438098, NoOp Chain Depth 64 Size 0 Mode ref, Ref Stage 52, run, end, 9199870276157486
1787080804.438112, NoOp Chain Depth 64 Size 0 Mode ref, Ref Stage 53, run, start, 9199870276171662
1787080804.438189, NoOp Chain Depth 64 Size 0 Mode ref, Ref Stage 53, run, end, 9199870276248238
1787080804.438204, NoOp Chain Depth 64 Size 0 Mode ref, Ref Stage 54, run, start, 9199870276263534
1787080804.438225, NoOp Chain Depth 64 Size 0 Mode ref, Ref Stage 54, run, end, 9199870276284094
1787080804.438241, NoOp Chain Depth 64 Size 0 Mode ref, Ref Stage 55, run, start, 9199870276300046
1787080804.438267, NoOp Chain Depth 64 Size 0 Mode ref, Ref Stage 55, run, end, 9199870276326558
1787080804.438282, NoOp Chain Depth 64 Size 0 Mode ref, Ref Stage 56, run, start, 9199870276341870
1787080804.438302, NoOp Chain Depth 64 Size 0 Mode ref, Ref Stage 56, run, end, 9199870276361582
1787080804.438316, NoOp Chain Depth 64 Size 0 Mode ref, Ref Stage 57, run, start, 9199870276375502
1787080804.438336, NoOp Chain Depth 64 Size 0 Mode ref, Ref Stage 57, run, end, 9199870276395214
1787080804.438350, NoOp Chain Depth 64 Size 0 Mode ref, Ref Stage 58, run, start, 9199870276409262
1787080804.438370, NoOp Chain Depth 64 Size 0 Mode ref, Ref Stage 58, run, end, 9199870276428878
1787080804.438386, NoOp Chain Depth 64 Size 0 Mode ref, Ref Stage 59, run, start, 9199870276445646
1787080804.438406, NoOp Chain Depth 64 Size 0 Mode ref, Ref Stage 59, run, end, 9199870276465470
1787080804.438420, NoOp Chain Depth 64 Size 0 Mode ref, Ref Stage 60, run, start, 9199870276479518
1787080804.438440, NoOp Chain Depth 64 Size 0 Mode ref, Ref Stage 60, run, end, 9199870276499598
1787080804.438454, NoOp Chain Depth 64 Size 0 Mode ref, Ref Stage 61, run, start, 9199870276513758
1787080804.438478, NoOp Chain Depth 64 Size 0 Mode ref, Ref Stage 61, run, end, 9199870276536798
1787080804.438489, NoOp Chain Depth 64 Size 0 Mode ref, Ref Stage 62, run, start, 9199870276548590
1787080804.438519, NoOp Chain Depth 64 Size 0 Mode ref, Ref Stage 62, run, end, 9199870276577934
1787080804.438533, NoOp Chain Depth 64 Size 0 Mode ref, Ref Stage 63, run, start, 9199870276592366
1787080804.438553, NoOp Chain Depth 64 Size 0 Mode ref, Ref Stage 63, run, end, 9199870276611886
1787080804.438567, NoOp Chain Depth 64 Size 0 Mode ref, pipeline - train, run, end, 290401659375245510170676188098029607041, 1787080804.434616, 14, 1, 9199870276626190
1787080804.438604, NoOp Chain Depth 64 Size 0 Mode ref, pipeline - train, run, start, 300071059029312317312785524565246471429, 1787080804.438593, 15, 1, 9199870276663534
1787080804.438628, NoOp Chain Depth 64 Size 0 Mode ref, Ref Stage 0, run, start, 9199870276687694
1787080804.438649, NoOp Chain Depth 64 Size 0 Mode ref, Ref Stage 0, run, end, 9199870276708286
1787080804.438664, NoOp Chain Depth 64 Size 0 Mode ref, Ref Stage 1, run, start, 9199870276723710
1787080804.438684, NoOp Chain Depth 64 Size 0 Mode ref, Ref Stage 1, run, end, 9199870276743694
1787080804.438699, NoOp Chain Depth 64 Size 0 Mode ref, Ref Stage 2, run, start, 9199870276758062
1787080804.438720, NoOp Chain Depth 64 Size 0 Mode ref, Ref Stage 2, run, end, 9199870276779694
1787080804.438732, NoOp Chain Depth 64 Size 0 Mode ref, Ref Stage 3, run, start, 9199870276791214
1787080804.438761, NoOp Chain Depth 64 Size 0 Mode ref, Ref Stage 3, run, end, 9199870276820878
1787080804.438776, NoOp Chain Depth 64 Size 0 Mode ref, Ref Stage 4, run, start, 9199870276835454
1787080804.438797, NoOp Chain Depth 64 Size 0 Mode ref, Ref Stage 4, run, end, 9199870276855806
1787080804.438812, NoOp Chain Depth 64 Size 0 Mode ref, Ref Stage 5, run, start, 9199870276871838
1787080804.438832, NoOp Chain Depth 64 Size 0 Mode ref, Ref Stage 5, run, end, 9199870276891582
1787080804.438846, NoOp Chain Depth 64 Size 0 Mode ref, Ref Stage 6, run, start, 9199870276905694
1787080804.438868, NoOp Chain Depth 64 Size 0 Mode ref, Ref Stage 6, run, end, 9199870276926766
1787080804.438882, NoOp Chain Depth 64 Size 0 Mode ref, Ref Stage 7, run, start, 9199870276941630
1787080804.438904, NoOp Chain Depth 64 Size 0 Mode ref, Ref Stage 7, run, end, 9199870276962878
1787080804.438918, NoOp Chain Depth 64 Size 0 Mode ref, Ref Stage 8, run, start, 9199870276976990
1787080804.438937, NoOp Chain Depth 64 Size 0 Mode ref, Ref Stage 8, run, end, 9199870276996702
1787080804.438954, NoOp Chain Depth 64 Size 0 Mode ref, Ref Stage 9, run, start, 9199870277013214
1787080804.439013, NoOp Chain Depth 64 Size 0 Mode ref, Ref Stage 9, run, end, 9199870277073342
1787080804.439027, NoOp Chain Depth 64 Size 0 Mode ref, Ref Stage 10, run, start, 9199870277086462
1787080804.442751, NoOp Chain Depth 64 Size 0 Mode ref, Ref Stage 10, run, end, 9199870280812046
1787080804.442769, NoOp Chain Depth 64 Size 0 Mode ref, Ref Stage 11, run, start, 9199870280828222
1787080804.442790, NoOp Chain Depth 64 Size 0 Mode ref, Ref Stage 11, run, end, 9199870280849358
1787080804.442805, NoOp Chain Depth 64 Size 0 Mode ref, Ref Stage 12, run, start, 9199870280864062
1787080804.442825, NoOp Chain Depth 64 Size 0 Mode ref, Ref Stage 12, run, end, 9199870280884366
1787080804.442839, NoOp Chain Depth 64 Size 0 Mode ref, Ref Stage 13, run, start, 9199870280898670
1787080804.442859, NoOp Chain Depth 64 Size 0 Mode ref, Ref Stage 13, run, end, 9199870280918686
1787080804.442874, NoOp Chain Depth 64 Size 0 Mode ref, Ref Stage 14, run, start, 9199870280932958
1787080804.442894, NoOp Chain Depth 64 Size 0 Mode ref, Ref Stage 14, run, end, 9199870280953214
1787080804.442908, NoOp Chain Depth 64 Size 0 Mode ref, Ref Stage 15, run, start, 9199870280967662
1787080804.442928, NoOp Chain Depth 64 Size 0 Mode ref, Ref Stage 15, run, end, 9199870280987470
1787080804.442942, NoOp Chain Depth 64 Size 0 Mode ref, Ref Stage 16, run, start, 9199870281003566
1787080804.442965, NoOp Chain Depth 64 Size 0 Mode ref, Ref Stage 16, run, end, 9199870281024590
1787080804.442980, NoOp Chain Depth 64 Size 0 Mode ref, Ref Stage 17, run, start, 9199870281038926
1787080804.443000, NoOp Chain Depth 64 Size 0 Mode ref, Ref Stage 17, run, end, 9199870281059150
1787080804.443014, NoOp Chain Depth 64 Size 0 Mode ref, Ref Stage 18, run, start, 9199870281073390
1787080804.443034, NoOp Chain Depth 64 Size 0 Mode ref, Ref Stage 18, run, end, 9199870281093614
1787080804.443049, NoOp Chain Depth 64 Size 0 Mode ref, Ref Stage 19, run, start, 9199870281108014
1787080804.443069, NoOp Chain Depth 64 Size 0 Mode ref, Ref Stage 19, run, end, 9199870281127966
1787080804.443083, NoOp Chain Depth 64 Size 0 Mode ref, Ref Stage 20, run, start, 9199870281142014
1787080804.443106, NoOp Chain Depth 64 Size 0 Mode ref, Ref Stage 20, run, end, 9199870281165662
1787080804.443118, NoOp Chain Depth 64 Size 0 Mode ref, Ref Stage 21, run, start, 9199870281177614
1787080804.443148, NoOp Chain Depth 64 Size 0 Mode ref, Ref Stage 21, run, end, 9199870281207438
1787080804.443162, NoOp Chain Depth 64 Size 0 Mode ref, Ref Stage 22, run, start, 9199870281221838
1787080804.443182, NoOp Chain Depth 64 Size 0 Mode ref, Ref Stage 22, run, end, 9199870281241566
1787080804.443197, NoOp Chain Depth 64 Size 0 Mode ref, Ref Stage 23, run, start, 9199870281255758
1787080804.443217, NoOp Chain Depth 64 Size 0 Mode ref, Ref Stage 23, run, end, 9199870281275870
1787080804.443231, NoOp Chain Depth 64 Size 0 Mode ref, Ref Stage 24, run, start, 9199870281290094
1787080804.443252, NoOp Chain Depth 64 Size 0 Mode ref, Ref Stage 24, run, end, 9199870281311662
1787080804.443265, NoOp Chain Depth 64 Size 0 Mode ref, Ref Stage 25, run, start, 9199870281324030
1787080804.443294, NoOp Chain Depth 64 Size 0 Mode ref, Ref Stage 25, run, end, 9199870281353598
1787080804.443308, NoOp Chain Depth 64 Size 0 Mode ref, Ref Stage 26, run, start, 9199870281367710
1787080804.443330, NoOp Chain Depth 64 Size 0 Mode ref, Ref Stage 26, run, end, 9199870281389246
1787080804.443341, NoOp Chain Depth 64 Size 0 Mode ref, Ref Stage 27, run, start, 9199870281400782
1787080804.443372, NoOp Chain Depth 64 Size 0 Mode ref, Ref Stage 27, run, end, 9199870281431182
1787080804.443386, NoOp Chain Depth 64 Size 0 Mode ref, Ref Stage 28, run, start, 9199870281445310
1787080804.443406, NoOp Chain Depth 64 Size 0 Mode ref, Ref Stage 28, run, end, 9199870281465134
1787080804.443420, NoOp Chain Depth 64 Size 0 Mode ref, Ref Stage 29, run, start, 9199870281479374
1787080804.443440, NoOp Chain Depth 64 Size 0 Mode ref, Ref Stage 29, run, end, 9199870281499006
1787080804.443454, NoOp Chain Depth 64 Size 0 Mode ref, Ref Stage 30, run, start, 9199870281513054
1787080804.443475, NoOp Chain Depth 64 Size 0 Mode ref, Ref Stage 30, run, end, 9199870281534174
1787080804.443504, NoOp Chain Depth 64 Size 0 Mode ref, Ref Stage 31, run, start, 9199870281563518
1787080804.443527, NoOp Chain Depth 64 Size 0 Mode ref, Ref Stage 31, run, end, 9199870281585662
1787080804.443538, NoOp Chain Depth 64 Size 0 Mode ref, Ref Stage 32, run, start, 9199870281597694
1787080804.443992, NoOp Chain Depth 64 Size 0 Mode ref, Ref Stage 32, run, end, 9199870282052254
1787080804.444009, NoOp Chain Depth 64 Size 0 Mode ref, Ref Stage 33, run, start, 9199870282068286
1787080804.444030, NoOp Chain Depth 64 Size 0 Mode ref, Ref Stage 33, run, end, 9199870282089151
1787080804.444044, NoOp Chain Depth 64 Size 0 Mode ref, Ref Stage 34, run, start, 9199870282103743
1787080804.444065, NoOp Chain Depth 64 Size 0 Mode ref, Ref Stage 34, run, end, 9199870282124255
1787080804.444079, NoOp Chain Depth 64 Size 0 Mode ref, Ref Stage 35, run, start, 9199870282138767
1787080804.444100, NoOp Chain Depth 64 Size 0 Mode ref, Ref Stage 35, run, end, 9199870282159199
1787080804.444114, NoOp Chain Depth 64 Size 0 Mode ref, Ref Stage 36, run, start, 9199870282173711
1787080804.444134, NoOp Chain Depth 64 Size 0 Mode ref, Ref Stage 36, run, end, 9199870282193727
1787080804.444149, NoOp Chain Depth 64 Size 0 Mode ref, Ref Stage 37, run, start, 9199870282208239
1787080804.444170, NoOp Chain Depth 64 Size 0 Mode ref, Ref Stage 37, run, end, 9199870282229983
1787080804.444183, NoOp Chain Depth 64 Size 0 Mode ref, Ref Stage 38, run, start, 9199870282241999
1787080804.444783, NoOp Chain Depth 64 Size 0 Mode ref, Ref Stage 38, run, end, 9199870282843247
1787080804.444799, NoOp Chain Depth 64 Size 0 Mode ref, Ref Stage 39, run, start, 9199870282858863
1787080804.444820, NoOp Chain Depth 64 Size 0 Mode ref, Ref Stage 39, run, end, 9199870282879935
1787080804.444835, NoOp Chain Depth 64 Size 0 Mode ref, Ref Stage 40, run, start, 9199870282894303
1787080804.444855, NoOp Chain Depth 64 Size 0 Mode ref, Ref Stage 40, run, end, 9199870282914319
1787080804.444871, NoOp Chain Depth 64 Size 0 Mode ref, Ref Stage 41, run, start, 9199870282930895
1787080804.444893, NoOp Chain Depth 64 Size 0 Mode ref, Ref Stage 41, run, end, 9199870282952479
1787080804.444905, NoOp Chain Depth 64 Size 0 Mode ref, Ref Stage 42, run, start, 9199870282964575
1787080804.444935, NoOp Chain Depth 64 Size 0 Mode ref, Ref Stage 42, run, end, 9199870282994671
1787080804.444952, NoOp Chain Depth 64 Size 0 Mode ref, Ref Stage 43, run, start, 9199870283011295
1787080804.444975, NoOp Chain Depth 64 Size 0 Mode ref, Ref Stage 43, run, end, 9199870283034623
1787080804.444987, NoOp Chain Depth 64 Size 0 Mode ref, Ref Stage 44, run, start, 9199870283046575
1787080804.445017, NoOp Chain Depth 64 Size 0 Mode ref, Ref Stage 44, run, end, 9199870283076367
1787080804.445031, NoOp Chain Depth 64 Size 0 Mode ref, Ref Stage 45, run, start, 9199870283090719
1787080804.445051, NoOp Chain Depth 64 Size 0 Mode ref, Ref Stage 45, run, end, 9199870283110559
1787080804.445065, NoOp Chain Depth 64 Size 0 Mode ref, Ref Stage 46, run, start, 9199870283124783
1787080804.445085, NoOp Chain Depth 64 Size 0 Mode ref, Ref Stage 46, run, end, 9199870283144383
1787080804.445101, NoOp Chain Depth 64 Size 0 Mode ref, Ref Stage 47, run, start, 9199870283160079
1787080804.445493, NoOp Chain Depth 64 Size 0 Mode ref, Ref Stage 47, run, end, 9199870283552447
1787080804.445621, NoOp Chain Depth 64 Size 0 Mode ref, Ref Stage 48, run, start, 9199870283680223
1787080804.445642, NoOp Chain Depth 64 Size 0 Mode ref, Ref Stage 48, run, end, 9199870283701487
1787080804.445657, NoOp Chain Depth 64 Size 0 Mode ref, Ref Stage 49, run, start, 9199870283715887
1787080804.445678, NoOp Chain Depth 64 Size 0 Mode ref, Ref Stage 49, run, end, 9199870283737455
1787080804.445690, NoOp Chain Depth 64 Size 0 Mode ref, Ref Stage 50, run, start, 9199870283749103
1787080804.445719, NoOp Chain Depth 64 Size 0 Mode ref, Ref Stage 50, run, end, 9199870283778447
1787080804.445733, NoOp Chain Depth 64 Size 0 Mode ref, Ref Stage 51, run, start, 9199870283792655
1787080804.445754, NoOp Chain Depth 64 Size 0 Mode ref, Ref Stage 51, run, end, 9199870283812831
1787080804.445768, NoOp Chain Depth 64 Size 0 Mode ref, Ref Stage 52, run, start, 9199870283827151
1787080804.445787, NoOp Chain Depth 64 Size 0 Mode ref, Ref Stage 52, run, end, 9199870283846863
1787080804.445801, NoOp Chain Depth 64 Size 0 Mode ref, Ref Stage 53, run, start, 9199870283860943
1787080804.445822, NoOp Chain Depth 64 Size 0 Mode ref, Ref Stage 53, run, end, 9199870283880687
1787080804.445836, NoOp Chain Depth 64 Size 0 Mode ref, Ref Stage 54, run, start, 9199870283894911
1787080804.445855, NoOp Chain Depth 64 Size 0 Mode ref, Ref Stage 54, run, end, 9199870283914783
1787080804.445870, NoOp Chain Depth 64 Size 0 Mode ref, Ref Stage 55, run, start, 9199870283929151
1787080804.445889, NoOp Chain Depth 64 Size 0 Mode ref, Ref Stage 55, run, end, 9199870283948863
1787080804.445904, NoOp Chain Depth 64 Size 0 Mode ref, Ref Stage 56, run, start, 9199870283962895
1787080804.445923, NoOp Chain Depth 64 Size 0 Mode ref, Ref Stage 56, run, end, 9199870283982511
1787080804.445937, NoOp Chain Depth 64 Size 0 Mode ref, Ref Stage 57, run, start, 9199870283996607
1787080804.445959, NoOp Chain Depth 64 Size 0 Mode ref, Ref Stage 57, run, end, 9199870284017935
1787080804.445974, NoOp Chain Depth 64 Size 0 Mode ref, Ref Stage 58, run, start, 9199870284033407
1787080804.445994, NoOp Chain Depth 64 Size 0 Mode ref, Ref Stage 58, run, end, 9199870284053327
1787080804.446008, NoOp Chain Depth 64 Size 0 Mode ref, Ref Stage 59, run, start, 9199870284067583
1787080804.446028, NoOp Chain Depth 64 Size 0 Mode ref, Ref Stage 59, run, end, 9199870284087231
1787080804.446042, NoOp Chain Depth 64 Size 0 Mode ref, Ref Stage 60, run, start, 9199870284101167
1787080804.446062, NoOp Chain Depth 64 Size 0 Mode ref, Ref Stage 60, run, end, 9199870284120751
1787080804.446075, NoOp Chain Depth 64 Size 0 Mode ref, Ref Stage 61, run, start, 9199870284134767
1787080804.446095, NoOp Chain Depth 64 Size 0 Mode ref, Ref Stage 61, run, end, 9199870284154559
1787080804.446111, NoOp Chain Depth 64 Size 0 Mode ref, Ref Stage 62, run, start, 9199870284170671
1787080804.446131, NoOp Chain Depth 64 Size 0 Mode ref, Ref Stage 62, run, end, 9199870284190223
1787080804.446145, NoOp Chain Depth 64 Size 0 Mode ref, Ref Stage 63, run, start, 9199870284204607
1787080804.446165, NoOp Chain Depth 64 Size 0 Mode ref, Ref Stage 63, run, end, 9199870284224207
1787080804.446180, NoOp Chain Depth 64 Size 0 Mode ref, pipeline - train, run, end, 300071059029312317312785524565246471429, 1787080804.438593, 15, 1, 9199870284239055
1787080804.446217, NoOp Chain Depth 64 Size 0 Mode ref, pipeline - train, run, start, 161913975536063901651850815438803670083, 1787080804.446206, 16, 1, 9199870284276223
1787080804.446239, NoOp Chain Depth 64 Size 0 Mode ref, Ref Stage 0, run, start, 9199870284298399
1787080804.446260, NoOp Chain Depth 64 Size 0 Mode ref, Ref Stage 0, run, end, 9199870284319167
1787080804.446274, NoOp Chain Depth 64 Size 0 Mode ref, Ref Stage 1, run, start, 9199870284333631
1787080804.446295, NoOp Chain Depth 64 Size 0 Mode ref, Ref Stage 1, run, end, 9199870284353695
1787080804.446309, NoOp Chain Depth 64 Size 0 Mode ref, Ref Stage 2, run, start, 9199870284368767
1787080804.446330, NoOp Chain Depth 64 Size 0 Mode ref, Ref Stage 2, run, end, 9199870284388815
1787080804.446344, NoOp Chain Depth 64 Size 0 Mode ref, Ref Stage 3, run, start, 9199870284403023
1787080804.446363, NoOp Chain Depth 64 Size 0 Mode ref, Ref Stage 3, run, end, 9199870284422687
1787080804.446378, NoOp Chain Depth 64 Size 0 Mode ref, Ref Stage 4, run, start, 9199870284436927
1787080804.446398, NoOp Chain Depth 64 Size 0 Mode ref, Ref Stage 4, run, end, 9199870284456735
1787080804.446412, NoOp Chain Depth 64 Size 0 Mode ref, Ref Stage 5, run, start, 9199870284471023
1787080804.446433, NoOp Chain Depth 64 Size 0 Mode ref, Ref Stage 5, run, end, 9199870284492223
1787080804.446447, NoOp Chain Depth 64 Size 0 Mode ref, Ref Stage 6, run, start, 9199870284506287
1787080804.446467, NoOp Chain Depth 64 Size 0 Mode ref, Ref Stage 6, run, end, 9199870284526623
1787080804.446481, NoOp Chain Depth 64 Size 0 Mode ref, Ref Stage 7, run, start, 9199870284540687
1787080804.446501, NoOp Chain Depth 64 Size 0 Mode ref, Ref Stage 7, run, end, 9199870284560351
1787080804.446515, NoOp Chain Depth 64 Size 0 Mode ref, Ref Stage 8, run, start, 9199870284574239
1787080804.446536, NoOp Chain Depth 64 Size 0 Mode ref, Ref Stage 8, run, end, 9199870284595439
1787080804.446548, NoOp Chain Depth 64 Size 0 Mode ref, Ref Stage 9, run, start, 9199870284607231
1787080804.447041, NoOp Chain Depth 64 Size 0 Mode ref, Ref Stage 9, run, end, 9199870285101183
1787080804.447057, NoOp Chain Depth 64 Size 0 Mode ref, Ref Stage 10, run, start, 9199870285116479
1787080804.447078, NoOp Chain Depth 64 Size 0 Mode ref, Ref Stage 10, run, end, 9199870285137295
1787080804.447092, NoOp Chain Depth 64 Size 0 Mode ref, Ref Stage 11, run, start, 9199870285151551
1787080804.447113, NoOp Chain Depth 64 Size 0 Mode ref, Ref Stage 11, run, end, 9199870285171999
1787080804.447247, NoOp Chain Depth 64 Size 0 Mode ref, Ref Stage 12, run, start, 9199870285306495
1787080804.447268, NoOp Chain Depth 64 Size 0 Mode ref, Ref Stage 12, run, end, 9199870285327455
1787080804.447282, NoOp Chain Depth 64 Size 0 Mode ref, Ref Stage 13, run, start, 9199870285341951
1787080804.447303, NoOp Chain Depth 64 Size 0 Mode ref, Ref Stage 13, run, end, 9199870285361807
1787080804.447317, NoOp Chain Depth 64 Size 0 Mode ref, Ref Stage 14, run, start, 9199870285376079
1787080804.447337, NoOp Chain Depth 64 Size 0 Mode ref, Ref Stage 14, run, end, 9199870285395999
1787080804.447351, NoOp Chain Depth 64 Size 0 Mode ref, Ref Stage 15, run, start, 9199870285410639
1787080804.447372, NoOp Chain Depth 64 Size 0 Mode ref, Ref Stage 15, run, end, 9199870285431071
1787080804.447386, NoOp Chain Depth 64 Size 0 Mode ref, Ref Stage 16, run, start, 9199870285445551
1787080804.447407, NoOp Chain Depth 64 Size 0 Mode ref, Ref Stage 16, run, end, 9199870285465935
1787080804.447421, NoOp Chain Depth 64 Size 0 Mode ref, Ref Stage 17, run, start, 9199870285480831
1787080804.447444, NoOp Chain Depth 64 Size 0 Mode ref, Ref Stage 17, run, end, 9199870285503551
1787080804.447460, NoOp Chain Depth 64 Size 0 Mode ref, Ref Stage 18, run, start, 9199870285519247
1787080804.447481, NoOp Chain Depth 64 Size 0 Mode ref, Ref Stage 18, run, end, 9199870285539983
1787080804.447495, NoOp Chain Depth 64 Size 0 Mode ref, Ref Stage 19, run, start, 9199870285554495
1787080804.447518, NoOp Chain Depth 64 Size 0 Mode ref, Ref Stage 19, run, end, 9199870285577055
1787080804.447532, NoOp Chain Depth 64 Size 0 Mode ref, Ref Stage 20, run, start, 9199870285591823
1787080804.447555, NoOp Chain Depth 64 Size 0 Mode ref, Ref Stage 20, run, end, 9199870285614191
1787080804.447567, NoOp Chain Depth 64 Size 0 Mode ref, Ref Stage 21, run, start, 9199870285626239
1787080804.447597, NoOp Chain Depth 64 Size 0 Mode ref, Ref Stage 21, run, end, 9199870285656783
1787080804.447612, NoOp Chain Depth 64 Size 0 Mode ref, Ref Stage 22, run, start, 9199870285671631
1787080804.447633, NoOp Chain Depth 64 Size 0 Mode ref, Ref Stage 22, run, end, 9199870285692495
1787080804.447648, NoOp Chain Depth 64 Size 0 Mode ref, Ref Stage 23, run, start, 9199870285707183
1787080804.447669, NoOp Chain Depth 64 Size 0 Mode ref, Ref Stage 23, run, end, 9199870285729103
1787080804.447687, NoOp Chain Depth 64 Size 0 Mode ref, Ref Stage 24, run, start, 9199870285746191
1787080804.447707, NoOp Chain Depth 64 Size 0 Mode ref, Ref Stage 24, run, end, 9199870285766687
1787080804.447722, NoOp Chain Depth 64 Size 0 Mode ref, Ref Stage 25, run, start, 9199870285781327
1787080804.447742, NoOp Chain Depth 64 Size 0 Mode ref, Ref Stage 25, run, end, 9199870285801855
1787080804.447757, NoOp Chain Depth 64 Size 0 Mode ref, Ref Stage 26, run, start, 9199870285816623
1787080804.447779, NoOp Chain Depth 64 Size 0 Mode ref, Ref Stage 26, run, end, 9199870285838543
1787080804.447791, NoOp Chain Depth 64 Size 0 Mode ref, Ref Stage 27, run, start, 9199870285850623
1787080804.448321, NoOp Chain Depth 64 Size 0 Mode ref, Ref Stage 27, run, end, 9199870286381167
1787080804.448337, NoOp Chain Depth 64 Size 0 Mode ref, Ref Stage 28, run, start, 9199870286396447
1787080804.448357, NoOp Chain Depth 64 Size 0 Mode ref, Ref Stage 28, run, end, 9199870286416687
1787080804.448372, NoOp Chain Depth 64 Size 0 Mode ref, Ref Stage 29, run, start, 9199870286431119
1787080804.448392, NoOp Chain Depth 64 Size 0 Mode ref, Ref Stage 29, run, end, 9199870286450879
1787080804.448406, NoOp Chain Depth 64 Size 0 Mode ref, Ref Stage 30, run, start, 9199870286464879
1787080804.448426, NoOp Chain Depth 64 Size 0 Mode ref, Ref Stage 30, run, end, 9199870286484719
1787080804.448440, NoOp Chain Depth 64 Size 0 Mode ref, Ref Stage 31, run, start, 9199870286499055
1787080804.448460, NoOp Chain Depth 64 Size 0 Mode ref, Ref Stage 31, run, end, 9199870286518959
1787080804.448474, NoOp Chain Depth 64 Size 0 Mode ref, Ref Stage 32, run, start, 9199870286533167
1787080804.448493, NoOp Chain Depth 64 Size 0 Mode ref, Ref Stage 32, run, end, 9199870286552879
1787080804.448508, NoOp Chain Depth 64 Size 0 Mode ref, Ref Stage 33, run, start, 9199870286567215
1787080804.448528, NoOp Chain Depth 64 Size 0 Mode ref, Ref Stage 33, run, end, 9199870286587231
1787080804.448542, NoOp Chain Depth 64 Size 0 Mode ref, Ref Stage 34, run, start, 9199870286601535
1787080804.448562, NoOp Chain Depth 64 Size 0 Mode ref, Ref Stage 34, run, end, 9199870286621503
1787080804.448576, NoOp Chain Depth 64 Size 0 Mode ref, Ref Stage 35, run, start, 9199870286635823
1787080804.448598, NoOp Chain Depth 64 Size 0 Mode ref, Ref Stage 35, run, end, 9199870286657567
1787080804.448613, NoOp Chain Depth 64 Size 0 Mode ref, Ref Stage 36, run, start, 9199870286672015
1787080804.448636, NoOp Chain Depth 64 Size 0 Mode ref, Ref Stage 36, run, end, 9199870286695279
1787080804.448647, NoOp Chain Depth 64 Size 0 Mode ref, Ref Stage 37, run, start, 9199870286706879
1787080804.448677, NoOp Chain Depth 64 Size 0 Mode ref, Ref Stage 37, run, end, 9199870286736639
1787080804.448691, NoOp Chain Depth 64 Size 0 Mode ref, Ref Stage 38, run, start, 9199870286750863
1787080804.448713, NoOp Chain Depth 64 Size 0 Mode ref, Ref Stage 38, run, end, 9199870286772303
1787080804.448729, NoOp Chain Depth 64 Size 0 Mode ref, Ref Stage 39, run, start, 9199870286787855
1787080804.448749, NoOp Chain Depth 64 Size 0 Mode ref, Ref Stage 39, run, end, 9199870286807775
1787080804.448763, NoOp Chain Depth 64 Size 0 Mode ref, Ref Stage 40, run, start, 9199870286822047
1787080804.448782, NoOp Chain Depth 64 Size 0 Mode ref, Ref Stage 40, run, end, 9199870286841695
1787080804.448799, NoOp Chain Depth 64 Size 0 Mode ref, Ref Stage 41, run, start, 9199870286858319
1787080804.448820, NoOp Chain Depth 64 Size 0 Mode ref, Ref Stage 41, run, end, 9199870286879647
1787080804.448834, NoOp Chain Depth 64 Size 0 Mode ref, Ref Stage 42, run, start, 9199870286893759
1787080804.449304, NoOp Chain Depth 64 Size 0 Mode ref, Ref Stage 42, run, end, 9199870287364575
1787080804.449436, NoOp Chain Depth 64 Size 0 Mode ref, Ref Stage 43, run, start, 9199870287495295
1787080804.449457, NoOp Chain Depth 64 Size 0 Mode ref, Ref Stage 43, run, end, 9199870287516815
1787080804.449472, NoOp Chain Depth 64 Size 0 Mode ref, Ref Stage 44, run, start, 9199870287531263
1787080804.449492, NoOp Chain Depth 64 Size 0 Mode ref, Ref Stage 44, run, end, 9199870287551343
1787080804.449506, NoOp Chain Depth 64 Size 0 Mode ref, Ref Stage 45, run, start, 9199870287565615
1787080804.449526, NoOp Chain Depth 64 Size 0 Mode ref, Ref Stage 45, run, end, 9199870287585599
1787080804.449541, NoOp Chain Depth 64 Size 0 Mode ref, Ref Stage 46, run, start, 9199870287599887
1787080804.449561, NoOp Chain Depth 64 Size 0 Mode ref, Ref Stage 46, run, end, 9199870287619759
1787080804.449575, NoOp Chain Depth 64 Size 0 Mode ref, Ref Stage 47, run, start, 9199870287634047
1787080804.449595, NoOp Chain Depth 64 Size 0 Mode ref, Ref Stage 47, run, end, 9199870287653919
1787080804.449609, NoOp Chain Depth 64 Size 0 Mode ref, Ref Stage 48, run, start, 9199870287668367
1787080804.449631, NoOp Chain Depth 64 Size 0 Mode ref, Ref Stage 48, run, end, 9199870287689919
1787080804.449642, NoOp Chain Depth 64 Size 0 Mode ref, Ref Stage 49, run, start, 9199870287701823
1787080804.449672, NoOp Chain Depth 64 Size 0 Mode ref, Ref Stage 49, run, end, 9199870287731919
1787080804.449687, NoOp Chain Depth 64 Size 0 Mode ref, Ref Stage 50, run, start, 9199870287746255
1787080804.449707, NoOp Chain Depth 64 Size 0 Mode ref, Ref Stage 50, run, end, 9199870287766095
1787080804.449721, NoOp Chain Depth 64 Size 0 Mode ref, Ref Stage 51, run, start, 9199870287780383
1787080804.449741, NoOp Chain Depth 64 Size 0 Mode ref, Ref Stage 51, run, end, 9199870287800239
1787080804.449755, NoOp Chain Depth 64 Size 0 Mode ref, Ref Stage 52, run, start, 9199870287814367
1787080804.449775, NoOp Chain Depth 64 Size 0 Mode ref, Ref Stage 52, run, end, 9199870287834175
1787080804.449795, NoOp Chain Depth 64 Size 0 Mode ref, Ref Stage 53, run, start, 9199870287853999
1787080804.449815, NoOp Chain Depth 64 Size 0 Mode ref, Ref Stage 53, run, end, 9199870287873903
1787080804.449829, NoOp Chain Depth 64 Size 0 Mode ref, Ref Stage 54, run, start, 9199870287887999
1787080804.449850, NoOp Chain Depth 64 Size 0 Mode ref, Ref Stage 54, run, end, 9199870287909407
1787080804.449864, NoOp Chain Depth 64 Size 0 Mode ref, Ref Stage 55, run, start, 9199870287923695
1787080804.449884, NoOp Chain Depth 64 Size 0 Mode ref, Ref Stage 55, run, end, 9199870287943839
1787080804.449899, NoOp Chain Depth 64 Size 0 Mode ref, Ref Stage 56, run, start, 9199870287957951
1787080804.449919, NoOp Chain Depth 64 Size 0 Mode ref, Ref Stage 56, run, end, 9199870287978031
1787080804.449933, NoOp Chain Depth 64 Size 0 Mode ref, Ref Stage 57, run, start, 9199870287992143
1787080804.449955, NoOp Chain Depth 64 Size 0 Mode ref, Ref Stage 57, run, end, 9199870288015359
1787080804.449971, NoOp Chain Depth 64 Size 0 Mode ref, Ref Stage 58, run, start, 9199870288030191
1787080804.449992, NoOp Chain Depth 64 Size 0 Mode ref, Ref Stage 58, run, end, 9199870288051071
1787080804.450007, NoOp Chain Depth 64 Size 0 Mode ref, Ref Stage 59, run, start, 9199870288066863
1787080804.450027, NoOp Chain Depth 64 Size 0 Mode ref, Ref Stage 59, run, end, 9199870288086319
1787080804.450041, NoOp Chain Depth 64 Size 0 Mode ref, Ref Stage 60, run, start, 9199870288100703
1787080804.450061, NoOp Chain Depth 64 Size 0 Mode ref, Ref Stage 60, run, end, 9199870288120383
1787080804.450075, NoOp Chain Depth 64 Size 0 Mode ref, Ref Stage 61, run, start, 9199870288134415
1787080804.450098, NoOp Chain Depth 64 Size 0 Mode ref, Ref Stage 61, run, end, 9199870288157167
1787080804.450109, NoOp Chain Depth 64 Size 0 Mode ref, Ref Stage 62, run, start, 9199870288168767
1787080804.450139, NoOp Chain Depth 64 Size 0 Mode ref, Ref Stage 62, run, end, 9199870288198415
1787080804.450154, NoOp Chain Depth 64 Size 0 Mode ref, Ref Stage 63, run, start, 9199870288213231
1787080804.450176, NoOp Chain Depth 64 Size 0 Mode ref, Ref Stage 63, run, end, 9199870288235295
1787080804.450190, NoOp Chain Depth 64 Size 0 Mode ref, pipeline - train, run, end, 161913975536063901651850815438803670083, 1787080804.446206, 16, 1, 9199870288249615
1787080804.450226, NoOp Chain Depth 64 Size 0 Mode ref, pipeline - train, run, start, 97066683520235484483772923840651295308, 1787080804.450215, 17, 1, 9199870288285647
1787080804.450250, NoOp Chain Depth 64 Size 0 Mode ref, Ref Stage 0, run, start, 9199870288309199
1787080804.450270, NoOp Chain Depth 64 Size 0 Mode ref, Ref Stage 0, run, end, 9199870288329871
1787080804.450285, NoOp Chain Depth 64 Size 0 Mode ref, Ref Stage 1, run, start, 9199870288344207
1787080804.450305, NoOp Chain Depth 64 Size 0 Mode ref, Ref Stage 1, run, end, 9199870288364095
1787080804.450319, NoOp Chain Depth 64 Size 0 Mode ref, Ref Stage 2, run, start, 9199870288378239
1787080804.450341, NoOp Chain Depth 64 Size 0 Mode ref, Ref Stage 2, run, end, 9199870288400751
1787080804.450356, NoOp Chain Depth 64 Size 0 Mode ref, Ref Stage 3, run, start, 9199870288414879
1787080804.450377, NoOp Chain Depth 64 Size 0 Mode ref, Ref Stage 3, run, end, 9199870288435903
1787080804.450391, NoOp Chain Depth 64 Size 0 Mode ref, Ref Stage 4, run, start, 9199870288450063
1787080804.450411, NoOp Chain Depth 64 Size 0 Mode ref, Ref Stage 4, run, end, 9199870288469823
1787080804.450425, NoOp Chain Depth 64 Size 0 Mode ref, Ref Stage 5, run, start, 9199870288484639
1787080804.450445, NoOp Chain Depth 64 Size 0 Mode ref, Ref Stage 5, run, end, 9199870288504015
1787080804.450459, NoOp Chain Depth 64 Size 0 Mode ref, Ref Stage 6, run, start, 9199870288518287
1787080804.450478, NoOp Chain Depth 64 Size 0 Mode ref, Ref Stage 6, run, end, 9199870288537711
1787080804.450492, NoOp Chain Depth 64 Size 0 Mode ref, Ref Stage 7, run, start, 9199870288551711
1787080804.450514, NoOp Chain Depth 64 Size 0 Mode ref, Ref Stage 7, run, end, 9199870288573631
1787080804.450526, NoOp Chain Depth 64 Size 0 Mode ref, Ref Stage 8, run, start, 9199870288585135
1787080804.450558, NoOp Chain Depth 64 Size 0 Mode ref, Ref Stage 8, run, end, 9199870288617151
1787080804.450569, NoOp Chain Depth 64 Size 0 Mode ref, Ref Stage 9, run, start, 9199870288628751
1787080804.450599, NoOp Chain Depth 64 Size 0 Mode ref, Ref Stage 9, run, end, 9199870288658415
1787080804.450615, NoOp Chain Depth 64 Size 0 Mode ref, Ref Stage 10, run, start, 9199870288674159
1787080804.450634, NoOp Chain Depth 64 Size 0 Mode ref, Ref Stage 10, run, end, 9199870288693823
1787080804.450649, NoOp Chain Depth 64 Size 0 Mode ref, Ref Stage 11, run, start, 9199870288707887
1787080804.450668, NoOp Chain Depth 64 Size 0 Mode ref, Ref Stage 11, run, end, 9199870288727567
1787080804.450682, NoOp Chain Depth 64 Size 0 Mode ref, Ref Stage 12, run, start, 9199870288741711
1787080804.450702, NoOp Chain Depth 64 Size 0 Mode ref, Ref Stage 12, run, end, 9199870288761471
1787080804.450716, NoOp Chain Depth 64 Size 0 Mode ref, Ref Stage 13, run, start, 9199870288775711
1787080804.450736, NoOp Chain Depth 64 Size 0 Mode ref, Ref Stage 13, run, end, 9199870288795727
1787080804.450752, NoOp Chain Depth 64 Size 0 Mode ref, Ref Stage 14, run, start, 9199870288811247
1787080804.450773, NoOp Chain Depth 64 Size 0 Mode ref, Ref Stage 14, run, end, 9199870288832543
1787080804.450787, NoOp Chain Depth 64 Size 0 Mode ref, Ref Stage 15, run, start, 9199870288846831
1787080804.450808, NoOp Chain Depth 64 Size 0 Mode ref, Ref Stage 15, run, end, 9199870288867631
1787080804.450822, NoOp Chain Depth 64 Size 0 Mode ref, Ref Stage 16, run, start, 9199870288881551
1787080804.450842, NoOp Chain Depth 64 Size 0 Mode ref, Ref Stage 16, run, end, 9199870288901359
1787080804.450856, NoOp Chain Depth 64 Size 0 Mode ref, Ref Stage 17, run, start, 9199870288915407
1787080804.450875, NoOp Chain Depth 64 Size 0 Mode ref, Ref Stage 17, run, end, 9199870288934783
1787080804.450890, NoOp Chain Depth 64 Size 0 Mode ref, Ref Stage 18, run, start, 9199870288948975
1787080804.450909, NoOp Chain Depth 64 Size 0 Mode ref, Ref Stage 18, run, end, 9199870288968639
1787080804.450926, NoOp Chain Depth 64 Size 0 Mode ref, Ref Stage 19, run, start, 9199870288984943
1787080804.450948, NoOp Chain Depth 64 Size 0 Mode ref, Ref Stage 19, run, end, 9199870289007439
1787080804.450963, NoOp Chain Depth 64 Size 0 Mode ref, Ref Stage 20, run, start, 9199870289022671
1787080804.450983, NoOp Chain Depth 64 Size 0 Mode ref, Ref Stage 20, run, end, 9199870289042223
1787080804.450997, NoOp Chain Depth 64 Size 0 Mode ref, Ref Stage 21, run, start, 9199870289056175
1787080804.451016, NoOp Chain Depth 64 Size 0 Mode ref, Ref Stage 21, run, end, 9199870289075871
1787080804.451031, NoOp Chain Depth 64 Size 0 Mode ref, Ref Stage 22, run, start, 9199870289090143
1787080804.451052, NoOp Chain Depth 64 Size 0 Mode ref, Ref Stage 22, run, end, 9199870289111743
1787080804.451068, NoOp Chain Depth 64 Size 0 Mode ref, Ref Stage 23, run, start, 9199870289127583
1787080804.451088, NoOp Chain Depth 64 Size 0 Mode ref, Ref Stage 23, run, end, 9199870289147103
1787080804.451104, NoOp Chain Depth 64 Size 0 Mode ref, Ref Stage 24, run, start, 9199870289163839
1787080804.451127, NoOp Chain Depth 64 Size 0 Mode ref, Ref Stage 24, run, end, 9199870289186143
1787080804.451138, NoOp Chain Depth 64 Size 0 Mode ref, Ref Stage 25, run, start, 9199870289197887
1787080804.451755, NoOp Chain Depth 64 Size 0 Mode ref, Ref Stage 25, run, end, 9199870289815199
1787080804.451769, NoOp Chain Depth 64 Size 0 Mode ref, Ref Stage 26, run, start, 9199870289828447
1787080804.451800, NoOp Chain Depth 64 Size 0 Mode ref, Ref Stage 26, run, end, 9199870289859039
1787080804.451815, NoOp Chain Depth 64 Size 0 Mode ref, Ref Stage 27, run, start, 9199870289874191
1787080804.451835, NoOp Chain Depth 64 Size 0 Mode ref, Ref Stage 27, run, end, 9199870289894015
1787080804.451849, NoOp Chain Depth 64 Size 0 Mode ref, Ref Stage 28, run, start, 9199870289908319
1787080804.451869, NoOp Chain Depth 64 Size 0 Mode ref, Ref Stage 28, run, end, 9199870289928239
1787080804.451883, NoOp Chain Depth 64 Size 0 Mode ref, Ref Stage 29, run, start, 9199870289942383
1787080804.451903, NoOp Chain Depth 64 Size 0 Mode ref, Ref Stage 29, run, end, 9199870289962271
1787080804.451917, NoOp Chain Depth 64 Size 0 Mode ref, Ref Stage 30, run, start, 9199870289976575
1787080804.451937, NoOp Chain Depth 64 Size 0 Mode ref, Ref Stage 30, run, end, 9199870289995999
1787080804.451955, NoOp Chain Depth 64 Size 0 Mode ref, Ref Stage 31, run, start, 9199870290014063
1787080804.451977, NoOp Chain Depth 64 Size 0 Mode ref, Ref Stage 31, run, end, 9199870290036511
1787080804.451989, NoOp Chain Depth 64 Size 0 Mode ref, Ref Stage 32, run, start, 9199870290048095
1787080804.452018, NoOp Chain Depth 64 Size 0 Mode ref, Ref Stage 32, run, end, 9199870290077215
1787080804.452032, NoOp Chain Depth 64 Size 0 Mode ref, Ref Stage 33, run, start, 9199870290091375
1787080804.452052, NoOp Chain Depth 64 Size 0 Mode ref, Ref Stage 33, run, end, 9199870290111215
1787080804.452066, NoOp Chain Depth 64 Size 0 Mode ref, Ref Stage 34, run, start, 9199870290125199
1787080804.452086, NoOp Chain Depth 64 Size 0 Mode ref, Ref Stage 34, run, end, 9199870290145007
1787080804.452100, NoOp Chain Depth 64 Size 0 Mode ref, Ref Stage 35, run, start, 9199870290159055
1787080804.452123, NoOp Chain Depth 64 Size 0 Mode ref, Ref Stage 35, run, end, 9199870290182079
1787080804.452138, NoOp Chain Depth 64 Size 0 Mode ref, Ref Stage 36, run, start, 9199870290196927
1787080804.452160, NoOp Chain Depth 64 Size 0 Mode ref, Ref Stage 36, run, end, 9199870290219663
1787080804.452172, NoOp Chain Depth 64 Size 0 Mode ref, Ref Stage 37, run, start, 9199870290231279
1787080804.452201, NoOp Chain Depth 64 Size 0 Mode ref, Ref Stage 37, run, end, 9199870290260607
1787080804.452215, NoOp Chain Depth 64 Size 0 Mode ref, Ref Stage 38, run, start, 9199870290274671
1787080804.452235, NoOp Chain Depth 64 Size 0 Mode ref, Ref Stage 38, run, end, 9199870290294463
1787080804.452249, NoOp Chain Depth 64 Size 0 Mode ref, Ref Stage 39, run, start, 9199870290308479
1787080804.452269, NoOp Chain Depth 64 Size 0 Mode ref, Ref Stage 39, run, end, 9199870290328031
1787080804.452283, NoOp Chain Depth 64 Size 0 Mode ref, Ref Stage 40, run, start, 9199870290342111
1787080804.452304, NoOp Chain Depth 64 Size 0 Mode ref, Ref Stage 40, run, end, 9199870290363199
1787080804.452319, NoOp Chain Depth 64 Size 0 Mode ref, Ref Stage 41, run, start, 9199870290377951
1787080804.452339, NoOp Chain Depth 64 Size 0 Mode ref, Ref Stage 41, run, end, 9199870290398927
1787080804.452808, NoOp Chain Depth 64 Size 0 Mode ref, Ref Stage 42, run, start, 9199870290868255
1787080804.452832, NoOp Chain Depth 64 Size 0 Mode ref, Ref Stage 42, run, end, 9199870290891199
1787080804.452971, NoOp Chain Depth 64 Size 0 Mode ref, Ref Stage 43, run, start, 9199870291030735
1787080804.452994, NoOp Chain Depth 64 Size 0 Mode ref, Ref Stage 43, run, end, 9199870291053263
1787080804.453009, NoOp Chain Depth 64 Size 0 Mode ref, Ref Stage 44, run, start, 9199870291067999
1787080804.453029, NoOp Chain Depth 64 Size 0 Mode ref, Ref Stage 44, run, end, 9199870291088143
1787080804.453043, NoOp Chain Depth 64 Size 0 Mode ref, Ref Stage 45, run, start, 9199870291102623
1787080804.453063, NoOp Chain Depth 64 Size 0 Mode ref, Ref Stage 45, run, end, 9199870291122671
1787080804.453078, NoOp Chain Depth 64 Size 0 Mode ref, Ref Stage 46, run, start, 9199870291137007
1787080804.453098, NoOp Chain Depth 64 Size 0 Mode ref, Ref Stage 46, run, end, 9199870291156911
1787080804.453112, NoOp Chain Depth 64 Size 0 Mode ref, Ref Stage 47, run, start, 9199870291171567
1787080804.453132, NoOp Chain Depth 64 Size 0 Mode ref, Ref Stage 47, run, end, 9199870291191487
1787080804.453146, NoOp Chain Depth 64 Size 0 Mode ref, Ref Stage 48, run, start, 9199870291205759
1787080804.453168, NoOp Chain Depth 64 Size 0 Mode ref, Ref Stage 48, run, end, 9199870291227039
1787080804.453179, NoOp Chain Depth 64 Size 0 Mode ref, Ref Stage 49, run, start, 9199870291238719
1787080804.457960, NoOp Chain Depth 64 Size 0 Mode ref, Ref Stage 49, run, end, 9199870296021328
1787080804.457979, NoOp Chain Depth 64 Size 0 Mode ref, Ref Stage 50, run, start, 9199870296039008
1787080804.458001, NoOp Chain Depth 64 Size 0 Mode ref, Ref Stage 50, run, end, 9199870296060176
1787080804.458015, NoOp Chain Depth 64 Size 0 Mode ref, Ref Stage 51, run, start, 9199870296074928
1787080804.458036, NoOp Chain Depth 64 Size 0 Mode ref, Ref Stage 51, run, end, 9199870296095440
1787080804.458050, NoOp Chain Depth 64 Size 0 Mode ref, Ref Stage 52, run, start, 9199870296109664
1787080804.458070, NoOp Chain Depth 64 Size 0 Mode ref, Ref Stage 52, run, end, 9199870296129264
1787080804.458084, NoOp Chain Depth 64 Size 0 Mode ref, Ref Stage 53, run, start, 9199870296143296
1787080804.458104, NoOp Chain Depth 64 Size 0 Mode ref, Ref Stage 53, run, end, 9199870296162752
1787080804.458117, NoOp Chain Depth 64 Size 0 Mode ref, Ref Stage 54, run, start, 9199870296176624
1787080804.458137, NoOp Chain Depth 64 Size 0 Mode ref, Ref Stage 54, run, end, 9199870296196160
1787080804.458151, NoOp Chain Depth 64 Size 0 Mode ref, Ref Stage 55, run, start, 9199870296210384
1787080804.458171, NoOp Chain Depth 64 Size 0 Mode ref, Ref Stage 55, run, end, 9199870296230176
1787080804.458187, NoOp Chain Depth 64 Size 0 Mode ref, Ref Stage 56, run, start, 9199870296246576
1787080804.458207, NoOp Chain Depth 64 Size 0 Mode ref, Ref Stage 56, run, end, 9199870296266512
1787080804.458221, NoOp Chain Depth 64 Size 0 Mode ref, Ref Stage 57, run, start, 9199870296280640
1787080804.458241, NoOp Chain Depth 64 Size 0 Mode ref, Ref Stage 57, run, end, 9199870296300496
1787080804.458255, NoOp Chain Depth 64 Size 0 Mode ref, Ref Stage 58, run, start, 9199870296314864
1787080804.458276, NoOp Chain Depth 64 Size 0 Mode ref, Ref Stage 58, run, end, 9199870296334960
1787080804.458290, NoOp Chain Depth 64 Size 0 Mode ref, Ref Stage 59, run, start, 9199870296349312
1787080804.458310, NoOp Chain Depth 64 Size 0 Mode ref, Ref Stage 59, run, end, 9199870296369264
1787080804.458324, NoOp Chain Depth 64 Size 0 Mode ref, Ref Stage 60, run, start, 9199870296383728
1787080804.458344, NoOp Chain Depth 64 Size 0 Mode ref, Ref Stage 60, run, end, 9199870296403936
1787080804.458359, NoOp Chain Depth 64 Size 0 Mode ref, Ref Stage 61, run, start, 9199870296418320
1787080804.458379, NoOp Chain Depth 64 Size 0 Mode ref, Ref Stage 61, run, end, 9199870296437936
1787080804.458393, NoOp Chain Depth 64 Size 0 Mode ref, Ref Stage 62, run, start, 9199870296452400
1787080804.458413, NoOp Chain Depth 64 Size 0 Mode ref, Ref Stage 62, run, end, 9199870296472448
1787080804.458428, NoOp Chain Depth 64 Size 0 Mode ref, Ref Stage 63, run, start, 9199870296486976
1787080804.458448, NoOp Chain Depth 64 Size 0 Mode ref, Ref Stage 63, run, end, 9199870296506880
1787080804.458462, NoOp Chain Depth 64 Size 0 Mode ref, pipeline - train, run, end, 97066683520235484483772923840651295308, 1787080804.450215, 17, 1, 9199870296521888
1787080804.458499, NoOp Chain Depth 64 Size 0 Mode ref, pipeline - train, run, start, 53202678593971592037515527849124336850, 1787080804.458488, 18, 1, 9199870296558848
1787080804.458522, NoOp Chain Depth 64 Size 0 Mode ref, Ref Stage 0, run, start, 9199870296581392
1787080804.458542, NoOp Chain Depth 64 Size 0 Mode ref, Ref Stage 0, run, end, 9199870296601792
1787080804.458557, NoOp Chain Depth 64 Size 0 Mode ref, Ref Stage 1, run, start, 9199870296616336
1787080804.458577, NoOp Chain Depth 64 Size 0 Mode ref, Ref Stage 1, run, end, 9199870296636432
1787080804.458591, NoOp Chain Depth 64 Size 0 Mode ref, Ref Stage 2, run, start, 9199870296650976
1787080804.458611, NoOp Chain Depth 64 Size 0 Mode ref, Ref Stage 2, run, end, 9199870296670656
1787080804.458626, NoOp Chain Depth 64 Size 0 Mode ref, Ref Stage 3, run, start, 9199870296685280
1787080804.458646, NoOp Chain Depth 64 Size 0 Mode ref, Ref Stage 3, run, end, 9199870296705584
1787080804.458661, NoOp Chain Depth 64 Size 0 Mode ref, Ref Stage 4, run, start, 9199870296719920
1787080804.458680, NoOp Chain Depth 64 Size 0 Mode ref, Ref Stage 4, run, end, 9199870296739696
1787080804.458695, NoOp Chain Depth 64 Size 0 Mode ref, Ref Stage 5, run, start, 9199870296754048
1787080804.458714, NoOp Chain Depth 64 Size 0 Mode ref, Ref Stage 5, run, end, 9199870296773744
1787080804.458729, NoOp Chain Depth 64 Size 0 Mode ref, Ref Stage 6, run, start, 9199870296787808
1787080804.458748, NoOp Chain Depth 64 Size 0 Mode ref, Ref Stage 6, run, end, 9199870296807312
1787080804.458762, NoOp Chain Depth 64 Size 0 Mode ref, Ref Stage 7, run, start, 9199870296821456
1787080804.458784, NoOp Chain Depth 64 Size 0 Mode ref, Ref Stage 7, run, end, 9199870296842848
1787080804.459125, NoOp Chain Depth 64 Size 0 Mode ref, Ref Stage 8, run, start, 9199870297185440
1787080804.459274, NoOp Chain Depth 64 Size 0 Mode ref, Ref Stage 8, run, end, 9199870297333424
1787080804.459286, NoOp Chain Depth 64 Size 0 Mode ref, Ref Stage 9, run, start, 9199870297345456
1787080804.459316, NoOp Chain Depth 64 Size 0 Mode ref, Ref Stage 9, run, end, 9199870297374768
1787080804.459330, NoOp Chain Depth 64 Size 0 Mode ref, Ref Stage 10, run, start, 9199870297389104
1787080804.459350, NoOp Chain Depth 64 Size 0 Mode ref, Ref Stage 10, run, end, 9199870297409168
1787080804.459364, NoOp Chain Depth 64 Size 0 Mode ref, Ref Stage 11, run, start, 9199870297423424
1787080804.459386, NoOp Chain Depth 64 Size 0 Mode ref, Ref Stage 11, run, end, 9199870297445232
1787080804.459400, NoOp Chain Depth 64 Size 0 Mode ref, Ref Stage 12, run, start, 9199870297459472
1787080804.459420, NoOp Chain Depth 64 Size 0 Mode ref, Ref Stage 12, run, end, 9199870297479024
1787080804.459434, NoOp Chain Depth 64 Size 0 Mode ref, Ref Stage 13, run, start, 9199870297493264
1787080804.459453, NoOp Chain Depth 64 Size 0 Mode ref, Ref Stage 13, run, end, 9199870297512720
1787080804.459467, NoOp Chain Depth 64 Size 0 Mode ref, Ref Stage 14, run, start, 9199870297526752
1787080804.459487, NoOp Chain Depth 64 Size 0 Mode ref, Ref Stage 14, run, end, 9199870297546096
1787080804.459501, NoOp Chain Depth 64 Size 0 Mode ref, Ref Stage 15, run, start, 9199870297560208
1787080804.459521, NoOp Chain Depth 64 Size 0 Mode ref, Ref Stage 15, run, end, 9199870297579984
1787080804.459535, NoOp Chain Depth 64 Size 0 Mode ref, Ref Stage 16, run, start, 9199870297594032
1787080804.459554, NoOp Chain Depth 64 Size 0 Mode ref, Ref Stage 16, run, end, 9199870297613648
1787080804.459569, NoOp Chain Depth 64 Size 0 Mode ref, Ref Stage 17, run, start, 9199870297627632
1787080804.459588, NoOp Chain Depth 64 Size 0 Mode ref, Ref Stage 17, run, end, 9199870297647296
1787080804.459602, NoOp Chain Depth 64 Size 0 Mode ref, Ref Stage 18, run, start, 9199870297661392
1787080804.459622, NoOp Chain Depth 64 Size 0 Mode ref, Ref Stage 18, run, end, 9199870297681280
1787080804.459636, NoOp Chain Depth 64 Size 0 Mode ref, Ref Stage 19, run, start, 9199870297695376
1787080804.459656, NoOp Chain Depth 64 Size 0 Mode ref, Ref Stage 19, run, end, 9199870297715104
1787080804.459671, NoOp Chain Depth 64 Size 0 Mode ref, Ref Stage 20, run, start, 9199870297729936
1787080804.459690, NoOp Chain Depth 64 Size 0 Mode ref, Ref Stage 20, run, end, 9199870297749504
1787080804.459704, NoOp Chain Depth 64 Size 0 Mode ref, Ref Stage 21, run, start, 9199870297763472
1787080804.459724, NoOp Chain Depth 64 Size 0 Mode ref, Ref Stage 21, run, end, 9199870297782992
1787080804.459738, NoOp Chain Depth 64 Size 0 Mode ref, Ref Stage 22, run, start, 9199870297797120
1787080804.459757, NoOp Chain Depth 64 Size 0 Mode ref, Ref Stage 22, run, end, 9199870297816352
1787080804.459771, NoOp Chain Depth 64 Size 0 Mode ref, Ref Stage 23, run, start, 9199870297830512
1787080804.459792, NoOp Chain Depth 64 Size 0 Mode ref, Ref Stage 23, run, end, 9199870297851488
1787080804.459804, NoOp Chain Depth 64 Size 0 Mode ref, Ref Stage 24, run, start, 9199870297862960
1787080804.459833, NoOp Chain Depth 64 Size 0 Mode ref, Ref Stage 24, run, end, 9199870297892480
1787080804.459847, NoOp Chain Depth 64 Size 0 Mode ref, Ref Stage 25, run, start, 9199870297906592
1787080804.459867, NoOp Chain Depth 64 Size 0 Mode ref, Ref Stage 25, run, end, 9199870297926528
1787080804.459881, NoOp Chain Depth 64 Size 0 Mode ref, Ref Stage 26, run, start, 9199870297940592
1787080804.459901, NoOp Chain Depth 64 Size 0 Mode ref, Ref Stage 26, run, end, 9199870297960160
1787080804.459915, NoOp Chain Depth 64 Size 0 Mode ref, Ref Stage 27, run, start, 9199870297974352
1787080804.459935, NoOp Chain Depth 64 Size 0 Mode ref, Ref Stage 27, run, end, 9199870297993984
1787080804.459951, NoOp Chain Depth 64 Size 0 Mode ref, Ref Stage 28, run, start, 9199870298010176
1787080804.459972, NoOp Chain Depth 64 Size 0 Mode ref, Ref Stage 28, run, end, 9199870298031168
1787080804.459986, NoOp Chain Depth 64 Size 0 Mode ref, Ref Stage 29, run, start, 9199870298045280
1787080804.460005, NoOp Chain Depth 64 Size 0 Mode ref, Ref Stage 29, run, end, 9199870298064608
1787080804.460020, NoOp Chain Depth 64 Size 0 Mode ref, Ref Stage 30, run, start, 9199870298079520
1787080804.460040, NoOp Chain Depth 64 Size 0 Mode ref, Ref Stage 30, run, end, 9199870298099440
1787080804.460054, NoOp Chain Depth 64 Size 0 Mode ref, Ref Stage 31, run, start, 9199870298113472
1787080804.460076, NoOp Chain Depth 64 Size 0 Mode ref, Ref Stage 31, run, end, 9199870298134800
1787080804.460087, NoOp Chain Depth 64 Size 0 Mode ref, Ref Stage 32, run, start, 9199870298146384
1787080804.460119, NoOp Chain Depth 64 Size 0 Mode ref, Ref Stage 32, run, end, 9199870298178848
1787080804.460494, NoOp Chain Depth 64 Size 0 Mode ref, Ref Stage 33, run, start, 9199870298554080
1787080804.460629, NoOp Chain Depth 64 Size 0 Mode ref, Ref Stage 33, run, end, 9199870298689152
1787080804.460644, NoOp Chain Depth 64 Size 0 Mode ref, Ref Stage 34, run, start, 9199870298703696
1787080804.460665, NoOp Chain Depth 64 Size 0 Mode ref, Ref Stage 34, run, end, 9199870298723888
1787080804.460679, NoOp Chain Depth 64 Size 0 Mode ref, Ref Stage 35, run, start, 9199870298738240
1787080804.460698, NoOp Chain Depth 64 Size 0 Mode ref, Ref Stage 35, run, end, 9199870298757424
1787080804.460712, NoOp Chain Depth 64 Size 0 Mode ref, Ref Stage 36, run, start, 9199870298771472
1787080804.460733, NoOp Chain Depth 64 Size 0 Mode ref, Ref Stage 36, run, end, 9199870298792688
1787080804.460745, NoOp Chain Depth 64 Size 0 Mode ref, Ref Stage 37, run, start, 9199870298804240
1787080804.461261, NoOp Chain Depth 64 Size 0 Mode ref, Ref Stage 37, run, end, 9199870299320768
1787080804.461276, NoOp Chain Depth 64 Size 0 Mode ref, Ref Stage 38, run, start, 9199870299335648
1787080804.461296, NoOp Chain Depth 64 Size 0 Mode ref, Ref Stage 38, run, end, 9199870299355120
1787080804.461310, NoOp Chain Depth 64 Size 0 Mode ref, Ref Stage 39, run, start, 9199870299369168
1787080804.461330, NoOp Chain Depth 64 Size 0 Mode ref, Ref Stage 39, run, end, 9199870299388880
1787080804.461344, NoOp Chain Depth 64 Size 0 Mode ref, Ref Stage 40, run, start, 9199870299402736
1787080804.461365, NoOp Chain Depth 64 Size 0 Mode ref, Ref Stage 40, run, end, 9199870299423648
1787080804.461376, NoOp Chain Depth 64 Size 0 Mode ref, Ref Stage 41, run, start, 9199870299435248
1787080804.461405, NoOp Chain Depth 64 Size 0 Mode ref, Ref Stage 41, run, end, 9199870299464512
1787080804.461419, NoOp Chain Depth 64 Size 0 Mode ref, Ref Stage 42, run, start, 9199870299478752
1787080804.461439, NoOp Chain Depth 64 Size 0 Mode ref, Ref Stage 42, run, end, 9199870299498528
1787080804.461453, NoOp Chain Depth 64 Size 0 Mode ref, Ref Stage 43, run, start, 9199870299512592
1787080804.461473, NoOp Chain Depth 64 Size 0 Mode ref, Ref Stage 43, run, end, 9199870299532336
1787080804.461487, NoOp Chain Depth 64 Size 0 Mode ref, Ref Stage 44, run, start, 9199870299546368
1787080804.461507, NoOp Chain Depth 64 Size 0 Mode ref, Ref Stage 44, run, end, 9199870299565872
1787080804.461520, NoOp Chain Depth 64 Size 0 Mode ref, Ref Stage 45, run, start, 9199870299579840
1787080804.461540, NoOp Chain Depth 64 Size 0 Mode ref, Ref Stage 45, run, end, 9199870299599616
1787080804.461555, NoOp Chain Depth 64 Size 0 Mode ref, Ref Stage 46, run, start, 9199870299613808
1787080804.461574, NoOp Chain Depth 64 Size 0 Mode ref, Ref Stage 46, run, end, 9199870299633392
1787080804.461589, NoOp Chain Depth 64 Size 0 Mode ref, Ref Stage 47, run, start, 9199870299648256
1787080804.461610, NoOp Chain Depth 64 Size 0 Mode ref, Ref Stage 47, run, end, 9199870299669376
1787080804.461622, NoOp Chain Depth 64 Size 0 Mode ref, Ref Stage 48, run, start, 9199870299681040
1787080804.461651, NoOp Chain Depth 64 Size 0 Mode ref, Ref Stage 48, run, end, 9199870299710368
1787080804.461665, NoOp Chain Depth 64 Size 0 Mode ref, Ref Stage 49, run, start, 9199870299724576
1787080804.461685, NoOp Chain Depth 64 Size 0 Mode ref, Ref Stage 49, run, end, 9199870299744080
1787080804.461699, NoOp Chain Depth 64 Size 0 Mode ref, Ref Stage 50, run, start, 9199870299758208
1787080804.461719, NoOp Chain Depth 64 Size 0 Mode ref, Ref Stage 50, run, end, 9199870299777920
1787080804.461733, NoOp Chain Depth 64 Size 0 Mode ref, Ref Stage 51, run, start, 9199870299792048
1787080804.461752, NoOp Chain Depth 64 Size 0 Mode ref, Ref Stage 51, run, end, 9199870299811408
1787080804.461766, NoOp Chain Depth 64 Size 0 Mode ref, Ref Stage 52, run, start, 9199870299825472
1787080804.461786, NoOp Chain Depth 64 Size 0 Mode ref, Ref Stage 52, run, end, 9199870299845520
1787080804.461800, NoOp Chain Depth 64 Size 0 Mode ref, Ref Stage 53, run, start, 9199870299859520
1787080804.461822, NoOp Chain Depth 64 Size 0 Mode ref, Ref Stage 53, run, end, 9199870299881296
1787080804.461836, NoOp Chain Depth 64 Size 0 Mode ref, Ref Stage 54, run, start, 9199870299895280
1787080804.461856, NoOp Chain Depth 64 Size 0 Mode ref, Ref Stage 54, run, end, 9199870299915120
1787080804.461870, NoOp Chain Depth 64 Size 0 Mode ref, Ref Stage 55, run, start, 9199870299929200
1787080804.461890, NoOp Chain Depth 64 Size 0 Mode ref, Ref Stage 55, run, end, 9199870299948768
1787080804.461903, NoOp Chain Depth 64 Size 0 Mode ref, Ref Stage 56, run, start, 9199870299962704
1787080804.461923, NoOp Chain Depth 64 Size 0 Mode ref, Ref Stage 56, run, end, 9199870299982368
1787080804.461937, NoOp Chain Depth 64 Size 0 Mode ref, Ref Stage 57, run, start, 9199870299996416
1787080804.461958, NoOp Chain Depth 64 Size 0 Mode ref, Ref Stage 57, run, end, 9199870300017648
1787080804.461973, NoOp Chain Depth 64 Size 0 Mode ref, Ref Stage 58, run, start, 9199870300032912
1787080804.461993, NoOp Chain Depth 64 Size 0 Mode ref, Ref Stage 58, run, end, 9199870300052480
1787080804.462007, NoOp Chain Depth 64 Size 0 Mode ref, Ref Stage 59, run, start, 9199870300066544
1787080804.462027, NoOp Chain Depth 64 Size 0 Mode ref, Ref Stage 59, run, end, 9199870300086576
1787080804.462041, NoOp Chain Depth 64 Size 0 Mode ref, Ref Stage 60, run, start, 9199870300100592
1787080804.462061, NoOp Chain Depth 64 Size 0 Mode ref, Ref Stage 60, run, end, 9199870300120176
1787080804.462075, NoOp Chain Depth 64 Size 0 Mode ref, Ref Stage 61, run, start, 9199870300134224
1787080804.462095, NoOp Chain Depth 64 Size 0 Mode ref, Ref Stage 61, run, end, 9199870300154416
1787080804.462109, NoOp Chain Depth 64 Size 0 Mode ref, Ref Stage 62, run, start, 9199870300168672
1787080804.462129, NoOp Chain Depth 64 Size 0 Mode ref, Ref Stage 62, run, end, 9199870300188688
1787080804.462144, NoOp Chain Depth 64 Size 0 Mode ref, Ref Stage 63, run, start, 9199870300203008
1787080804.462165, NoOp Chain Depth 64 Size 0 Mode ref, Ref Stage 63, run, end, 9199870300224224
1787080804.462177, NoOp Chain Depth 64 Size 0 Mode ref, pipeline - train, run, end, 53202678593971592037515527849124336850, 1787080804.458488, 18, 1, 9199870300236256
1787080804.462224, NoOp Chain Depth 64 Size 0 Mode ref, pipeline - train, run, start, 321914950114434495929693721245629023375, 1787080804.462213, 19, 1, 9199870300283696
1787080804.462248, NoOp Chain Depth 64 Size 0 Mode ref, Ref Stage 0, run, start, 9199870300307440
1787080804.462268, NoOp Chain Depth 64 Size 0 Mode ref, Ref Stage 0, run, end, 9199870300327568
1787080804.462284, NoOp Chain Depth 64 Size 0 Mode ref, Ref Stage 1, run, start, 9199870300343584
1787080804.462305, NoOp Chain Depth 64 Size 0 Mode ref, Ref Stage 1, run, end, 9199870300364416
1787080804.462319, NoOp Chain Depth 64 Size 0 Mode ref, Ref Stage 2, run, start, 9199870300378544
1787080804.462339, NoOp Chain Depth 64 Size 0 Mode ref, Ref Stage 2, run, end, 9199870300398272
1787080804.462353, NoOp Chain Depth 64 Size 0 Mode ref, Ref Stage 3, run, start, 9199870300412464
1787080804.462373, NoOp Chain Depth 64 Size 0 Mode ref, Ref Stage 3, run, end, 9199870300431936
1787080804.462388, NoOp Chain Depth 64 Size 0 Mode ref, Ref Stage 4, run, start, 9199870300446800
1787080804.462407, NoOp Chain Depth 64 Size 0 Mode ref, Ref Stage 4, run, end, 9199870300466496
1787080804.462422, NoOp Chain Depth 64 Size 0 Mode ref, Ref Stage 5, run, start, 9199870300481280
1787080804.462441, NoOp Chain Depth 64 Size 0 Mode ref, Ref Stage 5, run, end, 9199870300501040
1787080804.462456, NoOp Chain Depth 64 Size 0 Mode ref, Ref Stage 6, run, start, 9199870300515200
1787080804.462478, NoOp Chain Depth 64 Size 0 Mode ref, Ref Stage 6, run, end, 9199870300537696
1787080804.462490, NoOp Chain Depth 64 Size 0 Mode ref, Ref Stage 7, run, start, 9199870300549344
1787080804.463121, NoOp Chain Depth 64 Size 0 Mode ref, Ref Stage 7, run, end, 9199870301181585
1787080804.463138, NoOp Chain Depth 64 Size 0 Mode ref, Ref Stage 8, run, start, 9199870301197441
1787080804.463160, NoOp Chain Depth 64 Size 0 Mode ref, Ref Stage 8, run, end, 9199870301219361
1787080804.463174, NoOp Chain Depth 64 Size 0 Mode ref, Ref Stage 9, run, start, 9199870301233729
1787080804.463196, NoOp Chain Depth 64 Size 0 Mode ref, Ref Stage 9, run, end, 9199870301255057
1787080804.463207, NoOp Chain Depth 64 Size 0 Mode ref, Ref Stage 10, run, start, 9199870301266817
1787080804.463237, NoOp Chain Depth 64 Size 0 Mode ref, Ref Stage 10, run, end, 9199870301296401
1787080804.463251, NoOp Chain Depth 64 Size 0 Mode ref, Ref Stage 11, run, start, 9199870301310913
1787080804.463271, NoOp Chain Depth 64 Size 0 Mode ref, Ref Stage 11, run, end, 9199870301330769
1787080804.463286, NoOp Chain Depth 64 Size 0 Mode ref, Ref Stage 12, run, start, 9199870301345025
1787080804.463306, NoOp Chain Depth 64 Size 0 Mode ref, Ref Stage 12, run, end, 9199870301364849
1787080804.463320, NoOp Chain Depth 64 Size 0 Mode ref, Ref Stage 13, run, start, 9199870301378993
1787080804.463340, NoOp Chain Depth 64 Size 0 Mode ref, Ref Stage 13, run, end, 9199870301398929
1787080804.463354, NoOp Chain Depth 64 Size 0 Mode ref, Ref Stage 14, run, start, 9199870301413089
1787080804.463374, NoOp Chain Depth 64 Size 0 Mode ref, Ref Stage 14, run, end, 9199870301433041
1787080804.463388, NoOp Chain Depth 64 Size 0 Mode ref, Ref Stage 15, run, start, 9199870301447265
1787080804.463408, NoOp Chain Depth 64 Size 0 Mode ref, Ref Stage 15, run, end, 9199870301467041
1787080804.463422, NoOp Chain Depth 64 Size 0 Mode ref, Ref Stage 16, run, start, 9199870301480961
1787080804.463441, NoOp Chain Depth 64 Size 0 Mode ref, Ref Stage 16, run, end, 9199870301500529
1787080804.463455, NoOp Chain Depth 64 Size 0 Mode ref, Ref Stage 17, run, start, 9199870301514337
1787080804.463476, NoOp Chain Depth 64 Size 0 Mode ref, Ref Stage 17, run, end, 9199870301535473
1787080804.463490, NoOp Chain Depth 64 Size 0 Mode ref, Ref Stage 18, run, start, 9199870301549649
1787080804.463510, NoOp Chain Depth 64 Size 0 Mode ref, Ref Stage 18, run, end, 9199870301568929
1787080804.463525, NoOp Chain Depth 64 Size 0 Mode ref, Ref Stage 19, run, start, 9199870301584513
1787080804.463545, NoOp Chain Depth 64 Size 0 Mode ref, Ref Stage 19, run, end, 9199870301603873
1787080804.463559, NoOp Chain Depth 64 Size 0 Mode ref, Ref Stage 20, run, start, 9199870301617985
1787080804.463578, NoOp Chain Depth 64 Size 0 Mode ref, Ref Stage 20, run, end, 9199870301637393
1787080804.463593, NoOp Chain Depth 64 Size 0 Mode ref, Ref Stage 21, run, start, 9199870301652113
1787080804.463614, NoOp Chain Depth 64 Size 0 Mode ref, Ref Stage 21, run, end, 9199870301672785
1787080804.463628, NoOp Chain Depth 64 Size 0 Mode ref, Ref Stage 22, run, start, 9199870301686849
1787080804.463648, NoOp Chain Depth 64 Size 0 Mode ref, Ref Stage 22, run, end, 9199870301707521
1787080804.463664, NoOp Chain Depth 64 Size 0 Mode ref, Ref Stage 23, run, start, 9199870301723393
1787080804.463685, NoOp Chain Depth 64 Size 0 Mode ref, Ref Stage 23, run, end, 9199870301744817
1787080804.463697, NoOp Chain Depth 64 Size 0 Mode ref, Ref Stage 24, run, start, 9199870301756529
1787080804.463728, NoOp Chain Depth 64 Size 0 Mode ref, Ref Stage 24, run, end, 9199870301787649
1787080804.463743, NoOp Chain Depth 64 Size 0 Mode ref, Ref Stage 25, run, start, 9199870301802097
1787080804.463764, NoOp Chain Depth 64 Size 0 Mode ref, Ref Stage 25, run, end, 9199870301823329
1787080804.463776, NoOp Chain Depth 64 Size 0 Mode ref, Ref Stage 26, run, start, 9199870301835249
1787080804.463806, NoOp Chain Depth 64 Size 0 Mode ref, Ref Stage 26, run, end, 9199870301864993
1787080804.463820, NoOp Chain Depth 64 Size 0 Mode ref, Ref Stage 27, run, start, 9199870301880033
1787080804.463842, NoOp Chain Depth 64 Size 0 Mode ref, Ref Stage 27, run, end, 9199870301901441
1787080804.463857, NoOp Chain Depth 64 Size 0 Mode ref, Ref Stage 28, run, start, 9199870301916481
1787080804.463880, NoOp Chain Depth 64 Size 0 Mode ref, Ref Stage 28, run, end, 9199870301939585
1787080804.463892, NoOp Chain Depth 64 Size 0 Mode ref, Ref Stage 29, run, start, 9199870301951345
1787080804.464427, NoOp Chain Depth 64 Size 0 Mode ref, Ref Stage 29, run, end, 9199870302486913
1787080804.464443, NoOp Chain Depth 64 Size 0 Mode ref, Ref Stage 30, run, start, 9199870302502529
1787080804.464465, NoOp Chain Depth 64 Size 0 Mode ref, Ref Stage 30, run, end, 9199870302524465
1787080804.464478, NoOp Chain Depth 64 Size 0 Mode ref, Ref Stage 31, run, start, 9199870302536801
1787080804.464508, NoOp Chain Depth 64 Size 0 Mode ref, Ref Stage 31, run, end, 9199870302567633
1787080804.464523, NoOp Chain Depth 64 Size 0 Mode ref, Ref Stage 32, run, start, 9199870302582321
1787080804.464543, NoOp Chain Depth 64 Size 0 Mode ref, Ref Stage 32, run, end, 9199870302602593
1787080804.464558, NoOp Chain Depth 64 Size 0 Mode ref, Ref Stage 33, run, start, 9199870302617089
1787080804.464578, NoOp Chain Depth 64 Size 0 Mode ref, Ref Stage 33, run, end, 9199870302637281
1787080804.464592, NoOp Chain Depth 64 Size 0 Mode ref, Ref Stage 34, run, start, 9199870302651745
1787080804.464612, NoOp Chain Depth 64 Size 0 Mode ref, Ref Stage 34, run, end, 9199870302671665
1787080804.464628, NoOp Chain Depth 64 Size 0 Mode ref, Ref Stage 35, run, start, 9199870302687217
1787080804.464649, NoOp Chain Depth 64 Size 0 Mode ref, Ref Stage 35, run, end, 9199870302708833
1787080804.464661, NoOp Chain Depth 64 Size 0 Mode ref, Ref Stage 36, run, start, 9199870302720689
1787080804.464691, NoOp Chain Depth 64 Size 0 Mode ref, Ref Stage 36, run, end, 9199870302750849
1787080804.464706, NoOp Chain Depth 64 Size 0 Mode ref, Ref Stage 37, run, start, 9199870302765393
1787080804.464726, NoOp Chain Depth 64 Size 0 Mode ref, Ref Stage 37, run, end, 9199870302785425
1787080804.464741, NoOp Chain Depth 64 Size 0 Mode ref, Ref Stage 38, run, start, 9199870302799857
1787080804.464760, NoOp Chain Depth 64 Size 0 Mode ref, Ref Stage 38, run, end, 9199870302819553
1787080804.464774, NoOp Chain Depth 64 Size 0 Mode ref, Ref Stage 39, run, start, 9199870302833857
1787080804.464796, NoOp Chain Depth 64 Size 0 Mode ref, Ref Stage 39, run, end, 9199870302855041
1787080804.464810, NoOp Chain Depth 64 Size 0 Mode ref, Ref Stage 40, run, start, 9199870302869201
1787080804.464837, NoOp Chain Depth 64 Size 0 Mode ref, Ref Stage 40, run, end, 9199870302896033
1787080804.464848, NoOp Chain Depth 64 Size 0 Mode ref, Ref Stage 41, run, start, 9199870302907969
1787080804.464880, NoOp Chain Depth 64 Size 0 Mode ref, Ref Stage 41, run, end, 9199870302939553
1787080804.464895, NoOp Chain Depth 64 Size 0 Mode ref, Ref Stage 42, run, start, 9199870302954097
1787080804.464915, NoOp Chain Depth 64 Size 0 Mode ref, Ref Stage 42, run, end, 9199870302974273
1787080804.464929, NoOp Chain Depth 64 Size 0 Mode ref, Ref Stage 43, run, start, 9199870302988737
1787080804.464957, NoOp Chain Depth 64 Size 0 Mode ref, Ref Stage 43, run, end, 9199870303015937
1787080804.464972, NoOp Chain Depth 64 Size 0 Mode ref, Ref Stage 44, run, start, 9199870303031761
1787080804.464993, NoOp Chain Depth 64 Size 0 Mode ref, Ref Stage 44, run, end, 9199870303051969
1787080804.465007, NoOp Chain Depth 64 Size 0 Mode ref, Ref Stage 45, run, start, 9199870303066337
1787080804.465028, NoOp Chain Depth 64 Size 0 Mode ref, Ref Stage 45, run, end, 9199870303087393
1787080804.465042, NoOp Chain Depth 64 Size 0 Mode ref, Ref Stage 46, run, start, 9199870303101729
1787080804.465062, NoOp Chain Depth 64 Size 0 Mode ref, Ref Stage 46, run, end, 9199870303121713
1787080804.465077, NoOp Chain Depth 64 Size 0 Mode ref, Ref Stage 47, run, start, 9199870303136449
1787080804.465098, NoOp Chain Depth 64 Size 0 Mode ref, Ref Stage 47, run, end, 9199870303157297
1787080804.465110, NoOp Chain Depth 64 Size 0 Mode ref, Ref Stage 48, run, start, 9199870303169041
1787080804.465139, NoOp Chain Depth 64 Size 0 Mode ref, Ref Stage 48, run, end, 9199870303198673
1787080804.465153, NoOp Chain Depth 64 Size 0 Mode ref, Ref Stage 49, run, start, 9199870303212785
1787080804.465173, NoOp Chain Depth 64 Size 0 Mode ref, Ref Stage 49, run, end, 9199870303233585
1787080804.465188, NoOp Chain Depth 64 Size 0 Mode ref, Ref Stage 50, run, start, 9199870303247713
1787080804.465209, NoOp Chain Depth 64 Size 0 Mode ref, Ref Stage 50, run, end, 9199870303268881
1787080804.465226, NoOp Chain Depth 64 Size 0 Mode ref, Ref Stage 51, run, start, 9199870303285601
1787080804.465246, NoOp Chain Depth 64 Size 0 Mode ref, Ref Stage 51, run, end, 9199870303305233
1787080804.465261, NoOp Chain Depth 64 Size 0 Mode ref, Ref Stage 52, run, start, 9199870303320673
1787080804.465281, NoOp Chain Depth 64 Size 0 Mode ref, Ref Stage 52, run, end, 9199870303340081
1787080804.465295, NoOp Chain Depth 64 Size 0 Mode ref, Ref Stage 53, run, start, 9199870303354017
1787080804.465314, NoOp Chain Depth 64 Size 0 Mode ref, Ref Stage 53, run, end, 9199870303373681
1787080804.465330, NoOp Chain Depth 64 Size 0 Mode ref, Ref Stage 54, run, start, 9199870303389009
1787080804.465351, NoOp Chain Depth 64 Size 0 Mode ref, Ref Stage 54, run, end, 9199870303409889
1787080804.465365, NoOp Chain Depth 64 Size 0 Mode ref, Ref Stage 55, run, start, 9199870303423985
1787080804.465384, NoOp Chain Depth 64 Size 0 Mode ref, Ref Stage 55, run, end, 9199870303443377
1787080804.465398, NoOp Chain Depth 64 Size 0 Mode ref, Ref Stage 56, run, start, 9199870303457361
1787080804.465419, NoOp Chain Depth 64 Size 0 Mode ref, Ref Stage 56, run, end, 9199870303478001
1787080804.465433, NoOp Chain Depth 64 Size 0 Mode ref, Ref Stage 57, run, start, 9199870303492049
1787080804.465452, NoOp Chain Depth 64 Size 0 Mode ref, Ref Stage 57, run, end, 9199870303511505
1787080804.465466, NoOp Chain Depth 64 Size 0 Mode ref, Ref Stage 58, run, start, 9199870303525409
1787080804.465485, NoOp Chain Depth 64 Size 0 Mode ref, Ref Stage 58, run, end, 9199870303544481
1787080804.465499, NoOp Chain Depth 64 Size 0 Mode ref, Ref Stage 59, run, start, 9199870303558337
1787080804.465518, NoOp Chain Depth 64 Size 0 Mode ref, Ref Stage 59, run, end, 9199870303577729
1787080804.465532, NoOp Chain Depth 64 Size 0 Mode ref, Ref Stage 60, run, start, 9199870303591665
1787080804.465552, NoOp Chain Depth 64 Size 0 Mode ref, Ref Stage 60, run, end, 9199870303611233
1787080804.465566, NoOp Chain Depth 64 Size 0 Mode ref, Ref Stage 61, run, start, 9199870303625121
1787080804.465586, NoOp Chain Depth 64 Size 0 Mode ref, Ref Stage 61, run, end, 9199870303645569
1787080804.465600, NoOp Chain Depth 64 Size 0 Mode ref, Ref Stage 62, run, start, 9199870303659361
1787080804.465620, NoOp Chain Depth 64 Size 0 Mode ref, Ref Stage 62, run, end, 9199870303678673
1787080804.465634, NoOp Chain Depth 64 Size 0 Mode ref, Ref Stage 63, run, start, 9199870303692817
1787080804.465652, NoOp Chain Depth 64 Size 0 Mode ref, Ref Stage 63, run, end, 9199870303711857
1787080804.465667, NoOp Chain Depth 64 Size 0 Mode ref, pipeline - train, run, end, 321914950114434495929693721245629023375, 1787080804.462213, 19, 1, 9199870303726113
1787080804.465702, NoOp Chain Depth 64 Size 0 Mode ref, pipeline - train, run, start, 30952198469120865970384599643625504093, 1787080804.465692, 20, 1, 9199870303761889
1787080804.465726, NoOp Chain Depth 64 Size 0 Mode ref, Ref Stage 0, run, start, 9199870303785377
1787080804.465747, NoOp Chain Depth 64 Size 0 Mode ref, Ref Stage 0, run, end, 9199870303805969
1787080804.465761, NoOp Chain Depth 64 Size 0 Mode ref, Ref Stage 1, run, start, 9199870303820881
1787080804.465784, NoOp Chain Depth 64 Size 0 Mode ref, Ref Stage 1, run, end, 9199870303843665
1787080804.465799, NoOp Chain Depth 64 Size 0 Mode ref, Ref Stage 2, run, start, 9199870303858161
1787080804.465819, NoOp Chain Depth 64 Size 0 Mode ref, Ref Stage 2, run, end, 9199870303878193
1787080804.465833, NoOp Chain Depth 64 Size 0 Mode ref, Ref Stage 3, run, start, 9199870303892785
1787080804.465853, NoOp Chain Depth 64 Size 0 Mode ref, Ref Stage 3, run, end, 9199870303912673
1787080804.465867, NoOp Chain Depth 64 Size 0 Mode ref, Ref Stage 4, run, start, 9199870303926641
1787080804.465886, NoOp Chain Depth 64 Size 0 Mode ref, Ref Stage 4, run, end, 9199870303945761
1787080804.465901, NoOp Chain Depth 64 Size 0 Mode ref, Ref Stage 5, run, start, 9199870303960481
1787080804.465924, NoOp Chain Depth 64 Size 0 Mode ref, Ref Stage 5, run, end, 9199870303984785
1787080804.465937, NoOp Chain Depth 64 Size 0 Mode ref, Ref Stage 6, run, start, 9199870303996321
1787080804.465973, NoOp Chain Depth 64 Size 0 Mode ref, Ref Stage 6, run, end, 9199870304032209
1787080804.465987, NoOp Chain Depth 64 Size 0 Mode ref, Ref Stage 7, run, start, 9199870304046785
1787080804.466007, NoOp Chain Depth 64 Size 0 Mode ref, Ref Stage 7, run, end, 9199870304066385
1787080804.466021, NoOp Chain Depth 64 Size 0 Mode ref, Ref Stage 8, run, start, 9199870304080433
1787080804.466041, NoOp Chain Depth 64 Size 0 Mode ref, Ref Stage 8, run, end, 9199870304100001
1787080804.466055, NoOp Chain Depth 64 Size 0 Mode ref, Ref Stage 9, run, start, 9199870304114129
1787080804.466155, NoOp Chain Depth 64 Size 0 Mode ref, Ref Stage 9, run, end, 9199870304214545
1787080804.466168, NoOp Chain Depth 64 Size 0 Mode ref, Ref Stage 10, run, start, 9199870304227121
1787080804.466198, NoOp Chain Depth 64 Size 0 Mode ref, Ref Stage 10, run, end, 9199870304257521
1787080804.466213, NoOp Chain Depth 64 Size 0 Mode ref, Ref Stage 11, run, start, 9199870304271953
1787080804.466234, NoOp Chain Depth 64 Size 0 Mode ref, Ref Stage 11, run, end, 9199870304293249
1787080804.466248, NoOp Chain Depth 64 Size 0 Mode ref, Ref Stage 12, run, start, 9199870304307537
1787080804.466269, NoOp Chain Depth 64 Size 0 Mode ref, Ref Stage 12, run, end, 9199870304328625
1787080804.466283, NoOp Chain Depth 64 Size 0 Mode ref, Ref Stage 13, run, start, 9199870304342641
1787080804.466303, NoOp Chain Depth 64 Size 0 Mode ref, Ref Stage 13, run, end, 9199870304362321
1787080804.466317, NoOp Chain Depth 64 Size 0 Mode ref, Ref Stage 14, run, start, 9199870304376481
1787080804.466336, NoOp Chain Depth 64 Size 0 Mode ref, Ref Stage 14, run, end, 9199870304395873
1787080804.466351, NoOp Chain Depth 64 Size 0 Mode ref, Ref Stage 15, run, start, 9199870304409841
1787080804.466371, NoOp Chain Depth 64 Size 0 Mode ref, Ref Stage 15, run, end, 9199870304430545
1787080804.466385, NoOp Chain Depth 64 Size 0 Mode ref, Ref Stage 16, run, start, 9199870304444321
1787080804.466406, NoOp Chain Depth 64 Size 0 Mode ref, Ref Stage 16, run, end, 9199870304464913
1787080804.466419, NoOp Chain Depth 64 Size 0 Mode ref, Ref Stage 17, run, start, 9199870304478817
1787080804.466440, NoOp Chain Depth 64 Size 0 Mode ref, Ref Stage 17, run, end, 9199870304499633
1787080804.466455, NoOp Chain Depth 64 Size 0 Mode ref, Ref Stage 18, run, start, 9199870304514513
1787080804.466475, NoOp Chain Depth 64 Size 0 Mode ref, Ref Stage 18, run, end, 9199870304534129
1787080804.466489, NoOp Chain Depth 64 Size 0 Mode ref, Ref Stage 19, run, start, 9199870304547937
1787080804.466508, NoOp Chain Depth 64 Size 0 Mode ref, Ref Stage 19, run, end, 9199870304567201
1787080804.466522, NoOp Chain Depth 64 Size 0 Mode ref, Ref Stage 20, run, start, 9199870304581057
1787080804.466541, NoOp Chain Depth 64 Size 0 Mode ref, Ref Stage 20, run, end, 9199870304600289
1787080804.466555, NoOp Chain Depth 64 Size 0 Mode ref, Ref Stage 21, run, start, 9199870304614017
1787080804.466574, NoOp Chain Depth 64 Size 0 Mode ref, Ref Stage 21, run, end, 9199870304633233
1787080804.466588, NoOp Chain Depth 64 Size 0 Mode ref, Ref Stage 22, run, start, 9199870304647153
1787080804.466608, NoOp Chain Depth 64 Size 0 Mode ref, Ref Stage 22, run, end, 9199870304667617
1787080804.466622, NoOp Chain Depth 64 Size 0 Mode ref, Ref Stage 23, run, start, 9199870304681633
1787080804.466646, NoOp Chain Depth 64 Size 0 Mode ref, Ref Stage 23, run, end, 9199870304705185
1787080804.466658, NoOp Chain Depth 64 Size 0 Mode ref, Ref Stage 24, run, start, 9199870304716817
1787080804.467306, NoOp Chain Depth 64 Size 0 Mode ref, Ref Stage 24, run, end, 9199870305366737
1787080804.467323, NoOp Chain Depth 64 Size 0 Mode ref, Ref Stage 25, run, start, 9199870305382625
1787080804.467344, NoOp Chain Depth 64 Size 0 Mode ref, Ref Stage 25, run, end, 9199870305403297
1787080804.467358, NoOp Chain Depth 64 Size 0 Mode ref, Ref Stage 26, run, start, 9199870305417649
1787080804.467380, NoOp Chain Depth 64 Size 0 Mode ref, Ref Stage 26, run, end, 9199870305439537
1787080804.467394, NoOp Chain Depth 64 Size 0 Mode ref, Ref Stage 27, run, start, 9199870305453761
1787080804.467416, NoOp Chain Depth 64 Size 0 Mode ref, Ref Stage 27, run, end, 9199870305475217
1787080804.467427, NoOp Chain Depth 64 Size 0 Mode ref, Ref Stage 28, run, start, 9199870305486817
1787080804.467457, NoOp Chain Depth 64 Size 0 Mode ref, Ref Stage 28, run, end, 9199870305515729
1787080804.467471, NoOp Chain Depth 64 Size 0 Mode ref, Ref Stage 29, run, start, 9199870305529937
1787080804.467491, NoOp Chain Depth 64 Size 0 Mode ref, Ref Stage 29, run, end, 9199870305549777
1787080804.467506, NoOp Chain Depth 64 Size 0 Mode ref, Ref Stage 30, run, start, 9199870305565361
1787080804.467526, NoOp Chain Depth 64 Size 0 Mode ref, Ref Stage 30, run, end, 9199870305585185
1787080804.467540, NoOp Chain Depth 64 Size 0 Mode ref, Ref Stage 31, run, start, 9199870305599281
1787080804.467561, NoOp Chain Depth 64 Size 0 Mode ref, Ref Stage 31, run, end, 9199870305620897
1787080804.467573, NoOp Chain Depth 64 Size 0 Mode ref, Ref Stage 32, run, start, 9199870305632497
1787080804.467608, NoOp Chain Depth 64 Size 0 Mode ref, Ref Stage 32, run, end, 9199870305667409
1787080804.467623, NoOp Chain Depth 64 Size 0 Mode ref, Ref Stage 33, run, start, 9199870305681665
1787080804.467642, NoOp Chain Depth 64 Size 0 Mode ref, Ref Stage 33, run, end, 9199870305701329
1787080804.467658, NoOp Chain Depth 64 Size 0 Mode ref, Ref Stage 34, run, start, 9199870305716913
1787080804.467680, NoOp Chain Depth 64 Size 0 Mode ref, Ref Stage 34, run, end, 9199870305739345
1787080804.467696, NoOp Chain Depth 64 Size 0 Mode ref, Ref Stage 35, run, start, 9199870305754993
1787080804.467717, NoOp Chain Depth 64 Size 0 Mode ref, Ref Stage 35, run, end, 9199870305776081
1787080804.467728, NoOp Chain Depth 64 Size 0 Mode ref, Ref Stage 36, run, start, 9199870305787457
1787080804.467757, NoOp Chain Depth 64 Size 0 Mode ref, Ref Stage 36, run, end, 9199870305816513
1787080804.467771, NoOp Chain Depth 64 Size 0 Mode ref, Ref Stage 37, run, start, 9199870305830577
1787080804.467792, NoOp Chain Depth 64 Size 0 Mode ref, Ref Stage 37, run, end, 9199870305851617
1787080804.467807, NoOp Chain Depth 64 Size 0 Mode ref, Ref Stage 38, run, start, 9199870305865745
1787080804.467826, NoOp Chain Depth 64 Size 0 Mode ref, Ref Stage 38, run, end, 9199870305885057
1787080804.467839, NoOp Chain Depth 64 Size 0 Mode ref, Ref Stage 39, run, start, 9199870305898769
1787080804.467860, NoOp Chain Depth 64 Size 0 Mode ref, Ref Stage 39, run, end, 9199870305919521
1787080804.467875, NoOp Chain Depth 64 Size 0 Mode ref, Ref Stage 40, run, start, 9199870305934497
1787080804.467896, NoOp Chain Depth 64 Size 0 Mode ref, Ref Stage 40, run, end, 9199870305955665
1787080804.467908, NoOp Chain Depth 64 Size 0 Mode ref, Ref Stage 41, run, start, 9199870305967105
1787080804.467937, NoOp Chain Depth 64 Size 0 Mode ref, Ref Stage 41, run, end, 9199870305996561
1787080804.467953, NoOp Chain Depth 64 Size 0 Mode ref, Ref Stage 42, run, start, 9199870306012785
1787080804.467976, NoOp Chain Depth 64 Size 0 Mode ref, Ref Stage 42, run, end, 9199870306035489
1787080804.467989, NoOp Chain Depth 64 Size 0 Mode ref, Ref Stage 43, run, start, 9199870306048705
1787080804.468019, NoOp Chain Depth 64 Size 0 Mode ref, Ref Stage 43, run, end, 9199870306077953
1787080804.468033, NoOp Chain Depth 64 Size 0 Mode ref, Ref Stage 44, run, start, 9199870306091841
1787080804.468054, NoOp Chain Depth 64 Size 0 Mode ref, Ref Stage 44, run, end, 9199870306113425
1787080804.468436, NoOp Chain Depth 64 Size 0 Mode ref, Ref Stage 45, run, start, 9199870306496641
1787080804.468579, NoOp Chain Depth 64 Size 0 Mode ref, Ref Stage 45, run, end, 9199870306638433
1787080804.468594, NoOp Chain Depth 64 Size 0 Mode ref, Ref Stage 46, run, start, 9199870306653073
1787080804.468614, NoOp Chain Depth 64 Size 0 Mode ref, Ref Stage 46, run, end, 9199870306673233
1787080804.468628, NoOp Chain Depth 64 Size 0 Mode ref, Ref Stage 47, run, start, 9199870306687729
1787080804.468652, NoOp Chain Depth 64 Size 0 Mode ref, Ref Stage 47, run, end, 9199870306710881
1787080804.468663, NoOp Chain Depth 64 Size 0 Mode ref, Ref Stage 48, run, start, 9199870306722497
1787080804.468694, NoOp Chain Depth 64 Size 0 Mode ref, Ref Stage 48, run, end, 9199870306753073
1787080804.468705, NoOp Chain Depth 64 Size 0 Mode ref, Ref Stage 49, run, start, 9199870306764689
1787080804.468734, NoOp Chain Depth 64 Size 0 Mode ref, Ref Stage 49, run, end, 9199870306793361
1787080804.468749, NoOp Chain Depth 64 Size 0 Mode ref, Ref Stage 50, run, start, 9199870306808673
1787080804.468769, NoOp Chain Depth 64 Size 0 Mode ref, Ref Stage 50, run, end, 9199870306828049
1787080804.468783, NoOp Chain Depth 64 Size 0 Mode ref, Ref Stage 51, run, start, 9199870306842209
1787080804.468802, NoOp Chain Depth 64 Size 0 Mode ref, Ref Stage 51, run, end, 9199870306861569
1787080804.468816, NoOp Chain Depth 64 Size 0 Mode ref, Ref Stage 52, run, start, 9199870306875553
1787080804.468836, NoOp Chain Depth 64 Size 0 Mode ref, Ref Stage 52, run, end, 9199870306895137
1787080804.468850, NoOp Chain Depth 64 Size 0 Mode ref, Ref Stage 53, run, start, 9199870306909073
1787080804.468869, NoOp Chain Depth 64 Size 0 Mode ref, Ref Stage 53, run, end, 9199870306928545
1787080804.468883, NoOp Chain Depth 64 Size 0 Mode ref, Ref Stage 54, run, start, 9199870306942769
1787080804.468904, NoOp Chain Depth 64 Size 0 Mode ref, Ref Stage 54, run, end, 9199870306963489
1787080804.468919, NoOp Chain Depth 64 Size 0 Mode ref, Ref Stage 55, run, start, 9199870306978193
1787080804.468939, NoOp Chain Depth 64 Size 0 Mode ref, Ref Stage 55, run, end, 9199870306998097
1787080804.468956, NoOp Chain Depth 64 Size 0 Mode ref, Ref Stage 56, run, start, 9199870307015265
1787080804.468977, NoOp Chain Depth 64 Size 0 Mode ref, Ref Stage 56, run, end, 9199870307036289
1787080804.468992, NoOp Chain Depth 64 Size 0 Mode ref, Ref Stage 57, run, start, 9199870307050817
1787080804.469012, NoOp Chain Depth 64 Size 0 Mode ref, Ref Stage 57, run, end, 9199870307070881
1787080804.469027, NoOp Chain Depth 64 Size 0 Mode ref, Ref Stage 58, run, start, 9199870307086273
1787080804.469047, NoOp Chain Depth 64 Size 0 Mode ref, Ref Stage 58, run, end, 9199870307106193
1787080804.469061, NoOp Chain Depth 64 Size 0 Mode ref, Ref Stage 59, run, start, 9199870307120529
1787080804.469081, NoOp Chain Depth 64 Size 0 Mode ref, Ref Stage 59, run, end, 9199870307140289
1787080804.469096, NoOp Chain Depth 64 Size 0 Mode ref, Ref Stage 60, run, start, 9199870307155185
1787080804.469116, NoOp Chain Depth 64 Size 0 Mode ref, Ref Stage 60, run, end, 9199870307174913
1787080804.469130, NoOp Chain Depth 64 Size 0 Mode ref, Ref Stage 61, run, start, 9199870307189329
1787080804.469150, NoOp Chain Depth 64 Size 0 Mode ref, Ref Stage 61, run, end, 9199870307210369
1787080804.469167, NoOp Chain Depth 64 Size 0 Mode ref, Ref Stage 62, run, start, 9199870307226081
1787080804.469188, NoOp Chain Depth 64 Size 0 Mode ref, Ref Stage 62, run, end, 9199870307247441
1787080804.469203, NoOp Chain Depth 64 Size 0 Mode ref, Ref Stage 63, run, start, 9199870307262001
1787080804.469222, NoOp Chain Depth 64 Size 0 Mode ref, Ref Stage 63, run, end, 9199870307281505
1787080804.469236, NoOp Chain Depth 64 Size 0 Mode ref, pipeline - train, run, end, 30952198469120865970384599643625504093, 1787080804.465692, 20, 1, 9199870307295969
1787080804.469275, NoOp Chain Depth 64 Size 0 Mode ref, pipeline - train, run, start, 270712566777863219593327177510809140603, 1787080804.469264, 21, 1, 9199870307334257
1787080804.469296, NoOp Chain Depth 64 Size 0 Mode ref, Ref Stage 0, run, start, 9199870307355793
1787080804.469316, NoOp Chain Depth 64 Size 0 Mode ref, Ref Stage 0, run, end, 9199870307375617
1787080804.469331, NoOp Chain Depth 64 Size 0 Mode ref, Ref Stage 1, run, start, 9199870307389777
1787080804.469352, NoOp Chain Depth 64 Size 0 Mode ref, Ref Stage 1, run, end, 9199870307410721
1787080804.469366, NoOp Chain Depth 64 Size 0 Mode ref, Ref Stage 2, run, start, 9199870307425009
1787080804.469387, NoOp Chain Depth 64 Size 0 Mode ref, Ref Stage 2, run, end, 9199870307446065
1787080804.469401, NoOp Chain Depth 64 Size 0 Mode ref, Ref Stage 3, run, start, 9199870307460161
1787080804.469420, NoOp Chain Depth 64 Size 0 Mode ref, Ref Stage 3, run, end, 9199870307479473
1787080804.469435, NoOp Chain Depth 64 Size 0 Mode ref, Ref Stage 4, run, start, 9199870307494369
1787080804.469456, NoOp Chain Depth 64 Size 0 Mode ref, Ref Stage 4, run, end, 9199870307515169
1787080804.469471, NoOp Chain Depth 64 Size 0 Mode ref, Ref Stage 5, run, start, 9199870307530017
1787080804.469492, NoOp Chain Depth 64 Size 0 Mode ref, Ref Stage 5, run, end, 9199870307551153
1787080804.469503, NoOp Chain Depth 64 Size 0 Mode ref, Ref Stage 6, run, start, 9199870307562561
1787080804.469972, NoOp Chain Depth 64 Size 0 Mode ref, Ref Stage 6, run, end, 9199870308032225
1787080804.469990, NoOp Chain Depth 64 Size 0 Mode ref, Ref Stage 7, run, start, 9199870308048993
1787080804.470011, NoOp Chain Depth 64 Size 0 Mode ref, Ref Stage 7, run, end, 9199870308070385
1787080804.470026, NoOp Chain Depth 64 Size 0 Mode ref, Ref Stage 8, run, start, 9199870308084785
1787080804.470045, NoOp Chain Depth 64 Size 0 Mode ref, Ref Stage 8, run, end, 9199870308104577
1787080804.470060, NoOp Chain Depth 64 Size 0 Mode ref, Ref Stage 9, run, start, 9199870308119153
1787080804.470082, NoOp Chain Depth 64 Size 0 Mode ref, Ref Stage 9, run, end, 9199870308140897
1787080804.470093, NoOp Chain Depth 64 Size 0 Mode ref, Ref Stage 10, run, start, 9199870308152433
1787080804.470123, NoOp Chain Depth 64 Size 0 Mode ref, Ref Stage 10, run, end, 9199870308181825
1787080804.470137, NoOp Chain Depth 64 Size 0 Mode ref, Ref Stage 11, run, start, 9199870308196065
1787080804.470156, NoOp Chain Depth 64 Size 0 Mode ref, Ref Stage 11, run, end, 9199870308215585
1787080804.470170, NoOp Chain Depth 64 Size 0 Mode ref, Ref Stage 12, run, start, 9199870308229393
1787080804.470191, NoOp Chain Depth 64 Size 0 Mode ref, Ref Stage 12, run, end, 9199870308250401
1787080804.470205, NoOp Chain Depth 64 Size 0 Mode ref, Ref Stage 13, run, start, 9199870308264545
1787080804.470225, NoOp Chain Depth 64 Size 0 Mode ref, Ref Stage 13, run, end, 9199870308284161
1787080804.470240, NoOp Chain Depth 64 Size 0 Mode ref, Ref Stage 14, run, start, 9199870308299249
1787080804.470259, NoOp Chain Depth 64 Size 0 Mode ref, Ref Stage 14, run, end, 9199870308318881
1787080804.470273, NoOp Chain Depth 64 Size 0 Mode ref, Ref Stage 15, run, start, 9199870308332817
1787080804.470294, NoOp Chain Depth 64 Size 0 Mode ref, Ref Stage 15, run, end, 9199870308353505
1787080804.470308, NoOp Chain Depth 64 Size 0 Mode ref, Ref Stage 16, run, start, 9199870308367489
1787080804.470327, NoOp Chain Depth 64 Size 0 Mode ref, Ref Stage 16, run, end, 9199870308386833
1787080804.470343, NoOp Chain Depth 64 Size 0 Mode ref, Ref Stage 17, run, start, 9199870308402305
1787080804.470362, NoOp Chain Depth 64 Size 0 Mode ref, Ref Stage 17, run, end, 9199870308422961
1787080804.470379, NoOp Chain Depth 64 Size 0 Mode ref, Ref Stage 18, run, start, 9199870308438129
1787080804.470398, NoOp Chain Depth 64 Size 0 Mode ref, Ref Stage 18, run, end, 9199870308457201
1787080804.470412, NoOp Chain Depth 64 Size 0 Mode ref, Ref Stage 19, run, start, 9199870308471265
1787080804.470431, NoOp Chain Depth 64 Size 0 Mode ref, Ref Stage 19, run, end, 9199870308490513
1787080804.470445, NoOp Chain Depth 64 Size 0 Mode ref, Ref Stage 20, run, start, 9199870308504273
1787080804.470464, NoOp Chain Depth 64 Size 0 Mode ref, Ref Stage 20, run, end, 9199870308523585
1787080804.470480, NoOp Chain Depth 64 Size 0 Mode ref, Ref Stage 21, run, start, 9199870308539025
1787080804.470499, NoOp Chain Depth 64 Size 0 Mode ref, Ref Stage 21, run, end, 9199870308558241
1787080804.470513, NoOp Chain Depth 64 Size 0 Mode ref, Ref Stage 22, run, start, 9199870308572225
1787080804.470534, NoOp Chain Depth 64 Size 0 Mode ref, Ref Stage 22, run, end, 9199870308593009
1787080804.470545, NoOp Chain Depth 64 Size 0 Mode ref, Ref Stage 23, run, start, 9199870308604673
1787080804.470584, NoOp Chain Depth 64 Size 0 Mode ref, Ref Stage 23, run, end, 9199870308643505
1787080804.470599, NoOp Chain Depth 64 Size 0 Mode ref, Ref Stage 24, run, start, 9199870308658081
1787080804.470618, NoOp Chain Depth 64 Size 0 Mode ref, Ref Stage 24, run, end, 9199870308677729
1787080804.470633, NoOp Chain Depth 64 Size 0 Mode ref, Ref Stage 25, run, start, 9199870308692001
1787080804.470652, NoOp Chain Depth 64 Size 0 Mode ref, Ref Stage 25, run, end, 9199870308711361
1787080804.470666, NoOp Chain Depth 64 Size 0 Mode ref, Ref Stage 26, run, start, 9199870308725425
1787080804.470685, NoOp Chain Depth 64 Size 0 Mode ref, Ref Stage 26, run, end, 9199870308744673
1787080804.470701, NoOp Chain Depth 64 Size 0 Mode ref, Ref Stage 27, run, start, 9199870308760129
1787080804.470721, NoOp Chain Depth 64 Size 0 Mode ref, Ref Stage 27, run, end, 9199870308779665
1787080804.470734, NoOp Chain Depth 64 Size 0 Mode ref, Ref Stage 28, run, start, 9199870308793713
1787080804.470758, NoOp Chain Depth 64 Size 0 Mode ref, Ref Stage 28, run, end, 9199870308817249
1787080804.470772, NoOp Chain Depth 64 Size 0 Mode ref, Ref Stage 29, run, start, 9199870308831393
1787080804.470792, NoOp Chain Depth 64 Size 0 Mode ref, Ref Stage 29, run, end, 9199870308850865
1787080804.470805, NoOp Chain Depth 64 Size 0 Mode ref, Ref Stage 30, run, start, 9199870308864721
1787080804.470825, NoOp Chain Depth 64 Size 0 Mode ref, Ref Stage 30, run, end, 9199870308884241
1787080804.470839, NoOp Chain Depth 64 Size 0 Mode ref, Ref Stage 31, run, start, 9199870308898561
1787080804.470859, NoOp Chain Depth 64 Size 0 Mode ref, Ref Stage 31, run, end, 9199870308918113
1787080804.470873, NoOp Chain Depth 64 Size 0 Mode ref, Ref Stage 32, run, start, 9199870308932033
1787080804.470892, NoOp Chain Depth 64 Size 0 Mode ref, Ref Stage 32, run, end, 9199870308951489
1787080804.470906, NoOp Chain Depth 64 Size 0 Mode ref, Ref Stage 33, run, start, 9199870308965489
1787080804.470927, NoOp Chain Depth 64 Size 0 Mode ref, Ref Stage 33, run, end, 9199870308986193
1787080804.470991, NoOp Chain Depth 64 Size 0 Mode ref, Ref Stage 34, run, start, 9199870309050593
1787080804.471013, NoOp Chain Depth 64 Size 0 Mode ref, Ref Stage 34, run, end, 9199870309071745
1787080804.471028, NoOp Chain Depth 64 Size 0 Mode ref, Ref Stage 35, run, start, 9199870309087521
1787080804.471051, NoOp Chain Depth 64 Size 0 Mode ref, Ref Stage 35, run, end, 9199870309110529
1787080804.471063, NoOp Chain Depth 64 Size 0 Mode ref, Ref Stage 36, run, start, 9199870309122177
1787080804.471092, NoOp Chain Depth 64 Size 0 Mode ref, Ref Stage 36, run, end, 9199870309151153
1787080804.471106, NoOp Chain Depth 64 Size 0 Mode ref, Ref Stage 37, run, start, 9199870309165089
1787080804.471127, NoOp Chain Depth 64 Size 0 Mode ref, Ref Stage 37, run, end, 9199870309186369
1787080804.471138, NoOp Chain Depth 64 Size 0 Mode ref, Ref Stage 38, run, start, 9199870309197601
1787080804.471349, NoOp Chain Depth 64 Size 0 Mode ref, Ref Stage 38, run, end, 9199870309408658
1787080804.471362, NoOp Chain Depth 64 Size 0 Mode ref, Ref Stage 39, run, start, 9199870309420946
1787080804.471391, NoOp Chain Depth 64 Size 0 Mode ref, Ref Stage 39, run, end, 9199870309450594
1787080804.471406, NoOp Chain Depth 64 Size 0 Mode ref, Ref Stage 40, run, start, 9199870309465570
1787080804.471428, NoOp Chain Depth 64 Size 0 Mode ref, Ref Stage 40, run, end, 9199870309486962
1787080804.471439, NoOp Chain Depth 64 Size 0 Mode ref, Ref Stage 41, run, start, 9199870309498610
1787080804.471469, NoOp Chain Depth 64 Size 0 Mode ref, Ref Stage 41, run, end, 9199870309528050
1787080804.471483, NoOp Chain Depth 64 Size 0 Mode ref, Ref Stage 42, run, start, 9199870309542146
1787080804.471505, NoOp Chain Depth 64 Size 0 Mode ref, Ref Stage 42, run, end, 9199870309564210
1787080804.471878, NoOp Chain Depth 64 Size 0 Mode ref, Ref Stage 43, run, start, 9199870309938146
1787080804.472016, NoOp Chain Depth 64 Size 0 Mode ref, Ref Stage 43, run, end, 9199870310075266
1787080804.472031, NoOp Chain Depth 64 Size 0 Mode ref, Ref Stage 44, run, start, 9199870310090018
1787080804.472052, NoOp Chain Depth 64 Size 0 Mode ref, Ref Stage 44, run, end, 9199870310111538
1787080804.472067, NoOp Chain Depth 64 Size 0 Mode ref, Ref Stage 45, run, start, 9199870310126162
1787080804.472087, NoOp Chain Depth 64 Size 0 Mode ref, Ref Stage 45, run, end, 9199870310146066
1787080804.472101, NoOp Chain Depth 64 Size 0 Mode ref, Ref Stage 46, run, start, 9199870310160402
1787080804.472121, NoOp Chain Depth 64 Size 0 Mode ref, Ref Stage 46, run, end, 9199870310180594
1787080804.472135, NoOp Chain Depth 64 Size 0 Mode ref, Ref Stage 47, run, start, 9199870310194754
1787080804.472157, NoOp Chain Depth 64 Size 0 Mode ref, Ref Stage 47, run, end, 9199870310215666
1787080804.472168, NoOp Chain Depth 64 Size 0 Mode ref, Ref Stage 48, run, start, 9199870310227250
1787080804.472199, NoOp Chain Depth 64 Size 0 Mode ref, Ref Stage 48, run, end, 9199870310257986
1787080804.472210, NoOp Chain Depth 64 Size 0 Mode ref, Ref Stage 49, run, start, 9199870310269602
1787080804.472240, NoOp Chain Depth 64 Size 0 Mode ref, Ref Stage 49, run, end, 9199870310299186
1787080804.472254, NoOp Chain Depth 64 Size 0 Mode ref, Ref Stage 50, run, start, 9199870310313282
1787080804.472274, NoOp Chain Depth 64 Size 0 Mode ref, Ref Stage 50, run, end, 9199870310333186
1787080804.472288, NoOp Chain Depth 64 Size 0 Mode ref, Ref Stage 51, run, start, 9199870310347330
1787080804.472308, NoOp Chain Depth 64 Size 0 Mode ref, Ref Stage 51, run, end, 9199870310368434
1787080804.472324, NoOp Chain Depth 64 Size 0 Mode ref, Ref Stage 52, run, start, 9199870310383586
1787080804.472345, NoOp Chain Depth 64 Size 0 Mode ref, Ref Stage 52, run, end, 9199870310404690
1787080804.472359, NoOp Chain Depth 64 Size 0 Mode ref, Ref Stage 53, run, start, 9199870310418818
1787080804.472379, NoOp Chain Depth 64 Size 0 Mode ref, Ref Stage 53, run, end, 9199870310438258
1787080804.472393, NoOp Chain Depth 64 Size 0 Mode ref, Ref Stage 54, run, start, 9199870310452130
1787080804.472414, NoOp Chain Depth 64 Size 0 Mode ref, Ref Stage 54, run, end, 9199870310472706
1787080804.472427, NoOp Chain Depth 64 Size 0 Mode ref, Ref Stage 55, run, start, 9199870310486642
1787080804.472447, NoOp Chain Depth 64 Size 0 Mode ref, Ref Stage 55, run, end, 9199870310506226
1787080804.472461, NoOp Chain Depth 64 Size 0 Mode ref, Ref Stage 56, run, start, 9199870310520834
1787080804.472481, NoOp Chain Depth 64 Size 0 Mode ref, Ref Stage 56, run, end, 9199870310540066
1787080804.472495, NoOp Chain Depth 64 Size 0 Mode ref, Ref Stage 57, run, start, 9199870310553954
1787080804.472516, NoOp Chain Depth 64 Size 0 Mode ref, Ref Stage 57, run, end, 9199870310575186
1787080804.472531, NoOp Chain Depth 64 Size 0 Mode ref, Ref Stage 58, run, start, 9199870310589970
1787080804.472550, NoOp Chain Depth 64 Size 0 Mode ref, Ref Stage 58, run, end, 9199870310609538
1787080804.472564, NoOp Chain Depth 64 Size 0 Mode ref, Ref Stage 59, run, start, 9199870310623554
1787080804.472585, NoOp Chain Depth 64 Size 0 Mode ref, Ref Stage 59, run, end, 9199870310644322
1787080804.472596, NoOp Chain Depth 64 Size 0 Mode ref, Ref Stage 60, run, start, 9199870310655906
1787080804.472626, NoOp Chain Depth 64 Size 0 Mode ref, Ref Stage 60, run, end, 9199870310685170
1787080804.472640, NoOp Chain Depth 64 Size 0 Mode ref, Ref Stage 61, run, start, 9199870310698946
1787080804.472659, NoOp Chain Depth 64 Size 0 Mode ref, Ref Stage 61, run, end, 9199870310718466
1787080804.472675, NoOp Chain Depth 64 Size 0 Mode ref, Ref Stage 62, run, start, 9199870310733810
1787080804.472695, NoOp Chain Depth 64 Size 0 Mode ref, Ref Stage 62, run, end, 9199870310754274
1787080804.472709, NoOp Chain Depth 64 Size 0 Mode ref, Ref Stage 63, run, start, 9199870310768674
1787080804.472728, NoOp Chain Depth 64 Size 0 Mode ref, Ref Stage 63, run, end, 9199870310787778
1787080804.472744, NoOp Chain Depth 64 Size 0 Mode ref, pipeline - train, run, end, 270712566777863219593327177510809140603, 1787080804.469264, 21, 1, 9199870310802914
1787080804.472782, NoOp Chain Depth 64 Size 0 Mode ref, pipeline - train, run, start, 187204929657005501123338445691598342267, 1787080804.472768, 22, 1, 9199870310841106
1787080804.472805, NoOp Chain Depth 64 Size 0 Mode ref, Ref Stage 0, run, start, 9199870310864306
1787080804.472825, NoOp Chain Depth 64 Size 0 Mode ref, Ref Stage 0, run, end, 9199870310884498
1787080804.472839, NoOp Chain Depth 64 Size 0 Mode ref, Ref Stage 1, run, start, 9199870310898850
1787080804.472861, NoOp Chain Depth 64 Size 0 Mode ref, Ref Stage 1, run, end, 9199870310919842
1787080804.472875, NoOp Chain Depth 64 Size 0 Mode ref, Ref Stage 2, run, start, 9199870310934098
1787080804.472896, NoOp Chain Depth 64 Size 0 Mode ref, Ref Stage 2, run, end, 9199870310954882
1787080804.472909, NoOp Chain Depth 64 Size 0 Mode ref, Ref Stage 3, run, start, 9199870310968722
1787080804.472929, NoOp Chain Depth 64 Size 0 Mode ref, Ref Stage 3, run, end, 9199870310987842
1787080804.472945, NoOp Chain Depth 64 Size 0 Mode ref, Ref Stage 4, run, start, 9199870311004066
1787080804.472967, NoOp Chain Depth 64 Size 0 Mode ref, Ref Stage 4, run, end, 9199870311026130
1787080804.472979, NoOp Chain Depth 64 Size 0 Mode ref, Ref Stage 5, run, start, 9199870311038162
1787080804.473008, NoOp Chain Depth 64 Size 0 Mode ref, Ref Stage 5, run, end, 9199870311067442
1787080804.473022, NoOp Chain Depth 64 Size 0 Mode ref, Ref Stage 6, run, start, 9199870311081730
1787080804.473042, NoOp Chain Depth 64 Size 0 Mode ref, Ref Stage 6, run, end, 9199870311101250
1787080804.473056, NoOp Chain Depth 64 Size 0 Mode ref, Ref Stage 7, run, start, 9199870311115090
1787080804.473078, NoOp Chain Depth 64 Size 0 Mode ref, Ref Stage 7, run, end, 9199870311136914
1787080804.473092, NoOp Chain Depth 64 Size 0 Mode ref, Ref Stage 8, run, start, 9199870311150930
1787080804.473113, NoOp Chain Depth 64 Size 0 Mode ref, Ref Stage 8, run, end, 9199870311171762
1787080804.473127, NoOp Chain Depth 64 Size 0 Mode ref, Ref Stage 9, run, start, 9199870311185842
1787080804.473146, NoOp Chain Depth 64 Size 0 Mode ref, Ref Stage 9, run, end, 9199870311205298
1787080804.473160, NoOp Chain Depth 64 Size 0 Mode ref, Ref Stage 10, run, start, 9199870311219218
1787080804.473180, NoOp Chain Depth 64 Size 0 Mode ref, Ref Stage 10, run, end, 9199870311238930
1787080804.473195, NoOp Chain Depth 64 Size 0 Mode ref, Ref Stage 11, run, start, 9199870311254594
1787080804.473215, NoOp Chain Depth 64 Size 0 Mode ref, Ref Stage 11, run, end, 9199870311273986
1787080804.473229, NoOp Chain Depth 64 Size 0 Mode ref, Ref Stage 12, run, start, 9199870311288114
1787080804.473248, NoOp Chain Depth 64 Size 0 Mode ref, Ref Stage 12, run, end, 9199870311307698
1787080804.473262, NoOp Chain Depth 64 Size 0 Mode ref, Ref Stage 13, run, start, 9199870311321698
1787080804.473283, NoOp Chain Depth 64 Size 0 Mode ref, Ref Stage 13, run, end, 9199870311342738
1787080804.473297, NoOp Chain Depth 64 Size 0 Mode ref, Ref Stage 14, run, start, 9199870311356738
1787080804.473317, NoOp Chain Depth 64 Size 0 Mode ref, Ref Stage 14, run, end, 9199870311376130
1787080804.473331, NoOp Chain Depth 64 Size 0 Mode ref, Ref Stage 15, run, start, 9199870311390082
1787080804.473351, NoOp Chain Depth 64 Size 0 Mode ref, Ref Stage 15, run, end, 9199870311410802
1787080804.473365, NoOp Chain Depth 64 Size 0 Mode ref, Ref Stage 16, run, start, 9199870311424642
1787080804.473384, NoOp Chain Depth 64 Size 0 Mode ref, Ref Stage 16, run, end, 9199870311443826
1787080804.473398, NoOp Chain Depth 64 Size 0 Mode ref, Ref Stage 17, run, start, 9199870311457730
1787080804.473418, NoOp Chain Depth 64 Size 0 Mode ref, Ref Stage 17, run, end, 9199870311477090
1787080804.473432, NoOp Chain Depth 64 Size 0 Mode ref, Ref Stage 18, run, start, 9199870311491042
1787080804.473452, NoOp Chain Depth 64 Size 0 Mode ref, Ref Stage 18, run, end, 9199870311511666
1787080804.473466, NoOp Chain Depth 64 Size 0 Mode ref, Ref Stage 19, run, start, 9199870311525762
1787080804.473486, NoOp Chain Depth 64 Size 0 Mode ref, Ref Stage 19, run, end, 9199870311545170
1787080804.473500, NoOp Chain Depth 64 Size 0 Mode ref, Ref Stage 20, run, start, 9199870311559138
1787080804.473524, NoOp Chain Depth 64 Size 0 Mode ref, Ref Stage 20, run, end, 9199870311583138
1787080804.473538, NoOp Chain Depth 64 Size 0 Mode ref, Ref Stage 21, run, start, 9199870311597218
1787080804.473557, NoOp Chain Depth 64 Size 0 Mode ref, Ref Stage 21, run, end, 9199870311616434
1787080804.473572, NoOp Chain Depth 64 Size 0 Mode ref, Ref Stage 22, run, start, 9199870311631714
1787080804.473593, NoOp Chain Depth 64 Size 0 Mode ref, Ref Stage 22, run, end, 9199870311652754
1787080804.473609, NoOp Chain Depth 64 Size 0 Mode ref, Ref Stage 23, run, start, 9199870311668194
1787080804.473630, NoOp Chain Depth 64 Size 0 Mode ref, Ref Stage 23, run, end, 9199870311689170
1787080804.473644, NoOp Chain Depth 64 Size 0 Mode ref, Ref Stage 24, run, start, 9199870311703090
1787080804.473663, NoOp Chain Depth 64 Size 0 Mode ref, Ref Stage 24, run, end, 9199870311722514
1787080804.473679, NoOp Chain Depth 64 Size 0 Mode ref, Ref Stage 25, run, start, 9199870311738130
1787080804.473698, NoOp Chain Depth 64 Size 0 Mode ref, Ref Stage 25, run, end, 9199870311757506
1787080804.473713, NoOp Chain Depth 64 Size 0 Mode ref, Ref Stage 26, run, start, 9199870311772818
1787080804.473733, NoOp Chain Depth 64 Size 0 Mode ref, Ref Stage 26, run, end, 9199870311792210
1787080804.473747, NoOp Chain Depth 64 Size 0 Mode ref, Ref Stage 27, run, start, 9199870311806418
1787080804.473768, NoOp Chain Depth 64 Size 0 Mode ref, Ref Stage 27, run, end, 9199870311827346
1787080804.473779, NoOp Chain Depth 64 Size 0 Mode ref, Ref Stage 28, run, start, 9199870311838738
1787080804.473810, NoOp Chain Depth 64 Size 0 Mode ref, Ref Stage 28, run, end, 9199870311870898
1787080804.473827, NoOp Chain Depth 64 Size 0 Mode ref, Ref Stage 29, run, start, 9199870311886194
1787080804.473846, NoOp Chain Depth 64 Size 0 Mode ref, Ref Stage 29, run, end, 9199870311905778
1787080804.473860, NoOp Chain Depth 64 Size 0 Mode ref, Ref Stage 30, run, start, 9199870311919714
1787080804.473880, NoOp Chain Depth 64 Size 0 Mode ref, Ref Stage 30, run, end, 9199870311938882
1787080804.473894, NoOp Chain Depth 64 Size 0 Mode ref, Ref Stage 31, run, start, 9199870311953618
1787080804.473914, NoOp Chain Depth 64 Size 0 Mode ref, Ref Stage 31, run, end, 9199870311972914
1787080804.473927, NoOp Chain Depth 64 Size 0 Mode ref, Ref Stage 32, run, start, 9199870311986818
1787080804.473950, NoOp Chain Depth 64 Size 0 Mode ref, Ref Stage 32, run, end, 9199870312009314
1787080804.474565, NoOp Chain Depth 64 Size 0 Mode ref, Ref Stage 33, run, start, 9199870312625026
1787080804.474589, NoOp Chain Depth 64 Size 0 Mode ref, Ref Stage 33, run, end, 9199870312649090
1787080804.474605, NoOp Chain Depth 64 Size 0 Mode ref, Ref Stage 34, run, start, 9199870312664594
1787080804.474626, NoOp Chain Depth 64 Size 0 Mode ref, Ref Stage 34, run, end, 9199870312684754
1787080804.474639, NoOp Chain Depth 64 Size 0 Mode ref, Ref Stage 35, run, start, 9199870312698754
1787080804.474659, NoOp Chain Depth 64 Size 0 Mode ref, Ref Stage 35, run, end, 9199870312718338
1787080804.474674, NoOp Chain Depth 64 Size 0 Mode ref, Ref Stage 36, run, start, 9199870312732930
1787080804.474693, NoOp Chain Depth 64 Size 0 Mode ref, Ref Stage 36, run, end, 9199870312752658
1787080804.474707, NoOp Chain Depth 64 Size 0 Mode ref, Ref Stage 37, run, start, 9199870312766770
1787080804.474727, NoOp Chain Depth 64 Size 0 Mode ref, Ref Stage 37, run, end, 9199870312786162
1787080804.474741, NoOp Chain Depth 64 Size 0 Mode ref, Ref Stage 38, run, start, 9199870312800242
1787080804.474762, NoOp Chain Depth 64 Size 0 Mode ref, Ref Stage 38, run, end, 9199870312821650
1787080804.475138, NoOp Chain Depth 64 Size 0 Mode ref, Ref Stage 39, run, start, 9199870313197762
1787080804.475160, NoOp Chain Depth 64 Size 0 Mode ref, Ref Stage 39, run, end, 9199870313219602
1787080804.475289, NoOp Chain Depth 64 Size 0 Mode ref, Ref Stage 40, run, start, 9199870313348850
1787080804.475310, NoOp Chain Depth 64 Size 0 Mode ref, Ref Stage 40, run, end, 9199870313369554
1787080804.475325, NoOp Chain Depth 64 Size 0 Mode ref, Ref Stage 41, run, start, 9199870313384130
1787080804.475348, NoOp Chain Depth 64 Size 0 Mode ref, Ref Stage 41, run, end, 9199870313407666
1787080804.475360, NoOp Chain Depth 64 Size 0 Mode ref, Ref Stage 42, run, start, 9199870313419522
1787080804.475390, NoOp Chain Depth 64 Size 0 Mode ref, Ref Stage 42, run, end, 9199870313448866
1787080804.475405, NoOp Chain Depth 64 Size 0 Mode ref, Ref Stage 43, run, start, 9199870313463778
1787080804.475425, NoOp Chain Depth 64 Size 0 Mode ref, Ref Stage 43, run, end, 9199870313484866
1787080804.475437, NoOp Chain Depth 64 Size 0 Mode ref, Ref Stage 44, run, start, 9199870313496386
1787080804.475466, NoOp Chain Depth 64 Size 0 Mode ref, Ref Stage 44, run, end, 9199870313525634
1787080804.475480, NoOp Chain Depth 64 Size 0 Mode ref, Ref Stage 45, run, start, 9199870313539762
1787080804.475500, NoOp Chain Depth 64 Size 0 Mode ref, Ref Stage 45, run, end, 9199870313559570
1787080804.475514, NoOp Chain Depth 64 Size 0 Mode ref, Ref Stage 46, run, start, 9199870313573778
1787080804.475534, NoOp Chain Depth 64 Size 0 Mode ref, Ref Stage 46, run, end, 9199870313593778
1787080804.475549, NoOp Chain Depth 64 Size 0 Mode ref, Ref Stage 47, run, start, 9199870313608802
1787080804.475572, NoOp Chain Depth 64 Size 0 Mode ref, Ref Stage 47, run, end, 9199870313631106
1787080804.475583, NoOp Chain Depth 64 Size 0 Mode ref, Ref Stage 48, run, start, 9199870313642690
1787080804.475613, NoOp Chain Depth 64 Size 0 Mode ref, Ref Stage 48, run, end, 9199870313671906
1787080804.475627, NoOp Chain Depth 64 Size 0 Mode ref, Ref Stage 49, run, start, 9199870313686114
1787080804.475647, NoOp Chain Depth 64 Size 0 Mode ref, Ref Stage 49, run, end, 9199870313705938
1787080804.475661, NoOp Chain Depth 64 Size 0 Mode ref, Ref Stage 50, run, start, 9199870313719986
1787080804.475681, NoOp Chain Depth 64 Size 0 Mode ref, Ref Stage 50, run, end, 9199870313739714
1787080804.475695, NoOp Chain Depth 64 Size 0 Mode ref, Ref Stage 51, run, start, 9199870313753778
1787080804.475714, NoOp Chain Depth 64 Size 0 Mode ref, Ref Stage 51, run, end, 9199870313773266
1787080804.475729, NoOp Chain Depth 64 Size 0 Mode ref, Ref Stage 52, run, start, 9199870313788866
1787080804.475750, NoOp Chain Depth 64 Size 0 Mode ref, Ref Stage 52, run, end, 9199870313809554
1787080804.475764, NoOp Chain Depth 64 Size 0 Mode ref, Ref Stage 53, run, start, 9199870313823458
1787080804.475783, NoOp Chain Depth 64 Size 0 Mode ref, Ref Stage 53, run, end, 9199870313842818
1787080804.475797, NoOp Chain Depth 64 Size 0 Mode ref, Ref Stage 54, run, start, 9199870313856786
1787080804.475818, NoOp Chain Depth 64 Size 0 Mode ref, Ref Stage 54, run, end, 9199870313877698
1787080804.475832, NoOp Chain Depth 64 Size 0 Mode ref, Ref Stage 55, run, start, 9199870313891666
1787080804.475852, NoOp Chain Depth 64 Size 0 Mode ref, Ref Stage 55, run, end, 9199870313911010
1787080804.475866, NoOp Chain Depth 64 Size 0 Mode ref, Ref Stage 56, run, start, 9199870313924882
1787080804.475887, NoOp Chain Depth 64 Size 0 Mode ref, Ref Stage 56, run, end, 9199870313945970
1787080804.475901, NoOp Chain Depth 64 Size 0 Mode ref, Ref Stage 57, run, start, 9199870313959890
1787080804.475922, NoOp Chain Depth 64 Size 0 Mode ref, Ref Stage 57, run, end, 9199870313980834
1787080804.475936, NoOp Chain Depth 64 Size 0 Mode ref, Ref Stage 58, run, start, 9199870313995922
1787080804.475958, NoOp Chain Depth 64 Size 0 Mode ref, Ref Stage 58, run, end, 9199870314017218
1787080804.475973, NoOp Chain Depth 64 Size 0 Mode ref, Ref Stage 59, run, start, 9199870314032642
1787080804.475994, NoOp Chain Depth 64 Size 0 Mode ref, Ref Stage 59, run, end, 9199870314053202
1787080804.476005, NoOp Chain Depth 64 Size 0 Mode ref, Ref Stage 60, run, start, 9199870314064594
1787080804.476034, NoOp Chain Depth 64 Size 0 Mode ref, Ref Stage 60, run, end, 9199870314093490
1787080804.476048, NoOp Chain Depth 64 Size 0 Mode ref, Ref Stage 61, run, start, 9199870314107490
1787080804.476068, NoOp Chain Depth 64 Size 0 Mode ref, Ref Stage 61, run, end, 9199870314126802
1787080804.476081, NoOp Chain Depth 64 Size 0 Mode ref, Ref Stage 62, run, start, 9199870314140658
1787080804.476102, NoOp Chain Depth 64 Size 0 Mode ref, Ref Stage 62, run, end, 9199870314161298
1787080804.476118, NoOp Chain Depth 64 Size 0 Mode ref, Ref Stage 63, run, start, 9199870314176962
1787080804.476138, NoOp Chain Depth 64 Size 0 Mode ref, Ref Stage 63, run, end, 9199870314197394
1787080804.476152, NoOp Chain Depth 64 Size 0 Mode ref, pipeline - train, run, end, 187204929657005501123338445691598342267, 1787080804.472768, 22, 1, 9199870314211586
1787080804.476187, NoOp Chain Depth 64 Size 0 Mode ref, pipeline - train, run, start, 189756259341099986563515937505990998086, 1787080804.476177, 23, 1, 9199870314246098
1787080804.476208, NoOp Chain Depth 64 Size 0 Mode ref, Ref Stage 0, run, start, 9199870314267442
1787080804.476229, NoOp Chain Depth 64 Size 0 Mode ref, Ref Stage 0, run, end, 9199870314288434
1787080804.476243, NoOp Chain Depth 64 Size 0 Mode ref, Ref Stage 1, run, start, 9199870314302578
1787080804.476264, NoOp Chain Depth 64 Size 0 Mode ref, Ref Stage 1, run, end, 9199870314323234
1787080804.476278, NoOp Chain Depth 64 Size 0 Mode ref, Ref Stage 2, run, start, 9199870314337234
1787080804.476297, NoOp Chain Depth 64 Size 0 Mode ref, Ref Stage 2, run, end, 9199870314356786
1787080804.476311, NoOp Chain Depth 64 Size 0 Mode ref, Ref Stage 3, run, start, 9199870314370930
1787080804.476331, NoOp Chain Depth 64 Size 0 Mode ref, Ref Stage 3, run, end, 9199870314390514
1787080804.476346, NoOp Chain Depth 64 Size 0 Mode ref, Ref Stage 4, run, start, 9199870314405458
1787080804.476368, NoOp Chain Depth 64 Size 0 Mode ref, Ref Stage 4, run, end, 9199870314427170
1787080804.476380, NoOp Chain Depth 64 Size 0 Mode ref, Ref Stage 5, run, start, 9199870314439810
1787080804.476410, NoOp Chain Depth 64 Size 0 Mode ref, Ref Stage 5, run, end, 9199870314469474
1787080804.476425, NoOp Chain Depth 64 Size 0 Mode ref, Ref Stage 6, run, start, 9199870314483970
1787080804.476498, NoOp Chain Depth 64 Size 0 Mode ref, Ref Stage 6, run, end, 9199870314557346
1787080804.476514, NoOp Chain Depth 64 Size 0 Mode ref, Ref Stage 7, run, start, 9199870314572914
1787080804.476534, NoOp Chain Depth 64 Size 0 Mode ref, Ref Stage 7, run, end, 9199870314593298
1787080804.476548, NoOp Chain Depth 64 Size 0 Mode ref, Ref Stage 8, run, start, 9199870314607682
1787080804.476570, NoOp Chain Depth 64 Size 0 Mode ref, Ref Stage 8, run, end, 9199870314629122
1787080804.476585, NoOp Chain Depth 64 Size 0 Mode ref, Ref Stage 9, run, start, 9199870314644274
1787080804.476605, NoOp Chain Depth 64 Size 0 Mode ref, Ref Stage 9, run, end, 9199870314664306
1787080804.476620, NoOp Chain Depth 64 Size 0 Mode ref, Ref Stage 10, run, start, 9199870314679554
1787080804.476641, NoOp Chain Depth 64 Size 0 Mode ref, Ref Stage 10, run, end, 9199870314700578
1787080804.476653, NoOp Chain Depth 64 Size 0 Mode ref, Ref Stage 11, run, start, 9199870314712146
1787080804.476682, NoOp Chain Depth 64 Size 0 Mode ref, Ref Stage 11, run, end, 9199870314741282
1787080804.476696, NoOp Chain Depth 64 Size 0 Mode ref, Ref Stage 12, run, start, 9199870314755218
1787080804.476717, NoOp Chain Depth 64 Size 0 Mode ref, Ref Stage 12, run, end, 9199870314776130
1787080804.476731, NoOp Chain Depth 64 Size 0 Mode ref, Ref Stage 13, run, start, 9199870314790114
1787080804.476752, NoOp Chain Depth 64 Size 0 Mode ref, Ref Stage 13, run, end, 9199870314810786
1787080804.476765, NoOp Chain Depth 64 Size 0 Mode ref, Ref Stage 14, run, start, 9199870314824706
1787080804.476785, NoOp Chain Depth 64 Size 0 Mode ref, Ref Stage 14, run, end, 9199870314844146
1787080804.476804, NoOp Chain Depth 64 Size 0 Mode ref, Ref Stage 15, run, start, 9199870314863090
1787080804.476825, NoOp Chain Depth 64 Size 0 Mode ref, Ref Stage 15, run, end, 9199870314884034
1787080804.476839, NoOp Chain Depth 64 Size 0 Mode ref, Ref Stage 16, run, start, 9199870314897970
1787080804.476858, NoOp Chain Depth 64 Size 0 Mode ref, Ref Stage 16, run, end, 9199870314917378
1787080804.476872, NoOp Chain Depth 64 Size 0 Mode ref, Ref Stage 17, run, start, 9199870314931314
1787080804.476891, NoOp Chain Depth 64 Size 0 Mode ref, Ref Stage 17, run, end, 9199870314950706
1787080804.476907, NoOp Chain Depth 64 Size 0 Mode ref, Ref Stage 18, run, start, 9199870314966290
1787080804.476926, NoOp Chain Depth 64 Size 0 Mode ref, Ref Stage 18, run, end, 9199870314985538
1787080804.476943, NoOp Chain Depth 64 Size 0 Mode ref, Ref Stage 19, run, start, 9199870315004322
1787080804.476966, NoOp Chain Depth 64 Size 0 Mode ref, Ref Stage 19, run, end, 9199870315024946
1787080804.476980, NoOp Chain Depth 64 Size 0 Mode ref, Ref Stage 20, run, start, 9199870315039810
1787080804.477000, NoOp Chain Depth 64 Size 0 Mode ref, Ref Stage 20, run, end, 9199870315059090
1787080804.477014, NoOp Chain Depth 64 Size 0 Mode ref, Ref Stage 21, run, start, 9199870315073074
1787080804.477033, NoOp Chain Depth 64 Size 0 Mode ref, Ref Stage 21, run, end, 9199870315092402
1787080804.477047, NoOp Chain Depth 64 Size 0 Mode ref, Ref Stage 22, run, start, 9199870315106498
1787080804.477068, NoOp Chain Depth 64 Size 0 Mode ref, Ref Stage 22, run, end, 9199870315127234
1787080804.477080, NoOp Chain Depth 64 Size 0 Mode ref, Ref Stage 23, run, start, 9199870315138834
1787080804.479425, NoOp Chain Depth 64 Size 0 Mode ref, Ref Stage 23, run, end, 9199870317485426
1787080804.479442, NoOp Chain Depth 64 Size 0 Mode ref, Ref Stage 24, run, start, 9199870317501650
1787080804.479463, NoOp Chain Depth 64 Size 0 Mode ref, Ref Stage 24, run, end, 9199870317521986
1787080804.479477, NoOp Chain Depth 64 Size 0 Mode ref, Ref Stage 25, run, start, 9199870317536386
1787080804.479497, NoOp Chain Depth 64 Size 0 Mode ref, Ref Stage 25, run, end, 9199870317556834
1787080804.479512, NoOp Chain Depth 64 Size 0 Mode ref, Ref Stage 26, run, start, 9199870317571282
1787080804.479532, NoOp Chain Depth 64 Size 0 Mode ref, Ref Stage 26, run, end, 9199870317591202
1787080804.479546, NoOp Chain Depth 64 Size 0 Mode ref, Ref Stage 27, run, start, 9199870317605618
1787080804.479566, NoOp Chain Depth 64 Size 0 Mode ref, Ref Stage 27, run, end, 9199870317625378
1787080804.479580, NoOp Chain Depth 64 Size 0 Mode ref, Ref Stage 28, run, start, 9199870317639714
1787080804.479602, NoOp Chain Depth 64 Size 0 Mode ref, Ref Stage 28, run, end, 9199870317661394
1787080804.479614, NoOp Chain Depth 64 Size 0 Mode ref, Ref Stage 29, run, start, 9199870317673602
1787080804.479644, NoOp Chain Depth 64 Size 0 Mode ref, Ref Stage 29, run, end, 9199870317703362
1787080804.479659, NoOp Chain Depth 64 Size 0 Mode ref, Ref Stage 30, run, start, 9199870317717794
1787080804.479678, NoOp Chain Depth 64 Size 0 Mode ref, Ref Stage 30, run, end, 9199870317737666
1787080804.479693, NoOp Chain Depth 64 Size 0 Mode ref, Ref Stage 31, run, start, 9199870317752738
1787080804.479713, NoOp Chain Depth 64 Size 0 Mode ref, Ref Stage 31, run, end, 9199870317772834
1787080804.480038, NoOp Chain Depth 64 Size 0 Mode ref, Ref Stage 32, run, start, 9199870318097762
1787080804.480062, NoOp Chain Depth 64 Size 0 Mode ref, Ref Stage 32, run, end, 9199870318121442
1787080804.480077, NoOp Chain Depth 64 Size 0 Mode ref, Ref Stage 33, run, start, 9199870318136242
1787080804.480097, NoOp Chain Depth 64 Size 0 Mode ref, Ref Stage 33, run, end, 9199870318156050
1787080804.480111, NoOp Chain Depth 64 Size 0 Mode ref, Ref Stage 34, run, start, 9199870318170210
1787080804.480131, NoOp Chain Depth 64 Size 0 Mode ref, Ref Stage 34, run, end, 9199870318189762
1787080804.480145, NoOp Chain Depth 64 Size 0 Mode ref, Ref Stage 35, run, start, 9199870318203602
1787080804.480164, NoOp Chain Depth 64 Size 0 Mode ref, Ref Stage 35, run, end, 9199870318223298
1787080804.480178, NoOp Chain Depth 64 Size 0 Mode ref, Ref Stage 36, run, start, 9199870318237218
1787080804.480197, NoOp Chain Depth 64 Size 0 Mode ref, Ref Stage 36, run, end, 9199870318256546
1787080804.480211, NoOp Chain Depth 64 Size 0 Mode ref, Ref Stage 37, run, start, 9199870318270562
1787080804.480232, NoOp Chain Depth 64 Size 0 Mode ref, Ref Stage 37, run, end, 9199870318291506
1787080804.480244, NoOp Chain Depth 64 Size 0 Mode ref, Ref Stage 38, run, start, 9199870318303474
1787080804.480276, NoOp Chain Depth 64 Size 0 Mode ref, Ref Stage 38, run, end, 9199870318335010
1787080804.480290, NoOp Chain Depth 64 Size 0 Mode ref, Ref Stage 39, run, start, 9199870318349346
1787080804.480310, NoOp Chain Depth 64 Size 0 Mode ref, Ref Stage 39, run, end, 9199870318369026
1787080804.480324, NoOp Chain Depth 64 Size 0 Mode ref, Ref Stage 40, run, start, 9199870318383186
1787080804.480344, NoOp Chain Depth 64 Size 0 Mode ref, Ref Stage 40, run, end, 9199870318403154
1787080804.480359, NoOp Chain Depth 64 Size 0 Mode ref, Ref Stage 41, run, start, 9199870318418162
1787080804.480380, NoOp Chain Depth 64 Size 0 Mode ref, Ref Stage 41, run, end, 9199870318439202
1787080804.480392, NoOp Chain Depth 64 Size 0 Mode ref, Ref Stage 42, run, start, 9199870318450834
1787080804.480421, NoOp Chain Depth 64 Size 0 Mode ref, Ref Stage 42, run, end, 9199870318480258
1787080804.480435, NoOp Chain Depth 64 Size 0 Mode ref, Ref Stage 43, run, start, 9199870318494498
1787080804.480455, NoOp Chain Depth 64 Size 0 Mode ref, Ref Stage 43, run, end, 9199870318514210
1787080804.480469, NoOp Chain Depth 64 Size 0 Mode ref, Ref Stage 44, run, start, 9199870318528354
1787080804.480489, NoOp Chain Depth 64 Size 0 Mode ref, Ref Stage 44, run, end, 9199870318547858
1787080804.480503, NoOp Chain Depth 64 Size 0 Mode ref, Ref Stage 45, run, start, 9199870318561970
1787080804.480522, NoOp Chain Depth 64 Size 0 Mode ref, Ref Stage 45, run, end, 9199870318581890
1787080804.480536, NoOp Chain Depth 64 Size 0 Mode ref, Ref Stage 46, run, start, 9199870318595890
1787080804.480556, NoOp Chain Depth 64 Size 0 Mode ref, Ref Stage 46, run, end, 9199870318615554
1787080804.480571, NoOp Chain Depth 64 Size 0 Mode ref, Ref Stage 47, run, start, 9199870318630387
1787080804.480591, NoOp Chain Depth 64 Size 0 Mode ref, Ref Stage 47, run, end, 9199870318649891
1787080804.480605, NoOp Chain Depth 64 Size 0 Mode ref, Ref Stage 48, run, start, 9199870318663939
1787080804.480626, NoOp Chain Depth 64 Size 0 Mode ref, Ref Stage 48, run, end, 9199870318684931
1787080804.481014, NoOp Chain Depth 64 Size 0 Mode ref, Ref Stage 49, run, start, 9199870319074659
1787080804.481039, NoOp Chain Depth 64 Size 0 Mode ref, Ref Stage 49, run, end, 9199870319098723
1787080804.481051, NoOp Chain Depth 64 Size 0 Mode ref, Ref Stage 50, run, start, 9199870319110515
1787080804.481196, NoOp Chain Depth 64 Size 0 Mode ref, Ref Stage 50, run, end, 9199870319255539
1787080804.481211, NoOp Chain Depth 64 Size 0 Mode ref, Ref Stage 51, run, start, 9199870319270003
1787080804.481230, NoOp Chain Depth 64 Size 0 Mode ref, Ref Stage 51, run, end, 9199870319289731
1787080804.481244, NoOp Chain Depth 64 Size 0 Mode ref, Ref Stage 52, run, start, 9199870319303795
1787080804.481264, NoOp Chain Depth 64 Size 0 Mode ref, Ref Stage 52, run, end, 9199870319323059
1787080804.481278, NoOp Chain Depth 64 Size 0 Mode ref, Ref Stage 53, run, start, 9199870319336995
1787080804.481297, NoOp Chain Depth 64 Size 0 Mode ref, Ref Stage 53, run, end, 9199870319356483
1787080804.481311, NoOp Chain Depth 64 Size 0 Mode ref, Ref Stage 54, run, start, 9199870319370403
1787080804.481331, NoOp Chain Depth 64 Size 0 Mode ref, Ref Stage 54, run, end, 9199870319390147
1787080804.481345, NoOp Chain Depth 64 Size 0 Mode ref, Ref Stage 55, run, start, 9199870319404259
1787080804.481364, NoOp Chain Depth 64 Size 0 Mode ref, Ref Stage 55, run, end, 9199870319423715
1787080804.481379, NoOp Chain Depth 64 Size 0 Mode ref, Ref Stage 56, run, start, 9199870319437699
1787080804.481398, NoOp Chain Depth 64 Size 0 Mode ref, Ref Stage 56, run, end, 9199870319457107
1787080804.481412, NoOp Chain Depth 64 Size 0 Mode ref, Ref Stage 57, run, start, 9199870319471235
1787080804.481432, NoOp Chain Depth 64 Size 0 Mode ref, Ref Stage 57, run, end, 9199870319491075
1787080804.481447, NoOp Chain Depth 64 Size 0 Mode ref, Ref Stage 58, run, start, 9199870319506003
1787080804.481466, NoOp Chain Depth 64 Size 0 Mode ref, Ref Stage 58, run, end, 9199870319525523
1787080804.481480, NoOp Chain Depth 64 Size 0 Mode ref, Ref Stage 59, run, start, 9199870319539859
1787080804.481502, NoOp Chain Depth 64 Size 0 Mode ref, Ref Stage 59, run, end, 9199870319561523
1787080804.481516, NoOp Chain Depth 64 Size 0 Mode ref, Ref Stage 60, run, start, 9199870319575539
1787080804.481536, NoOp Chain Depth 64 Size 0 Mode ref, Ref Stage 60, run, end, 9199870319595075
1787080804.481550, NoOp Chain Depth 64 Size 0 Mode ref, Ref Stage 61, run, start, 9199870319609187
1787080804.481569, NoOp Chain Depth 64 Size 0 Mode ref, Ref Stage 61, run, end, 9199870319628499
1787080804.481583, NoOp Chain Depth 64 Size 0 Mode ref, Ref Stage 62, run, start, 9199870319642387
1787080804.481603, NoOp Chain Depth 64 Size 0 Mode ref, Ref Stage 62, run, end, 9199870319661875
1787080804.481617, NoOp Chain Depth 64 Size 0 Mode ref, Ref Stage 63, run, start, 9199870319676051
1787080804.481638, NoOp Chain Depth 64 Size 0 Mode ref, Ref Stage 63, run, end, 9199870319697187
1787080804.481652, NoOp Chain Depth 64 Size 0 Mode ref, pipeline - train, run, end, 189756259341099986563515937505990998086, 1787080804.476177, 23, 1, 9199870319711539
1787080804.481690, NoOp Chain Depth 64 Size 0 Mode ref, pipeline - train, run, start, 125950310423053399321631750552348741193, 1787080804.481677, 24, 1, 9199870319749843
1787080804.481712, NoOp Chain Depth 64 Size 0 Mode ref, Ref Stage 0, run, start, 9199870319771971
1787080804.481733, NoOp Chain Depth 64 Size 0 Mode ref, Ref Stage 0, run, end, 9199870319792019
1787080804.481747, NoOp Chain Depth 64 Size 0 Mode ref, Ref Stage 1, run, start, 9199870319806291
1787080804.481768, NoOp Chain Depth 64 Size 0 Mode ref, Ref Stage 1, run, end, 9199870319827587
1787080804.481782, NoOp Chain Depth 64 Size 0 Mode ref, Ref Stage 2, run, start, 9199870319841763
1787080804.481804, NoOp Chain Depth 64 Size 0 Mode ref, Ref Stage 2, run, end, 9199870319863155
1787080804.481818, NoOp Chain Depth 64 Size 0 Mode ref, Ref Stage 3, run, start, 9199870319877219
1787080804.481839, NoOp Chain Depth 64 Size 0 Mode ref, Ref Stage 3, run, end, 9199870319898067
1787080804.481853, NoOp Chain Depth 64 Size 0 Mode ref, Ref Stage 4, run, start, 9199870319912755
1787080804.481874, NoOp Chain Depth 64 Size 0 Mode ref, Ref Stage 4, run, end, 9199870319932563
1787080804.481889, NoOp Chain Depth 64 Size 0 Mode ref, Ref Stage 5, run, start, 9199870319948099
1787080804.481909, NoOp Chain Depth 64 Size 0 Mode ref, Ref Stage 5, run, end, 9199870319967763
1787080804.481923, NoOp Chain Depth 64 Size 0 Mode ref, Ref Stage 6, run, start, 9199870319981907
1787080804.481945, NoOp Chain Depth 64 Size 0 Mode ref, Ref Stage 6, run, end, 9199870320004851
1787080804.481957, NoOp Chain Depth 64 Size 0 Mode ref, Ref Stage 7, run, start, 9199870320016531
1787080804.482564, NoOp Chain Depth 64 Size 0 Mode ref, Ref Stage 7, run, end, 9199870320624419
1787080804.482581, NoOp Chain Depth 64 Size 0 Mode ref, Ref Stage 8, run, start, 9199870320640227
1787080804.482601, NoOp Chain Depth 64 Size 0 Mode ref, Ref Stage 8, run, end, 9199870320660387
1787080804.482615, NoOp Chain Depth 64 Size 0 Mode ref, Ref Stage 9, run, start, 9199870320674755
1787080804.482635, NoOp Chain Depth 64 Size 0 Mode ref, Ref Stage 9, run, end, 9199870320694467
1787080804.482649, NoOp Chain Depth 64 Size 0 Mode ref, Ref Stage 10, run, start, 9199870320708547
1787080804.482669, NoOp Chain Depth 64 Size 0 Mode ref, Ref Stage 10, run, end, 9199870320728099
1787080804.482683, NoOp Chain Depth 64 Size 0 Mode ref, Ref Stage 11, run, start, 9199870320742243
1787080804.483072, NoOp Chain Depth 64 Size 0 Mode ref, Ref Stage 11, run, end, 9199870321131731
1787080804.483207, NoOp Chain Depth 64 Size 0 Mode ref, Ref Stage 12, run, start, 9199870321265891
1787080804.483228, NoOp Chain Depth 64 Size 0 Mode ref, Ref Stage 12, run, end, 9199870321286867
1787080804.483242, NoOp Chain Depth 64 Size 0 Mode ref, Ref Stage 13, run, start, 9199870321301123
1787080804.483261, NoOp Chain Depth 64 Size 0 Mode ref, Ref Stage 13, run, end, 9199870321320787
1787080804.483275, NoOp Chain Depth 64 Size 0 Mode ref, Ref Stage 14, run, start, 9199870321334867
1787080804.483295, NoOp Chain Depth 64 Size 0 Mode ref, Ref Stage 14, run, end, 9199870321354595
1787080804.483311, NoOp Chain Depth 64 Size 0 Mode ref, Ref Stage 15, run, start, 9199870321370723
1787080804.483331, NoOp Chain Depth 64 Size 0 Mode ref, Ref Stage 15, run, end, 9199870321390083
1787080804.483345, NoOp Chain Depth 64 Size 0 Mode ref, Ref Stage 16, run, start, 9199870321404067
1787080804.483364, NoOp Chain Depth 64 Size 0 Mode ref, Ref Stage 16, run, end, 9199870321423459
1787080804.483378, NoOp Chain Depth 64 Size 0 Mode ref, Ref Stage 17, run, start, 9199870321437347
1787080804.483398, NoOp Chain Depth 64 Size 0 Mode ref, Ref Stage 17, run, end, 9199870321456915
1787080804.483412, NoOp Chain Depth 64 Size 0 Mode ref, Ref Stage 18, run, start, 9199870321471043
1787080804.483431, NoOp Chain Depth 64 Size 0 Mode ref, Ref Stage 18, run, end, 9199870321490755
1787080804.483446, NoOp Chain Depth 64 Size 0 Mode ref, Ref Stage 19, run, start, 9199870321505475
1787080804.483466, NoOp Chain Depth 64 Size 0 Mode ref, Ref Stage 19, run, end, 9199870321524867
1787080804.483480, NoOp Chain Depth 64 Size 0 Mode ref, Ref Stage 20, run, start, 9199870321538995
1787080804.483499, NoOp Chain Depth 64 Size 0 Mode ref, Ref Stage 20, run, end, 9199870321558467
1787080804.483513, NoOp Chain Depth 64 Size 0 Mode ref, Ref Stage 21, run, start, 9199870321572483
1787080804.483536, NoOp Chain Depth 64 Size 0 Mode ref, Ref Stage 21, run, end, 9199870321594915
1787080804.483547, NoOp Chain Depth 64 Size 0 Mode ref, Ref Stage 22, run, start, 9199870321606611
1787080804.483577, NoOp Chain Depth 64 Size 0 Mode ref, Ref Stage 22, run, end, 9199870321635811
1787080804.483591, NoOp Chain Depth 64 Size 0 Mode ref, Ref Stage 23, run, start, 9199870321649987
1787080804.483610, NoOp Chain Depth 64 Size 0 Mode ref, Ref Stage 23, run, end, 9199870321669811
1787080804.483624, NoOp Chain Depth 64 Size 0 Mode ref, Ref Stage 24, run, start, 9199870321683731
1787080804.483644, NoOp Chain Depth 64 Size 0 Mode ref, Ref Stage 24, run, end, 9199870321703443
1787080804.483658, NoOp Chain Depth 64 Size 0 Mode ref, Ref Stage 25, run, start, 9199870321717635
1787080804.483678, NoOp Chain Depth 64 Size 0 Mode ref, Ref Stage 25, run, end, 9199870321737075
1787080804.483694, NoOp Chain Depth 64 Size 0 Mode ref, Ref Stage 26, run, start, 9199870321752883
1787080804.483713, NoOp Chain Depth 64 Size 0 Mode ref, Ref Stage 26, run, end, 9199870321772419
1787080804.483728, NoOp Chain Depth 64 Size 0 Mode ref, Ref Stage 27, run, start, 9199870321787763
1787080804.483748, NoOp Chain Depth 64 Size 0 Mode ref, Ref Stage 27, run, end, 9199870321807363
1787080804.483763, NoOp Chain Depth 64 Size 0 Mode ref, Ref Stage 28, run, start, 9199870321822099
1787080804.483784, NoOp Chain Depth 64 Size 0 Mode ref, Ref Stage 28, run, end, 9199870321843027
1787080804.483798, NoOp Chain Depth 64 Size 0 Mode ref, Ref Stage 29, run, start, 9199870321857027
1787080804.483817, NoOp Chain Depth 64 Size 0 Mode ref, Ref Stage 29, run, end, 9199870321876563
1787080804.483833, NoOp Chain Depth 64 Size 0 Mode ref, Ref Stage 30, run, start, 9199870321892035
1787080804.483852, NoOp Chain Depth 64 Size 0 Mode ref, Ref Stage 30, run, end, 9199870321911587
1787080804.483866, NoOp Chain Depth 64 Size 0 Mode ref, Ref Stage 31, run, start, 9199870321925747
1787080804.483886, NoOp Chain Depth 64 Size 0 Mode ref, Ref Stage 31, run, end, 9199870321945171
1787080804.484455, NoOp Chain Depth 64 Size 0 Mode ref, Ref Stage 32, run, start, 9199870322515619
1787080804.484481, NoOp Chain Depth 64 Size 0 Mode ref, Ref Stage 32, run, end, 9199870322540035
1787080804.484495, NoOp Chain Depth 64 Size 0 Mode ref, Ref Stage 33, run, start, 9199870322554803
1787080804.484515, NoOp Chain Depth 64 Size 0 Mode ref, Ref Stage 33, run, end, 9199870322574691
1787080804.484530, NoOp Chain Depth 64 Size 0 Mode ref, Ref Stage 34, run, start, 9199870322588883
1787080804.484549, NoOp Chain Depth 64 Size 0 Mode ref, Ref Stage 34, run, end, 9199870322608323
1787080804.484563, NoOp Chain Depth 64 Size 0 Mode ref, Ref Stage 35, run, start, 9199870322622323
1787080804.484583, NoOp Chain Depth 64 Size 0 Mode ref, Ref Stage 35, run, end, 9199870322641763
1787080804.484598, NoOp Chain Depth 64 Size 0 Mode ref, Ref Stage 36, run, start, 9199870322657683
1787080804.484618, NoOp Chain Depth 64 Size 0 Mode ref, Ref Stage 36, run, end, 9199870322677475
1787080804.484632, NoOp Chain Depth 64 Size 0 Mode ref, Ref Stage 37, run, start, 9199870322691699
1787080804.484654, NoOp Chain Depth 64 Size 0 Mode ref, Ref Stage 37, run, end, 9199870322713155
1787080804.484665, NoOp Chain Depth 64 Size 0 Mode ref, Ref Stage 38, run, start, 9199870322724755
1787080804.484697, NoOp Chain Depth 64 Size 0 Mode ref, Ref Stage 38, run, end, 9199870322756099
1787080804.484712, NoOp Chain Depth 64 Size 0 Mode ref, Ref Stage 39, run, start, 9199870322771187
1787080804.484733, NoOp Chain Depth 64 Size 0 Mode ref, Ref Stage 39, run, end, 9199870322792323
1787080804.484747, NoOp Chain Depth 64 Size 0 Mode ref, Ref Stage 40, run, start, 9199870322806403
1787080804.484767, NoOp Chain Depth 64 Size 0 Mode ref, Ref Stage 40, run, end, 9199870322826259
1787080804.484781, NoOp Chain Depth 64 Size 0 Mode ref, Ref Stage 41, run, start, 9199870322840371
1787080804.484802, NoOp Chain Depth 64 Size 0 Mode ref, Ref Stage 41, run, end, 9199870322861779
1787080804.484814, NoOp Chain Depth 64 Size 0 Mode ref, Ref Stage 42, run, start, 9199870322873235
1787080804.484843, NoOp Chain Depth 64 Size 0 Mode ref, Ref Stage 42, run, end, 9199870322902739
1787080804.484858, NoOp Chain Depth 64 Size 0 Mode ref, Ref Stage 43, run, start, 9199870322916995
1787080804.484879, NoOp Chain Depth 64 Size 0 Mode ref, Ref Stage 43, run, end, 9199870322938099
1787080804.484892, NoOp Chain Depth 64 Size 0 Mode ref, Ref Stage 44, run, start, 9199870322951907
1787080804.484923, NoOp Chain Depth 64 Size 0 Mode ref, Ref Stage 44, run, end, 9199870322982851
1787080804.484938, NoOp Chain Depth 64 Size 0 Mode ref, Ref Stage 45, run, start, 9199870322997539
1787080804.484963, NoOp Chain Depth 64 Size 0 Mode ref, Ref Stage 45, run, end, 9199870323022035
1787080804.484975, NoOp Chain Depth 64 Size 0 Mode ref, Ref Stage 46, run, start, 9199870323033971
1787080804.485005, NoOp Chain Depth 64 Size 0 Mode ref, Ref Stage 46, run, end, 9199870323064243
1787080804.485019, NoOp Chain Depth 64 Size 0 Mode ref, Ref Stage 47, run, start, 9199870323078659
1787080804.485421, NoOp Chain Depth 64 Size 0 Mode ref, Ref Stage 47, run, end, 9199870323481075
1787080804.485559, NoOp Chain Depth 64 Size 0 Mode ref, Ref Stage 48, run, start, 9199870323618787
1787080804.485581, NoOp Chain Depth 64 Size 0 Mode ref, Ref Stage 48, run, end, 9199870323640195
1787080804.485595, NoOp Chain Depth 64 Size 0 Mode ref, Ref Stage 49, run, start, 9199870323654643
1787080804.485615, NoOp Chain Depth 64 Size 0 Mode ref, Ref Stage 49, run, end, 9199870323674547
1787080804.485629, NoOp Chain Depth 64 Size 0 Mode ref, Ref Stage 50, run, start, 9199870323688643
1787080804.485651, NoOp Chain Depth 64 Size 0 Mode ref, Ref Stage 50, run, end, 9199870323710019
1787080804.485667, NoOp Chain Depth 64 Size 0 Mode ref, Ref Stage 51, run, start, 9199870323726867
1787080804.485697, NoOp Chain Depth 64 Size 0 Mode ref, Ref Stage 51, run, end, 9199870323756355
1787080804.485711, NoOp Chain Depth 64 Size 0 Mode ref, Ref Stage 52, run, start, 9199870323770419
1787080804.485731, NoOp Chain Depth 64 Size 0 Mode ref, Ref Stage 52, run, end, 9199870323789827
1787080804.485745, NoOp Chain Depth 64 Size 0 Mode ref, Ref Stage 53, run, start, 9199870323803891
1787080804.485764, NoOp Chain Depth 64 Size 0 Mode ref, Ref Stage 53, run, end, 9199870323823587
1787080804.485778, NoOp Chain Depth 64 Size 0 Mode ref, Ref Stage 54, run, start, 9199870323837491
1787080804.485798, NoOp Chain Depth 64 Size 0 Mode ref, Ref Stage 54, run, end, 9199870323857667
1787080804.485812, NoOp Chain Depth 64 Size 0 Mode ref, Ref Stage 55, run, start, 9199870323871859
1787080804.485832, NoOp Chain Depth 64 Size 0 Mode ref, Ref Stage 55, run, end, 9199870323891795
1787080804.485848, NoOp Chain Depth 64 Size 0 Mode ref, Ref Stage 56, run, start, 9199870323907059
1787080804.485869, NoOp Chain Depth 64 Size 0 Mode ref, Ref Stage 56, run, end, 9199870323928467
1787080804.485885, NoOp Chain Depth 64 Size 0 Mode ref, Ref Stage 57, run, start, 9199870323943955
1787080804.485904, NoOp Chain Depth 64 Size 0 Mode ref, Ref Stage 57, run, end, 9199870323963571
1787080804.485918, NoOp Chain Depth 64 Size 0 Mode ref, Ref Stage 58, run, start, 9199870323977475
1787080804.485938, NoOp Chain Depth 64 Size 0 Mode ref, Ref Stage 58, run, end, 9199870323996899
1787080804.485954, NoOp Chain Depth 64 Size 0 Mode ref, Ref Stage 59, run, start, 9199870324013555
1787080804.485975, NoOp Chain Depth 64 Size 0 Mode ref, Ref Stage 59, run, end, 9199870324034051
1787080804.485989, NoOp Chain Depth 64 Size 0 Mode ref, Ref Stage 60, run, start, 9199870324048051
1787080804.486010, NoOp Chain Depth 64 Size 0 Mode ref, Ref Stage 60, run, end, 9199870324068851
1787080804.486023, NoOp Chain Depth 64 Size 0 Mode ref, Ref Stage 61, run, start, 9199870324082771
1787080804.486045, NoOp Chain Depth 64 Size 0 Mode ref, Ref Stage 61, run, end, 9199870324103843
1787080804.486058, NoOp Chain Depth 64 Size 0 Mode ref, Ref Stage 62, run, start, 9199870324117763
1787080804.486078, NoOp Chain Depth 64 Size 0 Mode ref, Ref Stage 62, run, end, 9199870324136995
1787080804.486092, NoOp Chain Depth 64 Size 0 Mode ref, Ref Stage 63, run, start, 9199870324151171
1787080804.486113, NoOp Chain Depth 64 Size 0 Mode ref, Ref Stage 63, run, end, 9199870324171939
1787080804.486127, NoOp Chain Depth 64 Size 0 Mode ref, pipeline - train, run, end, 125950310423053399321631750552348741193, 1787080804.481677, 24, 1, 9199870324186515
1787080804.486162, NoOp Chain Depth 64 Size 0 Mode ref, pipeline - train, run, start, 142955931941084588702554867834774859428, 1787080804.486152, 25, 1, 9199870324221971
1787080804.486184, NoOp Chain Depth 64 Size 0 Mode ref, Ref Stage 0, run, start, 9199870324243827
1787080804.486205, NoOp Chain Depth 64 Size 0 Mode ref, Ref Stage 0, run, end, 9199870324263907
1787080804.486219, NoOp Chain Depth 64 Size 0 Mode ref, Ref Stage 1, run, start, 9199870324278163
1787080804.486238, NoOp Chain Depth 64 Size 0 Mode ref, Ref Stage 1, run, end, 9199870324297747
1787080804.486253, NoOp Chain Depth 64 Size 0 Mode ref, Ref Stage 2, run, start, 9199870324311747
1787080804.486273, NoOp Chain Depth 64 Size 0 Mode ref, Ref Stage 2, run, end, 9199870324332675
1787080804.486287, NoOp Chain Depth 64 Size 0 Mode ref, Ref Stage 3, run, start, 9199870324346707
1787080804.486307, NoOp Chain Depth 64 Size 0 Mode ref, Ref Stage 3, run, end, 9199870324366003
1787080804.486321, NoOp Chain Depth 64 Size 0 Mode ref, Ref Stage 4, run, start, 9199870324379939
1787080804.486340, NoOp Chain Depth 64 Size 0 Mode ref, Ref Stage 4, run, end, 9199870324399619
1787080804.486354, NoOp Chain Depth 64 Size 0 Mode ref, Ref Stage 5, run, start, 9199870324413747
1787080804.486377, NoOp Chain Depth 64 Size 0 Mode ref, Ref Stage 5, run, end, 9199870324436387
1787080804.486393, NoOp Chain Depth 64 Size 0 Mode ref, Ref Stage 6, run, start, 9199870324452771
1787080804.486424, NoOp Chain Depth 64 Size 0 Mode ref, Ref Stage 6, run, end, 9199870324483539
1787080804.486439, NoOp Chain Depth 64 Size 0 Mode ref, Ref Stage 7, run, start, 9199870324497811
1787080804.486458, NoOp Chain Depth 64 Size 0 Mode ref, Ref Stage 7, run, end, 9199870324517747
1787080804.486472, NoOp Chain Depth 64 Size 0 Mode ref, Ref Stage 8, run, start, 9199870324531731
1787080804.486492, NoOp Chain Depth 64 Size 0 Mode ref, Ref Stage 8, run, end, 9199870324551395
1787080804.486506, NoOp Chain Depth 64 Size 0 Mode ref, Ref Stage 9, run, start, 9199870324565395
1787080804.486526, NoOp Chain Depth 64 Size 0 Mode ref, Ref Stage 9, run, end, 9199870324584771
1787080804.486540, NoOp Chain Depth 64 Size 0 Mode ref, Ref Stage 10, run, start, 9199870324598787
1787080804.486562, NoOp Chain Depth 64 Size 0 Mode ref, Ref Stage 10, run, end, 9199870324620787
1787080804.486573, NoOp Chain Depth 64 Size 0 Mode ref, Ref Stage 11, run, start, 9199870324632675
1787080804.486604, NoOp Chain Depth 64 Size 0 Mode ref, Ref Stage 11, run, end, 9199870324663091
1787080804.486619, NoOp Chain Depth 64 Size 0 Mode ref, Ref Stage 12, run, start, 9199870324678755
1787080804.486639, NoOp Chain Depth 64 Size 0 Mode ref, Ref Stage 12, run, end, 9199870324698675
1787080804.486653, NoOp Chain Depth 64 Size 0 Mode ref, Ref Stage 13, run, start, 9199870324712771
1787080804.486673, NoOp Chain Depth 64 Size 0 Mode ref, Ref Stage 13, run, end, 9199870324732227
1787080804.486687, NoOp Chain Depth 64 Size 0 Mode ref, Ref Stage 14, run, start, 9199870324746131
1787080804.486706, NoOp Chain Depth 64 Size 0 Mode ref, Ref Stage 14, run, end, 9199870324765427
1787080804.486720, NoOp Chain Depth 64 Size 0 Mode ref, Ref Stage 15, run, start, 9199870324779619
1787080804.486741, NoOp Chain Depth 64 Size 0 Mode ref, Ref Stage 15, run, end, 9199870324800419
1787080804.486755, NoOp Chain Depth 64 Size 0 Mode ref, Ref Stage 16, run, start, 9199870324814499
1787080804.486776, NoOp Chain Depth 64 Size 0 Mode ref, Ref Stage 16, run, end, 9199870324835091
1787080804.486791, NoOp Chain Depth 64 Size 0 Mode ref, Ref Stage 17, run, start, 9199870324850275
1787080804.486878, NoOp Chain Depth 64 Size 0 Mode ref, Ref Stage 17, run, end, 9199870324937651
1787080804.486893, NoOp Chain Depth 64 Size 0 Mode ref, Ref Stage 18, run, start, 9199870324952755
1787080804.486913, NoOp Chain Depth 64 Size 0 Mode ref, Ref Stage 18, run, end, 9199870324972691
1787080804.486927, NoOp Chain Depth 64 Size 0 Mode ref, Ref Stage 19, run, start, 9199870324986739
1787080804.486950, NoOp Chain Depth 64 Size 0 Mode ref, Ref Stage 19, run, end, 9199870325008963
1787080804.486966, NoOp Chain Depth 64 Size 0 Mode ref, Ref Stage 20, run, start, 9199870325025171
1787080804.486985, NoOp Chain Depth 64 Size 0 Mode ref, Ref Stage 20, run, end, 9199870325044915
1787080804.487000, NoOp Chain Depth 64 Size 0 Mode ref, Ref Stage 21, run, start, 9199870325058995
1787080804.487021, NoOp Chain Depth 64 Size 0 Mode ref, Ref Stage 21, run, end, 9199870325080371
1787080804.487033, NoOp Chain Depth 64 Size 0 Mode ref, Ref Stage 22, run, start, 9199870325092067
1787080804.487064, NoOp Chain Depth 64 Size 0 Mode ref, Ref Stage 22, run, end, 9199870325122931
1787080804.487078, NoOp Chain Depth 64 Size 0 Mode ref, Ref Stage 23, run, start, 9199870325137779
1787080804.487099, NoOp Chain Depth 64 Size 0 Mode ref, Ref Stage 23, run, end, 9199870325157987
1787080804.487113, NoOp Chain Depth 64 Size 0 Mode ref, Ref Stage 24, run, start, 9199870325172211
1787080804.487133, NoOp Chain Depth 64 Size 0 Mode ref, Ref Stage 24, run, end, 9199870325192627
1787080804.487148, NoOp Chain Depth 64 Size 0 Mode ref, Ref Stage 25, run, start, 9199870325206915
1787080804.487169, NoOp Chain Depth 64 Size 0 Mode ref, Ref Stage 25, run, end, 9199870325227955
1787080804.487183, NoOp Chain Depth 64 Size 0 Mode ref, Ref Stage 26, run, start, 9199870325242291
1787080804.487203, NoOp Chain Depth 64 Size 0 Mode ref, Ref Stage 26, run, end, 9199870325262051
1787080804.487217, NoOp Chain Depth 64 Size 0 Mode ref, Ref Stage 27, run, start, 9199870325276483
1787080804.487238, NoOp Chain Depth 64 Size 0 Mode ref, Ref Stage 27, run, end, 9199870325297539
1787080804.487253, NoOp Chain Depth 64 Size 0 Mode ref, Ref Stage 28, run, start, 9199870325312659
1787080804.487274, NoOp Chain Depth 64 Size 0 Mode ref, Ref Stage 28, run, end, 9199870325333875
1787080804.487288, NoOp Chain Depth 64 Size 0 Mode ref, Ref Stage 29, run, start, 9199870325347811
1787080804.487308, NoOp Chain Depth 64 Size 0 Mode ref, Ref Stage 29, run, end, 9199870325367395
1787080804.487323, NoOp Chain Depth 64 Size 0 Mode ref, Ref Stage 30, run, start, 9199870325382323
1787080804.487343, NoOp Chain Depth 64 Size 0 Mode ref, Ref Stage 30, run, end, 9199870325401715
1787080804.488954, NoOp Chain Depth 64 Size 0 Mode ref, Ref Stage 31, run, start, 9199870327014275
1787080804.488981, NoOp Chain Depth 64 Size 0 Mode ref, Ref Stage 31, run, end, 9199870327040740
1787080804.489442, NoOp Chain Depth 64 Size 0 Mode ref, Ref Stage 32, run, start, 9199870327502084
1787080804.489464, NoOp Chain Depth 64 Size 0 Mode ref, Ref Stage 32, run, end, 9199870327523700
1787080804.489481, NoOp Chain Depth 64 Size 0 Mode ref, Ref Stage 33, run, start, 9199870327539988
1787080804.489501, NoOp Chain Depth 64 Size 0 Mode ref, Ref Stage 33, run, end, 9199870327559828
1787080804.489515, NoOp Chain Depth 64 Size 0 Mode ref, Ref Stage 34, run, start, 9199870327574212
1787080804.489534, NoOp Chain Depth 64 Size 0 Mode ref, Ref Stage 34, run, end, 9199870327593732
1787080804.489548, NoOp Chain Depth 64 Size 0 Mode ref, Ref Stage 35, run, start, 9199870327607508
1787080804.489568, NoOp Chain Depth 64 Size 0 Mode ref, Ref Stage 35, run, end, 9199870327627172
1787080804.489582, NoOp Chain Depth 64 Size 0 Mode ref, Ref Stage 36, run, start, 9199870327641252
1787080804.489601, NoOp Chain Depth 64 Size 0 Mode ref, Ref Stage 36, run, end, 9199870327660436
1787080804.489615, NoOp Chain Depth 64 Size 0 Mode ref, Ref Stage 37, run, start, 9199870327674372
1787080804.489634, NoOp Chain Depth 64 Size 0 Mode ref, Ref Stage 37, run, end, 9199870327693668
1787080804.489648, NoOp Chain Depth 64 Size 0 Mode ref, Ref Stage 38, run, start, 9199870327707796
1787080804.489668, NoOp Chain Depth 64 Size 0 Mode ref, Ref Stage 38, run, end, 9199870327727652
1787080804.489682, NoOp Chain Depth 64 Size 0 Mode ref, Ref Stage 39, run, start, 9199870327741796
1787080804.489702, NoOp Chain Depth 64 Size 0 Mode ref, Ref Stage 39, run, end, 9199870327761604
1787080804.489717, NoOp Chain Depth 64 Size 0 Mode ref, Ref Stage 40, run, start, 9199870327775972
1787080804.489737, NoOp Chain Depth 64 Size 0 Mode ref, Ref Stage 40, run, end, 9199870327795604
1787080804.489750, NoOp Chain Depth 64 Size 0 Mode ref, Ref Stage 41, run, start, 9199870327809700
1787080804.489772, NoOp Chain Depth 64 Size 0 Mode ref, Ref Stage 41, run, end, 9199870327831060
1787080804.490231, NoOp Chain Depth 64 Size 0 Mode ref, Ref Stage 42, run, start, 9199870328291300
1787080804.490368, NoOp Chain Depth 64 Size 0 Mode ref, Ref Stage 42, run, end, 9199870328427844
1787080804.490384, NoOp Chain Depth 64 Size 0 Mode ref, Ref Stage 43, run, start, 9199870328443044
1787080804.490405, NoOp Chain Depth 64 Size 0 Mode ref, Ref Stage 43, run, end, 9199870328464020
1787080804.490420, NoOp Chain Depth 64 Size 0 Mode ref, Ref Stage 44, run, start, 9199870328479044
1787080804.490440, NoOp Chain Depth 64 Size 0 Mode ref, Ref Stage 44, run, end, 9199870328499140
1787080804.490454, NoOp Chain Depth 64 Size 0 Mode ref, Ref Stage 45, run, start, 9199870328513540
1787080804.490474, NoOp Chain Depth 64 Size 0 Mode ref, Ref Stage 45, run, end, 9199870328533860
1787080804.490489, NoOp Chain Depth 64 Size 0 Mode ref, Ref Stage 46, run, start, 9199870328548420
1787080804.490870, NoOp Chain Depth 64 Size 0 Mode ref, Ref Stage 46, run, end, 9199870328929412
1787080804.491003, NoOp Chain Depth 64 Size 0 Mode ref, Ref Stage 47, run, start, 9199870329062948
1787080804.491026, NoOp Chain Depth 64 Size 0 Mode ref, Ref Stage 47, run, end, 9199870329085220
1787080804.491040, NoOp Chain Depth 64 Size 0 Mode ref, Ref Stage 48, run, start, 9199870329099796
1787080804.491060, NoOp Chain Depth 64 Size 0 Mode ref, Ref Stage 48, run, end, 9199870329119940
1787080804.491075, NoOp Chain Depth 64 Size 0 Mode ref, Ref Stage 49, run, start, 9199870329134100
1787080804.491095, NoOp Chain Depth 64 Size 0 Mode ref, Ref Stage 49, run, end, 9199870329153764
1787080804.491109, NoOp Chain Depth 64 Size 0 Mode ref, Ref Stage 50, run, start, 9199870329167908
1787080804.491130, NoOp Chain Depth 64 Size 0 Mode ref, Ref Stage 50, run, end, 9199870329189172
1787080804.491142, NoOp Chain Depth 64 Size 0 Mode ref, Ref Stage 51, run, start, 9199870329201044
1787080804.491171, NoOp Chain Depth 64 Size 0 Mode ref, Ref Stage 51, run, end, 9199870329230724
1787080804.491186, NoOp Chain Depth 64 Size 0 Mode ref, Ref Stage 52, run, start, 9199870329244884
1787080804.491206, NoOp Chain Depth 64 Size 0 Mode ref, Ref Stage 52, run, end, 9199870329264804
1787080804.491220, NoOp Chain Depth 64 Size 0 Mode ref, Ref Stage 53, run, start, 9199870329278996
1787080804.491241, NoOp Chain Depth 64 Size 0 Mode ref, Ref Stage 53, run, end, 9199870329300788
1787080804.491256, NoOp Chain Depth 64 Size 0 Mode ref, Ref Stage 54, run, start, 9199870329315092
1787080804.491276, NoOp Chain Depth 64 Size 0 Mode ref, Ref Stage 54, run, end, 9199870329334836
1787080804.491290, NoOp Chain Depth 64 Size 0 Mode ref, Ref Stage 55, run, start, 9199870329348996
1787080804.491310, NoOp Chain Depth 64 Size 0 Mode ref, Ref Stage 55, run, end, 9199870329368916
1787080804.491324, NoOp Chain Depth 64 Size 0 Mode ref, Ref Stage 56, run, start, 9199870329383108
1787080804.491343, NoOp Chain Depth 64 Size 0 Mode ref, Ref Stage 56, run, end, 9199870329402820
1787080804.491357, NoOp Chain Depth 64 Size 0 Mode ref, Ref Stage 57, run, start, 9199870329416932
1787080804.491377, NoOp Chain Depth 64 Size 0 Mode ref, Ref Stage 57, run, end, 9199870329436548
1787080804.491391, NoOp Chain Depth 64 Size 0 Mode ref, Ref Stage 58, run, start, 9199870329450644
1787080804.491411, NoOp Chain Depth 64 Size 0 Mode ref, Ref Stage 58, run, end, 9199870329469940
1787080804.491425, NoOp Chain Depth 64 Size 0 Mode ref, Ref Stage 59, run, start, 9199870329483956
1787080804.491444, NoOp Chain Depth 64 Size 0 Mode ref, Ref Stage 59, run, end, 9199870329503476
1787080804.491458, NoOp Chain Depth 64 Size 0 Mode ref, Ref Stage 60, run, start, 9199870329517380
1787080804.491478, NoOp Chain Depth 64 Size 0 Mode ref, Ref Stage 60, run, end, 9199870329536964
1787080804.491492, NoOp Chain Depth 64 Size 0 Mode ref, Ref Stage 61, run, start, 9199870329551588
1787080804.491512, NoOp Chain Depth 64 Size 0 Mode ref, Ref Stage 61, run, end, 9199870329570740
1787080804.491525, NoOp Chain Depth 64 Size 0 Mode ref, Ref Stage 62, run, start, 9199870329584596
1787080804.491544, NoOp Chain Depth 64 Size 0 Mode ref, Ref Stage 62, run, end, 9199870329603908
1787080804.491559, NoOp Chain Depth 64 Size 0 Mode ref, Ref Stage 63, run, start, 9199870329618180
1787080804.491578, NoOp Chain Depth 64 Size 0 Mode ref, Ref Stage 63, run, end, 9199870329637556
1787080804.491592, NoOp Chain Depth 64 Size 0 Mode ref, pipeline - train, run, end, 142955931941084588702554867834774859428, 1787080804.486152, 25, 1, 9199870329651972
1787080804.491628, NoOp Chain Depth 64 Size 0 Mode ref, pipeline - train, run, start, 222184821101828367818832411071649351319, 1787080804.491618, 26, 1, 9199870329687844
1787080804.491650, NoOp Chain Depth 64 Size 0 Mode ref, Ref Stage 0, run, start, 9199870329709812
1787080804.491671, NoOp Chain Depth 64 Size 0 Mode ref, Ref Stage 0, run, end, 9199870329729924
1787080804.491685, NoOp Chain Depth 64 Size 0 Mode ref, Ref Stage 1, run, start, 9199870329744372
1787080804.491706, NoOp Chain Depth 64 Size 0 Mode ref, Ref Stage 1, run, end, 9199870329765348
1787080804.491718, NoOp Chain Depth 64 Size 0 Mode ref, Ref Stage 2, run, start, 9199870329777268
1787080804.492122, NoOp Chain Depth 64 Size 0 Mode ref, Ref Stage 2, run, end, 9199870330181924
1787080804.492260, NoOp Chain Depth 64 Size 0 Mode ref, Ref Stage 3, run, start, 9199870330319124
1787080804.492281, NoOp Chain Depth 64 Size 0 Mode ref, Ref Stage 3, run, end, 9199870330340228
1787080804.492296, NoOp Chain Depth 64 Size 0 Mode ref, Ref Stage 4, run, start, 9199870330354996
1787080804.492316, NoOp Chain Depth 64 Size 0 Mode ref, Ref Stage 4, run, end, 9199870330375316
1787080804.492331, NoOp Chain Depth 64 Size 0 Mode ref, Ref Stage 5, run, start, 9199870330389716
1787080804.492352, NoOp Chain Depth 64 Size 0 Mode ref, Ref Stage 5, run, end, 9199870330411108
1787080804.492363, NoOp Chain Depth 64 Size 0 Mode ref, Ref Stage 6, run, start, 9199870330422788
1787080804.492393, NoOp Chain Depth 64 Size 0 Mode ref, Ref Stage 6, run, end, 9199870330451652
1787080804.492407, NoOp Chain Depth 64 Size 0 Mode ref, Ref Stage 7, run, start, 9199870330465812
1787080804.492426, NoOp Chain Depth 64 Size 0 Mode ref, Ref Stage 7, run, end, 9199870330485252
1787080804.492440, NoOp Chain Depth 64 Size 0 Mode ref, Ref Stage 8, run, start, 9199870330499524
1787080804.492459, NoOp Chain Depth 64 Size 0 Mode ref, Ref Stage 8, run, end, 9199870330518564
1787080804.492475, NoOp Chain Depth 64 Size 0 Mode ref, Ref Stage 9, run, start, 9199870330534388
1787080804.492495, NoOp Chain Depth 64 Size 0 Mode ref, Ref Stage 9, run, end, 9199870330553972
1787080804.492509, NoOp Chain Depth 64 Size 0 Mode ref, Ref Stage 10, run, start, 9199870330568868
1787080804.492530, NoOp Chain Depth 64 Size 0 Mode ref, Ref Stage 10, run, end, 9199870330588900
1787080804.492544, NoOp Chain Depth 64 Size 0 Mode ref, Ref Stage 11, run, start, 9199870330603220
1787080804.492565, NoOp Chain Depth 64 Size 0 Mode ref, Ref Stage 11, run, end, 9199870330624756
1787080804.492577, NoOp Chain Depth 64 Size 0 Mode ref, Ref Stage 12, run, start, 9199870330636276
1787080804.492608, NoOp Chain Depth 64 Size 0 Mode ref, Ref Stage 12, run, end, 9199870330667044
1787080804.492621, NoOp Chain Depth 64 Size 0 Mode ref, Ref Stage 13, run, start, 9199870330680244
1787080804.492650, NoOp Chain Depth 64 Size 0 Mode ref, Ref Stage 13, run, end, 9199870330709444
1787080804.492670, NoOp Chain Depth 64 Size 0 Mode ref, Ref Stage 14, run, start, 9199870330728932
1787080804.492689, NoOp Chain Depth 64 Size 0 Mode ref, Ref Stage 14, run, end, 9199870330748292
1787080804.492703, NoOp Chain Depth 64 Size 0 Mode ref, Ref Stage 15, run, start, 9199870330762420
1787080804.492723, NoOp Chain Depth 64 Size 0 Mode ref, Ref Stage 15, run, end, 9199870330781812
1787080804.492737, NoOp Chain Depth 64 Size 0 Mode ref, Ref Stage 16, run, start, 9199870330795796
1787080804.492758, NoOp Chain Depth 64 Size 0 Mode ref, Ref Stage 16, run, end, 9199870330816772
1787080804.492771, NoOp Chain Depth 64 Size 0 Mode ref, Ref Stage 17, run, start, 9199870330830692
1787080804.492791, NoOp Chain Depth 64 Size 0 Mode ref, Ref Stage 17, run, end, 9199870330850308
1787080804.492805, NoOp Chain Depth 64 Size 0 Mode ref, Ref Stage 18, run, start, 9199870330864468
1787080804.492826, NoOp Chain Depth 64 Size 0 Mode ref, Ref Stage 18, run, end, 9199870330885092
1787080804.492840, NoOp Chain Depth 64 Size 0 Mode ref, Ref Stage 19, run, start, 9199870330899012
1787080804.492859, NoOp Chain Depth 64 Size 0 Mode ref, Ref Stage 19, run, end, 9199870330918116
1787080804.492873, NoOp Chain Depth 64 Size 0 Mode ref, Ref Stage 20, run, start, 9199870330932052
1787080804.492892, NoOp Chain Depth 64 Size 0 Mode ref, Ref Stage 20, run, end, 9199870330951172
1787080804.492906, NoOp Chain Depth 64 Size 0 Mode ref, Ref Stage 21, run, start, 9199870330965220
1787080804.492928, NoOp Chain Depth 64 Size 0 Mode ref, Ref Stage 21, run, end, 9199870330987332
1787080804.492939, NoOp Chain Depth 64 Size 0 Mode ref, Ref Stage 22, run, start, 9199870330998900
1787080804.492972, NoOp Chain Depth 64 Size 0 Mode ref, Ref Stage 22, run, end, 9199870331031028
1787080804.492986, NoOp Chain Depth 64 Size 0 Mode ref, Ref Stage 23, run, start, 9199870331045092
1787080804.493006, NoOp Chain Depth 64 Size 0 Mode ref, Ref Stage 23, run, end, 9199870331065748
1787080804.493021, NoOp Chain Depth 64 Size 0 Mode ref, Ref Stage 24, run, start, 9199870331079812
1787080804.493040, NoOp Chain Depth 64 Size 0 Mode ref, Ref Stage 24, run, end, 9199870331099204
1787080804.493054, NoOp Chain Depth 64 Size 0 Mode ref, Ref Stage 25, run, start, 9199870331113172
1787080804.493073, NoOp Chain Depth 64 Size 0 Mode ref, Ref Stage 25, run, end, 9199870331132436
1787080804.493087, NoOp Chain Depth 64 Size 0 Mode ref, Ref Stage 26, run, start, 9199870331146340
1787080804.493106, NoOp Chain Depth 64 Size 0 Mode ref, Ref Stage 26, run, end, 9199870331165684
1787080804.493122, NoOp Chain Depth 64 Size 0 Mode ref, Ref Stage 27, run, start, 9199870331180932
1787080804.493141, NoOp Chain Depth 64 Size 0 Mode ref, Ref Stage 27, run, end, 9199870331200276
1787080804.493155, NoOp Chain Depth 64 Size 0 Mode ref, Ref Stage 28, run, start, 9199870331214148
1787080804.493176, NoOp Chain Depth 64 Size 0 Mode ref, Ref Stage 28, run, end, 9199870331234900
1787080804.493192, NoOp Chain Depth 64 Size 0 Mode ref, Ref Stage 29, run, start, 9199870331251620
1787080804.493212, NoOp Chain Depth 64 Size 0 Mode ref, Ref Stage 29, run, end, 9199870331271252
1787080804.493228, NoOp Chain Depth 64 Size 0 Mode ref, Ref Stage 30, run, start, 9199870331287668
1787080804.494955, NoOp Chain Depth 64 Size 0 Mode ref, Ref Stage 30, run, end, 9199870333015284
1787080804.494976, NoOp Chain Depth 64 Size 0 Mode ref, Ref Stage 31, run, start, 9199870333035684
1787080804.494998, NoOp Chain Depth 64 Size 0 Mode ref, Ref Stage 31, run, end, 9199870333057972
1787080804.495013, NoOp Chain Depth 64 Size 0 Mode ref, Ref Stage 32, run, start, 9199870333072708
1787080804.495034, NoOp Chain Depth 64 Size 0 Mode ref, Ref Stage 32, run, end, 9199870333093044
1787080804.495048, NoOp Chain Depth 64 Size 0 Mode ref, Ref Stage 33, run, start, 9199870333107364
1787080804.495070, NoOp Chain Depth 64 Size 0 Mode ref, Ref Stage 33, run, end, 9199870333129124
1787080804.495436, NoOp Chain Depth 64 Size 0 Mode ref, Ref Stage 34, run, start, 9199870333495636
1787080804.495458, NoOp Chain Depth 64 Size 0 Mode ref, Ref Stage 34, run, end, 9199870333517076
1787080804.495472, NoOp Chain Depth 64 Size 0 Mode ref, Ref Stage 35, run, start, 9199870333531476
1787080804.495492, NoOp Chain Depth 64 Size 0 Mode ref, Ref Stage 35, run, end, 9199870333551508
1787080804.495507, NoOp Chain Depth 64 Size 0 Mode ref, Ref Stage 36, run, start, 9199870333566084
1787080804.495527, NoOp Chain Depth 64 Size 0 Mode ref, Ref Stage 36, run, end, 9199870333585860
1787080804.495541, NoOp Chain Depth 64 Size 0 Mode ref, Ref Stage 37, run, start, 9199870333600068
1787080804.495560, NoOp Chain Depth 64 Size 0 Mode ref, Ref Stage 37, run, end, 9199870333619652
1787080804.495574, NoOp Chain Depth 64 Size 0 Mode ref, Ref Stage 38, run, start, 9199870333633700
1787080804.495594, NoOp Chain Depth 64 Size 0 Mode ref, Ref Stage 38, run, end, 9199870333653316
1787080804.495608, NoOp Chain Depth 64 Size 0 Mode ref, Ref Stage 39, run, start, 9199870333667412
1787080804.495628, NoOp Chain Depth 64 Size 0 Mode ref, Ref Stage 39, run, end, 9199870333687236
1787080804.495642, NoOp Chain Depth 64 Size 0 Mode ref, Ref Stage 40, run, start, 9199870333701268
1787080804.495663, NoOp Chain Depth 64 Size 0 Mode ref, Ref Stage 40, run, end, 9199870333722292
1787080804.495675, NoOp Chain Depth 64 Size 0 Mode ref, Ref Stage 41, run, start, 9199870333734116
1787080804.495704, NoOp Chain Depth 64 Size 0 Mode ref, Ref Stage 41, run, end, 9199870333763700
1787080804.495718, NoOp Chain Depth 64 Size 0 Mode ref, Ref Stage 42, run, start, 9199870333777620
1787080804.495738, NoOp Chain Depth 64 Size 0 Mode ref, Ref Stage 42, run, end, 9199870333797396
1787080804.495752, NoOp Chain Depth 64 Size 0 Mode ref, Ref Stage 43, run, start, 9199870333811460
1787080804.495772, NoOp Chain Depth 64 Size 0 Mode ref, Ref Stage 43, run, end, 9199870333831108
1787080804.495786, NoOp Chain Depth 64 Size 0 Mode ref, Ref Stage 44, run, start, 9199870333845844
1787080804.495806, NoOp Chain Depth 64 Size 0 Mode ref, Ref Stage 44, run, end, 9199870333864980
1787080804.495820, NoOp Chain Depth 64 Size 0 Mode ref, Ref Stage 45, run, start, 9199870333879348
1787080804.495842, NoOp Chain Depth 64 Size 0 Mode ref, Ref Stage 45, run, end, 9199870333900772
1787080804.495853, NoOp Chain Depth 64 Size 0 Mode ref, Ref Stage 46, run, start, 9199870333912612
1787080804.495885, NoOp Chain Depth 64 Size 0 Mode ref, Ref Stage 46, run, end, 9199870333944228
1787080804.495897, NoOp Chain Depth 64 Size 0 Mode ref, Ref Stage 47, run, start, 9199870333956132
1787080804.495927, NoOp Chain Depth 64 Size 0 Mode ref, Ref Stage 47, run, end, 9199870333985908
1787080804.495941, NoOp Chain Depth 64 Size 0 Mode ref, Ref Stage 48, run, start, 9199870334002596
1787080804.495964, NoOp Chain Depth 64 Size 0 Mode ref, Ref Stage 48, run, end, 9199870334023604
1787080804.495980, NoOp Chain Depth 64 Size 0 Mode ref, Ref Stage 49, run, start, 9199870334038708
1787080804.496001, NoOp Chain Depth 64 Size 0 Mode ref, Ref Stage 49, run, end, 9199870334060308
1787080804.496046, NoOp Chain Depth 64 Size 0 Mode ref, Ref Stage 50, run, start, 9199870334105716
1787080804.496204, NoOp Chain Depth 64 Size 0 Mode ref, Ref Stage 50, run, end, 9199870334263284
1787080804.496216, NoOp Chain Depth 64 Size 0 Mode ref, Ref Stage 51, run, start, 9199870334275284
1787080804.496248, NoOp Chain Depth 64 Size 0 Mode ref, Ref Stage 51, run, end, 9199870334307812
1787080804.496263, NoOp Chain Depth 64 Size 0 Mode ref, Ref Stage 52, run, start, 9199870334322180
1787080804.496283, NoOp Chain Depth 64 Size 0 Mode ref, Ref Stage 52, run, end, 9199870334342100
1787080804.496297, NoOp Chain Depth 64 Size 0 Mode ref, Ref Stage 53, run, start, 9199870334356276
1787080804.496317, NoOp Chain Depth 64 Size 0 Mode ref, Ref Stage 53, run, end, 9199870334376068
1787080804.496331, NoOp Chain Depth 64 Size 0 Mode ref, Ref Stage 54, run, start, 9199870334390324
1787080804.496351, NoOp Chain Depth 64 Size 0 Mode ref, Ref Stage 54, run, end, 9199870334410548
1787080804.496366, NoOp Chain Depth 64 Size 0 Mode ref, Ref Stage 55, run, start, 9199870334424948
1787080804.496385, NoOp Chain Depth 64 Size 0 Mode ref, Ref Stage 55, run, end, 9199870334444324
1787080804.496399, NoOp Chain Depth 64 Size 0 Mode ref, Ref Stage 56, run, start, 9199870334458420
1787080804.496419, NoOp Chain Depth 64 Size 0 Mode ref, Ref Stage 56, run, end, 9199870334478132
1787080804.496433, NoOp Chain Depth 64 Size 0 Mode ref, Ref Stage 57, run, start, 9199870334492132
1787080804.496452, NoOp Chain Depth 64 Size 0 Mode ref, Ref Stage 57, run, end, 9199870334511380
1787080804.496466, NoOp Chain Depth 64 Size 0 Mode ref, Ref Stage 58, run, start, 9199870334525492
1787080804.496486, NoOp Chain Depth 64 Size 0 Mode ref, Ref Stage 58, run, end, 9199870334544820
1787080804.496500, NoOp Chain Depth 64 Size 0 Mode ref, Ref Stage 59, run, start, 9199870334558788
1787080804.496519, NoOp Chain Depth 64 Size 0 Mode ref, Ref Stage 59, run, end, 9199870334578292
1787080804.496533, NoOp Chain Depth 64 Size 0 Mode ref, Ref Stage 60, run, start, 9199870334592468
1787080804.496555, NoOp Chain Depth 64 Size 0 Mode ref, Ref Stage 60, run, end, 9199870334614020
1787080804.496569, NoOp Chain Depth 64 Size 0 Mode ref, Ref Stage 61, run, start, 9199870334628100
1787080804.496590, NoOp Chain Depth 64 Size 0 Mode ref, Ref Stage 61, run, end, 9199870334649140
1787080804.496605, NoOp Chain Depth 64 Size 0 Mode ref, Ref Stage 62, run, start, 9199870334663972
1787080804.496624, NoOp Chain Depth 64 Size 0 Mode ref, Ref Stage 62, run, end, 9199870334683572
1787080804.496639, NoOp Chain Depth 64 Size 0 Mode ref, Ref Stage 63, run, start, 9199870334697892
1787080804.496658, NoOp Chain Depth 64 Size 0 Mode ref, Ref Stage 63, run, end, 9199870334717284
1787080804.496672, NoOp Chain Depth 64 Size 0 Mode ref, pipeline - train, run, end, 222184821101828367818832411071649351319, 1787080804.491618, 26, 1, 9199870334731620
1787080804.496709, NoOp Chain Depth 64 Size 0 Mode ref, pipeline - train, run, start, 294572403746772790193088210616504437167, 1787080804.496698, 27, 1, 9199870334768436
1787080804.496732, NoOp Chain Depth 64 Size 0 Mode ref, Ref Stage 0, run, start, 9199870334791780
1787080804.496754, NoOp Chain Depth 64 Size 0 Mode ref, Ref Stage 0, run, end, 9199870334813412
1787080804.496766, NoOp Chain Depth 64 Size 0 Mode ref, Ref Stage 1, run, start, 9199870334825284
1787080804.496796, NoOp Chain Depth 64 Size 0 Mode ref, Ref Stage 1, run, end, 9199870334855124
1787080804.496811, NoOp Chain Depth 64 Size 0 Mode ref, Ref Stage 2, run, start, 9199870334869972
1787080804.496832, NoOp Chain Depth 64 Size 0 Mode ref, Ref Stage 2, run, end, 9199870334891348
1787080804.496844, NoOp Chain Depth 64 Size 0 Mode ref, Ref Stage 3, run, start, 9199870334903236
1787080804.496873, NoOp Chain Depth 64 Size 0 Mode ref, Ref Stage 3, run, end, 9199870334932804
1787080804.496887, NoOp Chain Depth 64 Size 0 Mode ref, Ref Stage 4, run, start, 9199870334946836
1787080804.496907, NoOp Chain Depth 64 Size 0 Mode ref, Ref Stage 4, run, end, 9199870334966548
1787080804.496922, NoOp Chain Depth 64 Size 0 Mode ref, Ref Stage 5, run, start, 9199870334981604
1787080804.496947, NoOp Chain Depth 64 Size 0 Mode ref, Ref Stage 5, run, end, 9199870335006564
1787080804.496960, NoOp Chain Depth 64 Size 0 Mode ref, Ref Stage 6, run, start, 9199870335019204
1787080804.496993, NoOp Chain Depth 64 Size 0 Mode ref, Ref Stage 6, run, end, 9199870335052724
1787080804.497008, NoOp Chain Depth 64 Size 0 Mode ref, Ref Stage 7, run, start, 9199870335066916
1787080804.497027, NoOp Chain Depth 64 Size 0 Mode ref, Ref Stage 7, run, end, 9199870335086548
1787080804.497041, NoOp Chain Depth 64 Size 0 Mode ref, Ref Stage 8, run, start, 9199870335100564
1787080804.497062, NoOp Chain Depth 64 Size 0 Mode ref, Ref Stage 8, run, end, 9199870335121204
1787080804.497076, NoOp Chain Depth 64 Size 0 Mode ref, Ref Stage 9, run, start, 9199870335135332
1787080804.497096, NoOp Chain Depth 64 Size 0 Mode ref, Ref Stage 9, run, end, 9199870335155092
1787080804.497110, NoOp Chain Depth 64 Size 0 Mode ref, Ref Stage 10, run, start, 9199870335169140
1787080804.497131, NoOp Chain Depth 64 Size 0 Mode ref, Ref Stage 10, run, end, 9199870335190260
1787080804.497145, NoOp Chain Depth 64 Size 0 Mode ref, Ref Stage 11, run, start, 9199870335204420
1787080804.499953, NoOp Chain Depth 64 Size 0 Mode ref, Ref Stage 11, run, end, 9199870338013605
1787080804.500636, NoOp Chain Depth 64 Size 0 Mode ref, Ref Stage 12, run, start, 9199870338695957
1787080804.500660, NoOp Chain Depth 64 Size 0 Mode ref, Ref Stage 12, run, end, 9199870338719605
1787080804.500675, NoOp Chain Depth 64 Size 0 Mode ref, Ref Stage 13, run, start, 9199870338734341
1787080804.500695, NoOp Chain Depth 64 Size 0 Mode ref, Ref Stage 13, run, end, 9199870338754437
1787080804.500709, NoOp Chain Depth 64 Size 0 Mode ref, Ref Stage 14, run, start, 9199870338768485
1787080804.500729, NoOp Chain Depth 64 Size 0 Mode ref, Ref Stage 14, run, end, 9199870338788037
1787080804.500743, NoOp Chain Depth 64 Size 0 Mode ref, Ref Stage 15, run, start, 9199870338802053
1787080804.500762, NoOp Chain Depth 64 Size 0 Mode ref, Ref Stage 15, run, end, 9199870338821637
1787080804.500777, NoOp Chain Depth 64 Size 0 Mode ref, Ref Stage 16, run, start, 9199870338835669
1787080804.500796, NoOp Chain Depth 64 Size 0 Mode ref, Ref Stage 16, run, end, 9199870338854981
1787080804.500810, NoOp Chain Depth 64 Size 0 Mode ref, Ref Stage 17, run, start, 9199870338868997
1787080804.500829, NoOp Chain Depth 64 Size 0 Mode ref, Ref Stage 17, run, end, 9199870338888437
1787080804.500844, NoOp Chain Depth 64 Size 0 Mode ref, Ref Stage 18, run, start, 9199870338902677
1787080804.500863, NoOp Chain Depth 64 Size 0 Mode ref, Ref Stage 18, run, end, 9199870338922245
1787080804.500877, NoOp Chain Depth 64 Size 0 Mode ref, Ref Stage 19, run, start, 9199870338936437
1787080804.500896, NoOp Chain Depth 64 Size 0 Mode ref, Ref Stage 19, run, end, 9199870338955797
1787080804.500911, NoOp Chain Depth 64 Size 0 Mode ref, Ref Stage 20, run, start, 9199870338969829
1787080804.500930, NoOp Chain Depth 64 Size 0 Mode ref, Ref Stage 20, run, end, 9199870338989125
1787080804.500946, NoOp Chain Depth 64 Size 0 Mode ref, Ref Stage 21, run, start, 9199870339005077
1787080804.500966, NoOp Chain Depth 64 Size 0 Mode ref, Ref Stage 21, run, end, 9199870339025285
1787080804.500980, NoOp Chain Depth 64 Size 0 Mode ref, Ref Stage 22, run, start, 9199870339039349
1787080804.501001, NoOp Chain Depth 64 Size 0 Mode ref, Ref Stage 22, run, end, 9199870339060613
1787080804.501013, NoOp Chain Depth 64 Size 0 Mode ref, Ref Stage 23, run, start, 9199870339072181
1787080804.501042, NoOp Chain Depth 64 Size 0 Mode ref, Ref Stage 23, run, end, 9199870339101381
1787080804.501056, NoOp Chain Depth 64 Size 0 Mode ref, Ref Stage 24, run, start, 9199870339115637
1787080804.501076, NoOp Chain Depth 64 Size 0 Mode ref, Ref Stage 24, run, end, 9199870339135381
1787080804.501090, NoOp Chain Depth 64 Size 0 Mode ref, Ref Stage 25, run, start, 9199870339149429
1787080804.501110, NoOp Chain Depth 64 Size 0 Mode ref, Ref Stage 25, run, end, 9199870339168805
1787080804.501124, NoOp Chain Depth 64 Size 0 Mode ref, Ref Stage 26, run, start, 9199870339182885
1787080804.501143, NoOp Chain Depth 64 Size 0 Mode ref, Ref Stage 26, run, end, 9199870339202229
1787080804.501163, NoOp Chain Depth 64 Size 0 Mode ref, Ref Stage 27, run, start, 9199870339221957
1787080804.501182, NoOp Chain Depth 64 Size 0 Mode ref, Ref Stage 27, run, end, 9199870339241333
1787080804.501197, NoOp Chain Depth 64 Size 0 Mode ref, Ref Stage 28, run, start, 9199870339256101
1787080804.501216, NoOp Chain Depth 64 Size 0 Mode ref, Ref Stage 28, run, end, 9199870339275573
1787080804.501230, NoOp Chain Depth 64 Size 0 Mode ref, Ref Stage 29, run, start, 9199870339289813
1787080804.501252, NoOp Chain Depth 64 Size 0 Mode ref, Ref Stage 29, run, end, 9199870339310981
1787080804.501263, NoOp Chain Depth 64 Size 0 Mode ref, Ref Stage 30, run, start, 9199870339322741
1787080804.501294, NoOp Chain Depth 64 Size 0 Mode ref, Ref Stage 30, run, end, 9199870339352901
1787080804.501308, NoOp Chain Depth 64 Size 0 Mode ref, Ref Stage 31, run, start, 9199870339367477
1787080804.501328, NoOp Chain Depth 64 Size 0 Mode ref, Ref Stage 31, run, end, 9199870339387221
1787080804.501342, NoOp Chain Depth 64 Size 0 Mode ref, Ref Stage 32, run, start, 9199870339401605
1787080804.501362, NoOp Chain Depth 64 Size 0 Mode ref, Ref Stage 32, run, end, 9199870339421493
1787080804.501377, NoOp Chain Depth 64 Size 0 Mode ref, Ref Stage 33, run, start, 9199870339436005
1787080804.501397, NoOp Chain Depth 64 Size 0 Mode ref, Ref Stage 33, run, end, 9199870339456005
1787080804.501411, NoOp Chain Depth 64 Size 0 Mode ref, Ref Stage 34, run, start, 9199870339470341
1787080804.501431, NoOp Chain Depth 64 Size 0 Mode ref, Ref Stage 34, run, end, 9199870339490645
1787080804.501446, NoOp Chain Depth 64 Size 0 Mode ref, Ref Stage 35, run, start, 9199870339504965
1787080804.501466, NoOp Chain Depth 64 Size 0 Mode ref, Ref Stage 35, run, end, 9199870339524997
1787080804.501480, NoOp Chain Depth 64 Size 0 Mode ref, Ref Stage 36, run, start, 9199870339539397
1787080804.501500, NoOp Chain Depth 64 Size 0 Mode ref, Ref Stage 36, run, end, 9199870339559541
1787080804.501514, NoOp Chain Depth 64 Size 0 Mode ref, Ref Stage 37, run, start, 9199870339574053
1787080804.501534, NoOp Chain Depth 64 Size 0 Mode ref, Ref Stage 37, run, end, 9199870339593717
1787080804.501549, NoOp Chain Depth 64 Size 0 Mode ref, Ref Stage 38, run, start, 9199870339607957
1787080804.501569, NoOp Chain Depth 64 Size 0 Mode ref, Ref Stage 38, run, end, 9199870339628229
1787080804.501584, NoOp Chain Depth 64 Size 0 Mode ref, Ref Stage 39, run, start, 9199870339642981
1787080804.501604, NoOp Chain Depth 64 Size 0 Mode ref, Ref Stage 39, run, end, 9199870339663317
1787080804.501619, NoOp Chain Depth 64 Size 0 Mode ref, Ref Stage 40, run, start, 9199870339678709
1787080804.501642, NoOp Chain Depth 64 Size 0 Mode ref, Ref Stage 40, run, end, 9199870339700693
1787080804.501653, NoOp Chain Depth 64 Size 0 Mode ref, Ref Stage 41, run, start, 9199870339712597
1787080804.501683, NoOp Chain Depth 64 Size 0 Mode ref, Ref Stage 41, run, end, 9199870339742901
1787080804.501698, NoOp Chain Depth 64 Size 0 Mode ref, Ref Stage 42, run, start, 9199870339757061
1787080804.501718, NoOp Chain Depth 64 Size 0 Mode ref, Ref Stage 42, run, end, 9199870339777077
1787080804.501732, NoOp Chain Depth 64 Size 0 Mode ref, Ref Stage 43, run, start, 9199870339791109
1787080804.501751, NoOp Chain Depth 64 Size 0 Mode ref, Ref Stage 43, run, end, 9199870339810661
1787080804.501765, NoOp Chain Depth 64 Size 0 Mode ref, Ref Stage 44, run, start, 9199870339824789
1787080804.501785, NoOp Chain Depth 64 Size 0 Mode ref, Ref Stage 44, run, end, 9199870339844485
1787080804.501800, NoOp Chain Depth 64 Size 0 Mode ref, Ref Stage 45, run, start, 9199870339859397
1787080804.501820, NoOp Chain Depth 64 Size 0 Mode ref, Ref Stage 45, run, end, 9199870339878917
1787080804.501834, NoOp Chain Depth 64 Size 0 Mode ref, Ref Stage 46, run, start, 9199870339892949
1787080804.501854, NoOp Chain Depth 64 Size 0 Mode ref, Ref Stage 46, run, end, 9199870339913877
1787080804.501889, NoOp Chain Depth 64 Size 0 Mode ref, Ref Stage 47, run, start, 9199870339949077
1787080804.502042, NoOp Chain Depth 64 Size 0 Mode ref, Ref Stage 47, run, end, 9199870340101957
1787080804.502059, NoOp Chain Depth 64 Size 0 Mode ref, Ref Stage 48, run, start, 9199870340118261
1787080804.502079, NoOp Chain Depth 64 Size 0 Mode ref, Ref Stage 48, run, end, 9199870340138437
1787080804.502093, NoOp Chain Depth 64 Size 0 Mode ref, Ref Stage 49, run, start, 9199870340152581
1787080804.502470, NoOp Chain Depth 64 Size 0 Mode ref, Ref Stage 49, run, end, 9199870340530325
1787080804.502600, NoOp Chain Depth 64 Size 0 Mode ref, Ref Stage 50, run, start, 9199870340659237
1787080804.502621, NoOp Chain Depth 64 Size 0 Mode ref, Ref Stage 50, run, end, 9199870340680277
1787080804.502635, NoOp Chain Depth 64 Size 0 Mode ref, Ref Stage 51, run, start, 9199870340695029
1787080804.502657, NoOp Chain Depth 64 Size 0 Mode ref, Ref Stage 51, run, end, 9199870340716709
1787080804.502670, NoOp Chain Depth 64 Size 0 Mode ref, Ref Stage 52, run, start, 9199870340728869
1787080804.502699, NoOp Chain Depth 64 Size 0 Mode ref, Ref Stage 52, run, end, 9199870340758373
1787080804.502713, NoOp Chain Depth 64 Size 0 Mode ref, Ref Stage 53, run, start, 9199870340772581
1787080804.502733, NoOp Chain Depth 64 Size 0 Mode ref, Ref Stage 53, run, end, 9199870340792533
1787080804.502747, NoOp Chain Depth 64 Size 0 Mode ref, Ref Stage 54, run, start, 9199870340806597
1787080804.502767, NoOp Chain Depth 64 Size 0 Mode ref, Ref Stage 54, run, end, 9199870340826485
1787080804.502781, NoOp Chain Depth 64 Size 0 Mode ref, Ref Stage 55, run, start, 9199870340840741
1787080804.502801, NoOp Chain Depth 64 Size 0 Mode ref, Ref Stage 55, run, end, 9199870340860645
1787080804.502815, NoOp Chain Depth 64 Size 0 Mode ref, Ref Stage 56, run, start, 9199870340874869
1787080804.502836, NoOp Chain Depth 64 Size 0 Mode ref, Ref Stage 56, run, end, 9199870340894837
1787080804.502850, NoOp Chain Depth 64 Size 0 Mode ref, Ref Stage 57, run, start, 9199870340909077
1787080804.502870, NoOp Chain Depth 64 Size 0 Mode ref, Ref Stage 57, run, end, 9199870340928789
1787080804.502884, NoOp Chain Depth 64 Size 0 Mode ref, Ref Stage 58, run, start, 9199870340942917
1787080804.502903, NoOp Chain Depth 64 Size 0 Mode ref, Ref Stage 58, run, end, 9199870340962581
1787080804.502917, NoOp Chain Depth 64 Size 0 Mode ref, Ref Stage 59, run, start, 9199870340976581
1787080804.502937, NoOp Chain Depth 64 Size 0 Mode ref, Ref Stage 59, run, end, 9199870340996117
1787080804.502952, NoOp Chain Depth 64 Size 0 Mode ref, Ref Stage 60, run, start, 9199870341011717
1787080804.502973, NoOp Chain Depth 64 Size 0 Mode ref, Ref Stage 60, run, end, 9199870341032533
1787080804.502988, NoOp Chain Depth 64 Size 0 Mode ref, Ref Stage 61, run, start, 9199870341046789
1787080804.503007, NoOp Chain Depth 64 Size 0 Mode ref, Ref Stage 61, run, end, 9199870341066501
1787080804.503022, NoOp Chain Depth 64 Size 0 Mode ref, Ref Stage 62, run, start, 9199870341081141
1787080804.503042, NoOp Chain Depth 64 Size 0 Mode ref, Ref Stage 62, run, end, 9199870341100853
1787080804.503058, NoOp Chain Depth 64 Size 0 Mode ref, Ref Stage 63, run, start, 9199870341117653
1787080804.503080, NoOp Chain Depth 64 Size 0 Mode ref, Ref Stage 63, run, end, 9199870341139413
1787080804.503092, NoOp Chain Depth 64 Size 0 Mode ref, pipeline - train, run, end, 294572403746772790193088210616504437167, 1787080804.496698, 27, 1, 9199870341151573
1787080804.503138, NoOp Chain Depth 64 Size 0 Mode ref, pipeline - train, run, start, 86544576894462751296472962141209960228, 1787080804.503127, 28, 1, 9199870341197317
1787080804.503160, NoOp Chain Depth 64 Size 0 Mode ref, Ref Stage 0, run, start, 9199870341219365
1787080804.503182, NoOp Chain Depth 64 Size 0 Mode ref, Ref Stage 0, run, end, 9199870341241461
1787080804.503194, NoOp Chain Depth 64 Size 0 Mode ref, Ref Stage 1, run, start, 9199870341253365
1787080804.503224, NoOp Chain Depth 64 Size 0 Mode ref, Ref Stage 1, run, end, 9199870341283477
1787080804.503238, NoOp Chain Depth 64 Size 0 Mode ref, Ref Stage 2, run, start, 9199870341297877
1787080804.503261, NoOp Chain Depth 64 Size 0 Mode ref, Ref Stage 2, run, end, 9199870341320565
1787080804.503274, NoOp Chain Depth 64 Size 0 Mode ref, Ref Stage 3, run, start, 9199870341333669
1787080804.503306, NoOp Chain Depth 64 Size 0 Mode ref, Ref Stage 3, run, end, 9199870341365845
1787080804.503321, NoOp Chain Depth 64 Size 0 Mode ref, Ref Stage 4, run, start, 9199870341379989
1787080804.503340, NoOp Chain Depth 64 Size 0 Mode ref, Ref Stage 4, run, end, 9199870341399925
1787080804.503355, NoOp Chain Depth 64 Size 0 Mode ref, Ref Stage 5, run, start, 9199870341414229
1787080804.503376, NoOp Chain Depth 64 Size 0 Mode ref, Ref Stage 5, run, end, 9199870341435525
1787080804.503388, NoOp Chain Depth 64 Size 0 Mode ref, Ref Stage 6, run, start, 9199870341447733
1787080804.503999, NoOp Chain Depth 64 Size 0 Mode ref, Ref Stage 6, run, end, 9199870342059477
1787080804.504015, NoOp Chain Depth 64 Size 0 Mode ref, Ref Stage 7, run, start, 9199870342074565
1787080804.504035, NoOp Chain Depth 64 Size 0 Mode ref, Ref Stage 7, run, end, 9199870342094565
1787080804.504049, NoOp Chain Depth 64 Size 0 Mode ref, Ref Stage 8, run, start, 9199870342108997
1787080804.504069, NoOp Chain Depth 64 Size 0 Mode ref, Ref Stage 8, run, end, 9199870342128533
1787080804.504083, NoOp Chain Depth 64 Size 0 Mode ref, Ref Stage 9, run, start, 9199870342142933
1787080804.504104, NoOp Chain Depth 64 Size 0 Mode ref, Ref Stage 9, run, end, 9199870342163141
1787080804.504118, NoOp Chain Depth 64 Size 0 Mode ref, Ref Stage 10, run, start, 9199870342177429
1787080804.504139, NoOp Chain Depth 64 Size 0 Mode ref, Ref Stage 10, run, end, 9199870342198645
1787080804.504151, NoOp Chain Depth 64 Size 0 Mode ref, Ref Stage 11, run, start, 9199870342210293
1787080804.504180, NoOp Chain Depth 64 Size 0 Mode ref, Ref Stage 11, run, end, 9199870342239589
1787080804.504194, NoOp Chain Depth 64 Size 0 Mode ref, Ref Stage 12, run, start, 9199870342253749
1787080804.504215, NoOp Chain Depth 64 Size 0 Mode ref, Ref Stage 12, run, end, 9199870342273941
1787080804.504229, NoOp Chain Depth 64 Size 0 Mode ref, Ref Stage 13, run, start, 9199870342288229
1787080804.504249, NoOp Chain Depth 64 Size 0 Mode ref, Ref Stage 13, run, end, 9199870342309829
1787080804.504265, NoOp Chain Depth 64 Size 0 Mode ref, Ref Stage 14, run, start, 9199870342324117
1787080804.504287, NoOp Chain Depth 64 Size 0 Mode ref, Ref Stage 14, run, end, 9199870342346309
1787080804.504301, NoOp Chain Depth 64 Size 0 Mode ref, Ref Stage 15, run, start, 9199870342360677
1787080804.504321, NoOp Chain Depth 64 Size 0 Mode ref, Ref Stage 15, run, end, 9199870342380341
1787080804.504335, NoOp Chain Depth 64 Size 0 Mode ref, Ref Stage 16, run, start, 9199870342394405
1787080804.504354, NoOp Chain Depth 64 Size 0 Mode ref, Ref Stage 16, run, end, 9199870342414341
1787080804.504369, NoOp Chain Depth 64 Size 0 Mode ref, Ref Stage 17, run, start, 9199870342428357
1787080804.504388, NoOp Chain Depth 64 Size 0 Mode ref, Ref Stage 17, run, end, 9199870342447717
1787080804.504402, NoOp Chain Depth 64 Size 0 Mode ref, Ref Stage 18, run, start, 9199870342461541
1787080804.504422, NoOp Chain Depth 64 Size 0 Mode ref, Ref Stage 18, run, end, 9199870342480917
1787080804.504437, NoOp Chain Depth 64 Size 0 Mode ref, Ref Stage 19, run, start, 9199870342496341
1787080804.504457, NoOp Chain Depth 64 Size 0 Mode ref, Ref Stage 19, run, end, 9199870342515941
1787080804.504471, NoOp Chain Depth 64 Size 0 Mode ref, Ref Stage 20, run, start, 9199870342530197
1787080804.504490, NoOp Chain Depth 64 Size 0 Mode ref, Ref Stage 20, run, end, 9199870342549461
1787080804.504504, NoOp Chain Depth 64 Size 0 Mode ref, Ref Stage 21, run, start, 9199870342563301
1787080804.504524, NoOp Chain Depth 64 Size 0 Mode ref, Ref Stage 21, run, end, 9199870342582917
1787080804.504538, NoOp Chain Depth 64 Size 0 Mode ref, Ref Stage 22, run, start, 9199870342597109
1787080804.504557, NoOp Chain Depth 64 Size 0 Mode ref, Ref Stage 22, run, end, 9199870342616597
1787080804.504571, NoOp Chain Depth 64 Size 0 Mode ref, Ref Stage 23, run, start, 9199870342630469
1787080804.504591, NoOp Chain Depth 64 Size 0 Mode ref, Ref Stage 23, run, end, 9199870342649893
1787080804.504606, NoOp Chain Depth 64 Size 0 Mode ref, Ref Stage 24, run, start, 9199870342665845
1787080804.504627, NoOp Chain Depth 64 Size 0 Mode ref, Ref Stage 24, run, end, 9199870342686901
1787080804.504642, NoOp Chain Depth 64 Size 0 Mode ref, Ref Stage 25, run, start, 9199870342702005
1787080804.504663, NoOp Chain Depth 64 Size 0 Mode ref, Ref Stage 25, run, end, 9199870342722725
1787080804.504677, NoOp Chain Depth 64 Size 0 Mode ref, Ref Stage 26, run, start, 9199870342736725
1787080804.504697, NoOp Chain Depth 64 Size 0 Mode ref, Ref Stage 26, run, end, 9199870342756501
1787080804.504711, NoOp Chain Depth 64 Size 0 Mode ref, Ref Stage 27, run, start, 9199870342770661
1787080804.504732, NoOp Chain Depth 64 Size 0 Mode ref, Ref Stage 27, run, end, 9199870342791573
1787080804.504746, NoOp Chain Depth 64 Size 0 Mode ref, Ref Stage 28, run, start, 9199870342805557
1787080804.504992, NoOp Chain Depth 64 Size 0 Mode ref, Ref Stage 28, run, end, 9199870343053413
1787080804.505013, NoOp Chain Depth 64 Size 0 Mode ref, Ref Stage 29, run, start, 9199870343073253
1787080804.505038, NoOp Chain Depth 64 Size 0 Mode ref, Ref Stage 29, run, end, 9199870343097941
1787080804.505051, NoOp Chain Depth 64 Size 0 Mode ref, Ref Stage 30, run, start, 9199870343110309
1787080804.505083, NoOp Chain Depth 64 Size 0 Mode ref, Ref Stage 30, run, end, 9199870343142437
1787080804.505097, NoOp Chain Depth 64 Size 0 Mode ref, Ref Stage 31, run, start, 9199870343156821
1787080804.505117, NoOp Chain Depth 64 Size 0 Mode ref, Ref Stage 31, run, end, 9199870343176549
1787080804.505131, NoOp Chain Depth 64 Size 0 Mode ref, Ref Stage 32, run, start, 9199870343190741
1787080804.505152, NoOp Chain Depth 64 Size 0 Mode ref, Ref Stage 32, run, end, 9199870343211061
1787080804.505166, NoOp Chain Depth 64 Size 0 Mode ref, Ref Stage 33, run, start, 9199870343224901
1787080804.505185, NoOp Chain Depth 64 Size 0 Mode ref, Ref Stage 33, run, end, 9199870343244677
1787080804.505199, NoOp Chain Depth 64 Size 0 Mode ref, Ref Stage 34, run, start, 9199870343258757
1787080804.505219, NoOp Chain Depth 64 Size 0 Mode ref, Ref Stage 34, run, end, 9199870343278117
1787080804.505234, NoOp Chain Depth 64 Size 0 Mode ref, Ref Stage 35, run, start, 9199870343293477
1787080804.505255, NoOp Chain Depth 64 Size 0 Mode ref, Ref Stage 35, run, end, 9199870343314229
1787080804.505269, NoOp Chain Depth 64 Size 0 Mode ref, Ref Stage 36, run, start, 9199870343328181
1787080804.505288, NoOp Chain Depth 64 Size 0 Mode ref, Ref Stage 36, run, end, 9199870343347685
1787080804.505302, NoOp Chain Depth 64 Size 0 Mode ref, Ref Stage 37, run, start, 9199870343361861
1787080804.505322, NoOp Chain Depth 64 Size 0 Mode ref, Ref Stage 37, run, end, 9199870343381349
1787080804.505336, NoOp Chain Depth 64 Size 0 Mode ref, Ref Stage 38, run, start, 9199870343395285
1787080804.505357, NoOp Chain Depth 64 Size 0 Mode ref, Ref Stage 38, run, end, 9199870343415957
1787080804.505371, NoOp Chain Depth 64 Size 0 Mode ref, Ref Stage 39, run, start, 9199870343430197
1787080804.505391, NoOp Chain Depth 64 Size 0 Mode ref, Ref Stage 39, run, end, 9199870343449797
1787080804.505404, NoOp Chain Depth 64 Size 0 Mode ref, Ref Stage 40, run, start, 9199870343463717
1787080804.505425, NoOp Chain Depth 64 Size 0 Mode ref, Ref Stage 40, run, end, 9199870343484741
1787080804.505441, NoOp Chain Depth 64 Size 0 Mode ref, Ref Stage 41, run, start, 9199870343500997
1787080804.505465, NoOp Chain Depth 64 Size 0 Mode ref, Ref Stage 41, run, end, 9199870343523829
1787080804.505476, NoOp Chain Depth 64 Size 0 Mode ref, Ref Stage 42, run, start, 9199870343535509
1787080804.505507, NoOp Chain Depth 64 Size 0 Mode ref, Ref Stage 42, run, end, 9199870343566597
1787080804.505522, NoOp Chain Depth 64 Size 0 Mode ref, Ref Stage 43, run, start, 9199870343581013
1787080804.505541, NoOp Chain Depth 64 Size 0 Mode ref, Ref Stage 43, run, end, 9199870343600805
1787080804.505555, NoOp Chain Depth 64 Size 0 Mode ref, Ref Stage 44, run, start, 9199870343614997
1787080804.505575, NoOp Chain Depth 64 Size 0 Mode ref, Ref Stage 44, run, end, 9199870343634485
1787080804.505592, NoOp Chain Depth 64 Size 0 Mode ref, Ref Stage 45, run, start, 9199870343651493
1787080804.505612, NoOp Chain Depth 64 Size 0 Mode ref, Ref Stage 45, run, end, 9199870343671141
1787080804.505627, NoOp Chain Depth 64 Size 0 Mode ref, Ref Stage 46, run, start, 9199870343686229
1787080804.506016, NoOp Chain Depth 64 Size 0 Mode ref, Ref Stage 46, run, end, 9199870344076661
1787080804.506154, NoOp Chain Depth 64 Size 0 Mode ref, Ref Stage 47, run, start, 9199870344213861
1787080804.506176, NoOp Chain Depth 64 Size 0 Mode ref, Ref Stage 47, run, end, 9199870344235893
1787080804.506191, NoOp Chain Depth 64 Size 0 Mode ref, Ref Stage 48, run, start, 9199870344250741
1787080804.506214, NoOp Chain Depth 64 Size 0 Mode ref, Ref Stage 48, run, end, 9199870344272981
1787080804.506225, NoOp Chain Depth 64 Size 0 Mode ref, Ref Stage 49, run, start, 9199870344284709
1787080804.506255, NoOp Chain Depth 64 Size 0 Mode ref, Ref Stage 49, run, end, 9199870344314389
1787080804.506269, NoOp Chain Depth 64 Size 0 Mode ref, Ref Stage 50, run, start, 9199870344328693
1787080804.506289, NoOp Chain Depth 64 Size 0 Mode ref, Ref Stage 50, run, end, 9199870344348533
1787080804.506304, NoOp Chain Depth 64 Size 0 Mode ref, Ref Stage 51, run, start, 9199870344363653
1787080804.506324, NoOp Chain Depth 64 Size 0 Mode ref, Ref Stage 51, run, end, 9199870344383317
1787080804.506338, NoOp Chain Depth 64 Size 0 Mode ref, Ref Stage 52, run, start, 9199870344397557
1787080804.506359, NoOp Chain Depth 64 Size 0 Mode ref, Ref Stage 52, run, end, 9199870344418565
1787080804.506371, NoOp Chain Depth 64 Size 0 Mode ref, Ref Stage 53, run, start, 9199870344430661
1787080804.506401, NoOp Chain Depth 64 Size 0 Mode ref, Ref Stage 53, run, end, 9199870344460661
1787080804.506416, NoOp Chain Depth 64 Size 0 Mode ref, Ref Stage 54, run, start, 9199870344474773
1787080804.506436, NoOp Chain Depth 64 Size 0 Mode ref, Ref Stage 54, run, end, 9199870344494773
1787080804.506450, NoOp Chain Depth 64 Size 0 Mode ref, Ref Stage 55, run, start, 9199870344508933
1787080804.506469, NoOp Chain Depth 64 Size 0 Mode ref, Ref Stage 55, run, end, 9199870344528597
1787080804.506483, NoOp Chain Depth 64 Size 0 Mode ref, Ref Stage 56, run, start, 9199870344542597
1787080804.506503, NoOp Chain Depth 64 Size 0 Mode ref, Ref Stage 56, run, end, 9199870344562261
1787080804.506517, NoOp Chain Depth 64 Size 0 Mode ref, Ref Stage 57, run, start, 9199870344576341
1787080804.506538, NoOp Chain Depth 64 Size 0 Mode ref, Ref Stage 57, run, end, 9199870344597237
1787080804.506552, NoOp Chain Depth 64 Size 0 Mode ref, Ref Stage 58, run, start, 9199870344611461
1787080804.506572, NoOp Chain Depth 64 Size 0 Mode ref, Ref Stage 58, run, end, 9199870344630885
1787080804.506588, NoOp Chain Depth 64 Size 0 Mode ref, Ref Stage 59, run, start, 9199870344647157
1787080804.506607, NoOp Chain Depth 64 Size 0 Mode ref, Ref Stage 59, run, end, 9199870344666389
1787080804.506621, NoOp Chain Depth 64 Size 0 Mode ref, Ref Stage 60, run, start, 9199870344680437
1787080804.506642, NoOp Chain Depth 64 Size 0 Mode ref, Ref Stage 60, run, end, 9199870344701429
1787080804.506656, NoOp Chain Depth 64 Size 0 Mode ref, Ref Stage 61, run, start, 9199870344715541
1787080804.506676, NoOp Chain Depth 64 Size 0 Mode ref, Ref Stage 61, run, end, 9199870344735653
1787080804.506691, NoOp Chain Depth 64 Size 0 Mode ref, Ref Stage 62, run, start, 9199870344750165
1787080804.506711, NoOp Chain Depth 64 Size 0 Mode ref, Ref Stage 62, run, end, 9199870344770101
1787080804.506731, NoOp Chain Depth 64 Size 0 Mode ref, Ref Stage 63, run, start, 9199870344790581
1787080804.506753, NoOp Chain Depth 64 Size 0 Mode ref, Ref Stage 63, run, end, 9199870344812102
1787080804.506768, NoOp Chain Depth 64 Size 0 Mode ref, pipeline - train, run, end, 86544576894462751296472962141209960228, 1787080804.503127, 28, 1, 9199870344827126
1787080804.506804, NoOp Chain Depth 64 Size 0 Mode ref, pipeline - train, run, start, 212469127310159858757937481027541209029, 1787080804.506793, 29, 1, 9199870344863670
1787080804.506829, NoOp Chain Depth 64 Size 0 Mode ref, Ref Stage 0, run, start, 9199870344888102
1787080804.506850, NoOp Chain Depth 64 Size 0 Mode ref, Ref Stage 0, run, end, 9199870344909910
1787080804.506862, NoOp Chain Depth 64 Size 0 Mode ref, Ref Stage 1, run, start, 9199870344921766
1787080804.506893, NoOp Chain Depth 64 Size 0 Mode ref, Ref Stage 1, run, end, 9199870344952198
1787080804.506908, NoOp Chain Depth 64 Size 0 Mode ref, Ref Stage 2, run, start, 9199870344967526
1787080804.506929, NoOp Chain Depth 64 Size 0 Mode ref, Ref Stage 2, run, end, 9199870344987974
1787080804.506947, NoOp Chain Depth 64 Size 0 Mode ref, Ref Stage 3, run, start, 9199870345006710
1787080804.507430, NoOp Chain Depth 64 Size 0 Mode ref, Ref Stage 3, run, end, 9199870345490054
1787080804.507572, NoOp Chain Depth 64 Size 0 Mode ref, Ref Stage 4, run, start, 9199870345631734
1787080804.507595, NoOp Chain Depth 64 Size 0 Mode ref, Ref Stage 4, run, end, 9199870345653782
1787080804.507609, NoOp Chain Depth 64 Size 0 Mode ref, Ref Stage 5, run, start, 9199870345668374
1787080804.507629, NoOp Chain Depth 64 Size 0 Mode ref, Ref Stage 5, run, end, 9199870345688470
1787080804.507643, NoOp Chain Depth 64 Size 0 Mode ref, Ref Stage 6, run, start, 9199870345702870
1787080804.507663, NoOp Chain Depth 64 Size 0 Mode ref, Ref Stage 6, run, end, 9199870345722582
1787080804.507678, NoOp Chain Depth 64 Size 0 Mode ref, Ref Stage 7, run, start, 9199870345736870
1787080804.507697, NoOp Chain Depth 64 Size 0 Mode ref, Ref Stage 7, run, end, 9199870345756262
1787080804.507711, NoOp Chain Depth 64 Size 0 Mode ref, Ref Stage 8, run, start, 9199870345770294
1787080804.507730, NoOp Chain Depth 64 Size 0 Mode ref, Ref Stage 8, run, end, 9199870345789798
1787080804.507745, NoOp Chain Depth 64 Size 0 Mode ref, Ref Stage 9, run, start, 9199870345804022
1787080804.507764, NoOp Chain Depth 64 Size 0 Mode ref, Ref Stage 9, run, end, 9199870345823734
1787080804.507779, NoOp Chain Depth 64 Size 0 Mode ref, Ref Stage 10, run, start, 9199870345837926
1787080804.507801, NoOp Chain Depth 64 Size 0 Mode ref, Ref Stage 10, run, end, 9199870345859798
1787080804.507812, NoOp Chain Depth 64 Size 0 Mode ref, Ref Stage 11, run, start, 9199870345871622
1787080804.507842, NoOp Chain Depth 64 Size 0 Mode ref, Ref Stage 11, run, end, 9199870345901222
1787080804.507856, NoOp Chain Depth 64 Size 0 Mode ref, Ref Stage 12, run, start, 9199870345915622
1787080804.507876, NoOp Chain Depth 64 Size 0 Mode ref, Ref Stage 12, run, end, 9199870345935734
1787080804.507891, NoOp Chain Depth 64 Size 0 Mode ref, Ref Stage 13, run, start, 9199870345949958
1787080804.507911, NoOp Chain Depth 64 Size 0 Mode ref, Ref Stage 13, run, end, 9199870345969878
1787080804.507925, NoOp Chain Depth 64 Size 0 Mode ref, Ref Stage 14, run, start, 9199870345983894
1787080804.507950, NoOp Chain Depth 64 Size 0 Mode ref, Ref Stage 14, run, end, 9199870346008998
1787080804.507966, NoOp Chain Depth 64 Size 0 Mode ref, Ref Stage 15, run, start, 9199870346025430
1787080804.507986, NoOp Chain Depth 64 Size 0 Mode ref, Ref Stage 15, run, end, 9199870346045046
1787080804.508000, NoOp Chain Depth 64 Size 0 Mode ref, Ref Stage 16, run, start, 9199870346059174
1787080804.508019, NoOp Chain Depth 64 Size 0 Mode ref, Ref Stage 16, run, end, 9199870346078758
1787080804.508034, NoOp Chain Depth 64 Size 0 Mode ref, Ref Stage 17, run, start, 9199870346092774
1787080804.508053, NoOp Chain Depth 64 Size 0 Mode ref, Ref Stage 17, run, end, 9199870346112470
1787080804.508067, NoOp Chain Depth 64 Size 0 Mode ref, Ref Stage 18, run, start, 9199870346126630
1787080804.508087, NoOp Chain Depth 64 Size 0 Mode ref, Ref Stage 18, run, end, 9199870346145990
1787080804.508101, NoOp Chain Depth 64 Size 0 Mode ref, Ref Stage 19, run, start, 9199870346159990
1787080804.508120, NoOp Chain Depth 64 Size 0 Mode ref, Ref Stage 19, run, end, 9199870346179446
1787080804.508134, NoOp Chain Depth 64 Size 0 Mode ref, Ref Stage 20, run, start, 9199870346193478
1787080804.508155, NoOp Chain Depth 64 Size 0 Mode ref, Ref Stage 20, run, end, 9199870346214294
1787080804.508171, NoOp Chain Depth 64 Size 0 Mode ref, Ref Stage 21, run, start, 9199870346230246
1787080804.508191, NoOp Chain Depth 64 Size 0 Mode ref, Ref Stage 21, run, end, 9199870346250102
1787080804.508205, NoOp Chain Depth 64 Size 0 Mode ref, Ref Stage 22, run, start, 9199870346264262
1787080804.508225, NoOp Chain Depth 64 Size 0 Mode ref, Ref Stage 22, run, end, 9199870346284070
1787080804.508239, NoOp Chain Depth 64 Size 0 Mode ref, Ref Stage 23, run, start, 9199870346298678
1787080804.508261, NoOp Chain Depth 64 Size 0 Mode ref, Ref Stage 23, run, end, 9199870346320534
1787080804.508273, NoOp Chain Depth 64 Size 0 Mode ref, Ref Stage 24, run, start, 9199870346332486
1787080804.508303, NoOp Chain Depth 64 Size 0 Mode ref, Ref Stage 24, run, end, 9199870346362838
1787080804.508319, NoOp Chain Depth 64 Size 0 Mode ref, Ref Stage 25, run, start, 9199870346378918
1787080804.508341, NoOp Chain Depth 64 Size 0 Mode ref, Ref Stage 25, run, end, 9199870346400038
1787080804.508355, NoOp Chain Depth 64 Size 0 Mode ref, Ref Stage 26, run, start, 9199870346414374
1787080804.508374, NoOp Chain Depth 64 Size 0 Mode ref, Ref Stage 26, run, end, 9199870346433782
1787080804.508390, NoOp Chain Depth 64 Size 0 Mode ref, Ref Stage 27, run, start, 9199870346449430
1787080804.508411, NoOp Chain Depth 64 Size 0 Mode ref, Ref Stage 27, run, end, 9199870346470502
1787080804.508425, NoOp Chain Depth 64 Size 0 Mode ref, Ref Stage 28, run, start, 9199870346484454
1787080804.508446, NoOp Chain Depth 64 Size 0 Mode ref, Ref Stage 28, run, end, 9199870346505030
1787080804.508461, NoOp Chain Depth 64 Size 0 Mode ref, Ref Stage 29, run, start, 9199870346519958
1787080804.508484, NoOp Chain Depth 64 Size 0 Mode ref, Ref Stage 29, run, end, 9199870346542918
1787080804.508495, NoOp Chain Depth 64 Size 0 Mode ref, Ref Stage 30, run, start, 9199870346554678
1787080804.508525, NoOp Chain Depth 64 Size 0 Mode ref, Ref Stage 30, run, end, 9199870346583974
1787080804.508540, NoOp Chain Depth 64 Size 0 Mode ref, Ref Stage 31, run, start, 9199870346599814
1787080804.508562, NoOp Chain Depth 64 Size 0 Mode ref, Ref Stage 31, run, end, 9199870346620966
1787080804.508574, NoOp Chain Depth 64 Size 0 Mode ref, Ref Stage 32, run, start, 9199870346632742
1787080804.508603, NoOp Chain Depth 64 Size 0 Mode ref, Ref Stage 32, run, end, 9199870346661958
1787080804.508617, NoOp Chain Depth 64 Size 0 Mode ref, Ref Stage 33, run, start, 9199870346676054
1787080804.508636, NoOp Chain Depth 64 Size 0 Mode ref, Ref Stage 33, run, end, 9199870346695558
1787080804.508650, NoOp Chain Depth 64 Size 0 Mode ref, Ref Stage 34, run, start, 9199870346709606
1787080804.508670, NoOp Chain Depth 64 Size 0 Mode ref, Ref Stage 34, run, end, 9199870346729174
1787080804.508684, NoOp Chain Depth 64 Size 0 Mode ref, Ref Stage 35, run, start, 9199870346743142
1787080804.508703, NoOp Chain Depth 64 Size 0 Mode ref, Ref Stage 35, run, end, 9199870346762646
1787080804.508717, NoOp Chain Depth 64 Size 0 Mode ref, Ref Stage 36, run, start, 9199870346776758
1787080804.508739, NoOp Chain Depth 64 Size 0 Mode ref, Ref Stage 36, run, end, 9199870346797798
1787080804.508752, NoOp Chain Depth 64 Size 0 Mode ref, Ref Stage 37, run, start, 9199870346811862
1787080804.508772, NoOp Chain Depth 64 Size 0 Mode ref, Ref Stage 37, run, end, 9199870346831478
1787080804.508786, NoOp Chain Depth 64 Size 0 Mode ref, Ref Stage 38, run, start, 9199870346845606
1787080804.508806, NoOp Chain Depth 64 Size 0 Mode ref, Ref Stage 38, run, end, 9199870346864918
1787080804.508820, NoOp Chain Depth 64 Size 0 Mode ref, Ref Stage 39, run, start, 9199870346878998
1787080804.508841, NoOp Chain Depth 64 Size 0 Mode ref, Ref Stage 39, run, end, 9199870346900134
1787080804.508856, NoOp Chain Depth 64 Size 0 Mode ref, Ref Stage 40, run, start, 9199870346914950
1787080804.508875, NoOp Chain Depth 64 Size 0 Mode ref, Ref Stage 40, run, end, 9199870346934566
1787080804.508891, NoOp Chain Depth 64 Size 0 Mode ref, Ref Stage 41, run, start, 9199870346950342
1787080804.508915, NoOp Chain Depth 64 Size 0 Mode ref, Ref Stage 41, run, end, 9199870346974454
1787080804.508927, NoOp Chain Depth 64 Size 0 Mode ref, Ref Stage 42, run, start, 9199870346986054
1787080804.508961, NoOp Chain Depth 64 Size 0 Mode ref, Ref Stage 42, run, end, 9199870347020582
1787080804.508976, NoOp Chain Depth 64 Size 0 Mode ref, Ref Stage 43, run, start, 9199870347035654
1787080804.508996, NoOp Chain Depth 64 Size 0 Mode ref, Ref Stage 43, run, end, 9199870347055446
1787080804.509010, NoOp Chain Depth 64 Size 0 Mode ref, Ref Stage 44, run, start, 9199870347069638
1787080804.509030, NoOp Chain Depth 64 Size 0 Mode ref, Ref Stage 44, run, end, 9199870347089078
1787080804.509044, NoOp Chain Depth 64 Size 0 Mode ref, Ref Stage 45, run, start, 9199870347103286
1787080804.509438, NoOp Chain Depth 64 Size 0 Mode ref, Ref Stage 45, run, end, 9199870347498406
1787080804.509575, NoOp Chain Depth 64 Size 0 Mode ref, Ref Stage 46, run, start, 9199870347635094
1787080804.509597, NoOp Chain Depth 64 Size 0 Mode ref, Ref Stage 46, run, end, 9199870347656646
1787080804.509612, NoOp Chain Depth 64 Size 0 Mode ref, Ref Stage 47, run, start, 9199870347671398
1787080804.509632, NoOp Chain Depth 64 Size 0 Mode ref, Ref Stage 47, run, end, 9199870347691158
1787080804.509647, NoOp Chain Depth 64 Size 0 Mode ref, Ref Stage 48, run, start, 9199870347706438
1787080804.509667, NoOp Chain Depth 64 Size 0 Mode ref, Ref Stage 48, run, end, 9199870347726262
1787080804.509681, NoOp Chain Depth 64 Size 0 Mode ref, Ref Stage 49, run, start, 9199870347740630
1787080804.509701, NoOp Chain Depth 64 Size 0 Mode ref, Ref Stage 49, run, end, 9199870347760518
1787080804.509716, NoOp Chain Depth 64 Size 0 Mode ref, Ref Stage 50, run, start, 9199870347774790
1787080804.509735, NoOp Chain Depth 64 Size 0 Mode ref, Ref Stage 50, run, end, 9199870347794454
1787080804.509749, NoOp Chain Depth 64 Size 0 Mode ref, Ref Stage 51, run, start, 9199870347808646
1787080804.509769, NoOp Chain Depth 64 Size 0 Mode ref, Ref Stage 51, run, end, 9199870347828326
1787080804.509783, NoOp Chain Depth 64 Size 0 Mode ref, Ref Stage 52, run, start, 9199870347842614
1787080804.509805, NoOp Chain Depth 64 Size 0 Mode ref, Ref Stage 52, run, end, 9199870347864182
1787080804.509817, NoOp Chain Depth 64 Size 0 Mode ref, Ref Stage 53, run, start, 9199870347877414
1787080804.509849, NoOp Chain Depth 64 Size 0 Mode ref, Ref Stage 53, run, end, 9199870347908678
1787080804.509864, NoOp Chain Depth 64 Size 0 Mode ref, Ref Stage 54, run, start, 9199870347922998
1787080804.509887, NoOp Chain Depth 64 Size 0 Mode ref, Ref Stage 54, run, end, 9199870347946726
1787080804.509902, NoOp Chain Depth 64 Size 0 Mode ref, Ref Stage 55, run, start, 9199870347960966
1787080804.509921, NoOp Chain Depth 64 Size 0 Mode ref, Ref Stage 55, run, end, 9199870347980598
1787080804.509935, NoOp Chain Depth 64 Size 0 Mode ref, Ref Stage 56, run, start, 9199870347994710
1787080804.509957, NoOp Chain Depth 64 Size 0 Mode ref, Ref Stage 56, run, end, 9199870348016102
1787080804.509972, NoOp Chain Depth 64 Size 0 Mode ref, Ref Stage 57, run, start, 9199870348031190
1787080804.509992, NoOp Chain Depth 64 Size 0 Mode ref, Ref Stage 57, run, end, 9199870348050902
1787080804.510006, NoOp Chain Depth 64 Size 0 Mode ref, Ref Stage 58, run, start, 9199870348065270
1787080804.510027, NoOp Chain Depth 64 Size 0 Mode ref, Ref Stage 58, run, end, 9199870348086102
1787080804.510041, NoOp Chain Depth 64 Size 0 Mode ref, Ref Stage 59, run, start, 9199870348100150
1787080804.510113, NoOp Chain Depth 64 Size 0 Mode ref, Ref Stage 59, run, end, 9199870348172278
1787080804.510128, NoOp Chain Depth 64 Size 0 Mode ref, Ref Stage 60, run, start, 9199870348187142
1787080804.510149, NoOp Chain Depth 64 Size 0 Mode ref, Ref Stage 60, run, end, 9199870348208470
1787080804.510163, NoOp Chain Depth 64 Size 0 Mode ref, Ref Stage 61, run, start, 9199870348222486
1787080804.510183, NoOp Chain Depth 64 Size 0 Mode ref, Ref Stage 61, run, end, 9199870348242038
1787080804.510197, NoOp Chain Depth 64 Size 0 Mode ref, Ref Stage 62, run, start, 9199870348256038
1787080804.510216, NoOp Chain Depth 64 Size 0 Mode ref, Ref Stage 62, run, end, 9199870348275494
1787080804.510233, NoOp Chain Depth 64 Size 0 Mode ref, Ref Stage 63, run, start, 9199870348292374
1787080804.510255, NoOp Chain Depth 64 Size 0 Mode ref, Ref Stage 63, run, end, 9199870348314598
1787080804.510269, NoOp Chain Depth 64 Size 0 Mode ref, pipeline - train, run, end, 212469127310159858757937481027541209029, 1787080804.506793, 29, 1, 9199870348328918
1787080804.510308, NoOp Chain Depth 64 Size 0 Mode ref, pipeline - train, run, start, 71079048004099731392696006467002086901, 1787080804.510294, 30, 1, 9199870348367478
1787080804.510329, NoOp Chain Depth 64 Size 0 Mode ref, Ref Stage 0, run, start, 9199870348389094
1787080804.510351, NoOp Chain Depth 64 Size 0 Mode ref, Ref Stage 0, run, end, 9199870348410710
1787080804.510364, NoOp Chain Depth 64 Size 0 Mode ref, Ref Stage 1, run, start, 9199870348423174
1787080804.510849, NoOp Chain Depth 64 Size 0 Mode ref, Ref Stage 1, run, end, 9199870348909302
1787080804.510983, NoOp Chain Depth 64 Size 0 Mode ref, Ref Stage 2, run, start, 9199870349042182
1787080804.511005, NoOp Chain Depth 64 Size 0 Mode ref, Ref Stage 2, run, end, 9199870349064150
1787080804.511019, NoOp Chain Depth 64 Size 0 Mode ref, Ref Stage 3, run, start, 9199870349078502
1787080804.511039, NoOp Chain Depth 64 Size 0 Mode ref, Ref Stage 3, run, end, 9199870349098038
1787080804.511053, NoOp Chain Depth 64 Size 0 Mode ref, Ref Stage 4, run, start, 9199870349112134
1787080804.511074, NoOp Chain Depth 64 Size 0 Mode ref, Ref Stage 4, run, end, 9199870349133446
1787080804.511086, NoOp Chain Depth 64 Size 0 Mode ref, Ref Stage 5, run, start, 9199870349144998
1787080804.511115, NoOp Chain Depth 64 Size 0 Mode ref, Ref Stage 5, run, end, 9199870349174390
1787080804.511129, NoOp Chain Depth 64 Size 0 Mode ref, Ref Stage 6, run, start, 9199870349188502
1787080804.511149, NoOp Chain Depth 64 Size 0 Mode ref, Ref Stage 6, run, end, 9199870349208054
1787080804.511163, NoOp Chain Depth 64 Size 0 Mode ref, Ref Stage 7, run, start, 9199870349222534
1787080804.511183, NoOp Chain Depth 64 Size 0 Mode ref, Ref Stage 7, run, end, 9199870349242150
1787080804.511197, NoOp Chain Depth 64 Size 0 Mode ref, Ref Stage 8, run, start, 9199870349256230
1787080804.511217, NoOp Chain Depth 64 Size 0 Mode ref, Ref Stage 8, run, end, 9199870349276246
1787080804.511231, NoOp Chain Depth 64 Size 0 Mode ref, Ref Stage 9, run, start, 9199870349290438
1787080804.511251, NoOp Chain Depth 64 Size 0 Mode ref, Ref Stage 9, run, end, 9199870349310246
1787080804.511266, NoOp Chain Depth 64 Size 0 Mode ref, Ref Stage 10, run, start, 9199870349325270
1787080804.511289, NoOp Chain Depth 64 Size 0 Mode ref, Ref Stage 10, run, end, 9199870349348758
1787080804.511301, NoOp Chain Depth 64 Size 0 Mode ref, Ref Stage 11, run, start, 9199870349360406
1787080804.511332, NoOp Chain Depth 64 Size 0 Mode ref, Ref Stage 11, run, end, 9199870349391446
1787080804.511344, NoOp Chain Depth 64 Size 0 Mode ref, Ref Stage 12, run, start, 9199870349403238
1787080804.511373, NoOp Chain Depth 64 Size 0 Mode ref, Ref Stage 12, run, end, 9199870349432230
1787080804.511387, NoOp Chain Depth 64 Size 0 Mode ref, Ref Stage 13, run, start, 9199870349446406
1787080804.511408, NoOp Chain Depth 64 Size 0 Mode ref, Ref Stage 13, run, end, 9199870349467350
1787080804.511422, NoOp Chain Depth 64 Size 0 Mode ref, Ref Stage 14, run, start, 9199870349481478
1787080804.511443, NoOp Chain Depth 64 Size 0 Mode ref, Ref Stage 14, run, end, 9199870349502278
1787080804.511457, NoOp Chain Depth 64 Size 0 Mode ref, Ref Stage 15, run, start, 9199870349516438
1787080804.511481, NoOp Chain Depth 64 Size 0 Mode ref, Ref Stage 15, run, end, 9199870349539974
1787080804.511495, NoOp Chain Depth 64 Size 0 Mode ref, Ref Stage 16, run, start, 9199870349554038
1787080804.511514, NoOp Chain Depth 64 Size 0 Mode ref, Ref Stage 16, run, end, 9199870349573558
1787080804.511528, NoOp Chain Depth 64 Size 0 Mode ref, Ref Stage 17, run, start, 9199870349587702
1787080804.511548, NoOp Chain Depth 64 Size 0 Mode ref, Ref Stage 17, run, end, 9199870349606902
1787080804.511564, NoOp Chain Depth 64 Size 0 Mode ref, Ref Stage 18, run, start, 9199870349622790
1787080804.511585, NoOp Chain Depth 64 Size 0 Mode ref, Ref Stage 18, run, end, 9199870349643670
1787080804.511599, NoOp Chain Depth 64 Size 0 Mode ref, Ref Stage 19, run, start, 9199870349657782
1787080804.511618, NoOp Chain Depth 64 Size 0 Mode ref, Ref Stage 19, run, end, 9199870349677158
1787080804.511632, NoOp Chain Depth 64 Size 0 Mode ref, Ref Stage 20, run, start, 9199870349691222
1787080804.511651, NoOp Chain Depth 64 Size 0 Mode ref, Ref Stage 20, run, end, 9199870349710566
1787080804.511675, NoOp Chain Depth 64 Size 0 Mode ref, Ref Stage 21, run, start, 9199870349734326
1787080804.511695, NoOp Chain Depth 64 Size 0 Mode ref, Ref Stage 21, run, end, 9199870349753814
1787080804.511709, NoOp Chain Depth 64 Size 0 Mode ref, Ref Stage 22, run, start, 9199870349768758
1787080804.511729, NoOp Chain Depth 64 Size 0 Mode ref, Ref Stage 22, run, end, 9199870349788086
1787080804.511743, NoOp Chain Depth 64 Size 0 Mode ref, Ref Stage 23, run, start, 9199870349802294
1787080804.511763, NoOp Chain Depth 64 Size 0 Mode ref, Ref Stage 23, run, end, 9199870349821878
1787080804.511777, NoOp Chain Depth 64 Size 0 Mode ref, Ref Stage 24, run, start, 9199870349836150
1787080804.511796, NoOp Chain Depth 64 Size 0 Mode ref, Ref Stage 24, run, end, 9199870349855702
1787080804.511811, NoOp Chain Depth 64 Size 0 Mode ref, Ref Stage 25, run, start, 9199870349869862
1787080804.511830, NoOp Chain Depth 64 Size 0 Mode ref, Ref Stage 25, run, end, 9199870349889094
1787080804.511844, NoOp Chain Depth 64 Size 0 Mode ref, Ref Stage 26, run, start, 9199870349903030
1787080804.511864, NoOp Chain Depth 64 Size 0 Mode ref, Ref Stage 26, run, end, 9199870349923702
1787080804.511878, NoOp Chain Depth 64 Size 0 Mode ref, Ref Stage 27, run, start, 9199870349937734
1787080804.511900, NoOp Chain Depth 64 Size 0 Mode ref, Ref Stage 27, run, end, 9199870349958774
1787080804.511913, NoOp Chain Depth 64 Size 0 Mode ref, Ref Stage 28, run, start, 9199870349972678
1787080804.511933, NoOp Chain Depth 64 Size 0 Mode ref, Ref Stage 28, run, end, 9199870349992118
1787080804.511949, NoOp Chain Depth 64 Size 0 Mode ref, Ref Stage 29, run, start, 9199870350007862
1787080804.511969, NoOp Chain Depth 64 Size 0 Mode ref, Ref Stage 29, run, end, 9199870350027958
1787080804.511983, NoOp Chain Depth 64 Size 0 Mode ref, Ref Stage 30, run, start, 9199870350041878
1787080804.512002, NoOp Chain Depth 64 Size 0 Mode ref, Ref Stage 30, run, end, 9199870350061206
1787080804.512016, NoOp Chain Depth 64 Size 0 Mode ref, Ref Stage 31, run, start, 9199870350075238
1787080804.512038, NoOp Chain Depth 64 Size 0 Mode ref, Ref Stage 31, run, end, 9199870350097558
1787080804.512050, NoOp Chain Depth 64 Size 0 Mode ref, Ref Stage 32, run, start, 9199870350109126
1787080804.512082, NoOp Chain Depth 64 Size 0 Mode ref, Ref Stage 32, run, end, 9199870350140838
1787080804.512095, NoOp Chain Depth 64 Size 0 Mode ref, Ref Stage 33, run, start, 9199870350154902
1787080804.512117, NoOp Chain Depth 64 Size 0 Mode ref, Ref Stage 33, run, end, 9199870350176310
1787080804.512131, NoOp Chain Depth 64 Size 0 Mode ref, Ref Stage 34, run, start, 9199870350190806
1787080804.512151, NoOp Chain Depth 64 Size 0 Mode ref, Ref Stage 34, run, end, 9199870350210774
1787080804.512167, NoOp Chain Depth 64 Size 0 Mode ref, Ref Stage 35, run, start, 9199870350226758
1787080804.512188, NoOp Chain Depth 64 Size 0 Mode ref, Ref Stage 35, run, end, 9199870350246966
1787080804.512202, NoOp Chain Depth 64 Size 0 Mode ref, Ref Stage 36, run, start, 9199870350261702
1787080804.512224, NoOp Chain Depth 64 Size 0 Mode ref, Ref Stage 36, run, end, 9199870350284646
1787080804.512240, NoOp Chain Depth 64 Size 0 Mode ref, Ref Stage 37, run, start, 9199870350299078
1787080804.512260, NoOp Chain Depth 64 Size 0 Mode ref, Ref Stage 37, run, end, 9199870350319126
1787080804.512274, NoOp Chain Depth 64 Size 0 Mode ref, Ref Stage 38, run, start, 9199870350333622
1787080804.512294, NoOp Chain Depth 64 Size 0 Mode ref, Ref Stage 38, run, end, 9199870350353638
1787080804.512312, NoOp Chain Depth 64 Size 0 Mode ref, Ref Stage 39, run, start, 9199870350371174
1787080804.512332, NoOp Chain Depth 64 Size 0 Mode ref, Ref Stage 39, run, end, 9199870350391270
1787080804.512347, NoOp Chain Depth 64 Size 0 Mode ref, Ref Stage 40, run, start, 9199870350406406
1787080804.512368, NoOp Chain Depth 64 Size 0 Mode ref, Ref Stage 40, run, end, 9199870350427766
1787080804.512380, NoOp Chain Depth 64 Size 0 Mode ref, Ref Stage 41, run, start, 9199870350439766
1787080804.512412, NoOp Chain Depth 64 Size 0 Mode ref, Ref Stage 41, run, end, 9199870350471158
1787080804.512427, NoOp Chain Depth 64 Size 0 Mode ref, Ref Stage 42, run, start, 9199870350486326
1787080804.512448, NoOp Chain Depth 64 Size 0 Mode ref, Ref Stage 42, run, end, 9199870350507638
1787080804.512463, NoOp Chain Depth 64 Size 0 Mode ref, Ref Stage 43, run, start, 9199870350522390
1787080804.512483, NoOp Chain Depth 64 Size 0 Mode ref, Ref Stage 43, run, end, 9199870350542150
1787080804.512498, NoOp Chain Depth 64 Size 0 Mode ref, Ref Stage 44, run, start, 9199870350557782
1787080804.512520, NoOp Chain Depth 64 Size 0 Mode ref, Ref Stage 44, run, end, 9199870350579478
1787080804.512910, NoOp Chain Depth 64 Size 0 Mode ref, Ref Stage 45, run, start, 9199870350970166
1787080804.512934, NoOp Chain Depth 64 Size 0 Mode ref, Ref Stage 45, run, end, 9199870350993062
1787080804.512950, NoOp Chain Depth 64 Size 0 Mode ref, Ref Stage 46, run, start, 9199870351009302
1787080804.512972, NoOp Chain Depth 64 Size 0 Mode ref, Ref Stage 46, run, end, 9199870351031318
1787080804.512986, NoOp Chain Depth 64 Size 0 Mode ref, Ref Stage 47, run, start, 9199870351045606
1787080804.513007, NoOp Chain Depth 64 Size 0 Mode ref, Ref Stage 47, run, end, 9199870351066598
1787080804.513136, NoOp Chain Depth 64 Size 0 Mode ref, Ref Stage 48, run, start, 9199870351195142
1787080804.513156, NoOp Chain Depth 64 Size 0 Mode ref, Ref Stage 48, run, end, 9199870351215254
1787080804.513170, NoOp Chain Depth 64 Size 0 Mode ref, Ref Stage 49, run, start, 9199870351229446
1787080804.513190, NoOp Chain Depth 64 Size 0 Mode ref, Ref Stage 49, run, end, 9199870351248998
1787080804.513204, NoOp Chain Depth 64 Size 0 Mode ref, Ref Stage 50, run, start, 9199870351263382
1787080804.513223, NoOp Chain Depth 64 Size 0 Mode ref, Ref Stage 50, run, end, 9199870351282822
1787080804.513237, NoOp Chain Depth 64 Size 0 Mode ref, Ref Stage 51, run, start, 9199870351297046
1787080804.513257, NoOp Chain Depth 64 Size 0 Mode ref, Ref Stage 51, run, end, 9199870351316566
1787080804.513272, NoOp Chain Depth 64 Size 0 Mode ref, Ref Stage 52, run, start, 9199870351330822
1787080804.513291, NoOp Chain Depth 64 Size 0 Mode ref, Ref Stage 52, run, end, 9199870351350166
1787080804.513305, NoOp Chain Depth 64 Size 0 Mode ref, Ref Stage 53, run, start, 9199870351364214
1787080804.513326, NoOp Chain Depth 64 Size 0 Mode ref, Ref Stage 53, run, end, 9199870351385574
1787080804.513338, NoOp Chain Depth 64 Size 0 Mode ref, Ref Stage 54, run, start, 9199870351397478
1787080804.513368, NoOp Chain Depth 64 Size 0 Mode ref, Ref Stage 54, run, end, 9199870351427174
1787080804.513382, NoOp Chain Depth 64 Size 0 Mode ref, Ref Stage 55, run, start, 9199870351441414
1787080804.513402, NoOp Chain Depth 64 Size 0 Mode ref, Ref Stage 55, run, end, 9199870351461046
1787080804.513417, NoOp Chain Depth 64 Size 0 Mode ref, Ref Stage 56, run, start, 9199870351476822
1787080804.513437, NoOp Chain Depth 64 Size 0 Mode ref, Ref Stage 56, run, end, 9199870351496454
1787080804.513451, NoOp Chain Depth 64 Size 0 Mode ref, Ref Stage 57, run, start, 9199870351510662
1787080804.513471, NoOp Chain Depth 64 Size 0 Mode ref, Ref Stage 57, run, end, 9199870351529958
1787080804.513485, NoOp Chain Depth 64 Size 0 Mode ref, Ref Stage 58, run, start, 9199870351544006
1787080804.513504, NoOp Chain Depth 64 Size 0 Mode ref, Ref Stage 58, run, end, 9199870351563334
1787080804.513519, NoOp Chain Depth 64 Size 0 Mode ref, Ref Stage 59, run, start, 9199870351578822
1787080804.513539, NoOp Chain Depth 64 Size 0 Mode ref, Ref Stage 59, run, end, 9199870351598342
1787080804.513555, NoOp Chain Depth 64 Size 0 Mode ref, Ref Stage 60, run, start, 9199870351614454
1787080804.513577, NoOp Chain Depth 64 Size 0 Mode ref, Ref Stage 60, run, end, 9199870351635622
1787080804.513590, NoOp Chain Depth 64 Size 0 Mode ref, Ref Stage 61, run, start, 9199870351649542
1787080804.513610, NoOp Chain Depth 64 Size 0 Mode ref, Ref Stage 61, run, end, 9199870351668902
1787080804.513625, NoOp Chain Depth 64 Size 0 Mode ref, Ref Stage 62, run, start, 9199870351684086
1787080804.513644, NoOp Chain Depth 64 Size 0 Mode ref, Ref Stage 62, run, end, 9199870351703318
1787080804.513658, NoOp Chain Depth 64 Size 0 Mode ref, Ref Stage 63, run, start, 9199870351717590
1787080804.513677, NoOp Chain Depth 64 Size 0 Mode ref, Ref Stage 63, run, end, 9199870351736678
1787080804.513693, NoOp Chain Depth 64 Size 0 Mode ref, pipeline - train, run, end, 71079048004099731392696006467002086901, 1787080804.510294, 30, 1, 9199870351752166
1787080804.513733, NoOp Chain Depth 64 Size 0 Mode ref, pipeline - train, run, start, 252498984406756577110594556921496016742, 1787080804.513720, 31, 1, 9199870351792118
1787080804.513758, NoOp Chain Depth 64 Size 0 Mode ref, Ref Stage 0, run, start, 9199870351817078
1787080804.513778, NoOp Chain Depth 64 Size 0 Mode ref, Ref Stage 0, run, end, 9199870351837126
1787080804.513792, NoOp Chain Depth 64 Size 0 Mode ref, Ref Stage 1, run, start, 9199870351851366
1787080804.513812, NoOp Chain Depth 64 Size 0 Mode ref, Ref Stage 1, run, end, 9199870351871062
1787080804.513826, NoOp Chain Depth 64 Size 0 Mode ref, Ref Stage 2, run, start, 9199870351885430
1787080804.513846, NoOp Chain Depth 64 Size 0 Mode ref, Ref Stage 2, run, end, 9199870351904966
1787080804.513860, NoOp Chain Depth 64 Size 0 Mode ref, Ref Stage 3, run, start, 9199870351918998
1787080804.513879, NoOp Chain Depth 64 Size 0 Mode ref, Ref Stage 3, run, end, 9199870351938598
1787080804.513893, NoOp Chain Depth 64 Size 0 Mode ref, Ref Stage 4, run, start, 9199870351952694
1787080804.513914, NoOp Chain Depth 64 Size 0 Mode ref, Ref Stage 4, run, end, 9199870351973750
1787080804.513929, NoOp Chain Depth 64 Size 0 Mode ref, Ref Stage 5, run, start, 9199870351987926
1787080804.513951, NoOp Chain Depth 64 Size 0 Mode ref, Ref Stage 5, run, end, 9199870352010054
1787080804.513965, NoOp Chain Depth 64 Size 0 Mode ref, Ref Stage 6, run, start, 9199870352024742
1787080804.513985, NoOp Chain Depth 64 Size 0 Mode ref, Ref Stage 6, run, end, 9199870352044182
1787080804.513999, NoOp Chain Depth 64 Size 0 Mode ref, Ref Stage 7, run, start, 9199870352058326
1787080804.514020, NoOp Chain Depth 64 Size 0 Mode ref, Ref Stage 7, run, end, 9199870352079174
1787080804.514034, NoOp Chain Depth 64 Size 0 Mode ref, Ref Stage 8, run, start, 9199870352093238
1787080804.514054, NoOp Chain Depth 64 Size 0 Mode ref, Ref Stage 8, run, end, 9199870352112806
1787080804.514068, NoOp Chain Depth 64 Size 0 Mode ref, Ref Stage 9, run, start, 9199870352127558
1787080804.514089, NoOp Chain Depth 64 Size 0 Mode ref, Ref Stage 9, run, end, 9199870352148406
1787080804.514106, NoOp Chain Depth 64 Size 0 Mode ref, Ref Stage 10, run, start, 9199870352164854
1787080804.514127, NoOp Chain Depth 64 Size 0 Mode ref, Ref Stage 10, run, end, 9199870352186310
1787080804.517730, NoOp Chain Depth 64 Size 0 Mode ref, Ref Stage 11, run, start, 9199870355791015
1787080804.517757, NoOp Chain Depth 64 Size 0 Mode ref, Ref Stage 11, run, end, 9199870355816279
1787080804.517773, NoOp Chain Depth 64 Size 0 Mode ref, Ref Stage 12, run, start, 9199870355832407
1787080804.517794, NoOp Chain Depth 64 Size 0 Mode ref, Ref Stage 12, run, end, 9199870355853687
1787080804.517809, NoOp Chain Depth 64 Size 0 Mode ref, Ref Stage 13, run, start, 9199870355868727
1787080804.517830, NoOp Chain Depth 64 Size 0 Mode ref, Ref Stage 13, run, end, 9199870355889015
1787080804.517844, NoOp Chain Depth 64 Size 0 Mode ref, Ref Stage 14, run, start, 9199870355903463
1787080804.517864, NoOp Chain Depth 64 Size 0 Mode ref, Ref Stage 14, run, end, 9199870355923095
1787080804.517878, NoOp Chain Depth 64 Size 0 Mode ref, Ref Stage 15, run, start, 9199870355937207
1787080804.517899, NoOp Chain Depth 64 Size 0 Mode ref, Ref Stage 15, run, end, 9199870355958583
1787080804.517913, NoOp Chain Depth 64 Size 0 Mode ref, Ref Stage 16, run, start, 9199870355972535
1787080804.517933, NoOp Chain Depth 64 Size 0 Mode ref, Ref Stage 16, run, end, 9199870355992135
1787080804.517949, NoOp Chain Depth 64 Size 0 Mode ref, Ref Stage 17, run, start, 9199870356008247
1787080804.517970, NoOp Chain Depth 64 Size 0 Mode ref, Ref Stage 17, run, end, 9199870356028839
1787080804.517984, NoOp Chain Depth 64 Size 0 Mode ref, Ref Stage 18, run, start, 9199870356043079
1787080804.518003, NoOp Chain Depth 64 Size 0 Mode ref, Ref Stage 18, run, end, 9199870356062391
1787080804.518017, NoOp Chain Depth 64 Size 0 Mode ref, Ref Stage 19, run, start, 9199870356076359
1787080804.518036, NoOp Chain Depth 64 Size 0 Mode ref, Ref Stage 19, run, end, 9199870356095815
1787080804.518051, NoOp Chain Depth 64 Size 0 Mode ref, Ref Stage 20, run, start, 9199870356109751
1787080804.518070, NoOp Chain Depth 64 Size 0 Mode ref, Ref Stage 20, run, end, 9199870356129383
1787080804.518084, NoOp Chain Depth 64 Size 0 Mode ref, Ref Stage 21, run, start, 9199870356143415
1787080804.518104, NoOp Chain Depth 64 Size 0 Mode ref, Ref Stage 21, run, end, 9199870356162967
1787080804.518118, NoOp Chain Depth 64 Size 0 Mode ref, Ref Stage 22, run, start, 9199870356177111
1787080804.518137, NoOp Chain Depth 64 Size 0 Mode ref, Ref Stage 22, run, end, 9199870356196647
1787080804.518152, NoOp Chain Depth 64 Size 0 Mode ref, Ref Stage 23, run, start, 9199870356210727
1787080804.518171, NoOp Chain Depth 64 Size 0 Mode ref, Ref Stage 23, run, end, 9199870356230119
1787080804.518185, NoOp Chain Depth 64 Size 0 Mode ref, Ref Stage 24, run, start, 9199870356244263
1787080804.518206, NoOp Chain Depth 64 Size 0 Mode ref, Ref Stage 24, run, end, 9199870356265239
1787080804.518218, NoOp Chain Depth 64 Size 0 Mode ref, Ref Stage 25, run, start, 9199870356277095
1787080804.518247, NoOp Chain Depth 64 Size 0 Mode ref, Ref Stage 25, run, end, 9199870356305991
1787080804.518261, NoOp Chain Depth 64 Size 0 Mode ref, Ref Stage 26, run, start, 9199870356320007
1787080804.518280, NoOp Chain Depth 64 Size 0 Mode ref, Ref Stage 26, run, end, 9199870356339223
1787080804.518294, NoOp Chain Depth 64 Size 0 Mode ref, Ref Stage 27, run, start, 9199870356353223
1787080804.518313, NoOp Chain Depth 64 Size 0 Mode ref, Ref Stage 27, run, end, 9199870356372615
1787080804.518327, NoOp Chain Depth 64 Size 0 Mode ref, Ref Stage 28, run, start, 9199870356386695
1787080804.518347, NoOp Chain Depth 64 Size 0 Mode ref, Ref Stage 28, run, end, 9199870356406007
1787080804.518361, NoOp Chain Depth 64 Size 0 Mode ref, Ref Stage 29, run, start, 9199870356420247
1787080804.518380, NoOp Chain Depth 64 Size 0 Mode ref, Ref Stage 29, run, end, 9199870356439303
1787080804.518394, NoOp Chain Depth 64 Size 0 Mode ref, Ref Stage 30, run, start, 9199870356453831
1787080804.518414, NoOp Chain Depth 64 Size 0 Mode ref, Ref Stage 30, run, end, 9199870356473351
1787080804.518428, NoOp Chain Depth 64 Size 0 Mode ref, Ref Stage 31, run, start, 9199870356487511
1787080804.518449, NoOp Chain Depth 64 Size 0 Mode ref, Ref Stage 31, run, end, 9199870356508183
1787080804.518461, NoOp Chain Depth 64 Size 0 Mode ref, Ref Stage 32, run, start, 9199870356519847
1787080804.518490, NoOp Chain Depth 64 Size 0 Mode ref, Ref Stage 32, run, end, 9199870356548855
1787080804.518503, NoOp Chain Depth 64 Size 0 Mode ref, Ref Stage 33, run, start, 9199870356562807
1787080804.518523, NoOp Chain Depth 64 Size 0 Mode ref, Ref Stage 33, run, end, 9199870356582119
1787080804.518537, NoOp Chain Depth 64 Size 0 Mode ref, Ref Stage 34, run, start, 9199870356596359
1787080804.518557, NoOp Chain Depth 64 Size 0 Mode ref, Ref Stage 34, run, end, 9199870356615911
1787080804.518571, NoOp Chain Depth 64 Size 0 Mode ref, Ref Stage 35, run, start, 9199870356630199
1787080804.518591, NoOp Chain Depth 64 Size 0 Mode ref, Ref Stage 35, run, end, 9199870356649943
1787080804.518606, NoOp Chain Depth 64 Size 0 Mode ref, Ref Stage 36, run, start, 9199870356665799
1787080804.518626, NoOp Chain Depth 64 Size 0 Mode ref, Ref Stage 36, run, end, 9199870356685671
1787080804.518640, NoOp Chain Depth 64 Size 0 Mode ref, Ref Stage 37, run, start, 9199870356699687
1787080804.518660, NoOp Chain Depth 64 Size 0 Mode ref, Ref Stage 37, run, end, 9199870356719511
1787080804.518674, NoOp Chain Depth 64 Size 0 Mode ref, Ref Stage 38, run, start, 9199870356733511
1787080804.518694, NoOp Chain Depth 64 Size 0 Mode ref, Ref Stage 38, run, end, 9199870356752935
1787080804.518708, NoOp Chain Depth 64 Size 0 Mode ref, Ref Stage 39, run, start, 9199870356766839
1787080804.518727, NoOp Chain Depth 64 Size 0 Mode ref, Ref Stage 39, run, end, 9199870356786439
1787080804.518741, NoOp Chain Depth 64 Size 0 Mode ref, Ref Stage 40, run, start, 9199870356800615
1787080804.518761, NoOp Chain Depth 64 Size 0 Mode ref, Ref Stage 40, run, end, 9199870356820231
1787080804.518775, NoOp Chain Depth 64 Size 0 Mode ref, Ref Stage 41, run, start, 9199870356834407
1787080804.518795, NoOp Chain Depth 64 Size 0 Mode ref, Ref Stage 41, run, end, 9199870356853911
1787080804.518809, NoOp Chain Depth 64 Size 0 Mode ref, Ref Stage 42, run, start, 9199870356867799
1787080804.518828, NoOp Chain Depth 64 Size 0 Mode ref, Ref Stage 42, run, end, 9199870356887655
1787080804.518843, NoOp Chain Depth 64 Size 0 Mode ref, Ref Stage 43, run, start, 9199870356902615
1787080804.518865, NoOp Chain Depth 64 Size 0 Mode ref, Ref Stage 43, run, end, 9199870356923975
1787080804.519223, NoOp Chain Depth 64 Size 0 Mode ref, Ref Stage 44, run, start, 9199870357283399
1787080804.519367, NoOp Chain Depth 64 Size 0 Mode ref, Ref Stage 44, run, end, 9199870357426759
1787080804.519382, NoOp Chain Depth 64 Size 0 Mode ref, Ref Stage 45, run, start, 9199870357441639
1787080804.519402, NoOp Chain Depth 64 Size 0 Mode ref, Ref Stage 45, run, end, 9199870357461335
1787080804.519416, NoOp Chain Depth 64 Size 0 Mode ref, Ref Stage 46, run, start, 9199870357475735
1787080804.519436, NoOp Chain Depth 64 Size 0 Mode ref, Ref Stage 46, run, end, 9199870357495223
1787080804.519450, NoOp Chain Depth 64 Size 0 Mode ref, Ref Stage 47, run, start, 9199870357509367
1787080804.519469, NoOp Chain Depth 64 Size 0 Mode ref, Ref Stage 47, run, end, 9199870357528903
1787080804.519484, NoOp Chain Depth 64 Size 0 Mode ref, Ref Stage 48, run, start, 9199870357543079
1787080804.519503, NoOp Chain Depth 64 Size 0 Mode ref, Ref Stage 48, run, end, 9199870357562695
1787080804.519518, NoOp Chain Depth 64 Size 0 Mode ref, Ref Stage 49, run, start, 9199870357577079
1787080804.519538, NoOp Chain Depth 64 Size 0 Mode ref, Ref Stage 49, run, end, 9199870357596871
1787080804.519552, NoOp Chain Depth 64 Size 0 Mode ref, Ref Stage 50, run, start, 9199870357611175
1787080804.519572, NoOp Chain Depth 64 Size 0 Mode ref, Ref Stage 50, run, end, 9199870357630951
1787080804.519586, NoOp Chain Depth 64 Size 0 Mode ref, Ref Stage 51, run, start, 9199870357645239
1787080804.519606, NoOp Chain Depth 64 Size 0 Mode ref, Ref Stage 51, run, end, 9199870357665063
1787080804.519619, NoOp Chain Depth 64 Size 0 Mode ref, Ref Stage 52, run, start, 9199870357679031
1787080804.519639, NoOp Chain Depth 64 Size 0 Mode ref, Ref Stage 52, run, end, 9199870357698455
1787080804.519654, NoOp Chain Depth 64 Size 0 Mode ref, Ref Stage 53, run, start, 9199870357712791
1787080804.519673, NoOp Chain Depth 64 Size 0 Mode ref, Ref Stage 53, run, end, 9199870357732279
1787080804.519687, NoOp Chain Depth 64 Size 0 Mode ref, Ref Stage 54, run, start, 9199870357746535
1787080804.519709, NoOp Chain Depth 64 Size 0 Mode ref, Ref Stage 54, run, end, 9199870357768023
1787080804.519721, NoOp Chain Depth 64 Size 0 Mode ref, Ref Stage 55, run, start, 9199870357779751
1787080804.520229, NoOp Chain Depth 64 Size 0 Mode ref, Ref Stage 55, run, end, 9199870358288951
1787080804.520242, NoOp Chain Depth 64 Size 0 Mode ref, Ref Stage 56, run, start, 9199870358301079
1787080804.520272, NoOp Chain Depth 64 Size 0 Mode ref, Ref Stage 56, run, end, 9199870358330871
1787080804.520288, NoOp Chain Depth 64 Size 0 Mode ref, Ref Stage 57, run, start, 9199870358347271
1787080804.520308, NoOp Chain Depth 64 Size 0 Mode ref, Ref Stage 57, run, end, 9199870358367031
1787080804.520322, NoOp Chain Depth 64 Size 0 Mode ref, Ref Stage 58, run, start, 9199870358381111
1787080804.520342, NoOp Chain Depth 64 Size 0 Mode ref, Ref Stage 58, run, end, 9199870358400951
1787080804.520356, NoOp Chain Depth 64 Size 0 Mode ref, Ref Stage 59, run, start, 9199870358415367
1787080804.520376, NoOp Chain Depth 64 Size 0 Mode ref, Ref Stage 59, run, end, 9199870358435175
1787080804.520390, NoOp Chain Depth 64 Size 0 Mode ref, Ref Stage 60, run, start, 9199870358449271
1787080804.520410, NoOp Chain Depth 64 Size 0 Mode ref, Ref Stage 60, run, end, 9199870358469319
1787080804.520424, NoOp Chain Depth 64 Size 0 Mode ref, Ref Stage 61, run, start, 9199870358483527
1787080804.520444, NoOp Chain Depth 64 Size 0 Mode ref, Ref Stage 61, run, end, 9199870358503463
1787080804.520458, NoOp Chain Depth 64 Size 0 Mode ref, Ref Stage 62, run, start, 9199870358517687
1787080804.520478, NoOp Chain Depth 64 Size 0 Mode ref, Ref Stage 62, run, end, 9199870358537399
1787080804.520493, NoOp Chain Depth 64 Size 0 Mode ref, Ref Stage 63, run, start, 9199870358552007
1787080804.520512, NoOp Chain Depth 64 Size 0 Mode ref, Ref Stage 63, run, end, 9199870358571175
1787080804.520527, NoOp Chain Depth 64 Size 0 Mode ref, pipeline - train, run, end, 252498984406756577110594556921496016742, 1787080804.513720, 31, 1, 9199870358586615
1787080804.520563, NoOp Chain Depth 64 Size 0 Mode ref, pipeline - train, run, start, 212377595186802527699920804532592097126, 1787080804.520553, 32, 1, 9199870358622695
1787080804.520588, NoOp Chain Depth 64 Size 0 Mode ref, Ref Stage 0, run, start, 9199870358647239
1787080804.520608, NoOp Chain Depth 64 Size 0 Mode ref, Ref Stage 0, run, end, 9199870358667175
1787080804.520622, NoOp Chain Depth 64 Size 0 Mode ref, Ref Stage 1, run, start, 9199870358681479
1787080804.520642, NoOp Chain Depth 64 Size 0 Mode ref, Ref Stage 1, run, end, 9199870358701127
1787080804.520656, NoOp Chain Depth 64 Size 0 Mode ref, Ref Stage 2, run, start, 9199870358715175
1787080804.520677, NoOp Chain Depth 64 Size 0 Mode ref, Ref Stage 2, run, end, 9199870358735943
1787080804.520691, NoOp Chain Depth 64 Size 0 Mode ref, Ref Stage 3, run, start, 9199870358750199
1787080804.520710, NoOp Chain Depth 64 Size 0 Mode ref, Ref Stage 3, run, end, 9199870358769719
1787080804.520725, NoOp Chain Depth 64 Size 0 Mode ref, Ref Stage 4, run, start, 9199870358784631
1787080804.520746, NoOp Chain Depth 64 Size 0 Mode ref, Ref Stage 4, run, end, 9199870358804759
1787080804.520760, NoOp Chain Depth 64 Size 0 Mode ref, Ref Stage 5, run, start, 9199870358818823
1787080804.520781, NoOp Chain Depth 64 Size 0 Mode ref, Ref Stage 5, run, end, 9199870358840103
1787080804.520792, NoOp Chain Depth 64 Size 0 Mode ref, Ref Stage 6, run, start, 9199870358851527
1787080804.521399, NoOp Chain Depth 64 Size 0 Mode ref, Ref Stage 6, run, end, 9199870359459575
1787080804.521415, NoOp Chain Depth 64 Size 0 Mode ref, Ref Stage 7, run, start, 9199870359474775
1787080804.521436, NoOp Chain Depth 64 Size 0 Mode ref, Ref Stage 7, run, end, 9199870359494903
1787080804.521450, NoOp Chain Depth 64 Size 0 Mode ref, Ref Stage 8, run, start, 9199870359509319
1787080804.521470, NoOp Chain Depth 64 Size 0 Mode ref, Ref Stage 8, run, end, 9199870359528983
1787080804.521484, NoOp Chain Depth 64 Size 0 Mode ref, Ref Stage 9, run, start, 9199870359543271
1787080804.521505, NoOp Chain Depth 64 Size 0 Mode ref, Ref Stage 9, run, end, 9199870359564519
1787080804.521517, NoOp Chain Depth 64 Size 0 Mode ref, Ref Stage 10, run, start, 9199870359576359
1787080804.521547, NoOp Chain Depth 64 Size 0 Mode ref, Ref Stage 10, run, end, 9199870359605895
1787080804.521561, NoOp Chain Depth 64 Size 0 Mode ref, Ref Stage 11, run, start, 9199870359620343
1787080804.521580, NoOp Chain Depth 64 Size 0 Mode ref, Ref Stage 11, run, end, 9199870359639991
1787080804.521595, NoOp Chain Depth 64 Size 0 Mode ref, Ref Stage 12, run, start, 9199870359654183
1787080804.521616, NoOp Chain Depth 64 Size 0 Mode ref, Ref Stage 12, run, end, 9199870359675559
1787080804.521631, NoOp Chain Depth 64 Size 0 Mode ref, Ref Stage 13, run, start, 9199870359689879
1787080804.521650, NoOp Chain Depth 64 Size 0 Mode ref, Ref Stage 13, run, end, 9199870359709623
1787080804.521666, NoOp Chain Depth 64 Size 0 Mode ref, Ref Stage 14, run, start, 9199870359725335
1787080804.521687, NoOp Chain Depth 64 Size 0 Mode ref, Ref Stage 14, run, end, 9199870359745799
1787080804.521701, NoOp Chain Depth 64 Size 0 Mode ref, Ref Stage 15, run, start, 9199870359760039
1787080804.521722, NoOp Chain Depth 64 Size 0 Mode ref, Ref Stage 15, run, end, 9199870359781223
1787080804.521736, NoOp Chain Depth 64 Size 0 Mode ref, Ref Stage 16, run, start, 9199870359795431
1787080804.521756, NoOp Chain Depth 64 Size 0 Mode ref, Ref Stage 16, run, end, 9199870359815159
1787080804.521770, NoOp Chain Depth 64 Size 0 Mode ref, Ref Stage 17, run, start, 9199870359829175
1787080804.521790, NoOp Chain Depth 64 Size 0 Mode ref, Ref Stage 17, run, end, 9199870359848647
1787080804.521803, NoOp Chain Depth 64 Size 0 Mode ref, Ref Stage 18, run, start, 9199870359862759
1787080804.521893, NoOp Chain Depth 64 Size 0 Mode ref, Ref Stage 18, run, end, 9199870359953319
1787080804.521909, NoOp Chain Depth 64 Size 0 Mode ref, Ref Stage 19, run, start, 9199870359968967
1787080804.521931, NoOp Chain Depth 64 Size 0 Mode ref, Ref Stage 19, run, end, 9199870359991687
1787080804.521949, NoOp Chain Depth 64 Size 0 Mode ref, Ref Stage 20, run, start, 9199870360008183
1787080804.521971, NoOp Chain Depth 64 Size 0 Mode ref, Ref Stage 20, run, end, 9199870360030023
1787080804.521985, NoOp Chain Depth 64 Size 0 Mode ref, Ref Stage 21, run, start, 9199870360043959
1787080804.522004, NoOp Chain Depth 64 Size 0 Mode ref, Ref Stage 21, run, end, 9199870360063607
1787080804.522018, NoOp Chain Depth 64 Size 0 Mode ref, Ref Stage 22, run, start, 9199870360077639
1787080804.522038, NoOp Chain Depth 64 Size 0 Mode ref, Ref Stage 22, run, end, 9199870360097175
1787080804.522052, NoOp Chain Depth 64 Size 0 Mode ref, Ref Stage 23, run, start, 9199870360111127
1787080804.522071, NoOp Chain Depth 64 Size 0 Mode ref, Ref Stage 23, run, end, 9199870360130599
1787080804.522085, NoOp Chain Depth 64 Size 0 Mode ref, Ref Stage 24, run, start, 9199870360144551
1787080804.522105, NoOp Chain Depth 64 Size 0 Mode ref, Ref Stage 24, run, end, 9199870360163911
1787080804.522119, NoOp Chain Depth 64 Size 0 Mode ref, Ref Stage 25, run, start, 9199870360178071
1787080804.522138, NoOp Chain Depth 64 Size 0 Mode ref, Ref Stage 25, run, end, 9199870360197495
1787080804.522152, NoOp Chain Depth 64 Size 0 Mode ref, Ref Stage 26, run, start, 9199870360211527
1787080804.522172, NoOp Chain Depth 64 Size 0 Mode ref, Ref Stage 26, run, end, 9199870360230855
1787080804.522186, NoOp Chain Depth 64 Size 0 Mode ref, Ref Stage 27, run, start, 9199870360244951
1787080804.522205, NoOp Chain Depth 64 Size 0 Mode ref, Ref Stage 27, run, end, 9199870360264455
1787080804.522219, NoOp Chain Depth 64 Size 0 Mode ref, Ref Stage 28, run, start, 9199870360278631
1787080804.522240, NoOp Chain Depth 64 Size 0 Mode ref, Ref Stage 28, run, end, 9199870360299383
1787080804.522254, NoOp Chain Depth 64 Size 0 Mode ref, Ref Stage 29, run, start, 9199870360313367
1787080804.522275, NoOp Chain Depth 64 Size 0 Mode ref, Ref Stage 29, run, end, 9199870360334151
1787080804.522289, NoOp Chain Depth 64 Size 0 Mode ref, Ref Stage 30, run, start, 9199870360348231
1787080804.522310, NoOp Chain Depth 64 Size 0 Mode ref, Ref Stage 30, run, end, 9199870360369303
1787080804.522325, NoOp Chain Depth 64 Size 0 Mode ref, Ref Stage 31, run, start, 9199870360384663
1787080804.522346, NoOp Chain Depth 64 Size 0 Mode ref, Ref Stage 31, run, end, 9199870360405751
1787080804.522358, NoOp Chain Depth 64 Size 0 Mode ref, Ref Stage 32, run, start, 9199870360417303
1787080804.522388, NoOp Chain Depth 64 Size 0 Mode ref, Ref Stage 32, run, end, 9199870360446871
1787080804.522402, NoOp Chain Depth 64 Size 0 Mode ref, Ref Stage 33, run, start, 9199870360460855
1787080804.522426, NoOp Chain Depth 64 Size 0 Mode ref, Ref Stage 33, run, end, 9199870360485543
1787080804.522440, NoOp Chain Depth 64 Size 0 Mode ref, Ref Stage 34, run, start, 9199870360499431
1787080804.522461, NoOp Chain Depth 64 Size 0 Mode ref, Ref Stage 34, run, end, 9199870360520663
1787080804.522475, NoOp Chain Depth 64 Size 0 Mode ref, Ref Stage 35, run, start, 9199870360534727
1787080804.522498, NoOp Chain Depth 64 Size 0 Mode ref, Ref Stage 35, run, end, 9199870360557159
1787080804.522512, NoOp Chain Depth 64 Size 0 Mode ref, Ref Stage 36, run, start, 9199870360571431
1787080804.522532, NoOp Chain Depth 64 Size 0 Mode ref, Ref Stage 36, run, end, 9199870360591527
1787080804.522547, NoOp Chain Depth 64 Size 0 Mode ref, Ref Stage 37, run, start, 9199870360605799
1787080804.522566, NoOp Chain Depth 64 Size 0 Mode ref, Ref Stage 37, run, end, 9199870360625463
1787080804.522580, NoOp Chain Depth 64 Size 0 Mode ref, Ref Stage 38, run, start, 9199870360639591
1787080804.522600, NoOp Chain Depth 64 Size 0 Mode ref, Ref Stage 38, run, end, 9199870360659063
1787080804.522614, NoOp Chain Depth 64 Size 0 Mode ref, Ref Stage 39, run, start, 9199870360672983
1787080804.522633, NoOp Chain Depth 64 Size 0 Mode ref, Ref Stage 39, run, end, 9199870360692551
1787080804.522647, NoOp Chain Depth 64 Size 0 Mode ref, Ref Stage 40, run, start, 9199870360706551
1787080804.522667, NoOp Chain Depth 64 Size 0 Mode ref, Ref Stage 40, run, end, 9199870360726039
1787080804.522683, NoOp Chain Depth 64 Size 0 Mode ref, Ref Stage 41, run, start, 9199870360742743
1787080804.522703, NoOp Chain Depth 64 Size 0 Mode ref, Ref Stage 41, run, end, 9199870360762455
1787080804.522718, NoOp Chain Depth 64 Size 0 Mode ref, Ref Stage 42, run, start, 9199870360777383
1787080804.522740, NoOp Chain Depth 64 Size 0 Mode ref, Ref Stage 42, run, end, 9199870360798919
1787080804.522751, NoOp Chain Depth 64 Size 0 Mode ref, Ref Stage 43, run, start, 9199870360810663
1787080804.522781, NoOp Chain Depth 64 Size 0 Mode ref, Ref Stage 43, run, end, 9199870360839943
1787080804.522796, NoOp Chain Depth 64 Size 0 Mode ref, Ref Stage 44, run, start, 9199870360855335
1787080804.522816, NoOp Chain Depth 64 Size 0 Mode ref, Ref Stage 44, run, end, 9199870360875095
1787080804.522830, NoOp Chain Depth 64 Size 0 Mode ref, Ref Stage 45, run, start, 9199870360889639
1787080804.522852, NoOp Chain Depth 64 Size 0 Mode ref, Ref Stage 45, run, end, 9199870360911095
1787080804.522866, NoOp Chain Depth 64 Size 0 Mode ref, Ref Stage 46, run, start, 9199870360925639
1787080804.522888, NoOp Chain Depth 64 Size 0 Mode ref, Ref Stage 46, run, end, 9199870360947463
1787080804.522902, NoOp Chain Depth 64 Size 0 Mode ref, Ref Stage 47, run, start, 9199870360961879
1787080804.522924, NoOp Chain Depth 64 Size 0 Mode ref, Ref Stage 47, run, end, 9199870360983239
1787080804.522938, NoOp Chain Depth 64 Size 0 Mode ref, Ref Stage 48, run, start, 9199870360997783
1787080804.522961, NoOp Chain Depth 64 Size 0 Mode ref, Ref Stage 48, run, end, 9199870361020039
1787080804.522975, NoOp Chain Depth 64 Size 0 Mode ref, Ref Stage 49, run, start, 9199870361034535
1787080804.522995, NoOp Chain Depth 64 Size 0 Mode ref, Ref Stage 49, run, end, 9199870361054631
1787080804.523010, NoOp Chain Depth 64 Size 0 Mode ref, Ref Stage 50, run, start, 9199870361069015
1787080804.523029, NoOp Chain Depth 64 Size 0 Mode ref, Ref Stage 50, run, end, 9199870361088695
1787080804.523044, NoOp Chain Depth 64 Size 0 Mode ref, Ref Stage 51, run, start, 9199870361103335
1787080804.523065, NoOp Chain Depth 64 Size 0 Mode ref, Ref Stage 51, run, end, 9199870361124759
1787080804.523080, NoOp Chain Depth 64 Size 0 Mode ref, Ref Stage 52, run, start, 9199870361139143
1787080804.523100, NoOp Chain Depth 64 Size 0 Mode ref, Ref Stage 52, run, end, 9199870361159159
1787080804.523115, NoOp Chain Depth 64 Size 0 Mode ref, Ref Stage 53, run, start, 9199870361174551
1787080804.523137, NoOp Chain Depth 64 Size 0 Mode ref, Ref Stage 53, run, end, 9199870361196743
1787080804.523149, NoOp Chain Depth 64 Size 0 Mode ref, Ref Stage 54, run, start, 9199870361208631
1787080804.523182, NoOp Chain Depth 64 Size 0 Mode ref, Ref Stage 54, run, end, 9199870361241223
1787080804.523196, NoOp Chain Depth 64 Size 0 Mode ref, Ref Stage 55, run, start, 9199870361255847
1787080804.523218, NoOp Chain Depth 64 Size 0 Mode ref, Ref Stage 55, run, end, 9199870361277159
1787080804.523232, NoOp Chain Depth 64 Size 0 Mode ref, Ref Stage 56, run, start, 9199870361291463
1787080804.523252, NoOp Chain Depth 64 Size 0 Mode ref, Ref Stage 56, run, end, 9199870361311047
1787080804.523268, NoOp Chain Depth 64 Size 0 Mode ref, Ref Stage 57, run, start, 9199870361327687
1787080804.523288, NoOp Chain Depth 64 Size 0 Mode ref, Ref Stage 57, run, end, 9199870361347271
1787080804.523302, NoOp Chain Depth 64 Size 0 Mode ref, Ref Stage 58, run, start, 9199870361361287
1787080804.523323, NoOp Chain Depth 64 Size 0 Mode ref, Ref Stage 58, run, end, 9199870361382455
1787080804.523337, NoOp Chain Depth 64 Size 0 Mode ref, Ref Stage 59, run, start, 9199870361396487
1787080804.523357, NoOp Chain Depth 64 Size 0 Mode ref, Ref Stage 59, run, end, 9199870361416023
1787080804.523371, NoOp Chain Depth 64 Size 0 Mode ref, Ref Stage 60, run, start, 9199870361430071
1787080804.523400, NoOp Chain Depth 64 Size 0 Mode ref, Ref Stage 60, run, end, 9199870361459111
1787080804.523414, NoOp Chain Depth 64 Size 0 Mode ref, Ref Stage 61, run, start, 9199870361473079
1787080804.523433, NoOp Chain Depth 64 Size 0 Mode ref, Ref Stage 61, run, end, 9199870361492439
1787080804.523447, NoOp Chain Depth 64 Size 0 Mode ref, Ref Stage 62, run, start, 9199870361506471
1787080804.523469, NoOp Chain Depth 64 Size 0 Mode ref, Ref Stage 62, run, end, 9199870361528471
1787080804.523485, NoOp Chain Depth 64 Size 0 Mode ref, Ref Stage 63, run, start, 9199870361544039
1787080804.523504, NoOp Chain Depth 64 Size 0 Mode ref, Ref Stage 63, run, end, 9199870361563527
1787080804.523519, NoOp Chain Depth 64 Size 0 Mode ref, pipeline - train, run, end, 212377595186802527699920804532592097126, 1787080804.520553, 32, 1, 9199870361578407
1787080804.523554, NoOp Chain Depth 64 Size 0 Mode ref, pipeline - train, run, start, 86841053855728879735010384098108176041, 1787080804.523544, 33, 1, 9199870361613447
1787080804.523580, NoOp Chain Depth 64 Size 0 Mode ref, Ref Stage 0, run, start, 9199870361639207
1787080804.523600, NoOp Chain Depth 64 Size 0 Mode ref, Ref Stage 0, run, end, 9199870361659287
1787080804.523614, NoOp Chain Depth 64 Size 0 Mode ref, Ref Stage 1, run, start, 9199870361673431
1787080804.523634, NoOp Chain Depth 64 Size 0 Mode ref, Ref Stage 1, run, end, 9199870361692999
1787080804.523649, NoOp Chain Depth 64 Size 0 Mode ref, Ref Stage 2, run, start, 9199870361707815
1787080804.523668, NoOp Chain Depth 64 Size 0 Mode ref, Ref Stage 2, run, end, 9199870361727559
1787080804.523682, NoOp Chain Depth 64 Size 0 Mode ref, Ref Stage 3, run, start, 9199870361741639
1787080804.523702, NoOp Chain Depth 64 Size 0 Mode ref, Ref Stage 3, run, end, 9199870361761415
1787080804.523716, NoOp Chain Depth 64 Size 0 Mode ref, Ref Stage 4, run, start, 9199870361775543
1787080804.523738, NoOp Chain Depth 64 Size 0 Mode ref, Ref Stage 4, run, end, 9199870361797367
1787080804.524154, NoOp Chain Depth 64 Size 0 Mode ref, Ref Stage 5, run, start, 9199870362214807
1787080804.524178, NoOp Chain Depth 64 Size 0 Mode ref, Ref Stage 5, run, end, 9199870362237575
1787080804.524312, NoOp Chain Depth 64 Size 0 Mode ref, Ref Stage 6, run, start, 9199870362371223
1787080804.524334, NoOp Chain Depth 64 Size 0 Mode ref, Ref Stage 6, run, end, 9199870362393431
1787080804.524349, NoOp Chain Depth 64 Size 0 Mode ref, Ref Stage 7, run, start, 9199870362408055
1787080804.524369, NoOp Chain Depth 64 Size 0 Mode ref, Ref Stage 7, run, end, 9199870362427943
1787080804.524383, NoOp Chain Depth 64 Size 0 Mode ref, Ref Stage 8, run, start, 9199870362442007
1787080804.524402, NoOp Chain Depth 64 Size 0 Mode ref, Ref Stage 8, run, end, 9199870362461639
1787080804.524416, NoOp Chain Depth 64 Size 0 Mode ref, Ref Stage 9, run, start, 9199870362475927
1787080804.524440, NoOp Chain Depth 64 Size 0 Mode ref, Ref Stage 9, run, end, 9199870362499447
1787080804.524452, NoOp Chain Depth 64 Size 0 Mode ref, Ref Stage 10, run, start, 9199870362511159
1787080804.524482, NoOp Chain Depth 64 Size 0 Mode ref, Ref Stage 10, run, end, 9199870362540791
1787080804.524496, NoOp Chain Depth 64 Size 0 Mode ref, Ref Stage 11, run, start, 9199870362555303
1787080804.524516, NoOp Chain Depth 64 Size 0 Mode ref, Ref Stage 11, run, end, 9199870362575080
1787080804.524530, NoOp Chain Depth 64 Size 0 Mode ref, Ref Stage 12, run, start, 9199870362589256
1787080804.524550, NoOp Chain Depth 64 Size 0 Mode ref, Ref Stage 12, run, end, 9199870362608904
1787080804.524564, NoOp Chain Depth 64 Size 0 Mode ref, Ref Stage 13, run, start, 9199870362623240
1787080804.524585, NoOp Chain Depth 64 Size 0 Mode ref, Ref Stage 13, run, end, 9199870362644040
1787080804.524600, NoOp Chain Depth 64 Size 0 Mode ref, Ref Stage 14, run, start, 9199870362659016
1787080804.524621, NoOp Chain Depth 64 Size 0 Mode ref, Ref Stage 14, run, end, 9199870362679928
1787080804.524635, NoOp Chain Depth 64 Size 0 Mode ref, Ref Stage 15, run, start, 9199870362694072
1787080804.524654, NoOp Chain Depth 64 Size 0 Mode ref, Ref Stage 15, run, end, 9199870362713544
1787080804.524668, NoOp Chain Depth 64 Size 0 Mode ref, Ref Stage 16, run, start, 9199870362727432
1787080804.524688, NoOp Chain Depth 64 Size 0 Mode ref, Ref Stage 16, run, end, 9199870362746952
1787080804.524703, NoOp Chain Depth 64 Size 0 Mode ref, Ref Stage 17, run, start, 9199870362762296
1787080804.524722, NoOp Chain Depth 64 Size 0 Mode ref, Ref Stage 17, run, end, 9199870362781736
1787080804.524736, NoOp Chain Depth 64 Size 0 Mode ref, Ref Stage 18, run, start, 9199870362795704
1787080804.524756, NoOp Chain Depth 64 Size 0 Mode ref, Ref Stage 18, run, end, 9199870362814952
1787080804.524769, NoOp Chain Depth 64 Size 0 Mode ref, Ref Stage 19, run, start, 9199870362828680
1787080804.524790, NoOp Chain Depth 64 Size 0 Mode ref, Ref Stage 19, run, end, 9199870362849368
1787080804.524804, NoOp Chain Depth 64 Size 0 Mode ref, Ref Stage 20, run, start, 9199870362863320
1787080804.524824, NoOp Chain Depth 64 Size 0 Mode ref, Ref Stage 20, run, end, 9199870362882744
1787080804.524837, NoOp Chain Depth 64 Size 0 Mode ref, Ref Stage 21, run, start, 9199870362896680
1787080804.524857, NoOp Chain Depth 64 Size 0 Mode ref, Ref Stage 21, run, end, 9199870362915976
1787080804.524871, NoOp Chain Depth 64 Size 0 Mode ref, Ref Stage 22, run, start, 9199870362929992
1787080804.524891, NoOp Chain Depth 64 Size 0 Mode ref, Ref Stage 22, run, end, 9199870362950456
1787080804.524905, NoOp Chain Depth 64 Size 0 Mode ref, Ref Stage 23, run, start, 9199870362964568
1787080804.524925, NoOp Chain Depth 64 Size 0 Mode ref, Ref Stage 23, run, end, 9199870362983736
1787080804.524939, NoOp Chain Depth 64 Size 0 Mode ref, Ref Stage 24, run, start, 9199870362997704
1787080804.524966, NoOp Chain Depth 64 Size 0 Mode ref, Ref Stage 24, run, end, 9199870363025432
1787080804.524981, NoOp Chain Depth 64 Size 0 Mode ref, Ref Stage 25, run, start, 9199870363040232
1787080804.525000, NoOp Chain Depth 64 Size 0 Mode ref, Ref Stage 25, run, end, 9199870363059832
1787080804.525015, NoOp Chain Depth 64 Size 0 Mode ref, Ref Stage 26, run, start, 9199870363074024
1787080804.525036, NoOp Chain Depth 64 Size 0 Mode ref, Ref Stage 26, run, end, 9199870363094840
1787080804.525047, NoOp Chain Depth 64 Size 0 Mode ref, Ref Stage 27, run, start, 9199870363106264
1787080804.525078, NoOp Chain Depth 64 Size 0 Mode ref, Ref Stage 27, run, end, 9199870363136776
1787080804.525091, NoOp Chain Depth 64 Size 0 Mode ref, Ref Stage 28, run, start, 9199870363150712
1787080804.525112, NoOp Chain Depth 64 Size 0 Mode ref, Ref Stage 28, run, end, 9199870363171672
1787080804.525126, NoOp Chain Depth 64 Size 0 Mode ref, Ref Stage 29, run, start, 9199870363185752
1787080804.525146, NoOp Chain Depth 64 Size 0 Mode ref, Ref Stage 29, run, end, 9199870363205320
1787080804.525161, NoOp Chain Depth 64 Size 0 Mode ref, Ref Stage 30, run, start, 9199870363220456
1787080804.525182, NoOp Chain Depth 64 Size 0 Mode ref, Ref Stage 30, run, end, 9199870363241336
1787080804.525197, NoOp Chain Depth 64 Size 0 Mode ref, Ref Stage 31, run, start, 9199870363256024
1787080804.525218, NoOp Chain Depth 64 Size 0 Mode ref, Ref Stage 31, run, end, 9199870363276888
1787080804.525229, NoOp Chain Depth 64 Size 0 Mode ref, Ref Stage 32, run, start, 9199870363288392
1787080804.525258, NoOp Chain Depth 64 Size 0 Mode ref, Ref Stage 32, run, end, 9199870363317416
1787080804.525272, NoOp Chain Depth 64 Size 0 Mode ref, Ref Stage 33, run, start, 9199870363331208
1787080804.525291, NoOp Chain Depth 64 Size 0 Mode ref, Ref Stage 33, run, end, 9199870363350536
1787080804.525305, NoOp Chain Depth 64 Size 0 Mode ref, Ref Stage 34, run, start, 9199870363364520
1787080804.525325, NoOp Chain Depth 64 Size 0 Mode ref, Ref Stage 34, run, end, 9199870363383752
1787080804.525338, NoOp Chain Depth 64 Size 0 Mode ref, Ref Stage 35, run, start, 9199870363397688
1787080804.525359, NoOp Chain Depth 64 Size 0 Mode ref, Ref Stage 35, run, end, 9199870363418200
1787080804.525373, NoOp Chain Depth 64 Size 0 Mode ref, Ref Stage 36, run, start, 9199870363432456
1787080804.525440, NoOp Chain Depth 64 Size 0 Mode ref, Ref Stage 36, run, end, 9199870363499960
1787080804.525455, NoOp Chain Depth 64 Size 0 Mode ref, Ref Stage 37, run, start, 9199870363514840
1787080804.525475, NoOp Chain Depth 64 Size 0 Mode ref, Ref Stage 37, run, end, 9199870363534552
1787080804.525491, NoOp Chain Depth 64 Size 0 Mode ref, Ref Stage 38, run, start, 9199870363549992
1787080804.525511, NoOp Chain Depth 64 Size 0 Mode ref, Ref Stage 38, run, end, 9199870363569928
1787080804.525525, NoOp Chain Depth 64 Size 0 Mode ref, Ref Stage 39, run, start, 9199870363584008
1787080804.525546, NoOp Chain Depth 64 Size 0 Mode ref, Ref Stage 39, run, end, 9199870363604888
1787080804.525560, NoOp Chain Depth 64 Size 0 Mode ref, Ref Stage 40, run, start, 9199870363618840
1787080804.525580, NoOp Chain Depth 64 Size 0 Mode ref, Ref Stage 40, run, end, 9199870363639560
1787080804.525594, NoOp Chain Depth 64 Size 0 Mode ref, Ref Stage 41, run, start, 9199870363653704
1787080804.525616, NoOp Chain Depth 64 Size 0 Mode ref, Ref Stage 41, run, end, 9199870363675256
1787080804.525630, NoOp Chain Depth 64 Size 0 Mode ref, Ref Stage 42, run, start, 9199870363689336
1787080804.525651, NoOp Chain Depth 64 Size 0 Mode ref, Ref Stage 42, run, end, 9199870363710712
1787080804.525665, NoOp Chain Depth 64 Size 0 Mode ref, Ref Stage 43, run, start, 9199870363724744
1787080804.525687, NoOp Chain Depth 64 Size 0 Mode ref, Ref Stage 43, run, end, 9199870363745880
1787080804.525698, NoOp Chain Depth 64 Size 0 Mode ref, Ref Stage 44, run, start, 9199870363757576
1787080804.525728, NoOp Chain Depth 64 Size 0 Mode ref, Ref Stage 44, run, end, 9199870363786824
1787080804.525742, NoOp Chain Depth 64 Size 0 Mode ref, Ref Stage 45, run, start, 9199870363801576
1787080804.525763, NoOp Chain Depth 64 Size 0 Mode ref, Ref Stage 45, run, end, 9199870363823240
1787080804.525779, NoOp Chain Depth 64 Size 0 Mode ref, Ref Stage 46, run, start, 9199870363838520
1787080804.525800, NoOp Chain Depth 64 Size 0 Mode ref, Ref Stage 46, run, end, 9199870363859528
1787080804.526278, NoOp Chain Depth 64 Size 0 Mode ref, Ref Stage 47, run, start, 9199870364338200
1787080804.526301, NoOp Chain Depth 64 Size 0 Mode ref, Ref Stage 47, run, end, 9199870364360920
1787080804.526436, NoOp Chain Depth 64 Size 0 Mode ref, Ref Stage 48, run, start, 9199870364495176
1787080804.526457, NoOp Chain Depth 64 Size 0 Mode ref, Ref Stage 48, run, end, 9199870364516280
1787080804.526471, NoOp Chain Depth 64 Size 0 Mode ref, Ref Stage 49, run, start, 9199870364530872
1787080804.526491, NoOp Chain Depth 64 Size 0 Mode ref, Ref Stage 49, run, end, 9199870364550760
1787080804.526505, NoOp Chain Depth 64 Size 0 Mode ref, Ref Stage 50, run, start, 9199870364564824
1787080804.526525, NoOp Chain Depth 64 Size 0 Mode ref, Ref Stage 50, run, end, 9199870364584584
1787080804.526541, NoOp Chain Depth 64 Size 0 Mode ref, Ref Stage 51, run, start, 9199870364600712
1787080804.526561, NoOp Chain Depth 64 Size 0 Mode ref, Ref Stage 51, run, end, 9199870364620536
1787080804.526575, NoOp Chain Depth 64 Size 0 Mode ref, Ref Stage 52, run, start, 9199870364634744
1787080804.526595, NoOp Chain Depth 64 Size 0 Mode ref, Ref Stage 52, run, end, 9199870364654232
1787080804.526609, NoOp Chain Depth 64 Size 0 Mode ref, Ref Stage 53, run, start, 9199870364668136
1787080804.526630, NoOp Chain Depth 64 Size 0 Mode ref, Ref Stage 53, run, end, 9199870364689592
1787080804.526642, NoOp Chain Depth 64 Size 0 Mode ref, Ref Stage 54, run, start, 9199870364701320
1787080804.526672, NoOp Chain Depth 64 Size 0 Mode ref, Ref Stage 54, run, end, 9199870364731096
1787080804.526686, NoOp Chain Depth 64 Size 0 Mode ref, Ref Stage 55, run, start, 9199870364745432
1787080804.526706, NoOp Chain Depth 64 Size 0 Mode ref, Ref Stage 55, run, end, 9199870364765272
1787080804.526721, NoOp Chain Depth 64 Size 0 Mode ref, Ref Stage 56, run, start, 9199870364779816
1787080804.526742, NoOp Chain Depth 64 Size 0 Mode ref, Ref Stage 56, run, end, 9199870364801512
1787080804.526754, NoOp Chain Depth 64 Size 0 Mode ref, Ref Stage 57, run, start, 9199870364813240
1787080804.526785, NoOp Chain Depth 64 Size 0 Mode ref, Ref Stage 57, run, end, 9199870364844776
1787080804.526800, NoOp Chain Depth 64 Size 0 Mode ref, Ref Stage 58, run, start, 9199870364859336
1787080804.526820, NoOp Chain Depth 64 Size 0 Mode ref, Ref Stage 58, run, end, 9199870364879816
1787080804.526835, NoOp Chain Depth 64 Size 0 Mode ref, Ref Stage 59, run, start, 9199870364894296
1787080804.526855, NoOp Chain Depth 64 Size 0 Mode ref, Ref Stage 59, run, end, 9199870364914472
1787080804.526870, NoOp Chain Depth 64 Size 0 Mode ref, Ref Stage 60, run, start, 9199870364928920
1787080804.526892, NoOp Chain Depth 64 Size 0 Mode ref, Ref Stage 60, run, end, 9199870364951304
1787080804.526906, NoOp Chain Depth 64 Size 0 Mode ref, Ref Stage 61, run, start, 9199870364965752
1787080804.526926, NoOp Chain Depth 64 Size 0 Mode ref, Ref Stage 61, run, end, 9199870364985720
1787080804.526941, NoOp Chain Depth 64 Size 0 Mode ref, Ref Stage 62, run, start, 9199870365002264
1787080804.526966, NoOp Chain Depth 64 Size 0 Mode ref, Ref Stage 62, run, end, 9199870365025672
1787080804.526981, NoOp Chain Depth 64 Size 0 Mode ref, Ref Stage 63, run, start, 9199870365040280
1787080804.527001, NoOp Chain Depth 64 Size 0 Mode ref, Ref Stage 63, run, end, 9199870365060280
1787080804.527015, NoOp Chain Depth 64 Size 0 Mode ref, pipeline - train, run, end, 86841053855728879735010384098108176041, 1787080804.523544, 33, 1, 9199870365075000
1787080804.527052, NoOp Chain Depth 64 Size 0 Mode ref, pipeline - train, run, start, 179947362837241422615110923624749940073, 1787080804.527041, 34, 1, 9199870365111912
1787080804.527075, NoOp Chain Depth 64 Size 0 Mode ref, Ref Stage 0, run, start, 9199870365134648
1787080804.527096, NoOp Chain Depth 64 Size 0 Mode ref, Ref Stage 0, run, end, 9199870365155048
1787080804.527111, NoOp Chain Depth 64 Size 0 Mode ref, Ref Stage 1, run, start, 9199870365170056
1787080804.527132, NoOp Chain Depth 64 Size 0 Mode ref, Ref Stage 1, run, end, 9199870365191496
1787080804.527148, NoOp Chain Depth 64 Size 0 Mode ref, Ref Stage 2, run, start, 9199870365206888
1787080804.527171, NoOp Chain Depth 64 Size 0 Mode ref, Ref Stage 2, run, end, 9199870365230008
1787080804.527570, NoOp Chain Depth 64 Size 0 Mode ref, Ref Stage 3, run, start, 9199870365630136
1787080804.527593, NoOp Chain Depth 64 Size 0 Mode ref, Ref Stage 3, run, end, 9199870365652520
1787080804.527730, NoOp Chain Depth 64 Size 0 Mode ref, Ref Stage 4, run, start, 9199870365789000
1787080804.527751, NoOp Chain Depth 64 Size 0 Mode ref, Ref Stage 4, run, end, 9199870365810056
1787080804.527766, NoOp Chain Depth 64 Size 0 Mode ref, Ref Stage 5, run, start, 9199870365824840
1787080804.527787, NoOp Chain Depth 64 Size 0 Mode ref, Ref Stage 5, run, end, 9199870365846680
1787080804.527799, NoOp Chain Depth 64 Size 0 Mode ref, Ref Stage 6, run, start, 9199870365858648
1787080804.527831, NoOp Chain Depth 64 Size 0 Mode ref, Ref Stage 6, run, end, 9199870365890680
1787080804.527846, NoOp Chain Depth 64 Size 0 Mode ref, Ref Stage 7, run, start, 9199870365905208
1787080804.527866, NoOp Chain Depth 64 Size 0 Mode ref, Ref Stage 7, run, end, 9199870365925416
1787080804.527881, NoOp Chain Depth 64 Size 0 Mode ref, Ref Stage 8, run, start, 9199870365940072
1787080804.527901, NoOp Chain Depth 64 Size 0 Mode ref, Ref Stage 8, run, end, 9199870365960296
1787080804.527915, NoOp Chain Depth 64 Size 0 Mode ref, Ref Stage 9, run, start, 9199870365975080
1787080804.527938, NoOp Chain Depth 64 Size 0 Mode ref, Ref Stage 9, run, end, 9199870365997048
1787080804.527952, NoOp Chain Depth 64 Size 0 Mode ref, Ref Stage 10, run, start, 9199870366011864
1787080804.527984, NoOp Chain Depth 64 Size 0 Mode ref, Ref Stage 10, run, end, 9199870366043672
1787080804.527999, NoOp Chain Depth 64 Size 0 Mode ref, Ref Stage 11, run, start, 9199870366058376
1787080804.528019, NoOp Chain Depth 64 Size 0 Mode ref, Ref Stage 11, run, end, 9199870366078680
1787080804.528034, NoOp Chain Depth 64 Size 0 Mode ref, Ref Stage 12, run, start, 9199870366093384
1787080804.528054, NoOp Chain Depth 64 Size 0 Mode ref, Ref Stage 12, run, end, 9199870366114024
1787080804.528069, NoOp Chain Depth 64 Size 0 Mode ref, Ref Stage 13, run, start, 9199870366128664
1787080804.528090, NoOp Chain Depth 64 Size 0 Mode ref, Ref Stage 13, run, end, 9199870366149112
1787080804.528104, NoOp Chain Depth 64 Size 0 Mode ref, Ref Stage 14, run, start, 9199870366163512
1787080804.528127, NoOp Chain Depth 64 Size 0 Mode ref, Ref Stage 14, run, end, 9199870366187592
1787080804.528143, NoOp Chain Depth 64 Size 0 Mode ref, Ref Stage 15, run, start, 9199870366202104
1787080804.528162, NoOp Chain Depth 64 Size 0 Mode ref, Ref Stage 15, run, end, 9199870366221992
1787080804.528177, NoOp Chain Depth 64 Size 0 Mode ref, Ref Stage 16, run, start, 9199870366236200
1787080804.528197, NoOp Chain Depth 64 Size 0 Mode ref, Ref Stage 16, run, end, 9199870366256088
1787080804.528211, NoOp Chain Depth 64 Size 0 Mode ref, Ref Stage 17, run, start, 9199870366270440
1787080804.528236, NoOp Chain Depth 64 Size 0 Mode ref, Ref Stage 17, run, end, 9199870366295016
1787080804.528250, NoOp Chain Depth 64 Size 0 Mode ref, Ref Stage 18, run, start, 9199870366309480
1787080804.528270, NoOp Chain Depth 64 Size 0 Mode ref, Ref Stage 18, run, end, 9199870366329336
1787080804.528284, NoOp Chain Depth 64 Size 0 Mode ref, Ref Stage 19, run, start, 9199870366343736
1787080804.528304, NoOp Chain Depth 64 Size 0 Mode ref, Ref Stage 19, run, end, 9199870366363512
1787080804.528318, NoOp Chain Depth 64 Size 0 Mode ref, Ref Stage 20, run, start, 9199870366378008
1787080804.528339, NoOp Chain Depth 64 Size 0 Mode ref, Ref Stage 20, run, end, 9199870366398488
1787080804.528353, NoOp Chain Depth 64 Size 0 Mode ref, Ref Stage 21, run, start, 9199870366412856
1787080804.528373, NoOp Chain Depth 64 Size 0 Mode ref, Ref Stage 21, run, end, 9199870366432648
1787080804.528388, NoOp Chain Depth 64 Size 0 Mode ref, Ref Stage 22, run, start, 9199870366447032
1787080804.528408, NoOp Chain Depth 64 Size 0 Mode ref, Ref Stage 22, run, end, 9199870366466888
1787080804.528422, NoOp Chain Depth 64 Size 0 Mode ref, Ref Stage 23, run, start, 9199870366481336
1787080804.528442, NoOp Chain Depth 64 Size 0 Mode ref, Ref Stage 23, run, end, 9199870366501192
1787080804.528456, NoOp Chain Depth 64 Size 0 Mode ref, Ref Stage 24, run, start, 9199870366515464
1787080804.528478, NoOp Chain Depth 64 Size 0 Mode ref, Ref Stage 24, run, end, 9199870366537192
1787080804.528494, NoOp Chain Depth 64 Size 0 Mode ref, Ref Stage 25, run, start, 9199870366553320
1787080804.528515, NoOp Chain Depth 64 Size 0 Mode ref, Ref Stage 25, run, end, 9199870366574376
1787080804.528529, NoOp Chain Depth 64 Size 0 Mode ref, Ref Stage 26, run, start, 9199870366588872
1787080804.528551, NoOp Chain Depth 64 Size 0 Mode ref, Ref Stage 26, run, end, 9199870366610552
1787080804.528563, NoOp Chain Depth 64 Size 0 Mode ref, Ref Stage 27, run, start, 9199870366622696
1787080804.528596, NoOp Chain Depth 64 Size 0 Mode ref, Ref Stage 27, run, end, 9199870366655432
1787080804.528610, NoOp Chain Depth 64 Size 0 Mode ref, Ref Stage 28, run, start, 9199870366670040
1787080804.528632, NoOp Chain Depth 64 Size 0 Mode ref, Ref Stage 28, run, end, 9199870366691304
1787080804.528646, NoOp Chain Depth 64 Size 0 Mode ref, Ref Stage 29, run, start, 9199870366705784
1787080804.528666, NoOp Chain Depth 64 Size 0 Mode ref, Ref Stage 29, run, end, 9199870366725832
1787080804.528681, NoOp Chain Depth 64 Size 0 Mode ref, Ref Stage 30, run, start, 9199870366740216
1787080804.528702, NoOp Chain Depth 64 Size 0 Mode ref, Ref Stage 30, run, end, 9199870366761768
1787080804.528717, NoOp Chain Depth 64 Size 0 Mode ref, Ref Stage 31, run, start, 9199870366776248
1787080804.528740, NoOp Chain Depth 64 Size 0 Mode ref, Ref Stage 31, run, end, 9199870366799528
1787080804.528752, NoOp Chain Depth 64 Size 0 Mode ref, Ref Stage 32, run, start, 9199870366811592
1787080804.528782, NoOp Chain Depth 64 Size 0 Mode ref, Ref Stage 32, run, end, 9199870366841448
1787080804.528796, NoOp Chain Depth 64 Size 0 Mode ref, Ref Stage 33, run, start, 9199870366855832
1787080804.528816, NoOp Chain Depth 64 Size 0 Mode ref, Ref Stage 33, run, end, 9199870366875784
1787080804.528831, NoOp Chain Depth 64 Size 0 Mode ref, Ref Stage 34, run, start, 9199870366890920
1787080804.528852, NoOp Chain Depth 64 Size 0 Mode ref, Ref Stage 34, run, end, 9199870366911048
1787080804.528867, NoOp Chain Depth 64 Size 0 Mode ref, Ref Stage 35, run, start, 9199870366926424
1787080804.528890, NoOp Chain Depth 64 Size 0 Mode ref, Ref Stage 35, run, end, 9199870366949672
1787080804.528903, NoOp Chain Depth 64 Size 0 Mode ref, Ref Stage 36, run, start, 9199870366962952
1787080804.528935, NoOp Chain Depth 64 Size 0 Mode ref, Ref Stage 36, run, end, 9199870366994824
1787080804.528957, NoOp Chain Depth 64 Size 0 Mode ref, Ref Stage 37, run, start, 9199870367015944
1787080804.528977, NoOp Chain Depth 64 Size 0 Mode ref, Ref Stage 37, run, end, 9199870367036792
1787080804.528992, NoOp Chain Depth 64 Size 0 Mode ref, Ref Stage 38, run, start, 9199870367051160
1787080804.529012, NoOp Chain Depth 64 Size 0 Mode ref, Ref Stage 38, run, end, 9199870367071016
1787080804.529026, NoOp Chain Depth 64 Size 0 Mode ref, Ref Stage 39, run, start, 9199870367085272
1787080804.529046, NoOp Chain Depth 64 Size 0 Mode ref, Ref Stage 39, run, end, 9199870367105384
1787080804.529060, NoOp Chain Depth 64 Size 0 Mode ref, Ref Stage 40, run, start, 9199870367119688
1787080804.529081, NoOp Chain Depth 64 Size 0 Mode ref, Ref Stage 40, run, end, 9199870367139832
1787080804.529096, NoOp Chain Depth 64 Size 0 Mode ref, Ref Stage 41, run, start, 9199870367155720
1787080804.529119, NoOp Chain Depth 64 Size 0 Mode ref, Ref Stage 41, run, end, 9199870367178568
1787080804.529134, NoOp Chain Depth 64 Size 0 Mode ref, Ref Stage 42, run, start, 9199870367192968
1787080804.529154, NoOp Chain Depth 64 Size 0 Mode ref, Ref Stage 42, run, end, 9199870367213032
1787080804.529168, NoOp Chain Depth 64 Size 0 Mode ref, Ref Stage 43, run, start, 9199870367227176
1787080804.529954, NoOp Chain Depth 64 Size 0 Mode ref, Ref Stage 43, run, end, 9199870368014424
1787080804.530092, NoOp Chain Depth 64 Size 0 Mode ref, Ref Stage 44, run, start, 9199870368152120
1787080804.530115, NoOp Chain Depth 64 Size 0 Mode ref, Ref Stage 44, run, end, 9199870368174168
1787080804.530129, NoOp Chain Depth 64 Size 0 Mode ref, Ref Stage 45, run, start, 9199870368188776
1787080804.530150, NoOp Chain Depth 64 Size 0 Mode ref, Ref Stage 45, run, end, 9199870368208824
1787080804.530164, NoOp Chain Depth 64 Size 0 Mode ref, Ref Stage 46, run, start, 9199870368222984
1787080804.530183, NoOp Chain Depth 64 Size 0 Mode ref, Ref Stage 46, run, end, 9199870368242632
1787080804.530198, NoOp Chain Depth 64 Size 0 Mode ref, Ref Stage 47, run, start, 9199870368256792
1787080804.530217, NoOp Chain Depth 64 Size 0 Mode ref, Ref Stage 47, run, end, 9199870368276120
1787080804.530231, NoOp Chain Depth 64 Size 0 Mode ref, Ref Stage 48, run, start, 9199870368290248
1787080804.530268, NoOp Chain Depth 64 Size 0 Mode ref, Ref Stage 48, run, end, 9199870368327704
1787080804.530282, NoOp Chain Depth 64 Size 0 Mode ref, Ref Stage 49, run, start, 9199870368341864
1787080804.530302, NoOp Chain Depth 64 Size 0 Mode ref, Ref Stage 49, run, end, 9199870368361208
1787080804.530316, NoOp Chain Depth 64 Size 0 Mode ref, Ref Stage 50, run, start, 9199870368375528
1787080804.530336, NoOp Chain Depth 64 Size 0 Mode ref, Ref Stage 50, run, end, 9199870368395320
1787080804.530350, NoOp Chain Depth 64 Size 0 Mode ref, Ref Stage 51, run, start, 9199870368409608
1787080804.530370, NoOp Chain Depth 64 Size 0 Mode ref, Ref Stage 51, run, end, 9199870368429304
1787080804.530385, NoOp Chain Depth 64 Size 0 Mode ref, Ref Stage 52, run, start, 9199870368444920
1787080804.530407, NoOp Chain Depth 64 Size 0 Mode ref, Ref Stage 52, run, end, 9199870368465816
1787080804.530421, NoOp Chain Depth 64 Size 0 Mode ref, Ref Stage 53, run, start, 9199870368479912
1787080804.530440, NoOp Chain Depth 64 Size 0 Mode ref, Ref Stage 53, run, end, 9199870368499848
1787080804.530456, NoOp Chain Depth 64 Size 0 Mode ref, Ref Stage 54, run, start, 9199870368515304
1787080804.530476, NoOp Chain Depth 64 Size 0 Mode ref, Ref Stage 54, run, end, 9199870368535080
1787080804.530490, NoOp Chain Depth 64 Size 0 Mode ref, Ref Stage 55, run, start, 9199870368549032
1787080804.530509, NoOp Chain Depth 64 Size 0 Mode ref, Ref Stage 55, run, end, 9199870368568456
1787080804.530523, NoOp Chain Depth 64 Size 0 Mode ref, Ref Stage 56, run, start, 9199870368582440
1787080804.530545, NoOp Chain Depth 64 Size 0 Mode ref, Ref Stage 56, run, end, 9199870368604104
1787080804.530556, NoOp Chain Depth 64 Size 0 Mode ref, Ref Stage 57, run, start, 9199870368615736
1787080804.530587, NoOp Chain Depth 64 Size 0 Mode ref, Ref Stage 57, run, end, 9199870368646520
1787080804.530600, NoOp Chain Depth 64 Size 0 Mode ref, Ref Stage 58, run, start, 9199870368659352
1787080804.530629, NoOp Chain Depth 64 Size 0 Mode ref, Ref Stage 58, run, end, 9199870368688664
1787080804.530643, NoOp Chain Depth 64 Size 0 Mode ref, Ref Stage 59, run, start, 9199870368702632
1787080804.530663, NoOp Chain Depth 64 Size 0 Mode ref, Ref Stage 59, run, end, 9199870368721992
1787080804.530677, NoOp Chain Depth 64 Size 0 Mode ref, Ref Stage 60, run, start, 9199870368736072
1787080804.530698, NoOp Chain Depth 64 Size 0 Mode ref, Ref Stage 60, run, end, 9199870368756968
1787080804.530712, NoOp Chain Depth 64 Size 0 Mode ref, Ref Stage 61, run, start, 9199870368770904
1787080804.530731, NoOp Chain Depth 64 Size 0 Mode ref, Ref Stage 61, run, end, 9199870368790312
1787080804.530745, NoOp Chain Depth 64 Size 0 Mode ref, Ref Stage 62, run, start, 9199870368804120
1787080804.530764, NoOp Chain Depth 64 Size 0 Mode ref, Ref Stage 62, run, end, 9199870368823208
1787080804.530778, NoOp Chain Depth 64 Size 0 Mode ref, Ref Stage 63, run, start, 9199870368837512
1787080804.530799, NoOp Chain Depth 64 Size 0 Mode ref, Ref Stage 63, run, end, 9199870368858296
1787080804.530815, NoOp Chain Depth 64 Size 0 Mode ref, pipeline - train, run, end, 179947362837241422615110923624749940073, 1787080804.527041, 34, 1, 9199870368874280
1787080804.530850, NoOp Chain Depth 64 Size 0 Mode ref, pipeline - train, run, start, 12099104017328143965533556186401228134, 1787080804.530839, 35, 1, 9199870368909864
1787080804.530875, NoOp Chain Depth 64 Size 0 Mode ref, Ref Stage 0, run, start, 9199870368934392
1787080804.530896, NoOp Chain Depth 64 Size 0 Mode ref, Ref Stage 0, run, end, 9199870368955480
1787080804.530911, NoOp Chain Depth 64 Size 0 Mode ref, Ref Stage 1, run, start, 9199870368970616
1787080804.530932, NoOp Chain Depth 64 Size 0 Mode ref, Ref Stage 1, run, end, 9199870368991912
1787080804.530947, NoOp Chain Depth 64 Size 0 Mode ref, Ref Stage 2, run, start, 9199870369006440
1787080804.531088, NoOp Chain Depth 64 Size 0 Mode ref, Ref Stage 2, run, end, 9199870369148488
1787080804.531226, NoOp Chain Depth 64 Size 0 Mode ref, Ref Stage 3, run, start, 9199870369285176
1787080804.531249, NoOp Chain Depth 64 Size 0 Mode ref, Ref Stage 3, run, end, 9199870369308616
1787080804.531264, NoOp Chain Depth 64 Size 0 Mode ref, Ref Stage 4, run, start, 9199870369322680
1787080804.531283, NoOp Chain Depth 64 Size 0 Mode ref, Ref Stage 4, run, end, 9199870369342424
1787080804.531297, NoOp Chain Depth 64 Size 0 Mode ref, Ref Stage 5, run, start, 9199870369356600
1787080804.531317, NoOp Chain Depth 64 Size 0 Mode ref, Ref Stage 5, run, end, 9199870369376216
1787080804.531331, NoOp Chain Depth 64 Size 0 Mode ref, Ref Stage 6, run, start, 9199870369390184
1787080804.531350, NoOp Chain Depth 64 Size 0 Mode ref, Ref Stage 6, run, end, 9199870369409432
1787080804.531364, NoOp Chain Depth 64 Size 0 Mode ref, Ref Stage 7, run, start, 9199870369423496
1787080804.531384, NoOp Chain Depth 64 Size 0 Mode ref, Ref Stage 7, run, end, 9199870369442696
1787080804.531398, NoOp Chain Depth 64 Size 0 Mode ref, Ref Stage 8, run, start, 9199870369456936
1787080804.531417, NoOp Chain Depth 64 Size 0 Mode ref, Ref Stage 8, run, end, 9199870369476488
1787080804.531431, NoOp Chain Depth 64 Size 0 Mode ref, Ref Stage 9, run, start, 9199870369490744
1787080804.531451, NoOp Chain Depth 64 Size 0 Mode ref, Ref Stage 9, run, end, 9199870369510552
1787080804.531467, NoOp Chain Depth 64 Size 0 Mode ref, Ref Stage 10, run, start, 9199870369526008
1787080804.531488, NoOp Chain Depth 64 Size 0 Mode ref, Ref Stage 10, run, end, 9199870369547448
1787080804.531500, NoOp Chain Depth 64 Size 0 Mode ref, Ref Stage 11, run, start, 9199870369559480
1787080804.531530, NoOp Chain Depth 64 Size 0 Mode ref, Ref Stage 11, run, end, 9199870369589160
1787080804.531544, NoOp Chain Depth 64 Size 0 Mode ref, Ref Stage 12, run, start, 9199870369603512
1787080804.531564, NoOp Chain Depth 64 Size 0 Mode ref, Ref Stage 12, run, end, 9199870369623048
1787080804.531583, NoOp Chain Depth 64 Size 0 Mode ref, Ref Stage 13, run, start, 9199870369642200
1787080804.531602, NoOp Chain Depth 64 Size 0 Mode ref, Ref Stage 13, run, end, 9199870369661688
1787080804.531616, NoOp Chain Depth 64 Size 0 Mode ref, Ref Stage 14, run, start, 9199870369675544
1787080804.531637, NoOp Chain Depth 64 Size 0 Mode ref, Ref Stage 14, run, end, 9199870369696360
1787080804.531651, NoOp Chain Depth 64 Size 0 Mode ref, Ref Stage 15, run, start, 9199870369710248
1787080804.531672, NoOp Chain Depth 64 Size 0 Mode ref, Ref Stage 15, run, end, 9199870369730840
1787080804.531685, NoOp Chain Depth 64 Size 0 Mode ref, Ref Stage 16, run, start, 9199870369744712
1787080804.531705, NoOp Chain Depth 64 Size 0 Mode ref, Ref Stage 16, run, end, 9199870369763976
1787080804.531718, NoOp Chain Depth 64 Size 0 Mode ref, Ref Stage 17, run, start, 9199870369777736
1787080804.531738, NoOp Chain Depth 64 Size 0 Mode ref, Ref Stage 17, run, end, 9199870369797096
1787080804.531752, NoOp Chain Depth 64 Size 0 Mode ref, Ref Stage 18, run, start, 9199870369810952
1787080804.531771, NoOp Chain Depth 64 Size 0 Mode ref, Ref Stage 18, run, end, 9199870369830056
1787080804.531785, NoOp Chain Depth 64 Size 0 Mode ref, Ref Stage 19, run, start, 9199870369843848
1787080804.531804, NoOp Chain Depth 64 Size 0 Mode ref, Ref Stage 19, run, end, 9199870369863192
1787080804.531818, NoOp Chain Depth 64 Size 0 Mode ref, Ref Stage 20, run, start, 9199870369877032
1787080804.531838, NoOp Chain Depth 64 Size 0 Mode ref, Ref Stage 20, run, end, 9199870369897592
1787080804.531853, NoOp Chain Depth 64 Size 0 Mode ref, Ref Stage 21, run, start, 9199870369912312
1787080804.531873, NoOp Chain Depth 64 Size 0 Mode ref, Ref Stage 21, run, end, 9199870369932760
1787080804.531887, NoOp Chain Depth 64 Size 0 Mode ref, Ref Stage 22, run, start, 9199870369946808
1787080804.531907, NoOp Chain Depth 64 Size 0 Mode ref, Ref Stage 22, run, end, 9199870369965912
1787080804.531921, NoOp Chain Depth 64 Size 0 Mode ref, Ref Stage 23, run, start, 9199870369979848
1787080804.531940, NoOp Chain Depth 64 Size 0 Mode ref, Ref Stage 23, run, end, 9199870369999112
1787080804.531956, NoOp Chain Depth 64 Size 0 Mode ref, Ref Stage 24, run, start, 9199870370015864
1787080804.531977, NoOp Chain Depth 64 Size 0 Mode ref, Ref Stage 24, run, end, 9199870370036664
1787080804.531991, NoOp Chain Depth 64 Size 0 Mode ref, Ref Stage 25, run, start, 9199870370050600
1787080804.532012, NoOp Chain Depth 64 Size 0 Mode ref, Ref Stage 25, run, end, 9199870370070984
1787080804.532027, NoOp Chain Depth 64 Size 0 Mode ref, Ref Stage 26, run, start, 9199870370086344
1787080804.532047, NoOp Chain Depth 64 Size 0 Mode ref, Ref Stage 26, run, end, 9199870370105912
1787080804.532061, NoOp Chain Depth 64 Size 0 Mode ref, Ref Stage 27, run, start, 9199870370120856
1787080804.534955, NoOp Chain Depth 64 Size 0 Mode ref, Ref Stage 27, run, end, 9199870373015481
1787080804.535633, NoOp Chain Depth 64 Size 0 Mode ref, Ref Stage 28, run, start, 9199870373693225
1787080804.535658, NoOp Chain Depth 64 Size 0 Mode ref, Ref Stage 28, run, end, 9199870373717385
1787080804.535673, NoOp Chain Depth 64 Size 0 Mode ref, Ref Stage 29, run, start, 9199870373732025
1787080804.535693, NoOp Chain Depth 64 Size 0 Mode ref, Ref Stage 29, run, end, 9199870373752105
1787080804.535707, NoOp Chain Depth 64 Size 0 Mode ref, Ref Stage 30, run, start, 9199870373766537
1787080804.535727, NoOp Chain Depth 64 Size 0 Mode ref, Ref Stage 30, run, end, 9199870373786217
1787080804.535741, NoOp Chain Depth 64 Size 0 Mode ref, Ref Stage 31, run, start, 9199870373800697
1787080804.535761, NoOp Chain Depth 64 Size 0 Mode ref, Ref Stage 31, run, end, 9199870373820361
1787080804.535775, NoOp Chain Depth 64 Size 0 Mode ref, Ref Stage 32, run, start, 9199870373834505
1787080804.535795, NoOp Chain Depth 64 Size 0 Mode ref, Ref Stage 32, run, end, 9199870373853993
1787080804.535809, NoOp Chain Depth 64 Size 0 Mode ref, Ref Stage 33, run, start, 9199870373867897
1787080804.535828, NoOp Chain Depth 64 Size 0 Mode ref, Ref Stage 33, run, end, 9199870373887337
1787080804.535842, NoOp Chain Depth 64 Size 0 Mode ref, Ref Stage 34, run, start, 9199870373901289
1787080804.535861, NoOp Chain Depth 64 Size 0 Mode ref, Ref Stage 34, run, end, 9199870373920809
1787080804.535876, NoOp Chain Depth 64 Size 0 Mode ref, Ref Stage 35, run, start, 9199870373934905
1787080804.535895, NoOp Chain Depth 64 Size 0 Mode ref, Ref Stage 35, run, end, 9199870373954457
1787080804.535909, NoOp Chain Depth 64 Size 0 Mode ref, Ref Stage 36, run, start, 9199870373968729
1787080804.535931, NoOp Chain Depth 64 Size 0 Mode ref, Ref Stage 36, run, end, 9199870373990169
1787080804.535943, NoOp Chain Depth 64 Size 0 Mode ref, Ref Stage 37, run, start, 9199870374004185
1787080804.535975, NoOp Chain Depth 64 Size 0 Mode ref, Ref Stage 37, run, end, 9199870374034601
1787080804.535989, NoOp Chain Depth 64 Size 0 Mode ref, Ref Stage 38, run, start, 9199870374048681
1787080804.536009, NoOp Chain Depth 64 Size 0 Mode ref, Ref Stage 38, run, end, 9199870374068217
1787080804.536023, NoOp Chain Depth 64 Size 0 Mode ref, Ref Stage 39, run, start, 9199870374082313
1787080804.536043, NoOp Chain Depth 64 Size 0 Mode ref, Ref Stage 39, run, end, 9199870374101881
1787080804.536057, NoOp Chain Depth 64 Size 0 Mode ref, Ref Stage 40, run, start, 9199870374115785
1787080804.536076, NoOp Chain Depth 64 Size 0 Mode ref, Ref Stage 40, run, end, 9199870374135497
1787080804.536090, NoOp Chain Depth 64 Size 0 Mode ref, Ref Stage 41, run, start, 9199870374149657
1787080804.536110, NoOp Chain Depth 64 Size 0 Mode ref, Ref Stage 41, run, end, 9199870374169209
1787080804.536124, NoOp Chain Depth 64 Size 0 Mode ref, Ref Stage 42, run, start, 9199870374183449
1787080804.536145, NoOp Chain Depth 64 Size 0 Mode ref, Ref Stage 42, run, end, 9199870374204649
1787080804.536157, NoOp Chain Depth 64 Size 0 Mode ref, Ref Stage 43, run, start, 9199870374216089
1787080804.536186, NoOp Chain Depth 64 Size 0 Mode ref, Ref Stage 43, run, end, 9199870374245049
1787080804.536200, NoOp Chain Depth 64 Size 0 Mode ref, Ref Stage 44, run, start, 9199870374259273
1787080804.536220, NoOp Chain Depth 64 Size 0 Mode ref, Ref Stage 44, run, end, 9199870374278793
1787080804.536233, NoOp Chain Depth 64 Size 0 Mode ref, Ref Stage 45, run, start, 9199870374292889
1787080804.536256, NoOp Chain Depth 64 Size 0 Mode ref, Ref Stage 45, run, end, 9199870374314745
1787080804.536270, NoOp Chain Depth 64 Size 0 Mode ref, Ref Stage 46, run, start, 9199870374328825
1787080804.536289, NoOp Chain Depth 64 Size 0 Mode ref, Ref Stage 46, run, end, 9199870374348441
1787080804.536303, NoOp Chain Depth 64 Size 0 Mode ref, Ref Stage 47, run, start, 9199870374362409
1787080804.536323, NoOp Chain Depth 64 Size 0 Mode ref, Ref Stage 47, run, end, 9199870374382057
1787080804.536337, NoOp Chain Depth 64 Size 0 Mode ref, Ref Stage 48, run, start, 9199870374396297
1787080804.536357, NoOp Chain Depth 64 Size 0 Mode ref, Ref Stage 48, run, end, 9199870374415833
1787080804.536371, NoOp Chain Depth 64 Size 0 Mode ref, Ref Stage 49, run, start, 9199870374429817
1787080804.536390, NoOp Chain Depth 64 Size 0 Mode ref, Ref Stage 49, run, end, 9199870374449193
1787080804.536405, NoOp Chain Depth 64 Size 0 Mode ref, Ref Stage 50, run, start, 9199870374464233
1787080804.536424, NoOp Chain Depth 64 Size 0 Mode ref, Ref Stage 50, run, end, 9199870374483769
1787080804.536438, NoOp Chain Depth 64 Size 0 Mode ref, Ref Stage 51, run, start, 9199870374497833
1787080804.536458, NoOp Chain Depth 64 Size 0 Mode ref, Ref Stage 51, run, end, 9199870374517241
1787080804.536472, NoOp Chain Depth 64 Size 0 Mode ref, Ref Stage 52, run, start, 9199870374531273
1787080804.536491, NoOp Chain Depth 64 Size 0 Mode ref, Ref Stage 52, run, end, 9199870374550585
1787080804.536505, NoOp Chain Depth 64 Size 0 Mode ref, Ref Stage 53, run, start, 9199870374564601
1787080804.536525, NoOp Chain Depth 64 Size 0 Mode ref, Ref Stage 53, run, end, 9199870374583849
1787080804.536539, NoOp Chain Depth 64 Size 0 Mode ref, Ref Stage 54, run, start, 9199870374598777
1787080804.536559, NoOp Chain Depth 64 Size 0 Mode ref, Ref Stage 54, run, end, 9199870374618425
1787080804.536573, NoOp Chain Depth 64 Size 0 Mode ref, Ref Stage 55, run, start, 9199870374632889
1787080804.536593, NoOp Chain Depth 64 Size 0 Mode ref, Ref Stage 55, run, end, 9199870374652105
1787080804.536801, NoOp Chain Depth 64 Size 0 Mode ref, Ref Stage 56, run, start, 9199870374860777
1787080804.536824, NoOp Chain Depth 64 Size 0 Mode ref, Ref Stage 56, run, end, 9199870374883257
1787080804.536838, NoOp Chain Depth 64 Size 0 Mode ref, Ref Stage 57, run, start, 9199870374897897
1787080804.536860, NoOp Chain Depth 64 Size 0 Mode ref, Ref Stage 57, run, end, 9199870374919817
1787080804.537237, NoOp Chain Depth 64 Size 0 Mode ref, Ref Stage 58, run, start, 9199870375297145
1787080804.537374, NoOp Chain Depth 64 Size 0 Mode ref, Ref Stage 58, run, end, 9199870375433097
1787080804.537389, NoOp Chain Depth 64 Size 0 Mode ref, Ref Stage 59, run, start, 9199870375448105
1787080804.537409, NoOp Chain Depth 64 Size 0 Mode ref, Ref Stage 59, run, end, 9199870375468361
1787080804.537424, NoOp Chain Depth 64 Size 0 Mode ref, Ref Stage 60, run, start, 9199870375483017
1787080804.537444, NoOp Chain Depth 64 Size 0 Mode ref, Ref Stage 60, run, end, 9199870375503145
1787080804.537458, NoOp Chain Depth 64 Size 0 Mode ref, Ref Stage 61, run, start, 9199870375517593
1787080804.537478, NoOp Chain Depth 64 Size 0 Mode ref, Ref Stage 61, run, end, 9199870375537625
1787080804.537493, NoOp Chain Depth 64 Size 0 Mode ref, Ref Stage 62, run, start, 9199870375551849
1787080804.537513, NoOp Chain Depth 64 Size 0 Mode ref, Ref Stage 62, run, end, 9199870375572329
1787080804.537528, NoOp Chain Depth 64 Size 0 Mode ref, Ref Stage 63, run, start, 9199870375586937
1787080804.537547, NoOp Chain Depth 64 Size 0 Mode ref, Ref Stage 63, run, end, 9199870375606713
1787080804.537563, NoOp Chain Depth 64 Size 0 Mode ref, pipeline - train, run, end, 12099104017328143965533556186401228134, 1787080804.530839, 35, 1, 9199870375622153
1787080804.537600, NoOp Chain Depth 64 Size 0 Mode ref, pipeline - train, run, start, 159034572342892098244619440173020658676, 1787080804.537589, 36, 1, 9199870375659049
1787080804.537622, NoOp Chain Depth 64 Size 0 Mode ref, Ref Stage 0, run, start, 9199870375681209
1787080804.537644, NoOp Chain Depth 64 Size 0 Mode ref, Ref Stage 0, run, end, 9199870375703593
1787080804.537659, NoOp Chain Depth 64 Size 0 Mode ref, Ref Stage 1, run, start, 9199870375718377
1787080804.537680, NoOp Chain Depth 64 Size 0 Mode ref, Ref Stage 1, run, end, 9199870375739577
1787080804.537692, NoOp Chain Depth 64 Size 0 Mode ref, Ref Stage 2, run, start, 9199870375751289
1787080804.537721, NoOp Chain Depth 64 Size 0 Mode ref, Ref Stage 2, run, end, 9199870375780937
1787080804.537736, NoOp Chain Depth 64 Size 0 Mode ref, Ref Stage 3, run, start, 9199870375795081
1787080804.537757, NoOp Chain Depth 64 Size 0 Mode ref, Ref Stage 3, run, end, 9199870375816377
1787080804.537769, NoOp Chain Depth 64 Size 0 Mode ref, Ref Stage 4, run, start, 9199870375828073
1787080804.537798, NoOp Chain Depth 64 Size 0 Mode ref, Ref Stage 4, run, end, 9199870375857225
1787080804.537813, NoOp Chain Depth 64 Size 0 Mode ref, Ref Stage 5, run, start, 9199870375871961
1787080804.537832, NoOp Chain Depth 64 Size 0 Mode ref, Ref Stage 5, run, end, 9199870375891369
1787080804.537847, NoOp Chain Depth 64 Size 0 Mode ref, Ref Stage 6, run, start, 9199870375906297
1787080804.537868, NoOp Chain Depth 64 Size 0 Mode ref, Ref Stage 6, run, end, 9199870375927353
1787080804.538352, NoOp Chain Depth 64 Size 0 Mode ref, Ref Stage 7, run, start, 9199870376412201
1787080804.538494, NoOp Chain Depth 64 Size 0 Mode ref, Ref Stage 7, run, end, 9199870376553353
1787080804.538509, NoOp Chain Depth 64 Size 0 Mode ref, Ref Stage 8, run, start, 9199870376568121
1787080804.538528, NoOp Chain Depth 64 Size 0 Mode ref, Ref Stage 8, run, end, 9199870376587753
1787080804.538543, NoOp Chain Depth 64 Size 0 Mode ref, Ref Stage 9, run, start, 9199870376602505
1787080804.538563, NoOp Chain Depth 64 Size 0 Mode ref, Ref Stage 9, run, end, 9199870376622089
1787080804.538577, NoOp Chain Depth 64 Size 0 Mode ref, Ref Stage 10, run, start, 9199870376636201
1787080804.538598, NoOp Chain Depth 64 Size 0 Mode ref, Ref Stage 10, run, end, 9199870376657657
1787080804.538610, NoOp Chain Depth 64 Size 0 Mode ref, Ref Stage 11, run, start, 9199870376669465
1787080804.538640, NoOp Chain Depth 64 Size 0 Mode ref, Ref Stage 11, run, end, 9199870376698937
1787080804.538654, NoOp Chain Depth 64 Size 0 Mode ref, Ref Stage 12, run, start, 9199870376713193
1787080804.538673, NoOp Chain Depth 64 Size 0 Mode ref, Ref Stage 12, run, end, 9199870376732761
1787080804.538687, NoOp Chain Depth 64 Size 0 Mode ref, Ref Stage 13, run, start, 9199870376746825
1787080804.538707, NoOp Chain Depth 64 Size 0 Mode ref, Ref Stage 13, run, end, 9199870376766473
1787080804.538721, NoOp Chain Depth 64 Size 0 Mode ref, Ref Stage 14, run, start, 9199870376780553
1787080804.538741, NoOp Chain Depth 64 Size 0 Mode ref, Ref Stage 14, run, end, 9199870376800185
1787080804.538755, NoOp Chain Depth 64 Size 0 Mode ref, Ref Stage 15, run, start, 9199870376814345
1787080804.538774, NoOp Chain Depth 64 Size 0 Mode ref, Ref Stage 15, run, end, 9199870376833881
1787080804.538789, NoOp Chain Depth 64 Size 0 Mode ref, Ref Stage 16, run, start, 9199870376847977
1787080804.538808, NoOp Chain Depth 64 Size 0 Mode ref, Ref Stage 16, run, end, 9199870376867321
1787080804.538822, NoOp Chain Depth 64 Size 0 Mode ref, Ref Stage 17, run, start, 9199870376881561
1787080804.538842, NoOp Chain Depth 64 Size 0 Mode ref, Ref Stage 17, run, end, 9199870376901273
1787080804.538856, NoOp Chain Depth 64 Size 0 Mode ref, Ref Stage 18, run, start, 9199870376915577
1787080804.538877, NoOp Chain Depth 64 Size 0 Mode ref, Ref Stage 18, run, end, 9199870376935641
1787080804.538891, NoOp Chain Depth 64 Size 0 Mode ref, Ref Stage 19, run, start, 9199870376949897
1787080804.538910, NoOp Chain Depth 64 Size 0 Mode ref, Ref Stage 19, run, end, 9199870376969753
1787080804.538925, NoOp Chain Depth 64 Size 0 Mode ref, Ref Stage 20, run, start, 9199870376984313
1787080804.538947, NoOp Chain Depth 64 Size 0 Mode ref, Ref Stage 20, run, end, 9199870377006745
1787080804.538963, NoOp Chain Depth 64 Size 0 Mode ref, Ref Stage 21, run, start, 9199870377021945
1787080804.538987, NoOp Chain Depth 64 Size 0 Mode ref, Ref Stage 21, run, end, 9199870377046569
1787080804.539002, NoOp Chain Depth 64 Size 0 Mode ref, Ref Stage 22, run, start, 9199870377061369
1787080804.539022, NoOp Chain Depth 64 Size 0 Mode ref, Ref Stage 22, run, end, 9199870377081705
1787080804.539037, NoOp Chain Depth 64 Size 0 Mode ref, Ref Stage 23, run, start, 9199870377096169
1787080804.539057, NoOp Chain Depth 64 Size 0 Mode ref, Ref Stage 23, run, end, 9199870377115913
1787080804.539071, NoOp Chain Depth 64 Size 0 Mode ref, Ref Stage 24, run, start, 9199870377130169
1787080804.539091, NoOp Chain Depth 64 Size 0 Mode ref, Ref Stage 24, run, end, 9199870377150121
1787080804.539106, NoOp Chain Depth 64 Size 0 Mode ref, Ref Stage 25, run, start, 9199870377165225
1787080804.539126, NoOp Chain Depth 64 Size 0 Mode ref, Ref Stage 25, run, end, 9199870377185049
1787080804.539140, NoOp Chain Depth 64 Size 0 Mode ref, Ref Stage 26, run, start, 9199870377199353
1787080804.539162, NoOp Chain Depth 64 Size 0 Mode ref, Ref Stage 26, run, end, 9199870377220809
1787080804.539173, NoOp Chain Depth 64 Size 0 Mode ref, Ref Stage 27, run, start, 9199870377232697
1787080804.539206, NoOp Chain Depth 64 Size 0 Mode ref, Ref Stage 27, run, end, 9199870377265433
1787080804.539233, NoOp Chain Depth 64 Size 0 Mode ref, Ref Stage 28, run, start, 9199870377292553
1787080804.539255, NoOp Chain Depth 64 Size 0 Mode ref, Ref Stage 28, run, end, 9199870377314121
1787080804.539269, NoOp Chain Depth 64 Size 0 Mode ref, Ref Stage 29, run, start, 9199870377328761
1787080804.539291, NoOp Chain Depth 64 Size 0 Mode ref, Ref Stage 29, run, end, 9199870377350217
1787080804.539305, NoOp Chain Depth 64 Size 0 Mode ref, Ref Stage 30, run, start, 9199870377364825
1787080804.539326, NoOp Chain Depth 64 Size 0 Mode ref, Ref Stage 30, run, end, 9199870377385049
1787080804.539340, NoOp Chain Depth 64 Size 0 Mode ref, Ref Stage 31, run, start, 9199870377399545
1787080804.539360, NoOp Chain Depth 64 Size 0 Mode ref, Ref Stage 31, run, end, 9199870377419273
1787080804.539374, NoOp Chain Depth 64 Size 0 Mode ref, Ref Stage 32, run, start, 9199870377433337
1787080804.539394, NoOp Chain Depth 64 Size 0 Mode ref, Ref Stage 32, run, end, 9199870377453049
1787080804.539408, NoOp Chain Depth 64 Size 0 Mode ref, Ref Stage 33, run, start, 9199870377467145
1787080804.539427, NoOp Chain Depth 64 Size 0 Mode ref, Ref Stage 33, run, end, 9199870377486617
1787080804.539441, NoOp Chain Depth 64 Size 0 Mode ref, Ref Stage 34, run, start, 9199870377500697
1787080804.539464, NoOp Chain Depth 64 Size 0 Mode ref, Ref Stage 34, run, end, 9199870377522905
1787080804.539478, NoOp Chain Depth 64 Size 0 Mode ref, Ref Stage 35, run, start, 9199870377537593
1787080804.539498, NoOp Chain Depth 64 Size 0 Mode ref, Ref Stage 35, run, end, 9199870377557097
1787080804.539512, NoOp Chain Depth 64 Size 0 Mode ref, Ref Stage 36, run, start, 9199870377571193
1787080804.539891, NoOp Chain Depth 64 Size 0 Mode ref, Ref Stage 36, run, end, 9199870377951129
1787080804.540024, NoOp Chain Depth 64 Size 0 Mode ref, Ref Stage 37, run, start, 9199870378083545
1787080804.540047, NoOp Chain Depth 64 Size 0 Mode ref, Ref Stage 37, run, end, 9199870378106073
1787080804.540061, NoOp Chain Depth 64 Size 0 Mode ref, Ref Stage 38, run, start, 9199870378120425
1787080804.540081, NoOp Chain Depth 64 Size 0 Mode ref, Ref Stage 38, run, end, 9199870378140361
1787080804.540096, NoOp Chain Depth 64 Size 0 Mode ref, Ref Stage 39, run, start, 9199870378155097
1787080804.540116, NoOp Chain Depth 64 Size 0 Mode ref, Ref Stage 39, run, end, 9199870378175305
1787080804.540131, NoOp Chain Depth 64 Size 0 Mode ref, Ref Stage 40, run, start, 9199870378189913
1787080804.540151, NoOp Chain Depth 64 Size 0 Mode ref, Ref Stage 40, run, end, 9199870378210105
1787080804.540165, NoOp Chain Depth 64 Size 0 Mode ref, Ref Stage 41, run, start, 9199870378224905
1787080804.540185, NoOp Chain Depth 64 Size 0 Mode ref, Ref Stage 41, run, end, 9199870378244809
1787080804.540200, NoOp Chain Depth 64 Size 0 Mode ref, Ref Stage 42, run, start, 9199870378259401
1787080804.540222, NoOp Chain Depth 64 Size 0 Mode ref, Ref Stage 42, run, end, 9199870378281193
1787080804.540236, NoOp Chain Depth 64 Size 0 Mode ref, Ref Stage 43, run, start, 9199870378295577
1787080804.540256, NoOp Chain Depth 64 Size 0 Mode ref, Ref Stage 43, run, end, 9199870378315593
1787080804.540272, NoOp Chain Depth 64 Size 0 Mode ref, Ref Stage 44, run, start, 9199870378331369
1787080804.540292, NoOp Chain Depth 64 Size 0 Mode ref, Ref Stage 44, run, end, 9199870378351001
1787080804.540306, NoOp Chain Depth 64 Size 0 Mode ref, Ref Stage 45, run, start, 9199870378365049
1787080804.540325, NoOp Chain Depth 64 Size 0 Mode ref, Ref Stage 45, run, end, 9199870378384841
1787080804.540339, NoOp Chain Depth 64 Size 0 Mode ref, Ref Stage 46, run, start, 9199870378398889
1787080804.540360, NoOp Chain Depth 64 Size 0 Mode ref, Ref Stage 46, run, end, 9199870378419225
1787080804.540374, NoOp Chain Depth 64 Size 0 Mode ref, Ref Stage 47, run, start, 9199870378433289
1787080804.540398, NoOp Chain Depth 64 Size 0 Mode ref, Ref Stage 47, run, end, 9199870378456825
1787080804.540412, NoOp Chain Depth 64 Size 0 Mode ref, Ref Stage 48, run, start, 9199870378470953
1787080804.540431, NoOp Chain Depth 64 Size 0 Mode ref, Ref Stage 48, run, end, 9199870378490281
1787080804.540445, NoOp Chain Depth 64 Size 0 Mode ref, Ref Stage 49, run, start, 9199870378504313
1787080804.540466, NoOp Chain Depth 64 Size 0 Mode ref, Ref Stage 49, run, end, 9199870378524873
1787080804.540479, NoOp Chain Depth 64 Size 0 Mode ref, Ref Stage 50, run, start, 9199870378538793
1787080804.540499, NoOp Chain Depth 64 Size 0 Mode ref, Ref Stage 50, run, end, 9199870378558073
1787080804.540513, NoOp Chain Depth 64 Size 0 Mode ref, Ref Stage 51, run, start, 9199870378572073
1787080804.540535, NoOp Chain Depth 64 Size 0 Mode ref, Ref Stage 51, run, end, 9199870378594521
1787080804.540547, NoOp Chain Depth 64 Size 0 Mode ref, Ref Stage 52, run, start, 9199870378606441
1787080804.540576, NoOp Chain Depth 64 Size 0 Mode ref, Ref Stage 52, run, end, 9199870378635433
1787080804.540591, NoOp Chain Depth 64 Size 0 Mode ref, Ref Stage 53, run, start, 9199870378649913
1787080804.540611, NoOp Chain Depth 64 Size 0 Mode ref, Ref Stage 53, run, end, 9199870378670617
1787080804.541202, NoOp Chain Depth 64 Size 0 Mode ref, Ref Stage 54, run, start, 9199870379262009
1787080804.541227, NoOp Chain Depth 64 Size 0 Mode ref, Ref Stage 54, run, end, 9199870379286233
1787080804.541242, NoOp Chain Depth 64 Size 0 Mode ref, Ref Stage 55, run, start, 9199870379301017
1787080804.541262, NoOp Chain Depth 64 Size 0 Mode ref, Ref Stage 55, run, end, 9199870379320937
1787080804.541276, NoOp Chain Depth 64 Size 0 Mode ref, Ref Stage 56, run, start, 9199870379335305
1787080804.541298, NoOp Chain Depth 64 Size 0 Mode ref, Ref Stage 56, run, end, 9199870379356857
1787080804.541309, NoOp Chain Depth 64 Size 0 Mode ref, Ref Stage 57, run, start, 9199870379368809
1787080804.541339, NoOp Chain Depth 64 Size 0 Mode ref, Ref Stage 57, run, end, 9199870379398473
1787080804.541353, NoOp Chain Depth 64 Size 0 Mode ref, Ref Stage 58, run, start, 9199870379412665
1787080804.541373, NoOp Chain Depth 64 Size 0 Mode ref, Ref Stage 58, run, end, 9199870379432137
1787080804.541387, NoOp Chain Depth 64 Size 0 Mode ref, Ref Stage 59, run, start, 9199870379446329
1787080804.541406, NoOp Chain Depth 64 Size 0 Mode ref, Ref Stage 59, run, end, 9199870379465769
1787080804.541420, NoOp Chain Depth 64 Size 0 Mode ref, Ref Stage 60, run, start, 9199870379479753
1787080804.541440, NoOp Chain Depth 64 Size 0 Mode ref, Ref Stage 60, run, end, 9199870379499609
1787080804.541454, NoOp Chain Depth 64 Size 0 Mode ref, Ref Stage 61, run, start, 9199870379513673
1787080804.541474, NoOp Chain Depth 64 Size 0 Mode ref, Ref Stage 61, run, end, 9199870379533369
1787080804.541493, NoOp Chain Depth 64 Size 0 Mode ref, Ref Stage 62, run, start, 9199870379552825
1787080804.541513, NoOp Chain Depth 64 Size 0 Mode ref, Ref Stage 62, run, end, 9199870379572713
1787080804.541528, NoOp Chain Depth 64 Size 0 Mode ref, Ref Stage 63, run, start, 9199870379586921
1787080804.541550, NoOp Chain Depth 64 Size 0 Mode ref, Ref Stage 63, run, end, 9199870379609209
1787080804.541564, NoOp Chain Depth 64 Size 0 Mode ref, pipeline - train, run, end, 159034572342892098244619440173020658676, 1787080804.537589, 36, 1, 9199870379623769
1787080804.541600, NoOp Chain Depth 64 Size 0 Mode ref, pipeline - train, run, start, 220986500174376239858805997981303797175, 1787080804.541589, 37, 1, 9199870379659625
1787080804.541622, NoOp Chain Depth 64 Size 0 Mode ref, Ref Stage 0, run, start, 9199870379681497
1787080804.541642, NoOp Chain Depth 64 Size 0 Mode ref, Ref Stage 0, run, end, 9199870379701673
1787080804.541657, NoOp Chain Depth 64 Size 0 Mode ref, Ref Stage 1, run, start, 9199870379716857
1787080804.541679, NoOp Chain Depth 64 Size 0 Mode ref, Ref Stage 1, run, end, 9199870379738281
1787080804.541691, NoOp Chain Depth 64 Size 0 Mode ref, Ref Stage 2, run, start, 9199870379749913
1787080804.541720, NoOp Chain Depth 64 Size 0 Mode ref, Ref Stage 2, run, end, 9199870379779417
1787080804.541735, NoOp Chain Depth 64 Size 0 Mode ref, Ref Stage 3, run, start, 9199870379794169
1787080804.541757, NoOp Chain Depth 64 Size 0 Mode ref, Ref Stage 3, run, end, 9199870379816425
1787080804.541769, NoOp Chain Depth 64 Size 0 Mode ref, Ref Stage 4, run, start, 9199870379828073
1787080804.541798, NoOp Chain Depth 64 Size 0 Mode ref, Ref Stage 4, run, end, 9199870379857161
1787080804.541814, NoOp Chain Depth 64 Size 0 Mode ref, Ref Stage 5, run, start, 9199870379872905
1787080804.541835, NoOp Chain Depth 64 Size 0 Mode ref, Ref Stage 5, run, end, 9199870379894313
1787080804.541847, NoOp Chain Depth 64 Size 0 Mode ref, Ref Stage 6, run, start, 9199870379906681
1787080804.542246, NoOp Chain Depth 64 Size 0 Mode ref, Ref Stage 6, run, end, 9199870380305785
1787080804.542376, NoOp Chain Depth 64 Size 0 Mode ref, Ref Stage 7, run, start, 9199870380435369
1787080804.542397, NoOp Chain Depth 64 Size 0 Mode ref, Ref Stage 7, run, end, 9199870380456153
1787080804.542411, NoOp Chain Depth 64 Size 0 Mode ref, Ref Stage 8, run, start, 9199870380470473
1787080804.542431, NoOp Chain Depth 64 Size 0 Mode ref, Ref Stage 8, run, end, 9199870380490329
1787080804.542445, NoOp Chain Depth 64 Size 0 Mode ref, Ref Stage 9, run, start, 9199870380504633
1787080804.542465, NoOp Chain Depth 64 Size 0 Mode ref, Ref Stage 9, run, end, 9199870380524185
1787080804.542479, NoOp Chain Depth 64 Size 0 Mode ref, Ref Stage 10, run, start, 9199870380538329
1787080804.542499, NoOp Chain Depth 64 Size 0 Mode ref, Ref Stage 10, run, end, 9199870380558073
1787080804.542513, NoOp Chain Depth 64 Size 0 Mode ref, Ref Stage 11, run, start, 9199870380572201
1787080804.542534, NoOp Chain Depth 64 Size 0 Mode ref, Ref Stage 11, run, end, 9199870380593529
1787080804.542546, NoOp Chain Depth 64 Size 0 Mode ref, Ref Stage 12, run, start, 9199870380605177
1787080804.542575, NoOp Chain Depth 64 Size 0 Mode ref, Ref Stage 12, run, end, 9199870380634681
1787080804.542590, NoOp Chain Depth 64 Size 0 Mode ref, Ref Stage 13, run, start, 9199870380648905
1787080804.542611, NoOp Chain Depth 64 Size 0 Mode ref, Ref Stage 13, run, end, 9199870380670697
1787080804.542626, NoOp Chain Depth 64 Size 0 Mode ref, Ref Stage 14, run, start, 9199870380685129
1787080804.542646, NoOp Chain Depth 64 Size 0 Mode ref, Ref Stage 14, run, end, 9199870380705129
1787080804.542661, NoOp Chain Depth 64 Size 0 Mode ref, Ref Stage 15, run, start, 9199870380720249
1787080804.542680, NoOp Chain Depth 64 Size 0 Mode ref, Ref Stage 15, run, end, 9199870380739705
1787080804.542694, NoOp Chain Depth 64 Size 0 Mode ref, Ref Stage 16, run, start, 9199870380753641
1787080804.542715, NoOp Chain Depth 64 Size 0 Mode ref, Ref Stage 16, run, end, 9199870380774569
1787080804.542729, NoOp Chain Depth 64 Size 0 Mode ref, Ref Stage 17, run, start, 9199870380788713
1787080804.542749, NoOp Chain Depth 64 Size 0 Mode ref, Ref Stage 17, run, end, 9199870380807961
1787080804.542763, NoOp Chain Depth 64 Size 0 Mode ref, Ref Stage 18, run, start, 9199870380822025
1787080804.542784, NoOp Chain Depth 64 Size 0 Mode ref, Ref Stage 18, run, end, 9199870380843353
1787080804.542798, NoOp Chain Depth 64 Size 0 Mode ref, Ref Stage 19, run, start, 9199870380857193
1787080804.542817, NoOp Chain Depth 64 Size 0 Mode ref, Ref Stage 19, run, end, 9199870380876345
1787080804.542832, NoOp Chain Depth 64 Size 0 Mode ref, Ref Stage 20, run, start, 9199870380891609
1787080804.542853, NoOp Chain Depth 64 Size 0 Mode ref, Ref Stage 20, run, end, 9199870380912665
1787080804.542867, NoOp Chain Depth 64 Size 0 Mode ref, Ref Stage 21, run, start, 9199870380926569
1787080804.542887, NoOp Chain Depth 64 Size 0 Mode ref, Ref Stage 21, run, end, 9199870380945849
1787080804.542901, NoOp Chain Depth 64 Size 0 Mode ref, Ref Stage 22, run, start, 9199870380960569
1787080804.542920, NoOp Chain Depth 64 Size 0 Mode ref, Ref Stage 22, run, end, 9199870380979657
1787080804.542934, NoOp Chain Depth 64 Size 0 Mode ref, Ref Stage 23, run, start, 9199870380993561
1787080804.542956, NoOp Chain Depth 64 Size 0 Mode ref, Ref Stage 23, run, end, 9199870381015289
1787080804.542971, NoOp Chain Depth 64 Size 0 Mode ref, Ref Stage 24, run, start, 9199870381030201
1787080804.542990, NoOp Chain Depth 64 Size 0 Mode ref, Ref Stage 24, run, end, 9199870381049449
1787080804.543005, NoOp Chain Depth 64 Size 0 Mode ref, Ref Stage 25, run, start, 9199870381064649
1787080804.543026, NoOp Chain Depth 64 Size 0 Mode ref, Ref Stage 25, run, end, 9199870381085145
1787080804.543040, NoOp Chain Depth 64 Size 0 Mode ref, Ref Stage 26, run, start, 9199870381099065
1787080804.543061, NoOp Chain Depth 64 Size 0 Mode ref, Ref Stage 26, run, end, 9199870381119817
1787080804.543072, NoOp Chain Depth 64 Size 0 Mode ref, Ref Stage 27, run, start, 9199870381131433
1787080804.543103, NoOp Chain Depth 64 Size 0 Mode ref, Ref Stage 27, run, end, 9199870381161753
1787080804.543117, NoOp Chain Depth 64 Size 0 Mode ref, Ref Stage 28, run, start, 9199870381175865
1787080804.543136, NoOp Chain Depth 64 Size 0 Mode ref, Ref Stage 28, run, end, 9199870381195385
1787080804.543150, NoOp Chain Depth 64 Size 0 Mode ref, Ref Stage 29, run, start, 9199870381209481
1787080804.543170, NoOp Chain Depth 64 Size 0 Mode ref, Ref Stage 29, run, end, 9199870381229033
1787080804.543185, NoOp Chain Depth 64 Size 0 Mode ref, Ref Stage 30, run, start, 9199870381244217
1787080804.543204, NoOp Chain Depth 64 Size 0 Mode ref, Ref Stage 30, run, end, 9199870381263529
1787080804.543220, NoOp Chain Depth 64 Size 0 Mode ref, Ref Stage 31, run, start, 9199870381279049
1787080804.543239, NoOp Chain Depth 64 Size 0 Mode ref, Ref Stage 31, run, end, 9199870381298521
1787080804.543254, NoOp Chain Depth 64 Size 0 Mode ref, Ref Stage 32, run, start, 9199870381313305
1787080804.543273, NoOp Chain Depth 64 Size 0 Mode ref, Ref Stage 32, run, end, 9199870381332681
1787080804.543361, NoOp Chain Depth 64 Size 0 Mode ref, Ref Stage 33, run, start, 9199870381420938
1787080804.543383, NoOp Chain Depth 64 Size 0 Mode ref, Ref Stage 33, run, end, 9199870381442010
1787080804.543397, NoOp Chain Depth 64 Size 0 Mode ref, Ref Stage 34, run, start, 9199870381456186
1787080804.543417, NoOp Chain Depth 64 Size 0 Mode ref, Ref Stage 34, run, end, 9199870381476026
1787080804.543432, NoOp Chain Depth 64 Size 0 Mode ref, Ref Stage 35, run, start, 9199870381490842
1787080804.543453, NoOp Chain Depth 64 Size 0 Mode ref, Ref Stage 35, run, end, 9199870381511962
1787080804.543464, NoOp Chain Depth 64 Size 0 Mode ref, Ref Stage 36, run, start, 9199870381523578
1787080804.543495, NoOp Chain Depth 64 Size 0 Mode ref, Ref Stage 36, run, end, 9199870381554442
1787080804.543509, NoOp Chain Depth 64 Size 0 Mode ref, Ref Stage 37, run, start, 9199870381568730
1787080804.543530, NoOp Chain Depth 64 Size 0 Mode ref, Ref Stage 37, run, end, 9199870381589786
1787080804.543545, NoOp Chain Depth 64 Size 0 Mode ref, Ref Stage 38, run, start, 9199870381604458
1787080804.543566, NoOp Chain Depth 64 Size 0 Mode ref, Ref Stage 38, run, end, 9199870381625482
1787080804.543578, NoOp Chain Depth 64 Size 0 Mode ref, Ref Stage 39, run, start, 9199870381636874
1787080804.543610, NoOp Chain Depth 64 Size 0 Mode ref, Ref Stage 39, run, end, 9199870381669482
1787080804.543624, NoOp Chain Depth 64 Size 0 Mode ref, Ref Stage 40, run, start, 9199870381683466
1787080804.543645, NoOp Chain Depth 64 Size 0 Mode ref, Ref Stage 40, run, end, 9199870381704618
1787080804.543659, NoOp Chain Depth 64 Size 0 Mode ref, Ref Stage 41, run, start, 9199870381718586
1787080804.543682, NoOp Chain Depth 64 Size 0 Mode ref, Ref Stage 41, run, end, 9199870381740842
1787080804.543696, NoOp Chain Depth 64 Size 0 Mode ref, Ref Stage 42, run, start, 9199870381754938
1787080804.543715, NoOp Chain Depth 64 Size 0 Mode ref, Ref Stage 42, run, end, 9199870381774602
1787080804.543729, NoOp Chain Depth 64 Size 0 Mode ref, Ref Stage 43, run, start, 9199870381788698
1787080804.543750, NoOp Chain Depth 64 Size 0 Mode ref, Ref Stage 43, run, end, 9199870381809690
1787080804.543762, NoOp Chain Depth 64 Size 0 Mode ref, Ref Stage 44, run, start, 9199870381821050
1787080804.543791, NoOp Chain Depth 64 Size 0 Mode ref, Ref Stage 44, run, end, 9199870381850362
1787080804.543805, NoOp Chain Depth 64 Size 0 Mode ref, Ref Stage 45, run, start, 9199870381864394
1787080804.543825, NoOp Chain Depth 64 Size 0 Mode ref, Ref Stage 45, run, end, 9199870381883930
1787080804.543839, NoOp Chain Depth 64 Size 0 Mode ref, Ref Stage 46, run, start, 9199870381897802
1787080804.543858, NoOp Chain Depth 64 Size 0 Mode ref, Ref Stage 46, run, end, 9199870381917274
1787080804.543878, NoOp Chain Depth 64 Size 0 Mode ref, Ref Stage 47, run, start, 9199870381937226
1787080804.543898, NoOp Chain Depth 64 Size 0 Mode ref, Ref Stage 47, run, end, 9199870381956794
1787080804.543912, NoOp Chain Depth 64 Size 0 Mode ref, Ref Stage 48, run, start, 9199870381971722
1787080804.543932, NoOp Chain Depth 64 Size 0 Mode ref, Ref Stage 48, run, end, 9199870381991274
1787080804.543948, NoOp Chain Depth 64 Size 0 Mode ref, Ref Stage 49, run, start, 9199870382007082
1787080804.543968, NoOp Chain Depth 64 Size 0 Mode ref, Ref Stage 49, run, end, 9199870382027290
1787080804.543983, NoOp Chain Depth 64 Size 0 Mode ref, Ref Stage 50, run, start, 9199870382041914
1787080804.544002, NoOp Chain Depth 64 Size 0 Mode ref, Ref Stage 50, run, end, 9199870382061402
1787080804.544016, NoOp Chain Depth 64 Size 0 Mode ref, Ref Stage 51, run, start, 9199870382075290
1787080804.544035, NoOp Chain Depth 64 Size 0 Mode ref, Ref Stage 51, run, end, 9199870382094714
1787080804.544658, NoOp Chain Depth 64 Size 0 Mode ref, Ref Stage 52, run, start, 9199870382719226
1787080804.544686, NoOp Chain Depth 64 Size 0 Mode ref, Ref Stage 52, run, end, 9199870382745914
1787080804.544703, NoOp Chain Depth 64 Size 0 Mode ref, Ref Stage 53, run, start, 9199870382761850
1787080804.544723, NoOp Chain Depth 64 Size 0 Mode ref, Ref Stage 53, run, end, 9199870382782698
1787080804.544738, NoOp Chain Depth 64 Size 0 Mode ref, Ref Stage 54, run, start, 9199870382797402
1787080804.544758, NoOp Chain Depth 64 Size 0 Mode ref, Ref Stage 54, run, end, 9199870382817114
1787080804.544772, NoOp Chain Depth 64 Size 0 Mode ref, Ref Stage 55, run, start, 9199870382831258
1787080804.544791, NoOp Chain Depth 64 Size 0 Mode ref, Ref Stage 55, run, end, 9199870382850538
1787080804.544805, NoOp Chain Depth 64 Size 0 Mode ref, Ref Stage 56, run, start, 9199870382864826
1787080804.544825, NoOp Chain Depth 64 Size 0 Mode ref, Ref Stage 56, run, end, 9199870382884522
1787080804.544839, NoOp Chain Depth 64 Size 0 Mode ref, Ref Stage 57, run, start, 9199870382898666
1787080804.544859, NoOp Chain Depth 64 Size 0 Mode ref, Ref Stage 57, run, end, 9199870382918762
1787080804.544873, NoOp Chain Depth 64 Size 0 Mode ref, Ref Stage 58, run, start, 9199870382932906
1787080804.544894, NoOp Chain Depth 64 Size 0 Mode ref, Ref Stage 58, run, end, 9199870382952762
1787080804.544909, NoOp Chain Depth 64 Size 0 Mode ref, Ref Stage 59, run, start, 9199870382968410
1787080804.544930, NoOp Chain Depth 64 Size 0 Mode ref, Ref Stage 59, run, end, 9199870382990010
1787080804.544946, NoOp Chain Depth 64 Size 0 Mode ref, Ref Stage 60, run, start, 9199870383005834
1787080804.544981, NoOp Chain Depth 64 Size 0 Mode ref, Ref Stage 60, run, end, 9199870383039914
1787080804.544995, NoOp Chain Depth 64 Size 0 Mode ref, Ref Stage 61, run, start, 9199870383054138
1787080804.545015, NoOp Chain Depth 64 Size 0 Mode ref, Ref Stage 61, run, end, 9199870383073946
1787080804.545029, NoOp Chain Depth 64 Size 0 Mode ref, Ref Stage 62, run, start, 9199870383087994
1787080804.545048, NoOp Chain Depth 64 Size 0 Mode ref, Ref Stage 62, run, end, 9199870383107514
1787080804.545063, NoOp Chain Depth 64 Size 0 Mode ref, Ref Stage 63, run, start, 9199870383121962
1787080804.545082, NoOp Chain Depth 64 Size 0 Mode ref, Ref Stage 63, run, end, 9199870383141354
1787080804.545096, NoOp Chain Depth 64 Size 0 Mode ref, pipeline - train, run, end, 220986500174376239858805997981303797175, 1787080804.541589, 37, 1, 9199870383155690
1787080804.545134, NoOp Chain Depth 64 Size 0 Mode ref, pipeline - train, run, start, 56430362996346120788994487415076559184, 1787080804.545124, 38, 1, 9199870383193690
1787080804.545156, NoOp Chain Depth 64 Size 0 Mode ref, Ref Stage 0, run, start, 9199870383215386
1787080804.545176, NoOp Chain Depth 64 Size 0 Mode ref, Ref Stage 0, run, end, 9199870383235434
1787080804.545191, NoOp Chain Depth 64 Size 0 Mode ref, Ref Stage 1, run, start, 9199870383250010
1787080804.545210, NoOp Chain Depth 64 Size 0 Mode ref, Ref Stage 1, run, end, 9199870383269674
1787080804.545225, NoOp Chain Depth 64 Size 0 Mode ref, Ref Stage 2, run, start, 9199870383284058
1787080804.545244, NoOp Chain Depth 64 Size 0 Mode ref, Ref Stage 2, run, end, 9199870383303674
1787080804.545260, NoOp Chain Depth 64 Size 0 Mode ref, Ref Stage 3, run, start, 9199870383319930
1787080804.545282, NoOp Chain Depth 64 Size 0 Mode ref, Ref Stage 3, run, end, 9199870383341226
1787080804.545506, NoOp Chain Depth 64 Size 0 Mode ref, Ref Stage 4, run, start, 9199870383566570
1787080804.545530, NoOp Chain Depth 64 Size 0 Mode ref, Ref Stage 4, run, end, 9199870383589018
1787080804.545546, NoOp Chain Depth 64 Size 0 Mode ref, Ref Stage 5, run, start, 9199870383604922
1787080804.545566, NoOp Chain Depth 64 Size 0 Mode ref, Ref Stage 5, run, end, 9199870383625098
1787080804.545580, NoOp Chain Depth 64 Size 0 Mode ref, Ref Stage 6, run, start, 9199870383639610
1787080804.545602, NoOp Chain Depth 64 Size 0 Mode ref, Ref Stage 6, run, end, 9199870383661018
1787080804.545614, NoOp Chain Depth 64 Size 0 Mode ref, Ref Stage 7, run, start, 9199870383672938
1787080804.545645, NoOp Chain Depth 64 Size 0 Mode ref, Ref Stage 7, run, end, 9199870383704122
1787080804.545659, NoOp Chain Depth 64 Size 0 Mode ref, Ref Stage 8, run, start, 9199870383718378
1787080804.545681, NoOp Chain Depth 64 Size 0 Mode ref, Ref Stage 8, run, end, 9199870383740234
1787080804.545697, NoOp Chain Depth 64 Size 0 Mode ref, Ref Stage 9, run, start, 9199870383756234
1787080804.545718, NoOp Chain Depth 64 Size 0 Mode ref, Ref Stage 9, run, end, 9199870383777770
1787080804.545733, NoOp Chain Depth 64 Size 0 Mode ref, Ref Stage 10, run, start, 9199870383792858
1787080804.545757, NoOp Chain Depth 64 Size 0 Mode ref, Ref Stage 10, run, end, 9199870383816202
1787080804.545769, NoOp Chain Depth 64 Size 0 Mode ref, Ref Stage 11, run, start, 9199870383827946
1787080804.545798, NoOp Chain Depth 64 Size 0 Mode ref, Ref Stage 11, run, end, 9199870383857674
1787080804.545813, NoOp Chain Depth 64 Size 0 Mode ref, Ref Stage 12, run, start, 9199870383872058
1787080804.545833, NoOp Chain Depth 64 Size 0 Mode ref, Ref Stage 12, run, end, 9199870383891930
1787080804.545846, NoOp Chain Depth 64 Size 0 Mode ref, Ref Stage 13, run, start, 9199870383905962
1787080804.545866, NoOp Chain Depth 64 Size 0 Mode ref, Ref Stage 13, run, end, 9199870383925818
1787080804.545881, NoOp Chain Depth 64 Size 0 Mode ref, Ref Stage 14, run, start, 9199870383940586
1787080804.545902, NoOp Chain Depth 64 Size 0 Mode ref, Ref Stage 14, run, end, 9199870383961338
1787080804.545916, NoOp Chain Depth 64 Size 0 Mode ref, Ref Stage 15, run, start, 9199870383975626
1787080804.545938, NoOp Chain Depth 64 Size 0 Mode ref, Ref Stage 15, run, end, 9199870383996906
1787080804.545954, NoOp Chain Depth 64 Size 0 Mode ref, Ref Stage 16, run, start, 9199870384013082
1787080804.545974, NoOp Chain Depth 64 Size 0 Mode ref, Ref Stage 16, run, end, 9199870384033642
1787080804.545988, NoOp Chain Depth 64 Size 0 Mode ref, Ref Stage 17, run, start, 9199870384047786
1787080804.546008, NoOp Chain Depth 64 Size 0 Mode ref, Ref Stage 17, run, end, 9199870384067066
1787080804.546022, NoOp Chain Depth 64 Size 0 Mode ref, Ref Stage 18, run, start, 9199870384081082
1787080804.546041, NoOp Chain Depth 64 Size 0 Mode ref, Ref Stage 18, run, end, 9199870384100474
1787080804.546055, NoOp Chain Depth 64 Size 0 Mode ref, Ref Stage 19, run, start, 9199870384114570
1787080804.546075, NoOp Chain Depth 64 Size 0 Mode ref, Ref Stage 19, run, end, 9199870384133818
1787080804.546090, NoOp Chain Depth 64 Size 0 Mode ref, Ref Stage 20, run, start, 9199870384149130
1787080804.546109, NoOp Chain Depth 64 Size 0 Mode ref, Ref Stage 20, run, end, 9199870384169610
1787080804.546124, NoOp Chain Depth 64 Size 0 Mode ref, Ref Stage 21, run, start, 9199870384183930
1787080804.546145, NoOp Chain Depth 64 Size 0 Mode ref, Ref Stage 21, run, end, 9199870384204666
1787080804.546161, NoOp Chain Depth 64 Size 0 Mode ref, Ref Stage 22, run, start, 9199870384220330
1787080804.546182, NoOp Chain Depth 64 Size 0 Mode ref, Ref Stage 22, run, end, 9199870384241498
1787080804.546197, NoOp Chain Depth 64 Size 0 Mode ref, Ref Stage 23, run, start, 9199870384256954
1787080804.546217, NoOp Chain Depth 64 Size 0 Mode ref, Ref Stage 23, run, end, 9199870384276490
1787080804.546231, NoOp Chain Depth 64 Size 0 Mode ref, Ref Stage 24, run, start, 9199870384290538
1787080804.546251, NoOp Chain Depth 64 Size 0 Mode ref, Ref Stage 24, run, end, 9199870384310058
1787080804.546265, NoOp Chain Depth 64 Size 0 Mode ref, Ref Stage 25, run, start, 9199870384324042
1787080804.546286, NoOp Chain Depth 64 Size 0 Mode ref, Ref Stage 25, run, end, 9199870384345178
1787080804.546300, NoOp Chain Depth 64 Size 0 Mode ref, Ref Stage 26, run, start, 9199870384359354
1787080804.546321, NoOp Chain Depth 64 Size 0 Mode ref, Ref Stage 26, run, end, 9199870384380730
1787080804.546333, NoOp Chain Depth 64 Size 0 Mode ref, Ref Stage 27, run, start, 9199870384392634
1787080804.546364, NoOp Chain Depth 64 Size 0 Mode ref, Ref Stage 27, run, end, 9199870384423466
1787080804.546379, NoOp Chain Depth 64 Size 0 Mode ref, Ref Stage 28, run, start, 9199870384437898
1787080804.546398, NoOp Chain Depth 64 Size 0 Mode ref, Ref Stage 28, run, end, 9199870384457434
1787080804.546412, NoOp Chain Depth 64 Size 0 Mode ref, Ref Stage 29, run, start, 9199870384471706
1787080804.546433, NoOp Chain Depth 64 Size 0 Mode ref, Ref Stage 29, run, end, 9199870384492746
1787080804.546448, NoOp Chain Depth 64 Size 0 Mode ref, Ref Stage 30, run, start, 9199870384506842
1787080804.546468, NoOp Chain Depth 64 Size 0 Mode ref, Ref Stage 30, run, end, 9199870384527610
1787080804.546482, NoOp Chain Depth 64 Size 0 Mode ref, Ref Stage 31, run, start, 9199870384541722
1787080804.546502, NoOp Chain Depth 64 Size 0 Mode ref, Ref Stage 31, run, end, 9199870384561194
1787080804.546516, NoOp Chain Depth 64 Size 0 Mode ref, Ref Stage 32, run, start, 9199870384575274
1787080804.546535, NoOp Chain Depth 64 Size 0 Mode ref, Ref Stage 32, run, end, 9199870384594698
1787080804.546550, NoOp Chain Depth 64 Size 0 Mode ref, Ref Stage 33, run, start, 9199870384608954
1787080804.546569, NoOp Chain Depth 64 Size 0 Mode ref, Ref Stage 33, run, end, 9199870384628474
1787080804.546583, NoOp Chain Depth 64 Size 0 Mode ref, Ref Stage 34, run, start, 9199870384642474
1787080804.546605, NoOp Chain Depth 64 Size 0 Mode ref, Ref Stage 34, run, end, 9199870384664698
1787080804.546621, NoOp Chain Depth 64 Size 0 Mode ref, Ref Stage 35, run, start, 9199870384680282
1787080804.546642, NoOp Chain Depth 64 Size 0 Mode ref, Ref Stage 35, run, end, 9199870384701546
1787080804.546658, NoOp Chain Depth 64 Size 0 Mode ref, Ref Stage 36, run, start, 9199870384717226
1787080804.546689, NoOp Chain Depth 64 Size 0 Mode ref, Ref Stage 36, run, end, 9199870384748010
1787080804.546704, NoOp Chain Depth 64 Size 0 Mode ref, Ref Stage 37, run, start, 9199870384763402
1787080804.546724, NoOp Chain Depth 64 Size 0 Mode ref, Ref Stage 37, run, end, 9199870384783066
1787080804.546739, NoOp Chain Depth 64 Size 0 Mode ref, Ref Stage 38, run, start, 9199870384798154
1787080804.546760, NoOp Chain Depth 64 Size 0 Mode ref, Ref Stage 38, run, end, 9199870384819082
1787080804.546772, NoOp Chain Depth 64 Size 0 Mode ref, Ref Stage 39, run, start, 9199870384830762
1787080804.546801, NoOp Chain Depth 64 Size 0 Mode ref, Ref Stage 39, run, end, 9199870384859978
1787080804.546815, NoOp Chain Depth 64 Size 0 Mode ref, Ref Stage 40, run, start, 9199870384874122
1787080804.546834, NoOp Chain Depth 64 Size 0 Mode ref, Ref Stage 40, run, end, 9199870384893674
1787080804.546848, NoOp Chain Depth 64 Size 0 Mode ref, Ref Stage 41, run, start, 9199870384907706
1787080804.546869, NoOp Chain Depth 64 Size 0 Mode ref, Ref Stage 41, run, end, 9199870384928394
1787080804.546884, NoOp Chain Depth 64 Size 0 Mode ref, Ref Stage 42, run, start, 9199870384943882
1787080804.546904, NoOp Chain Depth 64 Size 0 Mode ref, Ref Stage 42, run, end, 9199870384963690
1787080804.546920, NoOp Chain Depth 64 Size 0 Mode ref, Ref Stage 43, run, start, 9199870384979434
1787080804.546941, NoOp Chain Depth 64 Size 0 Mode ref, Ref Stage 43, run, end, 9199870385001818
1787080804.546954, NoOp Chain Depth 64 Size 0 Mode ref, Ref Stage 44, run, start, 9199870385013482
1787080804.546985, NoOp Chain Depth 64 Size 0 Mode ref, Ref Stage 44, run, end, 9199870385044938
1787080804.547000, NoOp Chain Depth 64 Size 0 Mode ref, Ref Stage 45, run, start, 9199870385059114
1787080804.547019, NoOp Chain Depth 64 Size 0 Mode ref, Ref Stage 45, run, end, 9199870385078810
1787080804.547035, NoOp Chain Depth 64 Size 0 Mode ref, Ref Stage 46, run, start, 9199870385094282
1787080804.547056, NoOp Chain Depth 64 Size 0 Mode ref, Ref Stage 46, run, end, 9199870385115018
1787080804.547070, NoOp Chain Depth 64 Size 0 Mode ref, Ref Stage 47, run, start, 9199870385129194
1787080804.547091, NoOp Chain Depth 64 Size 0 Mode ref, Ref Stage 47, run, end, 9199870385149882
1787080804.547105, NoOp Chain Depth 64 Size 0 Mode ref, Ref Stage 48, run, start, 9199870385164634
1787080804.547125, NoOp Chain Depth 64 Size 0 Mode ref, Ref Stage 48, run, end, 9199870385184250
1787080804.547139, NoOp Chain Depth 64 Size 0 Mode ref, Ref Stage 49, run, start, 9199870385198298
1787080804.547158, NoOp Chain Depth 64 Size 0 Mode ref, Ref Stage 49, run, end, 9199870385217338
1787080804.547173, NoOp Chain Depth 64 Size 0 Mode ref, Ref Stage 50, run, start, 9199870385232138
1787080804.547192, NoOp Chain Depth 64 Size 0 Mode ref, Ref Stage 50, run, end, 9199870385251530
1787080804.547518, NoOp Chain Depth 64 Size 0 Mode ref, Ref Stage 51, run, start, 9199870385577930
1787080804.547544, NoOp Chain Depth 64 Size 0 Mode ref, Ref Stage 51, run, end, 9199870385602906
1787080804.547556, NoOp Chain Depth 64 Size 0 Mode ref, Ref Stage 52, run, start, 9199870385615082
1787080804.547586, NoOp Chain Depth 64 Size 0 Mode ref, Ref Stage 52, run, end, 9199870385645402
1787080804.547601, NoOp Chain Depth 64 Size 0 Mode ref, Ref Stage 53, run, start, 9199870385660634
1787080804.547621, NoOp Chain Depth 64 Size 0 Mode ref, Ref Stage 53, run, end, 9199870385680330
1787080804.547635, NoOp Chain Depth 64 Size 0 Mode ref, Ref Stage 54, run, start, 9199870385694634
1787080804.547655, NoOp Chain Depth 64 Size 0 Mode ref, Ref Stage 54, run, end, 9199870385714170
1787080804.547669, NoOp Chain Depth 64 Size 0 Mode ref, Ref Stage 55, run, start, 9199870385728170
1787080804.547688, NoOp Chain Depth 64 Size 0 Mode ref, Ref Stage 55, run, end, 9199870385747482
1787080804.547703, NoOp Chain Depth 64 Size 0 Mode ref, Ref Stage 56, run, start, 9199870385761834
1787080804.547722, NoOp Chain Depth 64 Size 0 Mode ref, Ref Stage 56, run, end, 9199870385781562
1787080804.547737, NoOp Chain Depth 64 Size 0 Mode ref, Ref Stage 57, run, start, 9199870385796074
1787080804.547808, NoOp Chain Depth 64 Size 0 Mode ref, Ref Stage 57, run, end, 9199870385868106
1787080804.547824, NoOp Chain Depth 64 Size 0 Mode ref, Ref Stage 58, run, start, 9199870385883306
1787080804.547846, NoOp Chain Depth 64 Size 0 Mode ref, Ref Stage 58, run, end, 9199870385904970
1787080804.547860, NoOp Chain Depth 64 Size 0 Mode ref, Ref Stage 59, run, start, 9199870385919226
1787080804.547880, NoOp Chain Depth 64 Size 0 Mode ref, Ref Stage 59, run, end, 9199870385938858
1787080804.547894, NoOp Chain Depth 64 Size 0 Mode ref, Ref Stage 60, run, start, 9199870385953082
1787080804.550955, NoOp Chain Depth 64 Size 0 Mode ref, Ref Stage 60, run, end, 9199870389015642
1787080804.551743, NoOp Chain Depth 64 Size 0 Mode ref, Ref Stage 61, run, start, 9199870389803147
1787080804.551767, NoOp Chain Depth 64 Size 0 Mode ref, Ref Stage 61, run, end, 9199870389826059
1787080804.551781, NoOp Chain Depth 64 Size 0 Mode ref, Ref Stage 62, run, start, 9199870389840715
1787080804.551801, NoOp Chain Depth 64 Size 0 Mode ref, Ref Stage 62, run, end, 9199870389860363
1787080804.551816, NoOp Chain Depth 64 Size 0 Mode ref, Ref Stage 63, run, start, 9199870389874875
1787080804.551835, NoOp Chain Depth 64 Size 0 Mode ref, Ref Stage 63, run, end, 9199870389894555
1787080804.551850, NoOp Chain Depth 64 Size 0 Mode ref, pipeline - train, run, end, 56430362996346120788994487415076559184, 1787080804.545124, 38, 1, 9199870389909355
1787080804.551885, NoOp Chain Depth 64 Size 0 Mode ref, pipeline - train, run, start, 24080772825531319937441241493840846452, 1787080804.551875, 39, 1, 9199870389944731
1787080804.551907, NoOp Chain Depth 64 Size 0 Mode ref, Ref Stage 0, run, start, 9199870389966603
1787080804.551928, NoOp Chain Depth 64 Size 0 Mode ref, Ref Stage 0, run, end, 9199870389986987
1787080804.551942, NoOp Chain Depth 64 Size 0 Mode ref, Ref Stage 1, run, start, 9199870390005355
1787080804.551966, NoOp Chain Depth 64 Size 0 Mode ref, Ref Stage 1, run, end, 9199870390025835
1787080804.551980, NoOp Chain Depth 64 Size 0 Mode ref, Ref Stage 2, run, start, 9199870390039883
1787080804.552000, NoOp Chain Depth 64 Size 0 Mode ref, Ref Stage 2, run, end, 9199870390059611
1787080804.552015, NoOp Chain Depth 64 Size 0 Mode ref, Ref Stage 3, run, start, 9199870390073979
1787080804.552035, NoOp Chain Depth 64 Size 0 Mode ref, Ref Stage 3, run, end, 9199870390094011
1787080804.552049, NoOp Chain Depth 64 Size 0 Mode ref, Ref Stage 4, run, start, 9199870390108251
1787080804.552070, NoOp Chain Depth 64 Size 0 Mode ref, Ref Stage 4, run, end, 9199870390129419
1787080804.552082, NoOp Chain Depth 64 Size 0 Mode ref, Ref Stage 5, run, start, 9199870390141371
1787080804.552111, NoOp Chain Depth 64 Size 0 Mode ref, Ref Stage 5, run, end, 9199870390170763
1787080804.552126, NoOp Chain Depth 64 Size 0 Mode ref, Ref Stage 6, run, start, 9199870390185851
1787080804.552147, NoOp Chain Depth 64 Size 0 Mode ref, Ref Stage 6, run, end, 9199870390206763
1787080804.552159, NoOp Chain Depth 64 Size 0 Mode ref, Ref Stage 7, run, start, 9199870390218283
1787080804.552190, NoOp Chain Depth 64 Size 0 Mode ref, Ref Stage 7, run, end, 9199870390248891
1787080804.552202, NoOp Chain Depth 64 Size 0 Mode ref, Ref Stage 8, run, start, 9199870390260747
1787080804.552231, NoOp Chain Depth 64 Size 0 Mode ref, Ref Stage 8, run, end, 9199870390290011
1787080804.552245, NoOp Chain Depth 64 Size 0 Mode ref, Ref Stage 9, run, start, 9199870390304107
1787080804.552264, NoOp Chain Depth 64 Size 0 Mode ref, Ref Stage 9, run, end, 9199870390323563
1787080804.552279, NoOp Chain Depth 64 Size 0 Mode ref, Ref Stage 10, run, start, 9199870390338443
1787080804.552299, NoOp Chain Depth 64 Size 0 Mode ref, Ref Stage 10, run, end, 9199870390358235
1787080804.552314, NoOp Chain Depth 64 Size 0 Mode ref, Ref Stage 11, run, start, 9199870390373083
1787080804.552335, NoOp Chain Depth 64 Size 0 Mode ref, Ref Stage 11, run, end, 9199870390394507
1787080804.552466, NoOp Chain Depth 64 Size 0 Mode ref, Ref Stage 12, run, start, 9199870390525899
1787080804.552609, NoOp Chain Depth 64 Size 0 Mode ref, Ref Stage 12, run, end, 9199870390668251
1787080804.552621, NoOp Chain Depth 64 Size 0 Mode ref, Ref Stage 13, run, start, 9199870390680219
1787080804.552653, NoOp Chain Depth 64 Size 0 Mode ref, Ref Stage 13, run, end, 9199870390712427
1787080804.552667, NoOp Chain Depth 64 Size 0 Mode ref, Ref Stage 14, run, start, 9199870390726715
1787080804.552687, NoOp Chain Depth 64 Size 0 Mode ref, Ref Stage 14, run, end, 9199870390746619
1787080804.552701, NoOp Chain Depth 64 Size 0 Mode ref, Ref Stage 15, run, start, 9199870390760555
1787080804.552721, NoOp Chain Depth 64 Size 0 Mode ref, Ref Stage 15, run, end, 9199870390780011
1787080804.552735, NoOp Chain Depth 64 Size 0 Mode ref, Ref Stage 16, run, start, 9199870390793979
1787080804.552754, NoOp Chain Depth 64 Size 0 Mode ref, Ref Stage 16, run, end, 9199870390813531
1787080804.552768, NoOp Chain Depth 64 Size 0 Mode ref, Ref Stage 17, run, start, 9199870390827467
1787080804.552788, NoOp Chain Depth 64 Size 0 Mode ref, Ref Stage 17, run, end, 9199870390846891
1787080804.552802, NoOp Chain Depth 64 Size 0 Mode ref, Ref Stage 18, run, start, 9199870390860923
1787080804.552821, NoOp Chain Depth 64 Size 0 Mode ref, Ref Stage 18, run, end, 9199870390880267
1787080804.552835, NoOp Chain Depth 64 Size 0 Mode ref, Ref Stage 19, run, start, 9199870390894235
1787080804.552854, NoOp Chain Depth 64 Size 0 Mode ref, Ref Stage 19, run, end, 9199870390913579
1787080804.552868, NoOp Chain Depth 64 Size 0 Mode ref, Ref Stage 20, run, start, 9199870390927515
1787080804.552888, NoOp Chain Depth 64 Size 0 Mode ref, Ref Stage 20, run, end, 9199870390947003
1787080804.552902, NoOp Chain Depth 64 Size 0 Mode ref, Ref Stage 21, run, start, 9199870390961035
1787080804.552922, NoOp Chain Depth 64 Size 0 Mode ref, Ref Stage 21, run, end, 9199870390980891
1787080804.552936, NoOp Chain Depth 64 Size 0 Mode ref, Ref Stage 22, run, start, 9199870390995115
1787080804.552961, NoOp Chain Depth 64 Size 0 Mode ref, Ref Stage 22, run, end, 9199870391020667
1787080804.552976, NoOp Chain Depth 64 Size 0 Mode ref, Ref Stage 23, run, start, 9199870391035755
1787080804.552996, NoOp Chain Depth 64 Size 0 Mode ref, Ref Stage 23, run, end, 9199870391055419
1787080804.553010, NoOp Chain Depth 64 Size 0 Mode ref, Ref Stage 24, run, start, 9199870391069755
1787080804.553030, NoOp Chain Depth 64 Size 0 Mode ref, Ref Stage 24, run, end, 9199870391089115
1787080804.553044, NoOp Chain Depth 64 Size 0 Mode ref, Ref Stage 25, run, start, 9199870391103259
1787080804.553063, NoOp Chain Depth 64 Size 0 Mode ref, Ref Stage 25, run, end, 9199870391122795
1787080804.553078, NoOp Chain Depth 64 Size 0 Mode ref, Ref Stage 26, run, start, 9199870391137611
1787080804.553098, NoOp Chain Depth 64 Size 0 Mode ref, Ref Stage 26, run, end, 9199870391157467
1787080804.553112, NoOp Chain Depth 64 Size 0 Mode ref, Ref Stage 27, run, start, 9199870391171659
1787080804.553133, NoOp Chain Depth 64 Size 0 Mode ref, Ref Stage 27, run, end, 9199870391192923
1787080804.553145, NoOp Chain Depth 64 Size 0 Mode ref, Ref Stage 28, run, start, 9199870391204507
1787080804.553174, NoOp Chain Depth 64 Size 0 Mode ref, Ref Stage 28, run, end, 9199870391233851
1787080804.553189, NoOp Chain Depth 64 Size 0 Mode ref, Ref Stage 29, run, start, 9199870391247995
1787080804.553208, NoOp Chain Depth 64 Size 0 Mode ref, Ref Stage 29, run, end, 9199870391267739
1787080804.553222, NoOp Chain Depth 64 Size 0 Mode ref, Ref Stage 30, run, start, 9199870391281915
1787080804.553242, NoOp Chain Depth 64 Size 0 Mode ref, Ref Stage 30, run, end, 9199870391301787
1787080804.553257, NoOp Chain Depth 64 Size 0 Mode ref, Ref Stage 31, run, start, 9199870391315899
1787080804.553276, NoOp Chain Depth 64 Size 0 Mode ref, Ref Stage 31, run, end, 9199870391335387
1787080804.553290, NoOp Chain Depth 64 Size 0 Mode ref, Ref Stage 32, run, start, 9199870391349435
1787080804.553310, NoOp Chain Depth 64 Size 0 Mode ref, Ref Stage 32, run, end, 9199870391368971
1787080804.553324, NoOp Chain Depth 64 Size 0 Mode ref, Ref Stage 33, run, start, 9199870391382795
1787080804.553344, NoOp Chain Depth 64 Size 0 Mode ref, Ref Stage 33, run, end, 9199870391403803
1787080804.553359, NoOp Chain Depth 64 Size 0 Mode ref, Ref Stage 34, run, start, 9199870391417867
1787080804.553378, NoOp Chain Depth 64 Size 0 Mode ref, Ref Stage 34, run, end, 9199870391437531
1787080804.553392, NoOp Chain Depth 64 Size 0 Mode ref, Ref Stage 35, run, start, 9199870391451787
1787080804.553413, NoOp Chain Depth 64 Size 0 Mode ref, Ref Stage 35, run, end, 9199870391471819
1787080804.553427, NoOp Chain Depth 64 Size 0 Mode ref, Ref Stage 36, run, start, 9199870391485723
1787080804.553446, NoOp Chain Depth 64 Size 0 Mode ref, Ref Stage 36, run, end, 9199870391505291
1787080804.553460, NoOp Chain Depth 64 Size 0 Mode ref, Ref Stage 37, run, start, 9199870391519499
1787080804.553480, NoOp Chain Depth 64 Size 0 Mode ref, Ref Stage 37, run, end, 9199870391538955
1787080804.553494, NoOp Chain Depth 64 Size 0 Mode ref, Ref Stage 38, run, start, 9199870391553723
1787080804.553515, NoOp Chain Depth 64 Size 0 Mode ref, Ref Stage 38, run, end, 9199870391574699
1787080804.553527, NoOp Chain Depth 64 Size 0 Mode ref, Ref Stage 39, run, start, 9199870391586411
1787080804.553558, NoOp Chain Depth 64 Size 0 Mode ref, Ref Stage 39, run, end, 9199870391617131
1787080804.553569, NoOp Chain Depth 64 Size 0 Mode ref, Ref Stage 40, run, start, 9199870391628715
1787080804.553598, NoOp Chain Depth 64 Size 0 Mode ref, Ref Stage 40, run, end, 9199870391657611
1787080804.553612, NoOp Chain Depth 64 Size 0 Mode ref, Ref Stage 41, run, start, 9199870391671707
1787080804.553632, NoOp Chain Depth 64 Size 0 Mode ref, Ref Stage 41, run, end, 9199870391691083
1787080804.553646, NoOp Chain Depth 64 Size 0 Mode ref, Ref Stage 42, run, start, 9199870391704939
1787080804.553666, NoOp Chain Depth 64 Size 0 Mode ref, Ref Stage 42, run, end, 9199870391724907
1787080804.553680, NoOp Chain Depth 64 Size 0 Mode ref, Ref Stage 43, run, start, 9199870391739099
1787080804.553701, NoOp Chain Depth 64 Size 0 Mode ref, Ref Stage 43, run, end, 9199870391760107
1787080804.553712, NoOp Chain Depth 64 Size 0 Mode ref, Ref Stage 44, run, start, 9199870391771771
1787080804.553741, NoOp Chain Depth 64 Size 0 Mode ref, Ref Stage 44, run, end, 9199870391800555
1787080804.553755, NoOp Chain Depth 64 Size 0 Mode ref, Ref Stage 45, run, start, 9199870391814475
1787080804.553775, NoOp Chain Depth 64 Size 0 Mode ref, Ref Stage 45, run, end, 9199870391834043
1787080804.553788, NoOp Chain Depth 64 Size 0 Mode ref, Ref Stage 46, run, start, 9199870391847835
1787080804.553808, NoOp Chain Depth 64 Size 0 Mode ref, Ref Stage 46, run, end, 9199870391867259
1787080804.553822, NoOp Chain Depth 64 Size 0 Mode ref, Ref Stage 47, run, start, 9199870391881307
1787080804.553842, NoOp Chain Depth 64 Size 0 Mode ref, Ref Stage 47, run, end, 9199870391901243
1787080804.553857, NoOp Chain Depth 64 Size 0 Mode ref, Ref Stage 48, run, start, 9199870391916075
1787080804.553876, NoOp Chain Depth 64 Size 0 Mode ref, Ref Stage 48, run, end, 9199870391935739
1787080804.553891, NoOp Chain Depth 64 Size 0 Mode ref, Ref Stage 49, run, start, 9199870391950571
1787080804.553911, NoOp Chain Depth 64 Size 0 Mode ref, Ref Stage 49, run, end, 9199870391970299
1787080804.553926, NoOp Chain Depth 64 Size 0 Mode ref, Ref Stage 50, run, start, 9199870391985259
1787080804.554333, NoOp Chain Depth 64 Size 0 Mode ref, Ref Stage 50, run, end, 9199870392393483
1787080804.554466, NoOp Chain Depth 64 Size 0 Mode ref, Ref Stage 51, run, start, 9199870392526235
1787080804.554489, NoOp Chain Depth 64 Size 0 Mode ref, Ref Stage 51, run, end, 9199870392547899
1787080804.554503, NoOp Chain Depth 64 Size 0 Mode ref, Ref Stage 52, run, start, 9199870392562363
1787080804.554523, NoOp Chain Depth 64 Size 0 Mode ref, Ref Stage 52, run, end, 9199870392582043
1787080804.554537, NoOp Chain Depth 64 Size 0 Mode ref, Ref Stage 53, run, start, 9199870392596603
1787080804.554557, NoOp Chain Depth 64 Size 0 Mode ref, Ref Stage 53, run, end, 9199870392616795
1787080804.554572, NoOp Chain Depth 64 Size 0 Mode ref, Ref Stage 54, run, start, 9199870392631211
1787080804.554594, NoOp Chain Depth 64 Size 0 Mode ref, Ref Stage 54, run, end, 9199870392652891
1787080804.554608, NoOp Chain Depth 64 Size 0 Mode ref, Ref Stage 55, run, start, 9199870392667083
1787080804.554627, NoOp Chain Depth 64 Size 0 Mode ref, Ref Stage 55, run, end, 9199870392686539
1787080804.554641, NoOp Chain Depth 64 Size 0 Mode ref, Ref Stage 56, run, start, 9199870392700699
1787080804.554661, NoOp Chain Depth 64 Size 0 Mode ref, Ref Stage 56, run, end, 9199870392720299
1787080804.554675, NoOp Chain Depth 64 Size 0 Mode ref, Ref Stage 57, run, start, 9199870392734491
1787080804.554695, NoOp Chain Depth 64 Size 0 Mode ref, Ref Stage 57, run, end, 9199870392754267
1787080804.554709, NoOp Chain Depth 64 Size 0 Mode ref, Ref Stage 58, run, start, 9199870392768459
1787080804.554729, NoOp Chain Depth 64 Size 0 Mode ref, Ref Stage 58, run, end, 9199870392788315
1787080804.554743, NoOp Chain Depth 64 Size 0 Mode ref, Ref Stage 59, run, start, 9199870392802603
1787080804.554766, NoOp Chain Depth 64 Size 0 Mode ref, Ref Stage 59, run, end, 9199870392825099
1787080804.554778, NoOp Chain Depth 64 Size 0 Mode ref, Ref Stage 60, run, start, 9199870392836827
1787080804.554808, NoOp Chain Depth 64 Size 0 Mode ref, Ref Stage 60, run, end, 9199870392867467
1787080804.554822, NoOp Chain Depth 64 Size 0 Mode ref, Ref Stage 61, run, start, 9199870392881675
1787080804.554843, NoOp Chain Depth 64 Size 0 Mode ref, Ref Stage 61, run, end, 9199870392902763
1787080804.554857, NoOp Chain Depth 64 Size 0 Mode ref, Ref Stage 62, run, start, 9199870392916699
1787080804.554877, NoOp Chain Depth 64 Size 0 Mode ref, Ref Stage 62, run, end, 9199870392936267
1787080804.554893, NoOp Chain Depth 64 Size 0 Mode ref, Ref Stage 63, run, start, 9199870392951867
1787080804.554912, NoOp Chain Depth 64 Size 0 Mode ref, Ref Stage 63, run, end, 9199870392971323
1787080804.554926, NoOp Chain Depth 64 Size 0 Mode ref, pipeline - train, run, end, 24080772825531319937441241493840846452, 1787080804.551875, 39, 1, 9199870392985659
1787080804.554964, NoOp Chain Depth 64 Size 0 Mode ref, pipeline - train, run, start, 285358590705457748871913705493007508768, 1787080804.554953, 40, 1, 9199870393023451
1787080804.554988, NoOp Chain Depth 64 Size 0 Mode ref, Ref Stage 0, run, start, 9199870393047467
1787080804.555009, NoOp Chain Depth 64 Size 0 Mode ref, Ref Stage 0, run, end, 9199870393068123
1787080804.555023, NoOp Chain Depth 64 Size 0 Mode ref, Ref Stage 1, run, start, 9199870393082859
1787080804.555044, NoOp Chain Depth 64 Size 0 Mode ref, Ref Stage 1, run, end, 9199870393103131
1787080804.555058, NoOp Chain Depth 64 Size 0 Mode ref, Ref Stage 2, run, start, 9199870393117755
1787080804.555079, NoOp Chain Depth 64 Size 0 Mode ref, Ref Stage 2, run, end, 9199870393137947
1787080804.555093, NoOp Chain Depth 64 Size 0 Mode ref, Ref Stage 3, run, start, 9199870393152507
1787080804.555113, NoOp Chain Depth 64 Size 0 Mode ref, Ref Stage 3, run, end, 9199870393172571
1787080804.555128, NoOp Chain Depth 64 Size 0 Mode ref, Ref Stage 4, run, start, 9199870393187243
1787080804.555150, NoOp Chain Depth 64 Size 0 Mode ref, Ref Stage 4, run, end, 9199870393209771
1787080804.555632, NoOp Chain Depth 64 Size 0 Mode ref, Ref Stage 5, run, start, 9199870393692043
1787080804.555778, NoOp Chain Depth 64 Size 0 Mode ref, Ref Stage 5, run, end, 9199870393837323
1787080804.555793, NoOp Chain Depth 64 Size 0 Mode ref, Ref Stage 6, run, start, 9199870393852379
1787080804.555813, NoOp Chain Depth 64 Size 0 Mode ref, Ref Stage 6, run, end, 9199870393872219
1787080804.555827, NoOp Chain Depth 64 Size 0 Mode ref, Ref Stage 7, run, start, 9199870393886507
1787080804.555849, NoOp Chain Depth 64 Size 0 Mode ref, Ref Stage 7, run, end, 9199870393908187
1787080804.555861, NoOp Chain Depth 64 Size 0 Mode ref, Ref Stage 8, run, start, 9199870393920139
1787080804.555890, NoOp Chain Depth 64 Size 0 Mode ref, Ref Stage 8, run, end, 9199870393949627
1787080804.555905, NoOp Chain Depth 64 Size 0 Mode ref, Ref Stage 9, run, start, 9199870393963931
1787080804.555924, NoOp Chain Depth 64 Size 0 Mode ref, Ref Stage 9, run, end, 9199870393983659
1787080804.555940, NoOp Chain Depth 64 Size 0 Mode ref, Ref Stage 10, run, start, 9199870393999435
1787080804.555963, NoOp Chain Depth 64 Size 0 Mode ref, Ref Stage 10, run, end, 9199870394022219
1787080804.555978, NoOp Chain Depth 64 Size 0 Mode ref, Ref Stage 11, run, start, 9199870394037339
1787080804.555998, NoOp Chain Depth 64 Size 0 Mode ref, Ref Stage 11, run, end, 9199870394057531
1787080804.556013, NoOp Chain Depth 64 Size 0 Mode ref, Ref Stage 12, run, start, 9199870394071835
1787080804.556034, NoOp Chain Depth 64 Size 0 Mode ref, Ref Stage 12, run, end, 9199870394093307
1787080804.556046, NoOp Chain Depth 64 Size 0 Mode ref, Ref Stage 13, run, start, 9199870394105275
1787080804.556077, NoOp Chain Depth 64 Size 0 Mode ref, Ref Stage 13, run, end, 9199870394136315
1787080804.556091, NoOp Chain Depth 64 Size 0 Mode ref, Ref Stage 14, run, start, 9199870394150683
1787080804.556113, NoOp Chain Depth 64 Size 0 Mode ref, Ref Stage 14, run, end, 9199870394171899
1787080804.556127, NoOp Chain Depth 64 Size 0 Mode ref, Ref Stage 15, run, start, 9199870394186027
1787080804.556146, NoOp Chain Depth 64 Size 0 Mode ref, Ref Stage 15, run, end, 9199870394205611
1787080804.556160, NoOp Chain Depth 64 Size 0 Mode ref, Ref Stage 16, run, start, 9199870394219691
1787080804.556180, NoOp Chain Depth 64 Size 0 Mode ref, Ref Stage 16, run, end, 9199870394239515
1787080804.556194, NoOp Chain Depth 64 Size 0 Mode ref, Ref Stage 17, run, start, 9199870394253659
1787080804.556214, NoOp Chain Depth 64 Size 0 Mode ref, Ref Stage 17, run, end, 9199870394273483
1787080804.556228, NoOp Chain Depth 64 Size 0 Mode ref, Ref Stage 18, run, start, 9199870394287435
1787080804.556247, NoOp Chain Depth 64 Size 0 Mode ref, Ref Stage 18, run, end, 9199870394306923
1787080804.556266, NoOp Chain Depth 64 Size 0 Mode ref, Ref Stage 19, run, start, 9199870394325483
1787080804.556285, NoOp Chain Depth 64 Size 0 Mode ref, Ref Stage 19, run, end, 9199870394344779
1787080804.556301, NoOp Chain Depth 64 Size 0 Mode ref, Ref Stage 20, run, start, 9199870394360187
1787080804.556320, NoOp Chain Depth 64 Size 0 Mode ref, Ref Stage 20, run, end, 9199870394379387
1787080804.556334, NoOp Chain Depth 64 Size 0 Mode ref, Ref Stage 21, run, start, 9199870394393499
1787080804.556354, NoOp Chain Depth 64 Size 0 Mode ref, Ref Stage 21, run, end, 9199870394412987
1787080804.556368, NoOp Chain Depth 64 Size 0 Mode ref, Ref Stage 22, run, start, 9199870394427115
1787080804.556389, NoOp Chain Depth 64 Size 0 Mode ref, Ref Stage 22, run, end, 9199870394447995
1787080804.556403, NoOp Chain Depth 64 Size 0 Mode ref, Ref Stage 23, run, start, 9199870394462219
1787080804.556424, NoOp Chain Depth 64 Size 0 Mode ref, Ref Stage 23, run, end, 9199870394483355
1787080804.556438, NoOp Chain Depth 64 Size 0 Mode ref, Ref Stage 24, run, start, 9199870394497515
1787080804.556459, NoOp Chain Depth 64 Size 0 Mode ref, Ref Stage 24, run, end, 9199870394518459
1787080804.556475, NoOp Chain Depth 64 Size 0 Mode ref, Ref Stage 25, run, start, 9199870394533931
1787080804.556494, NoOp Chain Depth 64 Size 0 Mode ref, Ref Stage 25, run, end, 9199870394553627
1787080804.556508, NoOp Chain Depth 64 Size 0 Mode ref, Ref Stage 26, run, start, 9199870394567739
1787080804.556528, NoOp Chain Depth 64 Size 0 Mode ref, Ref Stage 26, run, end, 9199870394587483
1787080804.556543, NoOp Chain Depth 64 Size 0 Mode ref, Ref Stage 27, run, start, 9199870394602491
1787080804.556566, NoOp Chain Depth 64 Size 0 Mode ref, Ref Stage 27, run, end, 9199870394624955
1787080804.556577, NoOp Chain Depth 64 Size 0 Mode ref, Ref Stage 28, run, start, 9199870394636267
1787080804.556986, NoOp Chain Depth 64 Size 0 Mode ref, Ref Stage 28, run, end, 9199870395045483
1787080804.557119, NoOp Chain Depth 64 Size 0 Mode ref, Ref Stage 29, run, start, 9199870395178315
1787080804.557140, NoOp Chain Depth 64 Size 0 Mode ref, Ref Stage 29, run, end, 9199870395199275
1787080804.557154, NoOp Chain Depth 64 Size 0 Mode ref, Ref Stage 30, run, start, 9199870395213403
1787080804.557174, NoOp Chain Depth 64 Size 0 Mode ref, Ref Stage 30, run, end, 9199870395232971
1787080804.557190, NoOp Chain Depth 64 Size 0 Mode ref, Ref Stage 31, run, start, 9199870395249131
1787080804.557209, NoOp Chain Depth 64 Size 0 Mode ref, Ref Stage 31, run, end, 9199870395268779
1787080804.557223, NoOp Chain Depth 64 Size 0 Mode ref, Ref Stage 32, run, start, 9199870395282731
1787080804.557243, NoOp Chain Depth 64 Size 0 Mode ref, Ref Stage 32, run, end, 9199870395302011
1787080804.557257, NoOp Chain Depth 64 Size 0 Mode ref, Ref Stage 33, run, start, 9199870395315787
1787080804.557276, NoOp Chain Depth 64 Size 0 Mode ref, Ref Stage 33, run, end, 9199870395335035
1787080804.557290, NoOp Chain Depth 64 Size 0 Mode ref, Ref Stage 34, run, start, 9199870395349275
1787080804.557310, NoOp Chain Depth 64 Size 0 Mode ref, Ref Stage 34, run, end, 9199870395368939
1787080804.557324, NoOp Chain Depth 64 Size 0 Mode ref, Ref Stage 35, run, start, 9199870395383195
1787080804.557343, NoOp Chain Depth 64 Size 0 Mode ref, Ref Stage 35, run, end, 9199870395402795
1787080804.557359, NoOp Chain Depth 64 Size 0 Mode ref, Ref Stage 36, run, start, 9199870395418139
1787080804.557378, NoOp Chain Depth 64 Size 0 Mode ref, Ref Stage 36, run, end, 9199870395437675
1787080804.557393, NoOp Chain Depth 64 Size 0 Mode ref, Ref Stage 37, run, start, 9199870395451835
1787080804.557412, NoOp Chain Depth 64 Size 0 Mode ref, Ref Stage 37, run, end, 9199870395471387
1787080804.557426, NoOp Chain Depth 64 Size 0 Mode ref, Ref Stage 38, run, start, 9199870395485355
1787080804.557445, NoOp Chain Depth 64 Size 0 Mode ref, Ref Stage 38, run, end, 9199870395504683
1787080804.557459, NoOp Chain Depth 64 Size 0 Mode ref, Ref Stage 39, run, start, 9199870395518555
1787080804.557478, NoOp Chain Depth 64 Size 0 Mode ref, Ref Stage 39, run, end, 9199870395537739
1787080804.557492, NoOp Chain Depth 64 Size 0 Mode ref, Ref Stage 40, run, start, 9199870395551771
1787080804.557965, NoOp Chain Depth 64 Size 0 Mode ref, Ref Stage 40, run, end, 9199870396025643
1787080804.558100, NoOp Chain Depth 64 Size 0 Mode ref, Ref Stage 41, run, start, 9199870396159659
1787080804.558122, NoOp Chain Depth 64 Size 0 Mode ref, Ref Stage 41, run, end, 9199870396181627
1787080804.558137, NoOp Chain Depth 64 Size 0 Mode ref, Ref Stage 42, run, start, 9199870396196267
1787080804.558157, NoOp Chain Depth 64 Size 0 Mode ref, Ref Stage 42, run, end, 9199870396216331
1787080804.558171, NoOp Chain Depth 64 Size 0 Mode ref, Ref Stage 43, run, start, 9199870396230459
1787080804.558191, NoOp Chain Depth 64 Size 0 Mode ref, Ref Stage 43, run, end, 9199870396249915
1787080804.558205, NoOp Chain Depth 64 Size 0 Mode ref, Ref Stage 44, run, start, 9199870396263899
1787080804.558224, NoOp Chain Depth 64 Size 0 Mode ref, Ref Stage 44, run, end, 9199870396283227
1787080804.558238, NoOp Chain Depth 64 Size 0 Mode ref, Ref Stage 45, run, start, 9199870396297387
1787080804.558258, NoOp Chain Depth 64 Size 0 Mode ref, Ref Stage 45, run, end, 9199870396317227
1787080804.558272, NoOp Chain Depth 64 Size 0 Mode ref, Ref Stage 46, run, start, 9199870396331243
1787080804.558291, NoOp Chain Depth 64 Size 0 Mode ref, Ref Stage 46, run, end, 9199870396350443
1787080804.558305, NoOp Chain Depth 64 Size 0 Mode ref, Ref Stage 47, run, start, 9199870396364459
1787080804.558326, NoOp Chain Depth 64 Size 0 Mode ref, Ref Stage 47, run, end, 9199870396385195
1787080804.558340, NoOp Chain Depth 64 Size 0 Mode ref, Ref Stage 48, run, start, 9199870396399435
1787080804.558360, NoOp Chain Depth 64 Size 0 Mode ref, Ref Stage 48, run, end, 9199870396419131
1787080804.558374, NoOp Chain Depth 64 Size 0 Mode ref, Ref Stage 49, run, start, 9199870396432939
1787080804.558395, NoOp Chain Depth 64 Size 0 Mode ref, Ref Stage 49, run, end, 9199870396453915
1787080804.558406, NoOp Chain Depth 64 Size 0 Mode ref, Ref Stage 50, run, start, 9199870396465563
1787080804.560310, NoOp Chain Depth 64 Size 0 Mode ref, Ref Stage 50, run, end, 9199870398370587
1787080804.560327, NoOp Chain Depth 64 Size 0 Mode ref, Ref Stage 51, run, start, 9199870398386059
1787080804.560349, NoOp Chain Depth 64 Size 0 Mode ref, Ref Stage 51, run, end, 9199870398408267
1787080804.560364, NoOp Chain Depth 64 Size 0 Mode ref, Ref Stage 52, run, start, 9199870398423083
1787080804.560384, NoOp Chain Depth 64 Size 0 Mode ref, Ref Stage 52, run, end, 9199870398443195
1787080804.560398, NoOp Chain Depth 64 Size 0 Mode ref, Ref Stage 53, run, start, 9199870398457803
1787080804.560419, NoOp Chain Depth 64 Size 0 Mode ref, Ref Stage 53, run, end, 9199870398477803
1787080804.560433, NoOp Chain Depth 64 Size 0 Mode ref, Ref Stage 54, run, start, 9199870398492219
1787080804.560453, NoOp Chain Depth 64 Size 0 Mode ref, Ref Stage 54, run, end, 9199870398512315
1787080804.560467, NoOp Chain Depth 64 Size 0 Mode ref, Ref Stage 55, run, start, 9199870398526763
1787080804.560488, NoOp Chain Depth 64 Size 0 Mode ref, Ref Stage 55, run, end, 9199870398546859
1787080804.560502, NoOp Chain Depth 64 Size 0 Mode ref, Ref Stage 56, run, start, 9199870398561323
1787080804.560522, NoOp Chain Depth 64 Size 0 Mode ref, Ref Stage 56, run, end, 9199870398581339
1787080804.560537, NoOp Chain Depth 64 Size 0 Mode ref, Ref Stage 57, run, start, 9199870398595979
1787080804.560557, NoOp Chain Depth 64 Size 0 Mode ref, Ref Stage 57, run, end, 9199870398616027
1787080804.560571, NoOp Chain Depth 64 Size 0 Mode ref, Ref Stage 58, run, start, 9199870398630571
1787080804.560591, NoOp Chain Depth 64 Size 0 Mode ref, Ref Stage 58, run, end, 9199870398650699
1787080804.560606, NoOp Chain Depth 64 Size 0 Mode ref, Ref Stage 59, run, start, 9199870398665179
1787080804.560627, NoOp Chain Depth 64 Size 0 Mode ref, Ref Stage 59, run, end, 9199870398686667
1787080804.560639, NoOp Chain Depth 64 Size 0 Mode ref, Ref Stage 60, run, start, 9199870398698539
1787080804.560669, NoOp Chain Depth 64 Size 0 Mode ref, Ref Stage 60, run, end, 9199870398728139
1787080804.560683, NoOp Chain Depth 64 Size 0 Mode ref, Ref Stage 61, run, start, 9199870398742571
1787080804.560703, NoOp Chain Depth 64 Size 0 Mode ref, Ref Stage 61, run, end, 9199870398762475
1787080804.560718, NoOp Chain Depth 64 Size 0 Mode ref, Ref Stage 62, run, start, 9199870398777227
1787080804.560738, NoOp Chain Depth 64 Size 0 Mode ref, Ref Stage 62, run, end, 9199870398797147
1787080804.560752, NoOp Chain Depth 64 Size 0 Mode ref, Ref Stage 63, run, start, 9199870398811771
1787080804.560773, NoOp Chain Depth 64 Size 0 Mode ref, Ref Stage 63, run, end, 9199870398831867
1787080804.560787, NoOp Chain Depth 64 Size 0 Mode ref, pipeline - train, run, end, 285358590705457748871913705493007508768, 1787080804.554953, 40, 1, 9199870398846955
1787080804.560824, NoOp Chain Depth 64 Size 0 Mode ref, pipeline - train, run, start, 132217040148643648528489947644932148903, 1787080804.560813, 41, 1, 9199870398883451
1787080804.560846, NoOp Chain Depth 64 Size 0 Mode ref, Ref Stage 0, run, start, 9199870398905243
1787080804.560866, NoOp Chain Depth 64 Size 0 Mode ref, Ref Stage 0, run, end, 9199870398925067
1787080804.560880, NoOp Chain Depth 64 Size 0 Mode ref, Ref Stage 1, run, start, 9199870398939387
1787080804.560899, NoOp Chain Depth 64 Size 0 Mode ref, Ref Stage 1, run, end, 9199870398958939
1787080804.560914, NoOp Chain Depth 64 Size 0 Mode ref, Ref Stage 2, run, start, 9199870398973003
1787080804.560933, NoOp Chain Depth 64 Size 0 Mode ref, Ref Stage 2, run, end, 9199870398992507
1787080804.560949, NoOp Chain Depth 64 Size 0 Mode ref, Ref Stage 3, run, start, 9199870399008619
1787080804.560971, NoOp Chain Depth 64 Size 0 Mode ref, Ref Stage 3, run, end, 9199870399030635
1787080804.560983, NoOp Chain Depth 64 Size 0 Mode ref, Ref Stage 4, run, start, 9199870399042283
1787080804.561013, NoOp Chain Depth 64 Size 0 Mode ref, Ref Stage 4, run, end, 9199870399071739
1787080804.561027, NoOp Chain Depth 64 Size 0 Mode ref, Ref Stage 5, run, start, 9199870399086059
1787080804.561047, NoOp Chain Depth 64 Size 0 Mode ref, Ref Stage 5, run, end, 9199870399105963
1787080804.561062, NoOp Chain Depth 64 Size 0 Mode ref, Ref Stage 6, run, start, 9199870399121419
1787080804.561082, NoOp Chain Depth 64 Size 0 Mode ref, Ref Stage 6, run, end, 9199870399141036
1787080804.561098, NoOp Chain Depth 64 Size 0 Mode ref, Ref Stage 7, run, start, 9199870399157692
1787080804.561122, NoOp Chain Depth 64 Size 0 Mode ref, Ref Stage 7, run, end, 9199870399181436
1787080804.561134, NoOp Chain Depth 64 Size 0 Mode ref, Ref Stage 8, run, start, 9199870399193132
1787080804.561350, NoOp Chain Depth 64 Size 0 Mode ref, Ref Stage 8, run, end, 9199870399409644
1787080804.561363, NoOp Chain Depth 64 Size 0 Mode ref, Ref Stage 9, run, start, 9199870399422028
1787080804.561392, NoOp Chain Depth 64 Size 0 Mode ref, Ref Stage 9, run, end, 9199870399451452
1787080804.561406, NoOp Chain Depth 64 Size 0 Mode ref, Ref Stage 10, run, start, 9199870399465836
1787080804.561427, NoOp Chain Depth 64 Size 0 Mode ref, Ref Stage 10, run, end, 9199870399486012
1787080804.561442, NoOp Chain Depth 64 Size 0 Mode ref, Ref Stage 11, run, start, 9199870399501340
1787080804.561463, NoOp Chain Depth 64 Size 0 Mode ref, Ref Stage 11, run, end, 9199870399521964
1787080804.561478, NoOp Chain Depth 64 Size 0 Mode ref, Ref Stage 12, run, start, 9199870399537356
1787080804.561869, NoOp Chain Depth 64 Size 0 Mode ref, Ref Stage 12, run, end, 9199870399928668
1787080804.562005, NoOp Chain Depth 64 Size 0 Mode ref, Ref Stage 13, run, start, 9199870400063932
1787080804.562026, NoOp Chain Depth 64 Size 0 Mode ref, Ref Stage 13, run, end, 9199870400085692
1787080804.562041, NoOp Chain Depth 64 Size 0 Mode ref, Ref Stage 14, run, start, 9199870400100108
1787080804.562061, NoOp Chain Depth 64 Size 0 Mode ref, Ref Stage 14, run, end, 9199870400119964
1787080804.562075, NoOp Chain Depth 64 Size 0 Mode ref, Ref Stage 15, run, start, 9199870400134332
1787080804.562095, NoOp Chain Depth 64 Size 0 Mode ref, Ref Stage 15, run, end, 9199870400153980
1787080804.562109, NoOp Chain Depth 64 Size 0 Mode ref, Ref Stage 16, run, start, 9199870400167948
1787080804.562128, NoOp Chain Depth 64 Size 0 Mode ref, Ref Stage 16, run, end, 9199870400187324
1787080804.562142, NoOp Chain Depth 64 Size 0 Mode ref, Ref Stage 17, run, start, 9199870400201356
1787080804.562162, NoOp Chain Depth 64 Size 0 Mode ref, Ref Stage 17, run, end, 9199870400220860
1787080804.562176, NoOp Chain Depth 64 Size 0 Mode ref, Ref Stage 18, run, start, 9199870400234828
1787080804.562195, NoOp Chain Depth 64 Size 0 Mode ref, Ref Stage 18, run, end, 9199870400254044
1787080804.562208, NoOp Chain Depth 64 Size 0 Mode ref, Ref Stage 19, run, start, 9199870400268044
1787080804.562228, NoOp Chain Depth 64 Size 0 Mode ref, Ref Stage 19, run, end, 9199870400287468
1787080804.562242, NoOp Chain Depth 64 Size 0 Mode ref, Ref Stage 20, run, start, 9199870400301660
1787080804.562262, NoOp Chain Depth 64 Size 0 Mode ref, Ref Stage 20, run, end, 9199870400321132
1787080804.562276, NoOp Chain Depth 64 Size 0 Mode ref, Ref Stage 21, run, start, 9199870400335036
1787080804.562295, NoOp Chain Depth 64 Size 0 Mode ref, Ref Stage 21, run, end, 9199870400354844
1787080804.562310, NoOp Chain Depth 64 Size 0 Mode ref, Ref Stage 22, run, start, 9199870400369116
1787080804.562329, NoOp Chain Depth 64 Size 0 Mode ref, Ref Stage 22, run, end, 9199870400388732
1787080804.562343, NoOp Chain Depth 64 Size 0 Mode ref, Ref Stage 23, run, start, 9199870400402844
1787080804.562363, NoOp Chain Depth 64 Size 0 Mode ref, Ref Stage 23, run, end, 9199870400422508
1787080804.562377, NoOp Chain Depth 64 Size 0 Mode ref, Ref Stage 24, run, start, 9199870400436764
1787080804.562397, NoOp Chain Depth 64 Size 0 Mode ref, Ref Stage 24, run, end, 9199870400456476
1787080804.562412, NoOp Chain Depth 64 Size 0 Mode ref, Ref Stage 25, run, start, 9199870400471068
1787080804.562433, NoOp Chain Depth 64 Size 0 Mode ref, Ref Stage 25, run, end, 9199870400492700
1787080804.562448, NoOp Chain Depth 64 Size 0 Mode ref, Ref Stage 26, run, start, 9199870400506828
1787080804.562469, NoOp Chain Depth 64 Size 0 Mode ref, Ref Stage 26, run, end, 9199870400527820
1787080804.562483, NoOp Chain Depth 64 Size 0 Mode ref, Ref Stage 27, run, start, 9199870400542044
1787080804.562502, NoOp Chain Depth 64 Size 0 Mode ref, Ref Stage 27, run, end, 9199870400561628
1787080804.562518, NoOp Chain Depth 64 Size 0 Mode ref, Ref Stage 28, run, start, 9199870400577548
1787080804.562541, NoOp Chain Depth 64 Size 0 Mode ref, Ref Stage 28, run, end, 9199870400600444
1787080804.562553, NoOp Chain Depth 64 Size 0 Mode ref, Ref Stage 29, run, start, 9199870400612412
1787080804.562583, NoOp Chain Depth 64 Size 0 Mode ref, Ref Stage 29, run, end, 9199870400641964
1787080804.562597, NoOp Chain Depth 64 Size 0 Mode ref, Ref Stage 30, run, start, 9199870400656108
1787080804.562617, NoOp Chain Depth 64 Size 0 Mode ref, Ref Stage 30, run, end, 9199870400675724
1787080804.562632, NoOp Chain Depth 64 Size 0 Mode ref, Ref Stage 31, run, start, 9199870400691052
1787080804.562651, NoOp Chain Depth 64 Size 0 Mode ref, Ref Stage 31, run, end, 9199870400710668
1787080804.562665, NoOp Chain Depth 64 Size 0 Mode ref, Ref Stage 32, run, start, 9199870400724812
1787080804.562685, NoOp Chain Depth 64 Size 0 Mode ref, Ref Stage 32, run, end, 9199870400744316
1787080804.562699, NoOp Chain Depth 64 Size 0 Mode ref, Ref Stage 33, run, start, 9199870400758332
1787080804.562720, NoOp Chain Depth 64 Size 0 Mode ref, Ref Stage 33, run, end, 9199870400779084
1787080804.562734, NoOp Chain Depth 64 Size 0 Mode ref, Ref Stage 34, run, start, 9199870400793244
1787080804.562753, NoOp Chain Depth 64 Size 0 Mode ref, Ref Stage 34, run, end, 9199870400812700
1787080804.562767, NoOp Chain Depth 64 Size 0 Mode ref, Ref Stage 35, run, start, 9199870400826652
1787080804.562787, NoOp Chain Depth 64 Size 0 Mode ref, Ref Stage 35, run, end, 9199870400845900
1787080804.562800, NoOp Chain Depth 64 Size 0 Mode ref, Ref Stage 36, run, start, 9199870400859740
1787080804.562822, NoOp Chain Depth 64 Size 0 Mode ref, Ref Stage 36, run, end, 9199870400880956
1787080804.562836, NoOp Chain Depth 64 Size 0 Mode ref, Ref Stage 37, run, start, 9199870400895052
1787080804.562856, NoOp Chain Depth 64 Size 0 Mode ref, Ref Stage 37, run, end, 9199870400915724
1787080804.562870, NoOp Chain Depth 64 Size 0 Mode ref, Ref Stage 38, run, start, 9199870400929692
1787080804.562890, NoOp Chain Depth 64 Size 0 Mode ref, Ref Stage 38, run, end, 9199870400948940
1787080804.562904, NoOp Chain Depth 64 Size 0 Mode ref, Ref Stage 39, run, start, 9199870400963676
1787080804.562925, NoOp Chain Depth 64 Size 0 Mode ref, Ref Stage 39, run, end, 9199870400984604
1787080804.563391, NoOp Chain Depth 64 Size 0 Mode ref, Ref Stage 40, run, start, 9199870401451404
1787080804.563414, NoOp Chain Depth 64 Size 0 Mode ref, Ref Stage 40, run, end, 9199870401473340
1787080804.563543, NoOp Chain Depth 64 Size 0 Mode ref, Ref Stage 41, run, start, 9199870401602524
1787080804.563564, NoOp Chain Depth 64 Size 0 Mode ref, Ref Stage 41, run, end, 9199870401623340
1787080804.563578, NoOp Chain Depth 64 Size 0 Mode ref, Ref Stage 42, run, start, 9199870401637692
1787080804.563598, NoOp Chain Depth 64 Size 0 Mode ref, Ref Stage 42, run, end, 9199870401657580
1787080804.563612, NoOp Chain Depth 64 Size 0 Mode ref, Ref Stage 43, run, start, 9199870401671964
1787080804.563632, NoOp Chain Depth 64 Size 0 Mode ref, Ref Stage 43, run, end, 9199870401691724
1787080804.563647, NoOp Chain Depth 64 Size 0 Mode ref, Ref Stage 44, run, start, 9199870401705884
1787080804.563666, NoOp Chain Depth 64 Size 0 Mode ref, Ref Stage 44, run, end, 9199870401725356
1787080804.563680, NoOp Chain Depth 64 Size 0 Mode ref, Ref Stage 45, run, start, 9199870401739404
1787080804.563700, NoOp Chain Depth 64 Size 0 Mode ref, Ref Stage 45, run, end, 9199870401758988
1787080804.563714, NoOp Chain Depth 64 Size 0 Mode ref, Ref Stage 46, run, start, 9199870401772940
1787080804.563733, NoOp Chain Depth 64 Size 0 Mode ref, Ref Stage 46, run, end, 9199870401792492
1787080804.563748, NoOp Chain Depth 64 Size 0 Mode ref, Ref Stage 47, run, start, 9199870401806796
1787080804.563768, NoOp Chain Depth 64 Size 0 Mode ref, Ref Stage 47, run, end, 9199870401827372
1787080804.563782, NoOp Chain Depth 64 Size 0 Mode ref, Ref Stage 48, run, start, 9199870401841660
1787080804.563810, NoOp Chain Depth 64 Size 0 Mode ref, Ref Stage 48, run, end, 9199870401869596
1787080804.563823, NoOp Chain Depth 64 Size 0 Mode ref, Ref Stage 49, run, start, 9199870401882844
1787080804.563853, NoOp Chain Depth 64 Size 0 Mode ref, Ref Stage 49, run, end, 9199870401912028
1787080804.563867, NoOp Chain Depth 64 Size 0 Mode ref, Ref Stage 50, run, start, 9199870401926108
1787080804.563886, NoOp Chain Depth 64 Size 0 Mode ref, Ref Stage 50, run, end, 9199870401945756
1787080804.563902, NoOp Chain Depth 64 Size 0 Mode ref, Ref Stage 51, run, start, 9199870401961180
1787080804.564005, NoOp Chain Depth 64 Size 0 Mode ref, Ref Stage 51, run, end, 9199870402064572
1787080804.564022, NoOp Chain Depth 64 Size 0 Mode ref, Ref Stage 52, run, start, 9199870402080972
1787080804.564042, NoOp Chain Depth 64 Size 0 Mode ref, Ref Stage 52, run, end, 9199870402101116
1787080804.564058, NoOp Chain Depth 64 Size 0 Mode ref, Ref Stage 53, run, start, 9199870402117308
1787080804.564079, NoOp Chain Depth 64 Size 0 Mode ref, Ref Stage 53, run, end, 9199870402138188
1787080804.564093, NoOp Chain Depth 64 Size 0 Mode ref, Ref Stage 54, run, start, 9199870402152076
1787080804.564113, NoOp Chain Depth 64 Size 0 Mode ref, Ref Stage 54, run, end, 9199870402173580
1787080804.564128, NoOp Chain Depth 64 Size 0 Mode ref, Ref Stage 55, run, start, 9199870402187964
1787080804.564149, NoOp Chain Depth 64 Size 0 Mode ref, Ref Stage 55, run, end, 9199870402208204
1787080804.564163, NoOp Chain Depth 64 Size 0 Mode ref, Ref Stage 56, run, start, 9199870402222508
1787080804.564183, NoOp Chain Depth 64 Size 0 Mode ref, Ref Stage 56, run, end, 9199870402242716
1787080804.564199, NoOp Chain Depth 64 Size 0 Mode ref, Ref Stage 57, run, start, 9199870402257884
1787080804.564221, NoOp Chain Depth 64 Size 0 Mode ref, Ref Stage 57, run, end, 9199870402280140
1787080804.564235, NoOp Chain Depth 64 Size 0 Mode ref, Ref Stage 58, run, start, 9199870402294540
1787080804.564256, NoOp Chain Depth 64 Size 0 Mode ref, Ref Stage 58, run, end, 9199870402315916
1787080804.564271, NoOp Chain Depth 64 Size 0 Mode ref, Ref Stage 59, run, start, 9199870402330332
1787080804.564293, NoOp Chain Depth 64 Size 0 Mode ref, Ref Stage 59, run, end, 9199870402352060
1787080804.564672, NoOp Chain Depth 64 Size 0 Mode ref, Ref Stage 60, run, start, 9199870402732252
1787080804.564825, NoOp Chain Depth 64 Size 0 Mode ref, Ref Stage 60, run, end, 9199870402884572
1787080804.564837, NoOp Chain Depth 64 Size 0 Mode ref, Ref Stage 61, run, start, 9199870402896572
1787080804.564867, NoOp Chain Depth 64 Size 0 Mode ref, Ref Stage 61, run, end, 9199870402926348
1787080804.564881, NoOp Chain Depth 64 Size 0 Mode ref, Ref Stage 62, run, start, 9199870402940764
1787080804.564901, NoOp Chain Depth 64 Size 0 Mode ref, Ref Stage 62, run, end, 9199870402960748
1787080804.564916, NoOp Chain Depth 64 Size 0 Mode ref, Ref Stage 63, run, start, 9199870402975196
1787080804.564936, NoOp Chain Depth 64 Size 0 Mode ref, Ref Stage 63, run, end, 9199870402994924
1787080804.564952, NoOp Chain Depth 64 Size 0 Mode ref, pipeline - train, run, end, 132217040148643648528489947644932148903, 1787080804.560813, 41, 1, 9199870403011356
1787080804.564988, NoOp Chain Depth 64 Size 0 Mode ref, pipeline - train, run, start, 212059712294383918372084270720842385715, 1787080804.564977, 42, 1, 9199870403047164
1787080804.565009, NoOp Chain Depth 64 Size 0 Mode ref, Ref Stage 0, run, start, 9199870403068796
1787080804.565030, NoOp Chain Depth 64 Size 0 Mode ref, Ref Stage 0, run, end, 9199870403088860
1787080804.565044, NoOp Chain Depth 64 Size 0 Mode ref, Ref Stage 1, run, start, 9199870403103212
1787080804.565064, NoOp Chain Depth 64 Size 0 Mode ref, Ref Stage 1, run, end, 9199870403122844
1787080804.565078, NoOp Chain Depth 64 Size 0 Mode ref, Ref Stage 2, run, start, 9199870403137628
1787080804.565098, NoOp Chain Depth 64 Size 0 Mode ref, Ref Stage 2, run, end, 9199870403157484
1787080804.565113, NoOp Chain Depth 64 Size 0 Mode ref, Ref Stage 3, run, start, 9199870403171772
1787080804.565132, NoOp Chain Depth 64 Size 0 Mode ref, Ref Stage 3, run, end, 9199870403191452
1787080804.565148, NoOp Chain Depth 64 Size 0 Mode ref, Ref Stage 4, run, start, 9199870403207036
1787080804.565169, NoOp Chain Depth 64 Size 0 Mode ref, Ref Stage 4, run, end, 9199870403228108
1787080804.565186, NoOp Chain Depth 64 Size 0 Mode ref, Ref Stage 5, run, start, 9199870403245004
1787080804.565205, NoOp Chain Depth 64 Size 0 Mode ref, Ref Stage 5, run, end, 9199870403264684
1787080804.565220, NoOp Chain Depth 64 Size 0 Mode ref, Ref Stage 6, run, start, 9199870403278796
1787080804.565239, NoOp Chain Depth 64 Size 0 Mode ref, Ref Stage 6, run, end, 9199870403298236
1787080804.565253, NoOp Chain Depth 64 Size 0 Mode ref, Ref Stage 7, run, start, 9199870403312076
1787080804.565273, NoOp Chain Depth 64 Size 0 Mode ref, Ref Stage 7, run, end, 9199870403332124
1787080804.565287, NoOp Chain Depth 64 Size 0 Mode ref, Ref Stage 8, run, start, 9199870403346204
1787080804.565308, NoOp Chain Depth 64 Size 0 Mode ref, Ref Stage 8, run, end, 9199870403367340
1787080804.565320, NoOp Chain Depth 64 Size 0 Mode ref, Ref Stage 9, run, start, 9199870403378860
1787080804.565350, NoOp Chain Depth 64 Size 0 Mode ref, Ref Stage 9, run, end, 9199870403409612
1787080804.565365, NoOp Chain Depth 64 Size 0 Mode ref, Ref Stage 10, run, start, 9199870403424460
1787080804.565387, NoOp Chain Depth 64 Size 0 Mode ref, Ref Stage 10, run, end, 9199870403445692
1787080804.565401, NoOp Chain Depth 64 Size 0 Mode ref, Ref Stage 11, run, start, 9199870403460012
1787080804.565880, NoOp Chain Depth 64 Size 0 Mode ref, Ref Stage 11, run, end, 9199870403940172
1787080804.566019, NoOp Chain Depth 64 Size 0 Mode ref, Ref Stage 12, run, start, 9199870404078284
1787080804.566042, NoOp Chain Depth 64 Size 0 Mode ref, Ref Stage 12, run, end, 9199870404101452
1787080804.566057, NoOp Chain Depth 64 Size 0 Mode ref, Ref Stage 13, run, start, 9199870404116476
1787080804.566078, NoOp Chain Depth 64 Size 0 Mode ref, Ref Stage 13, run, end, 9199870404136924
1787080804.566092, NoOp Chain Depth 64 Size 0 Mode ref, Ref Stage 14, run, start, 9199870404151580
1787080804.566113, NoOp Chain Depth 64 Size 0 Mode ref, Ref Stage 14, run, end, 9199870404171996
1787080804.566127, NoOp Chain Depth 64 Size 0 Mode ref, Ref Stage 15, run, start, 9199870404186588
1787080804.566149, NoOp Chain Depth 64 Size 0 Mode ref, Ref Stage 15, run, end, 9199870404208732
1787080804.566164, NoOp Chain Depth 64 Size 0 Mode ref, Ref Stage 16, run, start, 9199870404223212
1787080804.566195, NoOp Chain Depth 64 Size 0 Mode ref, Ref Stage 16, run, end, 9199870404253980
1787080804.566210, NoOp Chain Depth 64 Size 0 Mode ref, Ref Stage 17, run, start, 9199870404269052
1787080804.566230, NoOp Chain Depth 64 Size 0 Mode ref, Ref Stage 17, run, end, 9199870404289548
1787080804.566245, NoOp Chain Depth 64 Size 0 Mode ref, Ref Stage 18, run, start, 9199870404304492
1787080804.566265, NoOp Chain Depth 64 Size 0 Mode ref, Ref Stage 18, run, end, 9199870404324764
1787080804.566280, NoOp Chain Depth 64 Size 0 Mode ref, Ref Stage 19, run, start, 9199870404339212
1787080804.566299, NoOp Chain Depth 64 Size 0 Mode ref, Ref Stage 19, run, end, 9199870404358812
1787080804.566314, NoOp Chain Depth 64 Size 0 Mode ref, Ref Stage 20, run, start, 9199870404372988
1787080804.566333, NoOp Chain Depth 64 Size 0 Mode ref, Ref Stage 20, run, end, 9199870404392524
1787080804.566347, NoOp Chain Depth 64 Size 0 Mode ref, Ref Stage 21, run, start, 9199870404406556
1787080804.566369, NoOp Chain Depth 64 Size 0 Mode ref, Ref Stage 21, run, end, 9199870404427692
1787080804.566383, NoOp Chain Depth 64 Size 0 Mode ref, Ref Stage 22, run, start, 9199870404442108
1787080804.566402, NoOp Chain Depth 64 Size 0 Mode ref, Ref Stage 22, run, end, 9199870404461676
1787080804.566417, NoOp Chain Depth 64 Size 0 Mode ref, Ref Stage 23, run, start, 9199870404475676
1787080804.566437, NoOp Chain Depth 64 Size 0 Mode ref, Ref Stage 23, run, end, 9199870404496604
1787080804.566452, NoOp Chain Depth 64 Size 0 Mode ref, Ref Stage 24, run, start, 9199870404510700
1787080804.566473, NoOp Chain Depth 64 Size 0 Mode ref, Ref Stage 24, run, end, 9199870404531852
1787080804.566497, NoOp Chain Depth 64 Size 0 Mode ref, Ref Stage 25, run, start, 9199870404556668
1787080804.566517, NoOp Chain Depth 64 Size 0 Mode ref, Ref Stage 25, run, end, 9199870404576556
1787080804.566531, NoOp Chain Depth 64 Size 0 Mode ref, Ref Stage 26, run, start, 9199870404590828
1787080804.566553, NoOp Chain Depth 64 Size 0 Mode ref, Ref Stage 26, run, end, 9199870404611948
1787080804.566567, NoOp Chain Depth 64 Size 0 Mode ref, Ref Stage 27, run, start, 9199870404626028
1787080804.566588, NoOp Chain Depth 64 Size 0 Mode ref, Ref Stage 27, run, end, 9199870404647516
1787080804.566603, NoOp Chain Depth 64 Size 0 Mode ref, Ref Stage 28, run, start, 9199870404662636
1787080804.566623, NoOp Chain Depth 64 Size 0 Mode ref, Ref Stage 28, run, end, 9199870404682268
1787080804.566637, NoOp Chain Depth 64 Size 0 Mode ref, Ref Stage 29, run, start, 9199870404696444
1787080804.566658, NoOp Chain Depth 64 Size 0 Mode ref, Ref Stage 29, run, end, 9199870404717628
1787080804.566670, NoOp Chain Depth 64 Size 0 Mode ref, Ref Stage 30, run, start, 9199870404729244
1787080804.566701, NoOp Chain Depth 64 Size 0 Mode ref, Ref Stage 30, run, end, 9199870404760348
1787080804.566715, NoOp Chain Depth 64 Size 0 Mode ref, Ref Stage 31, run, start, 9199870404774524
1787080804.566735, NoOp Chain Depth 64 Size 0 Mode ref, Ref Stage 31, run, end, 9199870404794012
1787080804.566749, NoOp Chain Depth 64 Size 0 Mode ref, Ref Stage 32, run, start, 9199870404808204
1787080804.566769, NoOp Chain Depth 64 Size 0 Mode ref, Ref Stage 32, run, end, 9199870404828700
1787080804.566783, NoOp Chain Depth 64 Size 0 Mode ref, Ref Stage 33, run, start, 9199870404842540
1787080804.566803, NoOp Chain Depth 64 Size 0 Mode ref, Ref Stage 33, run, end, 9199870404861772
1787080804.566817, NoOp Chain Depth 64 Size 0 Mode ref, Ref Stage 34, run, start, 9199870404875820
1787080804.566836, NoOp Chain Depth 64 Size 0 Mode ref, Ref Stage 34, run, end, 9199870404895292
1787080804.566850, NoOp Chain Depth 64 Size 0 Mode ref, Ref Stage 35, run, start, 9199870404909244
1787080804.566869, NoOp Chain Depth 64 Size 0 Mode ref, Ref Stage 35, run, end, 9199870404928604
1787080804.566883, NoOp Chain Depth 64 Size 0 Mode ref, Ref Stage 36, run, start, 9199870404942700
1787080804.566903, NoOp Chain Depth 64 Size 0 Mode ref, Ref Stage 36, run, end, 9199870404962108
1787080804.566917, NoOp Chain Depth 64 Size 0 Mode ref, Ref Stage 37, run, start, 9199870404976028
1787080804.566937, NoOp Chain Depth 64 Size 0 Mode ref, Ref Stage 37, run, end, 9199870404996508
1787080804.566955, NoOp Chain Depth 64 Size 0 Mode ref, Ref Stage 38, run, start, 9199870405014412
1787080804.566977, NoOp Chain Depth 64 Size 0 Mode ref, Ref Stage 38, run, end, 9199870405035932
1787080804.566990, NoOp Chain Depth 64 Size 0 Mode ref, Ref Stage 39, run, start, 9199870405048892
1787080804.567021, NoOp Chain Depth 64 Size 0 Mode ref, Ref Stage 39, run, end, 9199870405079740
1787080804.567035, NoOp Chain Depth 64 Size 0 Mode ref, Ref Stage 40, run, start, 9199870405094556
1787080804.567056, NoOp Chain Depth 64 Size 0 Mode ref, Ref Stage 40, run, end, 9199870405115388
1787080804.567068, NoOp Chain Depth 64 Size 0 Mode ref, Ref Stage 41, run, start, 9199870405127004
1787080804.567096, NoOp Chain Depth 64 Size 0 Mode ref, Ref Stage 41, run, end, 9199870405155964
1787080804.567111, NoOp Chain Depth 64 Size 0 Mode ref, Ref Stage 42, run, start, 9199870405170156
1787080804.567131, NoOp Chain Depth 64 Size 0 Mode ref, Ref Stage 42, run, end, 9199870405189964
1787080804.567146, NoOp Chain Depth 64 Size 0 Mode ref, Ref Stage 43, run, start, 9199870405205564
1787080804.567166, NoOp Chain Depth 64 Size 0 Mode ref, Ref Stage 43, run, end, 9199870405225004
1787080804.567180, NoOp Chain Depth 64 Size 0 Mode ref, Ref Stage 44, run, start, 9199870405239052
1787080804.567199, NoOp Chain Depth 64 Size 0 Mode ref, Ref Stage 44, run, end, 9199870405260172
1787080804.567215, NoOp Chain Depth 64 Size 0 Mode ref, Ref Stage 45, run, start, 9199870405274236
1787080804.567235, NoOp Chain Depth 64 Size 0 Mode ref, Ref Stage 45, run, end, 9199870405293804
1787080804.567253, NoOp Chain Depth 64 Size 0 Mode ref, Ref Stage 46, run, start, 9199870405312652
1787080804.567273, NoOp Chain Depth 64 Size 0 Mode ref, Ref Stage 46, run, end, 9199870405332204
1787080804.567289, NoOp Chain Depth 64 Size 0 Mode ref, Ref Stage 47, run, start, 9199870405347820
1787080804.567308, NoOp Chain Depth 64 Size 0 Mode ref, Ref Stage 47, run, end, 9199870405367276
1787080804.567323, NoOp Chain Depth 64 Size 0 Mode ref, Ref Stage 48, run, start, 9199870405382236
1787080804.567345, NoOp Chain Depth 64 Size 0 Mode ref, Ref Stage 48, run, end, 9199870405404668
1787080804.567357, NoOp Chain Depth 64 Size 0 Mode ref, Ref Stage 49, run, start, 9199870405416332
1787080804.567386, NoOp Chain Depth 64 Size 0 Mode ref, Ref Stage 49, run, end, 9199870405445484
1787080804.567400, NoOp Chain Depth 64 Size 0 Mode ref, Ref Stage 50, run, start, 9199870405459372
1787080804.567419, NoOp Chain Depth 64 Size 0 Mode ref, Ref Stage 50, run, end, 9199870405478604
1787080804.567433, NoOp Chain Depth 64 Size 0 Mode ref, Ref Stage 51, run, start, 9199870405492588
1787080804.567453, NoOp Chain Depth 64 Size 0 Mode ref, Ref Stage 51, run, end, 9199870405511980
1787080804.567467, NoOp Chain Depth 64 Size 0 Mode ref, Ref Stage 52, run, start, 9199870405525996
1787080804.567486, NoOp Chain Depth 64 Size 0 Mode ref, Ref Stage 52, run, end, 9199870405545468
1787080804.567500, NoOp Chain Depth 64 Size 0 Mode ref, Ref Stage 53, run, start, 9199870405559468
1787080804.567523, NoOp Chain Depth 64 Size 0 Mode ref, Ref Stage 53, run, end, 9199870405582732
1787080804.567538, NoOp Chain Depth 64 Size 0 Mode ref, Ref Stage 54, run, start, 9199870405597020
1787080804.567557, NoOp Chain Depth 64 Size 0 Mode ref, Ref Stage 54, run, end, 9199870405616476
1787080804.567571, NoOp Chain Depth 64 Size 0 Mode ref, Ref Stage 55, run, start, 9199870405630396
1787080804.567590, NoOp Chain Depth 64 Size 0 Mode ref, Ref Stage 55, run, end, 9199870405649644
1787080804.567604, NoOp Chain Depth 64 Size 0 Mode ref, Ref Stage 56, run, start, 9199870405663612
1787080804.567624, NoOp Chain Depth 64 Size 0 Mode ref, Ref Stage 56, run, end, 9199870405683292
1787080804.567638, NoOp Chain Depth 64 Size 0 Mode ref, Ref Stage 57, run, start, 9199870405697308
1787080804.567657, NoOp Chain Depth 64 Size 0 Mode ref, Ref Stage 57, run, end, 9199870405716700
1787080804.567671, NoOp Chain Depth 64 Size 0 Mode ref, Ref Stage 58, run, start, 9199870405730620
1787080804.567693, NoOp Chain Depth 64 Size 0 Mode ref, Ref Stage 58, run, end, 9199870405751804
1787080804.568076, NoOp Chain Depth 64 Size 0 Mode ref, Ref Stage 59, run, start, 9199870406136028
1787080804.568102, NoOp Chain Depth 64 Size 0 Mode ref, Ref Stage 59, run, end, 9199870406161916
1787080804.568115, NoOp Chain Depth 64 Size 0 Mode ref, Ref Stage 60, run, start, 9199870406173676
1787080804.568265, NoOp Chain Depth 64 Size 0 Mode ref, Ref Stage 60, run, end, 9199870406325004
1787080804.568280, NoOp Chain Depth 64 Size 0 Mode ref, Ref Stage 61, run, start, 9199870406339276
1787080804.568300, NoOp Chain Depth 64 Size 0 Mode ref, Ref Stage 61, run, end, 9199870406358924
1787080804.568314, NoOp Chain Depth 64 Size 0 Mode ref, Ref Stage 62, run, start, 9199870406373036
1787080804.568334, NoOp Chain Depth 64 Size 0 Mode ref, Ref Stage 62, run, end, 9199870406392636
1787080804.568348, NoOp Chain Depth 64 Size 0 Mode ref, Ref Stage 63, run, start, 9199870406406892
1787080804.568367, NoOp Chain Depth 64 Size 0 Mode ref, Ref Stage 63, run, end, 9199870406426140
1787080804.568381, NoOp Chain Depth 64 Size 0 Mode ref, pipeline - train, run, end, 212059712294383918372084270720842385715, 1787080804.564977, 42, 1, 9199870406440556
1787080804.568416, NoOp Chain Depth 64 Size 0 Mode ref, pipeline - train, run, start, 119925748090048339585343766041583563865, 1787080804.568406, 43, 1, 9199870406475452
1787080804.568438, NoOp Chain Depth 64 Size 0 Mode ref, Ref Stage 0, run, start, 9199870406497228
1787080804.568458, NoOp Chain Depth 64 Size 0 Mode ref, Ref Stage 0, run, end, 9199870406517132
1787080804.568474, NoOp Chain Depth 64 Size 0 Mode ref, Ref Stage 1, run, start, 9199870406533388
1787080804.568494, NoOp Chain Depth 64 Size 0 Mode ref, Ref Stage 1, run, end, 9199870406553404
1787080804.568508, NoOp Chain Depth 64 Size 0 Mode ref, Ref Stage 2, run, start, 9199870406567564
1787080804.568528, NoOp Chain Depth 64 Size 0 Mode ref, Ref Stage 2, run, end, 9199870406587708
1787080804.568542, NoOp Chain Depth 64 Size 0 Mode ref, Ref Stage 3, run, start, 9199870406601884
1787080804.568563, NoOp Chain Depth 64 Size 0 Mode ref, Ref Stage 3, run, end, 9199870406621580
1787080804.568576, NoOp Chain Depth 64 Size 0 Mode ref, Ref Stage 4, run, start, 9199870406635484
1787080804.568596, NoOp Chain Depth 64 Size 0 Mode ref, Ref Stage 4, run, end, 9199870406655164
1787080804.568610, NoOp Chain Depth 64 Size 0 Mode ref, Ref Stage 5, run, start, 9199870406669180
1787080804.568631, NoOp Chain Depth 64 Size 0 Mode ref, Ref Stage 5, run, end, 9199870406690220
1787080804.568645, NoOp Chain Depth 64 Size 0 Mode ref, Ref Stage 6, run, start, 9199870406704300
1787080804.568665, NoOp Chain Depth 64 Size 0 Mode ref, Ref Stage 6, run, end, 9199870406725276
1787080804.568681, NoOp Chain Depth 64 Size 0 Mode ref, Ref Stage 7, run, start, 9199870406739996
1787080804.568700, NoOp Chain Depth 64 Size 0 Mode ref, Ref Stage 7, run, end, 9199870406759756
1787080804.568714, NoOp Chain Depth 64 Size 0 Mode ref, Ref Stage 8, run, start, 9199870406773804
1787080804.568735, NoOp Chain Depth 64 Size 0 Mode ref, Ref Stage 8, run, end, 9199870406794620
1787080804.568749, NoOp Chain Depth 64 Size 0 Mode ref, Ref Stage 9, run, start, 9199870406808732
1787080804.568769, NoOp Chain Depth 64 Size 0 Mode ref, Ref Stage 9, run, end, 9199870406828236
1787080804.568784, NoOp Chain Depth 64 Size 0 Mode ref, Ref Stage 10, run, start, 9199870406843676
1787080804.568806, NoOp Chain Depth 64 Size 0 Mode ref, Ref Stage 10, run, end, 9199870406864828
1787080804.570188, NoOp Chain Depth 64 Size 0 Mode ref, Ref Stage 11, run, start, 9199870408248813
1787080804.570215, NoOp Chain Depth 64 Size 0 Mode ref, Ref Stage 11, run, end, 9199870408274221
1787080804.570231, NoOp Chain Depth 64 Size 0 Mode ref, Ref Stage 12, run, start, 9199870408290157
1787080804.570252, NoOp Chain Depth 64 Size 0 Mode ref, Ref Stage 12, run, end, 9199870408311661
1787080804.570267, NoOp Chain Depth 64 Size 0 Mode ref, Ref Stage 13, run, start, 9199870408326813
1787080804.570288, NoOp Chain Depth 64 Size 0 Mode ref, Ref Stage 13, run, end, 9199870408347693
1787080804.570303, NoOp Chain Depth 64 Size 0 Mode ref, Ref Stage 14, run, start, 9199870408362429
1787080804.570323, NoOp Chain Depth 64 Size 0 Mode ref, Ref Stage 14, run, end, 9199870408382845
1787080804.570338, NoOp Chain Depth 64 Size 0 Mode ref, Ref Stage 15, run, start, 9199870408397645
1787080804.570359, NoOp Chain Depth 64 Size 0 Mode ref, Ref Stage 15, run, end, 9199870408417965
1787080804.570373, NoOp Chain Depth 64 Size 0 Mode ref, Ref Stage 16, run, start, 9199870408432605
1787080804.570394, NoOp Chain Depth 64 Size 0 Mode ref, Ref Stage 16, run, end, 9199870408453277
1787080804.570408, NoOp Chain Depth 64 Size 0 Mode ref, Ref Stage 17, run, start, 9199870408467981
1787080804.570429, NoOp Chain Depth 64 Size 0 Mode ref, Ref Stage 17, run, end, 9199870408488109
1787080804.570443, NoOp Chain Depth 64 Size 0 Mode ref, Ref Stage 18, run, start, 9199870408502701
1787080804.570466, NoOp Chain Depth 64 Size 0 Mode ref, Ref Stage 18, run, end, 9199870408525021
1787080804.570478, NoOp Chain Depth 64 Size 0 Mode ref, Ref Stage 19, run, start, 9199870408537357
1787080804.570508, NoOp Chain Depth 64 Size 0 Mode ref, Ref Stage 19, run, end, 9199870408567933
1787080804.570523, NoOp Chain Depth 64 Size 0 Mode ref, Ref Stage 20, run, start, 9199870408582589
1787080804.570543, NoOp Chain Depth 64 Size 0 Mode ref, Ref Stage 20, run, end, 9199870408602653
1787080804.570558, NoOp Chain Depth 64 Size 0 Mode ref, Ref Stage 21, run, start, 9199870408617757
1787080804.570578, NoOp Chain Depth 64 Size 0 Mode ref, Ref Stage 21, run, end, 9199870408637885
1787080804.570595, NoOp Chain Depth 64 Size 0 Mode ref, Ref Stage 22, run, start, 9199870408654237
1787080804.570615, NoOp Chain Depth 64 Size 0 Mode ref, Ref Stage 22, run, end, 9199870408674301
1787080804.570630, NoOp Chain Depth 64 Size 0 Mode ref, Ref Stage 23, run, start, 9199870408688925
1787080804.570650, NoOp Chain Depth 64 Size 0 Mode ref, Ref Stage 23, run, end, 9199870408709245
1787080804.570664, NoOp Chain Depth 64 Size 0 Mode ref, Ref Stage 24, run, start, 9199870408723709
1787080804.570684, NoOp Chain Depth 64 Size 0 Mode ref, Ref Stage 24, run, end, 9199870408743549
1787080804.570698, NoOp Chain Depth 64 Size 0 Mode ref, Ref Stage 25, run, start, 9199870408757645
1787080804.570718, NoOp Chain Depth 64 Size 0 Mode ref, Ref Stage 25, run, end, 9199870408777293
1787080804.570732, NoOp Chain Depth 64 Size 0 Mode ref, Ref Stage 26, run, start, 9199870408791277
1787080804.570751, NoOp Chain Depth 64 Size 0 Mode ref, Ref Stage 26, run, end, 9199870408810829
1787080804.570766, NoOp Chain Depth 64 Size 0 Mode ref, Ref Stage 27, run, start, 9199870408825021
1787080804.570785, NoOp Chain Depth 64 Size 0 Mode ref, Ref Stage 27, run, end, 9199870408844237
1787080804.570800, NoOp Chain Depth 64 Size 0 Mode ref, Ref Stage 28, run, start, 9199870408859021
1787080804.570819, NoOp Chain Depth 64 Size 0 Mode ref, Ref Stage 28, run, end, 9199870408878269
1787080804.570834, NoOp Chain Depth 64 Size 0 Mode ref, Ref Stage 29, run, start, 9199870408893661
1787080804.570855, NoOp Chain Depth 64 Size 0 Mode ref, Ref Stage 29, run, end, 9199870408914589
1787080804.570867, NoOp Chain Depth 64 Size 0 Mode ref, Ref Stage 30, run, start, 9199870408926301
1787080804.571206, NoOp Chain Depth 64 Size 0 Mode ref, Ref Stage 30, run, end, 9199870409266957
1787080804.571221, NoOp Chain Depth 64 Size 0 Mode ref, Ref Stage 31, run, start, 9199870409280221
1787080804.571373, NoOp Chain Depth 64 Size 0 Mode ref, Ref Stage 31, run, end, 9199870409432365
1787080804.571388, NoOp Chain Depth 64 Size 0 Mode ref, Ref Stage 32, run, start, 9199870409446909
1787080804.571408, NoOp Chain Depth 64 Size 0 Mode ref, Ref Stage 32, run, end, 9199870409466861
1787080804.571422, NoOp Chain Depth 64 Size 0 Mode ref, Ref Stage 33, run, start, 9199870409481309
1787080804.571442, NoOp Chain Depth 64 Size 0 Mode ref, Ref Stage 33, run, end, 9199870409501101
1787080804.571456, NoOp Chain Depth 64 Size 0 Mode ref, Ref Stage 34, run, start, 9199870409515245
1787080804.571476, NoOp Chain Depth 64 Size 0 Mode ref, Ref Stage 34, run, end, 9199870409534957
1787080804.571490, NoOp Chain Depth 64 Size 0 Mode ref, Ref Stage 35, run, start, 9199870409549229
1787080804.571510, NoOp Chain Depth 64 Size 0 Mode ref, Ref Stage 35, run, end, 9199870409569117
1787080804.571524, NoOp Chain Depth 64 Size 0 Mode ref, Ref Stage 36, run, start, 9199870409583421
1787080804.571544, NoOp Chain Depth 64 Size 0 Mode ref, Ref Stage 36, run, end, 9199870409603565
1787080804.571559, NoOp Chain Depth 64 Size 0 Mode ref, Ref Stage 37, run, start, 9199870409618061
1787080804.571579, NoOp Chain Depth 64 Size 0 Mode ref, Ref Stage 37, run, end, 9199870409638109
1787080804.571594, NoOp Chain Depth 64 Size 0 Mode ref, Ref Stage 38, run, start, 9199870409653405
1787080804.571615, NoOp Chain Depth 64 Size 0 Mode ref, Ref Stage 38, run, end, 9199870409673661
1787080804.571629, NoOp Chain Depth 64 Size 0 Mode ref, Ref Stage 39, run, start, 9199870409688205
1787080804.571649, NoOp Chain Depth 64 Size 0 Mode ref, Ref Stage 39, run, end, 9199870409708317
1787080804.571664, NoOp Chain Depth 64 Size 0 Mode ref, Ref Stage 40, run, start, 9199870409722861
1787080804.571685, NoOp Chain Depth 64 Size 0 Mode ref, Ref Stage 40, run, end, 9199870409744333
1787080804.571702, NoOp Chain Depth 64 Size 0 Mode ref, Ref Stage 41, run, start, 9199870409761261
1787080804.571725, NoOp Chain Depth 64 Size 0 Mode ref, Ref Stage 41, run, end, 9199870409784189
1787080804.571742, NoOp Chain Depth 64 Size 0 Mode ref, Ref Stage 42, run, start, 9199870409801533
1787080804.571772, NoOp Chain Depth 64 Size 0 Mode ref, Ref Stage 42, run, end, 9199870409831805
1787080804.571789, NoOp Chain Depth 64 Size 0 Mode ref, Ref Stage 43, run, start, 9199870409848077
1787080804.571809, NoOp Chain Depth 64 Size 0 Mode ref, Ref Stage 43, run, end, 9199870409868157
1787080804.571823, NoOp Chain Depth 64 Size 0 Mode ref, Ref Stage 44, run, start, 9199870409882493
1787080804.571843, NoOp Chain Depth 64 Size 0 Mode ref, Ref Stage 44, run, end, 9199870409902637
1787080804.571858, NoOp Chain Depth 64 Size 0 Mode ref, Ref Stage 45, run, start, 9199870409917645
1787080804.571878, NoOp Chain Depth 64 Size 0 Mode ref, Ref Stage 45, run, end, 9199870409937549
1787080804.571893, NoOp Chain Depth 64 Size 0 Mode ref, Ref Stage 46, run, start, 9199870409951981
1787080804.571914, NoOp Chain Depth 64 Size 0 Mode ref, Ref Stage 46, run, end, 9199870409973325
1787080804.571928, NoOp Chain Depth 64 Size 0 Mode ref, Ref Stage 47, run, start, 9199870409987773
1787080804.571954, NoOp Chain Depth 64 Size 0 Mode ref, Ref Stage 47, run, end, 9199870410013485
1787080804.571966, NoOp Chain Depth 64 Size 0 Mode ref, Ref Stage 48, run, start, 9199870410025261
1787080804.571996, NoOp Chain Depth 64 Size 0 Mode ref, Ref Stage 48, run, end, 9199870410055757
1787080804.572011, NoOp Chain Depth 64 Size 0 Mode ref, Ref Stage 49, run, start, 9199870410070109
1787080804.572032, NoOp Chain Depth 64 Size 0 Mode ref, Ref Stage 49, run, end, 9199870410091501
1787080804.572044, NoOp Chain Depth 64 Size 0 Mode ref, Ref Stage 50, run, start, 9199870410103229
1787080804.572074, NoOp Chain Depth 64 Size 0 Mode ref, Ref Stage 50, run, end, 9199870410132989
1787080804.572088, NoOp Chain Depth 64 Size 0 Mode ref, Ref Stage 51, run, start, 9199870410147293
1787080804.572109, NoOp Chain Depth 64 Size 0 Mode ref, Ref Stage 51, run, end, 9199870410168493
1787080804.572123, NoOp Chain Depth 64 Size 0 Mode ref, Ref Stage 52, run, start, 9199870410182733
1787080804.572143, NoOp Chain Depth 64 Size 0 Mode ref, Ref Stage 52, run, end, 9199870410202445
1787080804.572157, NoOp Chain Depth 64 Size 0 Mode ref, Ref Stage 53, run, start, 9199870410216605
1787080804.572179, NoOp Chain Depth 64 Size 0 Mode ref, Ref Stage 53, run, end, 9199870410238077
1787080804.572193, NoOp Chain Depth 64 Size 0 Mode ref, Ref Stage 54, run, start, 9199870410252253
1787080804.572212, NoOp Chain Depth 64 Size 0 Mode ref, Ref Stage 54, run, end, 9199870410271901
1787080804.572227, NoOp Chain Depth 64 Size 0 Mode ref, Ref Stage 55, run, start, 9199870410286189
1787080804.572246, NoOp Chain Depth 64 Size 0 Mode ref, Ref Stage 55, run, end, 9199870410305773
1787080804.572261, NoOp Chain Depth 64 Size 0 Mode ref, Ref Stage 56, run, start, 9199870410320925
1787080804.572283, NoOp Chain Depth 64 Size 0 Mode ref, Ref Stage 56, run, end, 9199870410342413
1787080804.572299, NoOp Chain Depth 64 Size 0 Mode ref, Ref Stage 57, run, start, 9199870410358669
1787080804.572321, NoOp Chain Depth 64 Size 0 Mode ref, Ref Stage 57, run, end, 9199870410380669
1787080804.572699, NoOp Chain Depth 64 Size 0 Mode ref, Ref Stage 58, run, start, 9199870410759181
1787080804.572721, NoOp Chain Depth 64 Size 0 Mode ref, Ref Stage 58, run, end, 9199870410780765
1787080804.572847, NoOp Chain Depth 64 Size 0 Mode ref, Ref Stage 59, run, start, 9199870410906733
1787080804.572869, NoOp Chain Depth 64 Size 0 Mode ref, Ref Stage 59, run, end, 9199870410928541
1787080804.572883, NoOp Chain Depth 64 Size 0 Mode ref, Ref Stage 60, run, start, 9199870410942749
1787080804.572905, NoOp Chain Depth 64 Size 0 Mode ref, Ref Stage 60, run, end, 9199870410964077
1787080804.572917, NoOp Chain Depth 64 Size 0 Mode ref, Ref Stage 61, run, start, 9199870410975661
1787080804.572947, NoOp Chain Depth 64 Size 0 Mode ref, Ref Stage 61, run, end, 9199870411006605
1787080804.572962, NoOp Chain Depth 64 Size 0 Mode ref, Ref Stage 62, run, start, 9199870411021661
1787080804.572982, NoOp Chain Depth 64 Size 0 Mode ref, Ref Stage 62, run, end, 9199870411041165
1787080804.572996, NoOp Chain Depth 64 Size 0 Mode ref, Ref Stage 63, run, start, 9199870411055405
1787080804.573015, NoOp Chain Depth 64 Size 0 Mode ref, Ref Stage 63, run, end, 9199870411074717
1787080804.573032, NoOp Chain Depth 64 Size 0 Mode ref, pipeline - train, run, end, 119925748090048339585343766041583563865, 1787080804.568406, 43, 1, 9199870411091293
1787080804.573066, NoOp Chain Depth 64 Size 0 Mode ref, pipeline - train, run, start, 269731359743406804011342267766874106350, 1787080804.573056, 44, 1, 9199870411125949
1787080804.573088, NoOp Chain Depth 64 Size 0 Mode ref, Ref Stage 0, run, start, 9199870411147581
1787080804.573108, NoOp Chain Depth 64 Size 0 Mode ref, Ref Stage 0, run, end, 9199870411167293
1787080804.573122, NoOp Chain Depth 64 Size 0 Mode ref, Ref Stage 1, run, start, 9199870411181629
1787080804.573142, NoOp Chain Depth 64 Size 0 Mode ref, Ref Stage 1, run, end, 9199870411201549
1787080804.573158, NoOp Chain Depth 64 Size 0 Mode ref, Ref Stage 2, run, start, 9199870411217149
1787080804.573178, NoOp Chain Depth 64 Size 0 Mode ref, Ref Stage 2, run, end, 9199870411237101
1787080804.573193, NoOp Chain Depth 64 Size 0 Mode ref, Ref Stage 3, run, start, 9199870411252221
1787080804.573212, NoOp Chain Depth 64 Size 0 Mode ref, Ref Stage 3, run, end, 9199870411271709
1787080804.573226, NoOp Chain Depth 64 Size 0 Mode ref, Ref Stage 4, run, start, 9199870411285773
1787080804.573246, NoOp Chain Depth 64 Size 0 Mode ref, Ref Stage 4, run, end, 9199870411305293
1787080804.573260, NoOp Chain Depth 64 Size 0 Mode ref, Ref Stage 5, run, start, 9199870411319325
1787080804.573279, NoOp Chain Depth 64 Size 0 Mode ref, Ref Stage 5, run, end, 9199870411338701
1787080804.573293, NoOp Chain Depth 64 Size 0 Mode ref, Ref Stage 6, run, start, 9199870411352797
1787080804.573313, NoOp Chain Depth 64 Size 0 Mode ref, Ref Stage 6, run, end, 9199870411372029
1787080804.573327, NoOp Chain Depth 64 Size 0 Mode ref, Ref Stage 7, run, start, 9199870411385869
1787080804.573347, NoOp Chain Depth 64 Size 0 Mode ref, Ref Stage 7, run, end, 9199870411406493
1787080804.573362, NoOp Chain Depth 64 Size 0 Mode ref, Ref Stage 8, run, start, 9199870411421309
1787080804.573383, NoOp Chain Depth 64 Size 0 Mode ref, Ref Stage 8, run, end, 9199870411442189
1787080804.573397, NoOp Chain Depth 64 Size 0 Mode ref, Ref Stage 9, run, start, 9199870411456445
1787080804.573418, NoOp Chain Depth 64 Size 0 Mode ref, Ref Stage 9, run, end, 9199870411477261
1787080804.573431, NoOp Chain Depth 64 Size 0 Mode ref, Ref Stage 10, run, start, 9199870411490605
1787080804.573461, NoOp Chain Depth 64 Size 0 Mode ref, Ref Stage 10, run, end, 9199870411520237
1787080804.573475, NoOp Chain Depth 64 Size 0 Mode ref, Ref Stage 11, run, start, 9199870411534541
1787080804.573496, NoOp Chain Depth 64 Size 0 Mode ref, Ref Stage 11, run, end, 9199870411555757
1787080804.573510, NoOp Chain Depth 64 Size 0 Mode ref, Ref Stage 12, run, start, 9199870411569757
1787080804.573530, NoOp Chain Depth 64 Size 0 Mode ref, Ref Stage 12, run, end, 9199870411589453
1787080804.573544, NoOp Chain Depth 64 Size 0 Mode ref, Ref Stage 13, run, start, 9199870411603565
1787080804.573565, NoOp Chain Depth 64 Size 0 Mode ref, Ref Stage 13, run, end, 9199870411624541
1787080804.573579, NoOp Chain Depth 64 Size 0 Mode ref, Ref Stage 14, run, start, 9199870411638733
1787080804.573599, NoOp Chain Depth 64 Size 0 Mode ref, Ref Stage 14, run, end, 9199870411658285
1787080804.573613, NoOp Chain Depth 64 Size 0 Mode ref, Ref Stage 15, run, start, 9199870411672509
1787080804.573632, NoOp Chain Depth 64 Size 0 Mode ref, Ref Stage 15, run, end, 9199870411691853
1787080804.573647, NoOp Chain Depth 64 Size 0 Mode ref, Ref Stage 16, run, start, 9199870411705837
1787080804.573666, NoOp Chain Depth 64 Size 0 Mode ref, Ref Stage 16, run, end, 9199870411725357
1787080804.573681, NoOp Chain Depth 64 Size 0 Mode ref, Ref Stage 17, run, start, 9199870411740013
1787080804.573702, NoOp Chain Depth 64 Size 0 Mode ref, Ref Stage 17, run, end, 9199870411761133
1787080804.573715, NoOp Chain Depth 64 Size 0 Mode ref, Ref Stage 18, run, start, 9199870411774157
1787080804.573744, NoOp Chain Depth 64 Size 0 Mode ref, Ref Stage 18, run, end, 9199870411803453
1787080804.574352, NoOp Chain Depth 64 Size 0 Mode ref, Ref Stage 19, run, start, 9199870412412205
1787080804.574378, NoOp Chain Depth 64 Size 0 Mode ref, Ref Stage 19, run, end, 9199870412437437
1787080804.574393, NoOp Chain Depth 64 Size 0 Mode ref, Ref Stage 20, run, start, 9199870412452205
1787080804.574413, NoOp Chain Depth 64 Size 0 Mode ref, Ref Stage 20, run, end, 9199870412472445
1787080804.574427, NoOp Chain Depth 64 Size 0 Mode ref, Ref Stage 21, run, start, 9199870412486781
1787080804.574447, NoOp Chain Depth 64 Size 0 Mode ref, Ref Stage 21, run, end, 9199870412506637
1787080804.574462, NoOp Chain Depth 64 Size 0 Mode ref, Ref Stage 22, run, start, 9199870412520973
1787080804.574481, NoOp Chain Depth 64 Size 0 Mode ref, Ref Stage 22, run, end, 9199870412540477
1787080804.574495, NoOp Chain Depth 64 Size 0 Mode ref, Ref Stage 23, run, start, 9199870412554669
1787080804.574515, NoOp Chain Depth 64 Size 0 Mode ref, Ref Stage 23, run, end, 9199870412574269
1787080804.574529, NoOp Chain Depth 64 Size 0 Mode ref, Ref Stage 24, run, start, 9199870412588381
1787080804.574549, NoOp Chain Depth 64 Size 0 Mode ref, Ref Stage 24, run, end, 9199870412608301
1787080804.574563, NoOp Chain Depth 64 Size 0 Mode ref, Ref Stage 25, run, start, 9199870412622621
1787080804.574583, NoOp Chain Depth 64 Size 0 Mode ref, Ref Stage 25, run, end, 9199870412642509
1787080804.574598, NoOp Chain Depth 64 Size 0 Mode ref, Ref Stage 26, run, start, 9199870412656909
1787080804.574617, NoOp Chain Depth 64 Size 0 Mode ref, Ref Stage 26, run, end, 9199870412676653
1787080804.574631, NoOp Chain Depth 64 Size 0 Mode ref, Ref Stage 27, run, start, 9199870412690685
1787080804.574653, NoOp Chain Depth 64 Size 0 Mode ref, Ref Stage 27, run, end, 9199870412712541
1787080804.574669, NoOp Chain Depth 64 Size 0 Mode ref, Ref Stage 28, run, start, 9199870412727805
1787080804.574688, NoOp Chain Depth 64 Size 0 Mode ref, Ref Stage 28, run, end, 9199870412747213
1787080804.574702, NoOp Chain Depth 64 Size 0 Mode ref, Ref Stage 29, run, start, 9199870412761165
1787080804.574721, NoOp Chain Depth 64 Size 0 Mode ref, Ref Stage 29, run, end, 9199870412780541
1787080804.574735, NoOp Chain Depth 64 Size 0 Mode ref, Ref Stage 30, run, start, 9199870412794669
1787080804.574755, NoOp Chain Depth 64 Size 0 Mode ref, Ref Stage 30, run, end, 9199870412814461
1787080804.574771, NoOp Chain Depth 64 Size 0 Mode ref, Ref Stage 31, run, start, 9199870412829965
1787080804.574792, NoOp Chain Depth 64 Size 0 Mode ref, Ref Stage 31, run, end, 9199870412851341
1787080804.574805, NoOp Chain Depth 64 Size 0 Mode ref, Ref Stage 32, run, start, 9199870412864269
1787080804.574834, NoOp Chain Depth 64 Size 0 Mode ref, Ref Stage 32, run, end, 9199870412893757
1787080804.574849, NoOp Chain Depth 64 Size 0 Mode ref, Ref Stage 33, run, start, 9199870412908029
1787080804.574868, NoOp Chain Depth 64 Size 0 Mode ref, Ref Stage 33, run, end, 9199870412927485
1787080804.574882, NoOp Chain Depth 64 Size 0 Mode ref, Ref Stage 34, run, start, 9199870412941469
1787080804.574902, NoOp Chain Depth 64 Size 0 Mode ref, Ref Stage 34, run, end, 9199870412961021
1787080804.574916, NoOp Chain Depth 64 Size 0 Mode ref, Ref Stage 35, run, start, 9199870412975181
1787080804.574935, NoOp Chain Depth 64 Size 0 Mode ref, Ref Stage 35, run, end, 9199870412994765
1787080804.574952, NoOp Chain Depth 64 Size 0 Mode ref, Ref Stage 36, run, start, 9199870413010877
1787080804.574973, NoOp Chain Depth 64 Size 0 Mode ref, Ref Stage 36, run, end, 9199870413032301
1787080804.574987, NoOp Chain Depth 64 Size 0 Mode ref, Ref Stage 37, run, start, 9199870413046429
1787080804.575008, NoOp Chain Depth 64 Size 0 Mode ref, Ref Stage 37, run, end, 9199870413067069
1787080804.575023, NoOp Chain Depth 64 Size 0 Mode ref, Ref Stage 38, run, start, 9199870413081965
1787080804.575042, NoOp Chain Depth 64 Size 0 Mode ref, Ref Stage 38, run, end, 9199870413101485
1787080804.575056, NoOp Chain Depth 64 Size 0 Mode ref, Ref Stage 39, run, start, 9199870413115421
1787080804.575076, NoOp Chain Depth 64 Size 0 Mode ref, Ref Stage 39, run, end, 9199870413134973
1787080804.575091, NoOp Chain Depth 64 Size 0 Mode ref, Ref Stage 40, run, start, 9199870413150477
1787080804.575115, NoOp Chain Depth 64 Size 0 Mode ref, Ref Stage 40, run, end, 9199870413174477
1787080804.575129, NoOp Chain Depth 64 Size 0 Mode ref, Ref Stage 41, run, start, 9199870413188765
1787080804.575152, NoOp Chain Depth 64 Size 0 Mode ref, Ref Stage 41, run, end, 9199870413211373
1787080804.575164, NoOp Chain Depth 64 Size 0 Mode ref, Ref Stage 42, run, start, 9199870413223165
1787080804.575193, NoOp Chain Depth 64 Size 0 Mode ref, Ref Stage 42, run, end, 9199870413252717
1787080804.575208, NoOp Chain Depth 64 Size 0 Mode ref, Ref Stage 43, run, start, 9199870413267085
1787080804.575227, NoOp Chain Depth 64 Size 0 Mode ref, Ref Stage 43, run, end, 9199870413286493
1787080804.575241, NoOp Chain Depth 64 Size 0 Mode ref, Ref Stage 44, run, start, 9199870413300557
1787080804.575261, NoOp Chain Depth 64 Size 0 Mode ref, Ref Stage 44, run, end, 9199870413319901
1787080804.575275, NoOp Chain Depth 64 Size 0 Mode ref, Ref Stage 45, run, start, 9199870413335101
1787080804.575295, NoOp Chain Depth 64 Size 0 Mode ref, Ref Stage 45, run, end, 9199870413354525
1787080804.575310, NoOp Chain Depth 64 Size 0 Mode ref, Ref Stage 46, run, start, 9199870413369293
1787080804.575331, NoOp Chain Depth 64 Size 0 Mode ref, Ref Stage 46, run, end, 9199870413390189
1787080804.575346, NoOp Chain Depth 64 Size 0 Mode ref, Ref Stage 47, run, start, 9199870413405421
1787080804.575367, NoOp Chain Depth 64 Size 0 Mode ref, Ref Stage 47, run, end, 9199870413426685
1787080804.575379, NoOp Chain Depth 64 Size 0 Mode ref, Ref Stage 48, run, start, 9199870413438061
1787080804.578633, NoOp Chain Depth 64 Size 0 Mode ref, Ref Stage 48, run, end, 9199870416693709
1787080804.578651, NoOp Chain Depth 64 Size 0 Mode ref, Ref Stage 49, run, start, 9199870416710157
1787080804.578671, NoOp Chain Depth 64 Size 0 Mode ref, Ref Stage 49, run, end, 9199870416730749
1787080804.578686, NoOp Chain Depth 64 Size 0 Mode ref, Ref Stage 50, run, start, 9199870416745373
1787080804.578706, NoOp Chain Depth 64 Size 0 Mode ref, Ref Stage 50, run, end, 9199870416765117
1787080804.578720, NoOp Chain Depth 64 Size 0 Mode ref, Ref Stage 51, run, start, 9199870416779229
1787080804.578739, NoOp Chain Depth 64 Size 0 Mode ref, Ref Stage 51, run, end, 9199870416798813
1787080804.578753, NoOp Chain Depth 64 Size 0 Mode ref, Ref Stage 52, run, start, 9199870416813005
1787080804.578773, NoOp Chain Depth 64 Size 0 Mode ref, Ref Stage 52, run, end, 9199870416832269
1787080804.578787, NoOp Chain Depth 64 Size 0 Mode ref, Ref Stage 53, run, start, 9199870416846365
1787080804.578806, NoOp Chain Depth 64 Size 0 Mode ref, Ref Stage 53, run, end, 9199870416865645
1787080804.578820, NoOp Chain Depth 64 Size 0 Mode ref, Ref Stage 54, run, start, 9199870416879645
1787080804.578840, NoOp Chain Depth 64 Size 0 Mode ref, Ref Stage 54, run, end, 9199870416899166
1787080804.578854, NoOp Chain Depth 64 Size 0 Mode ref, Ref Stage 55, run, start, 9199870416913166
1787080804.578873, NoOp Chain Depth 64 Size 0 Mode ref, Ref Stage 55, run, end, 9199870416932702
1787080804.578887, NoOp Chain Depth 64 Size 0 Mode ref, Ref Stage 56, run, start, 9199870416946622
1787080804.578907, NoOp Chain Depth 64 Size 0 Mode ref, Ref Stage 56, run, end, 9199870416965966
1787080804.578921, NoOp Chain Depth 64 Size 0 Mode ref, Ref Stage 57, run, start, 9199870416979934
1787080804.578940, NoOp Chain Depth 64 Size 0 Mode ref, Ref Stage 57, run, end, 9199870416999246
1787080804.578957, NoOp Chain Depth 64 Size 0 Mode ref, Ref Stage 58, run, start, 9199870417015806
1787080804.578978, NoOp Chain Depth 64 Size 0 Mode ref, Ref Stage 58, run, end, 9199870417037006
1787080804.578990, NoOp Chain Depth 64 Size 0 Mode ref, Ref Stage 59, run, start, 9199870417048910
1787080804.579019, NoOp Chain Depth 64 Size 0 Mode ref, Ref Stage 59, run, end, 9199870417078222
1787080804.579033, NoOp Chain Depth 64 Size 0 Mode ref, Ref Stage 60, run, start, 9199870417092238
1787080804.579052, NoOp Chain Depth 64 Size 0 Mode ref, Ref Stage 60, run, end, 9199870417111966
1787080804.579069, NoOp Chain Depth 64 Size 0 Mode ref, Ref Stage 61, run, start, 9199870417128222
1787080804.579090, NoOp Chain Depth 64 Size 0 Mode ref, Ref Stage 61, run, end, 9199870417149614
1787080804.579102, NoOp Chain Depth 64 Size 0 Mode ref, Ref Stage 62, run, start, 9199870417161182
1787080804.579131, NoOp Chain Depth 64 Size 0 Mode ref, Ref Stage 62, run, end, 9199870417190078
1787080804.579145, NoOp Chain Depth 64 Size 0 Mode ref, Ref Stage 63, run, start, 9199870417204414
1787080804.579165, NoOp Chain Depth 64 Size 0 Mode ref, Ref Stage 63, run, end, 9199870417223838
1787080804.579179, NoOp Chain Depth 64 Size 0 Mode ref, pipeline - train, run, end, 269731359743406804011342267766874106350, 1787080804.573056, 44, 1, 9199870417238302
1787080804.579214, NoOp Chain Depth 64 Size 0 Mode ref, pipeline - train, run, start, 298165622480567066296736825336713478381, 1787080804.579203, 45, 1, 9199870417273118
1787080804.579235, NoOp Chain Depth 64 Size 0 Mode ref, Ref Stage 0, run, start, 9199870417294798
1787080804.579256, NoOp Chain Depth 64 Size 0 Mode ref, Ref Stage 0, run, end, 9199870417314830
1787080804.579270, NoOp Chain Depth 64 Size 0 Mode ref, Ref Stage 1, run, start, 9199870417329118
1787080804.579289, NoOp Chain Depth 64 Size 0 Mode ref, Ref Stage 1, run, end, 9199870417348590
1787080804.579304, NoOp Chain Depth 64 Size 0 Mode ref, Ref Stage 2, run, start, 9199870417362622
1787080804.579323, NoOp Chain Depth 64 Size 0 Mode ref, Ref Stage 2, run, end, 9199870417382110
1787080804.579337, NoOp Chain Depth 64 Size 0 Mode ref, Ref Stage 3, run, start, 9199870417396222
1787080804.579356, NoOp Chain Depth 64 Size 0 Mode ref, Ref Stage 3, run, end, 9199870417415534
1787080804.579371, NoOp Chain Depth 64 Size 0 Mode ref, Ref Stage 4, run, start, 9199870417430286
1787080804.579390, NoOp Chain Depth 64 Size 0 Mode ref, Ref Stage 4, run, end, 9199870417449422
1787080804.579404, NoOp Chain Depth 64 Size 0 Mode ref, Ref Stage 5, run, start, 9199870417463502
1787080804.579424, NoOp Chain Depth 64 Size 0 Mode ref, Ref Stage 5, run, end, 9199870417482958
1787080804.579437, NoOp Chain Depth 64 Size 0 Mode ref, Ref Stage 6, run, start, 9199870417496974
1787080804.579457, NoOp Chain Depth 64 Size 0 Mode ref, Ref Stage 6, run, end, 9199870417516382
1787080804.579471, NoOp Chain Depth 64 Size 0 Mode ref, Ref Stage 7, run, start, 9199870417530526
1787080804.579490, NoOp Chain Depth 64 Size 0 Mode ref, Ref Stage 7, run, end, 9199870417549710
1787080804.579504, NoOp Chain Depth 64 Size 0 Mode ref, Ref Stage 8, run, start, 9199870417563710
1787080804.579524, NoOp Chain Depth 64 Size 0 Mode ref, Ref Stage 8, run, end, 9199870417583182
1787080804.579539, NoOp Chain Depth 64 Size 0 Mode ref, Ref Stage 9, run, start, 9199870417598046
1787080804.579560, NoOp Chain Depth 64 Size 0 Mode ref, Ref Stage 9, run, end, 9199870417618958
1787080804.579571, NoOp Chain Depth 64 Size 0 Mode ref, Ref Stage 10, run, start, 9199870417630510
1787080804.579600, NoOp Chain Depth 64 Size 0 Mode ref, Ref Stage 10, run, end, 9199870417659470
1787080804.579614, NoOp Chain Depth 64 Size 0 Mode ref, Ref Stage 11, run, start, 9199870417673550
1787080804.579634, NoOp Chain Depth 64 Size 0 Mode ref, Ref Stage 11, run, end, 9199870417693102
1787080804.579648, NoOp Chain Depth 64 Size 0 Mode ref, Ref Stage 12, run, start, 9199870417707406
1787080804.579668, NoOp Chain Depth 64 Size 0 Mode ref, Ref Stage 12, run, end, 9199870417726862
1787080804.579682, NoOp Chain Depth 64 Size 0 Mode ref, Ref Stage 13, run, start, 9199870417741054
1787080804.579701, NoOp Chain Depth 64 Size 0 Mode ref, Ref Stage 13, run, end, 9199870417760542
1787080804.579715, NoOp Chain Depth 64 Size 0 Mode ref, Ref Stage 14, run, start, 9199870417774510
1787080804.579735, NoOp Chain Depth 64 Size 0 Mode ref, Ref Stage 14, run, end, 9199870417794062
1787080804.579749, NoOp Chain Depth 64 Size 0 Mode ref, Ref Stage 15, run, start, 9199870417808222
1787080804.579768, NoOp Chain Depth 64 Size 0 Mode ref, Ref Stage 15, run, end, 9199870417827518
1787080804.579784, NoOp Chain Depth 64 Size 0 Mode ref, Ref Stage 16, run, start, 9199870417842958
1787080804.579805, NoOp Chain Depth 64 Size 0 Mode ref, Ref Stage 16, run, end, 9199870417864014
1787080804.579816, NoOp Chain Depth 64 Size 0 Mode ref, Ref Stage 17, run, start, 9199870417875502
1787080804.579845, NoOp Chain Depth 64 Size 0 Mode ref, Ref Stage 17, run, end, 9199870417904734
1787080804.579861, NoOp Chain Depth 64 Size 0 Mode ref, Ref Stage 18, run, start, 9199870417920238
1787080804.579882, NoOp Chain Depth 64 Size 0 Mode ref, Ref Stage 18, run, end, 9199870417941230
1787080804.579894, NoOp Chain Depth 64 Size 0 Mode ref, Ref Stage 19, run, start, 9199870417952878
1787080804.579923, NoOp Chain Depth 64 Size 0 Mode ref, Ref Stage 19, run, end, 9199870417982318
1787080804.579937, NoOp Chain Depth 64 Size 0 Mode ref, Ref Stage 20, run, start, 9199870417996270
1787080804.579958, NoOp Chain Depth 64 Size 0 Mode ref, Ref Stage 20, run, end, 9199870418017518
1787080804.579973, NoOp Chain Depth 64 Size 0 Mode ref, Ref Stage 21, run, start, 9199870418032334
1787080804.579993, NoOp Chain Depth 64 Size 0 Mode ref, Ref Stage 21, run, end, 9199870418052238
1787080804.580007, NoOp Chain Depth 64 Size 0 Mode ref, Ref Stage 22, run, start, 9199870418066526
1787080804.580027, NoOp Chain Depth 64 Size 0 Mode ref, Ref Stage 22, run, end, 9199870418086222
1787080804.580041, NoOp Chain Depth 64 Size 0 Mode ref, Ref Stage 23, run, start, 9199870418100430
1787080804.580061, NoOp Chain Depth 64 Size 0 Mode ref, Ref Stage 23, run, end, 9199870418120494
1787080804.580075, NoOp Chain Depth 64 Size 0 Mode ref, Ref Stage 24, run, start, 9199870418134670
1787080804.580095, NoOp Chain Depth 64 Size 0 Mode ref, Ref Stage 24, run, end, 9199870418154286
1787080804.580109, NoOp Chain Depth 64 Size 0 Mode ref, Ref Stage 25, run, start, 9199870418168478
1787080804.580130, NoOp Chain Depth 64 Size 0 Mode ref, Ref Stage 25, run, end, 9199870418189390
1787080804.580144, NoOp Chain Depth 64 Size 0 Mode ref, Ref Stage 26, run, start, 9199870418203534
1787080804.580165, NoOp Chain Depth 64 Size 0 Mode ref, Ref Stage 26, run, end, 9199870418224350
1787080804.580179, NoOp Chain Depth 64 Size 0 Mode ref, Ref Stage 27, run, start, 9199870418238318
1787080804.580199, NoOp Chain Depth 64 Size 0 Mode ref, Ref Stage 27, run, end, 9199870418257918
1787080804.580213, NoOp Chain Depth 64 Size 0 Mode ref, Ref Stage 28, run, start, 9199870418272078
1787080804.580232, NoOp Chain Depth 64 Size 0 Mode ref, Ref Stage 28, run, end, 9199870418291566
1787080804.580246, NoOp Chain Depth 64 Size 0 Mode ref, Ref Stage 29, run, start, 9199870418305726
1787080804.580266, NoOp Chain Depth 64 Size 0 Mode ref, Ref Stage 29, run, end, 9199870418325310
1787080804.580281, NoOp Chain Depth 64 Size 0 Mode ref, Ref Stage 30, run, start, 9199870418340046
1787080804.580302, NoOp Chain Depth 64 Size 0 Mode ref, Ref Stage 30, run, end, 9199870418362014
1787080804.580314, NoOp Chain Depth 64 Size 0 Mode ref, Ref Stage 31, run, start, 9199870418373678
1787080804.580674, NoOp Chain Depth 64 Size 0 Mode ref, Ref Stage 31, run, end, 9199870418734110
1787080804.580687, NoOp Chain Depth 64 Size 0 Mode ref, Ref Stage 32, run, start, 9199870418746670
1787080804.580718, NoOp Chain Depth 64 Size 0 Mode ref, Ref Stage 32, run, end, 9199870418777358
1787080804.580732, NoOp Chain Depth 64 Size 0 Mode ref, Ref Stage 33, run, start, 9199870418791822
1787080804.580752, NoOp Chain Depth 64 Size 0 Mode ref, Ref Stage 33, run, end, 9199870418811854
1787080804.580767, NoOp Chain Depth 64 Size 0 Mode ref, Ref Stage 34, run, start, 9199870418826286
1787080804.580787, NoOp Chain Depth 64 Size 0 Mode ref, Ref Stage 34, run, end, 9199870418846270
1787080804.580802, NoOp Chain Depth 64 Size 0 Mode ref, Ref Stage 35, run, start, 9199870418861038
1787080804.580822, NoOp Chain Depth 64 Size 0 Mode ref, Ref Stage 35, run, end, 9199870418881262
1787080804.580836, NoOp Chain Depth 64 Size 0 Mode ref, Ref Stage 36, run, start, 9199870418895758
1787080804.580856, NoOp Chain Depth 64 Size 0 Mode ref, Ref Stage 36, run, end, 9199870418915694
1787080804.580873, NoOp Chain Depth 64 Size 0 Mode ref, Ref Stage 37, run, start, 9199870418932158
1787080804.580893, NoOp Chain Depth 64 Size 0 Mode ref, Ref Stage 37, run, end, 9199870418952414
1787080804.580908, NoOp Chain Depth 64 Size 0 Mode ref, Ref Stage 38, run, start, 9199870418967022
1787080804.580928, NoOp Chain Depth 64 Size 0 Mode ref, Ref Stage 38, run, end, 9199870418988734
1787080804.580946, NoOp Chain Depth 64 Size 0 Mode ref, Ref Stage 39, run, start, 9199870419005422
1787080804.580967, NoOp Chain Depth 64 Size 0 Mode ref, Ref Stage 39, run, end, 9199870419026926
1787080804.580984, NoOp Chain Depth 64 Size 0 Mode ref, Ref Stage 40, run, start, 9199870419043070
1787080804.581005, NoOp Chain Depth 64 Size 0 Mode ref, Ref Stage 40, run, end, 9199870419064334
1787080804.581020, NoOp Chain Depth 64 Size 0 Mode ref, Ref Stage 41, run, start, 9199870419079086
1787080804.581109, NoOp Chain Depth 64 Size 0 Mode ref, Ref Stage 41, run, end, 9199870419169038
1787080804.581122, NoOp Chain Depth 64 Size 0 Mode ref, Ref Stage 42, run, start, 9199870419181422
1787080804.581154, NoOp Chain Depth 64 Size 0 Mode ref, Ref Stage 42, run, end, 9199870419213534
1787080804.581170, NoOp Chain Depth 64 Size 0 Mode ref, Ref Stage 43, run, start, 9199870419229086
1787080804.581190, NoOp Chain Depth 64 Size 0 Mode ref, Ref Stage 43, run, end, 9199870419248942
1787080804.581204, NoOp Chain Depth 64 Size 0 Mode ref, Ref Stage 44, run, start, 9199870419263070
1787080804.581223, NoOp Chain Depth 64 Size 0 Mode ref, Ref Stage 44, run, end, 9199870419282702
1787080804.581238, NoOp Chain Depth 64 Size 0 Mode ref, Ref Stage 45, run, start, 9199870419297006
1787080804.581257, NoOp Chain Depth 64 Size 0 Mode ref, Ref Stage 45, run, end, 9199870419316366
1787080804.581271, NoOp Chain Depth 64 Size 0 Mode ref, Ref Stage 46, run, start, 9199870419330398
1787080804.581292, NoOp Chain Depth 64 Size 0 Mode ref, Ref Stage 46, run, end, 9199870419351630
1787080804.581305, NoOp Chain Depth 64 Size 0 Mode ref, Ref Stage 47, run, start, 9199870419364030
1787080804.581814, NoOp Chain Depth 64 Size 0 Mode ref, Ref Stage 47, run, end, 9199870419873470
1787080804.581829, NoOp Chain Depth 64 Size 0 Mode ref, Ref Stage 48, run, start, 9199870419888350
1787080804.581849, NoOp Chain Depth 64 Size 0 Mode ref, Ref Stage 48, run, end, 9199870419908350
1787080804.581863, NoOp Chain Depth 64 Size 0 Mode ref, Ref Stage 49, run, start, 9199870419922590
1787080804.581883, NoOp Chain Depth 64 Size 0 Mode ref, Ref Stage 49, run, end, 9199870419941918
1787080804.581897, NoOp Chain Depth 64 Size 0 Mode ref, Ref Stage 50, run, start, 9199870419955902
1787080804.581916, NoOp Chain Depth 64 Size 0 Mode ref, Ref Stage 50, run, end, 9199870419975294
1787080804.581930, NoOp Chain Depth 64 Size 0 Mode ref, Ref Stage 51, run, start, 9199870419989374
1787080804.581951, NoOp Chain Depth 64 Size 0 Mode ref, Ref Stage 51, run, end, 9199870420010734
1787080804.581966, NoOp Chain Depth 64 Size 0 Mode ref, Ref Stage 52, run, start, 9199870420025678
1787080804.581986, NoOp Chain Depth 64 Size 0 Mode ref, Ref Stage 52, run, end, 9199870420045198
1787080804.582000, NoOp Chain Depth 64 Size 0 Mode ref, Ref Stage 53, run, start, 9199870420059342
1787080804.582021, NoOp Chain Depth 64 Size 0 Mode ref, Ref Stage 53, run, end, 9199870420080254
1787080804.582035, NoOp Chain Depth 64 Size 0 Mode ref, Ref Stage 54, run, start, 9199870420094462
1787080804.582057, NoOp Chain Depth 64 Size 0 Mode ref, Ref Stage 54, run, end, 9199870420115902
1787080804.582071, NoOp Chain Depth 64 Size 0 Mode ref, Ref Stage 55, run, start, 9199870420130014
1787080804.582090, NoOp Chain Depth 64 Size 0 Mode ref, Ref Stage 55, run, end, 9199870420149358
1787080804.582106, NoOp Chain Depth 64 Size 0 Mode ref, Ref Stage 56, run, start, 9199870420165374
1787080804.582126, NoOp Chain Depth 64 Size 0 Mode ref, Ref Stage 56, run, end, 9199870420184862
1787080804.582140, NoOp Chain Depth 64 Size 0 Mode ref, Ref Stage 57, run, start, 9199870420198958
1787080804.582160, NoOp Chain Depth 64 Size 0 Mode ref, Ref Stage 57, run, end, 9199870420218862
1787080804.582175, NoOp Chain Depth 64 Size 0 Mode ref, Ref Stage 58, run, start, 9199870420234910
1787080804.582196, NoOp Chain Depth 64 Size 0 Mode ref, Ref Stage 58, run, end, 9199870420254942
1787080804.582210, NoOp Chain Depth 64 Size 0 Mode ref, Ref Stage 59, run, start, 9199870420269422
1787080804.582231, NoOp Chain Depth 64 Size 0 Mode ref, Ref Stage 59, run, end, 9199870420290606
1787080804.582246, NoOp Chain Depth 64 Size 0 Mode ref, Ref Stage 60, run, start, 9199870420304990
1787080804.582266, NoOp Chain Depth 64 Size 0 Mode ref, Ref Stage 60, run, end, 9199870420325086
1787080804.582280, NoOp Chain Depth 64 Size 0 Mode ref, Ref Stage 61, run, start, 9199870420339758
1787080804.582304, NoOp Chain Depth 64 Size 0 Mode ref, Ref Stage 61, run, end, 9199870420362942
1787080804.582315, NoOp Chain Depth 64 Size 0 Mode ref, Ref Stage 62, run, start, 9199870420374814
1787080804.582347, NoOp Chain Depth 64 Size 0 Mode ref, Ref Stage 62, run, end, 9199870420406158
1787080804.582359, NoOp Chain Depth 64 Size 0 Mode ref, Ref Stage 63, run, start, 9199870420418286
1787080804.582388, NoOp Chain Depth 64 Size 0 Mode ref, Ref Stage 63, run, end, 9199870420447790
1787080804.582403, NoOp Chain Depth 64 Size 0 Mode ref, pipeline - train, run, end, 298165622480567066296736825336713478381, 1787080804.579203, 45, 1, 9199870420462718
1787080804.582439, NoOp Chain Depth 64 Size 0 Mode ref, pipeline - train, run, start, 241548639620054574072399654041816859969, 1787080804.582428, 46, 1, 9199870420498606
1787080804.582463, NoOp Chain Depth 64 Size 0 Mode ref, Ref Stage 0, run, start, 9199870420521918
1787080804.582484, NoOp Chain Depth 64 Size 0 Mode ref, Ref Stage 0, run, end, 9199870420542782
1787080804.582498, NoOp Chain Depth 64 Size 0 Mode ref, Ref Stage 1, run, start, 9199870420557582
1787080804.582520, NoOp Chain Depth 64 Size 0 Mode ref, Ref Stage 1, run, end, 9199870420579630
1787080804.582536, NoOp Chain Depth 64 Size 0 Mode ref, Ref Stage 2, run, start, 9199870420595838
1787080804.582557, NoOp Chain Depth 64 Size 0 Mode ref, Ref Stage 2, run, end, 9199870420616638
1787080804.582572, NoOp Chain Depth 64 Size 0 Mode ref, Ref Stage 3, run, start, 9199870420631358
1787080804.582592, NoOp Chain Depth 64 Size 0 Mode ref, Ref Stage 3, run, end, 9199870420651374
1787080804.582607, NoOp Chain Depth 64 Size 0 Mode ref, Ref Stage 4, run, start, 9199870420666590
1787080804.582627, NoOp Chain Depth 64 Size 0 Mode ref, Ref Stage 4, run, end, 9199870420686894
1787080804.582644, NoOp Chain Depth 64 Size 0 Mode ref, Ref Stage 5, run, start, 9199870420703358
1787080804.582664, NoOp Chain Depth 64 Size 0 Mode ref, Ref Stage 5, run, end, 9199870420723438
1787080804.582679, NoOp Chain Depth 64 Size 0 Mode ref, Ref Stage 6, run, start, 9199870420737870
1787080804.582698, NoOp Chain Depth 64 Size 0 Mode ref, Ref Stage 6, run, end, 9199870420757662
1787080804.582713, NoOp Chain Depth 64 Size 0 Mode ref, Ref Stage 7, run, start, 9199870420772158
1787080804.582732, NoOp Chain Depth 64 Size 0 Mode ref, Ref Stage 7, run, end, 9199870420791998
1787080804.582747, NoOp Chain Depth 64 Size 0 Mode ref, Ref Stage 8, run, start, 9199870420806286
1787080804.582767, NoOp Chain Depth 64 Size 0 Mode ref, Ref Stage 8, run, end, 9199870420826238
1787080804.582787, NoOp Chain Depth 64 Size 0 Mode ref, Ref Stage 9, run, start, 9199870420846046
1787080804.582810, NoOp Chain Depth 64 Size 0 Mode ref, Ref Stage 9, run, end, 9199870420869022
1787080804.583315, NoOp Chain Depth 64 Size 0 Mode ref, Ref Stage 10, run, start, 9199870421374830
1787080804.583457, NoOp Chain Depth 64 Size 0 Mode ref, Ref Stage 10, run, end, 9199870421516414
1787080804.583472, NoOp Chain Depth 64 Size 0 Mode ref, Ref Stage 11, run, start, 9199870421531134
1787080804.583492, NoOp Chain Depth 64 Size 0 Mode ref, Ref Stage 11, run, end, 9199870421550926
1787080804.583506, NoOp Chain Depth 64 Size 0 Mode ref, Ref Stage 12, run, start, 9199870421565054
1787080804.583525, NoOp Chain Depth 64 Size 0 Mode ref, Ref Stage 12, run, end, 9199870421584542
1787080804.583541, NoOp Chain Depth 64 Size 0 Mode ref, Ref Stage 13, run, start, 9199870421600542
1787080804.583561, NoOp Chain Depth 64 Size 0 Mode ref, Ref Stage 13, run, end, 9199870421620238
1787080804.583575, NoOp Chain Depth 64 Size 0 Mode ref, Ref Stage 14, run, start, 9199870421634238
1787080804.583595, NoOp Chain Depth 64 Size 0 Mode ref, Ref Stage 14, run, end, 9199870421653934
1787080804.583609, NoOp Chain Depth 64 Size 0 Mode ref, Ref Stage 15, run, start, 9199870421668094
1787080804.583628, NoOp Chain Depth 64 Size 0 Mode ref, Ref Stage 15, run, end, 9199870421687726
1787080804.583642, NoOp Chain Depth 64 Size 0 Mode ref, Ref Stage 16, run, start, 9199870421701694
1787080804.583662, NoOp Chain Depth 64 Size 0 Mode ref, Ref Stage 16, run, end, 9199870421721422
1787080804.583678, NoOp Chain Depth 64 Size 0 Mode ref, Ref Stage 17, run, start, 9199870421736734
1787080804.583697, NoOp Chain Depth 64 Size 0 Mode ref, Ref Stage 17, run, end, 9199870421756398
1787080804.583711, NoOp Chain Depth 64 Size 0 Mode ref, Ref Stage 18, run, start, 9199870421770766
1787080804.583732, NoOp Chain Depth 64 Size 0 Mode ref, Ref Stage 18, run, end, 9199870421791838
1787080804.583744, NoOp Chain Depth 64 Size 0 Mode ref, Ref Stage 19, run, start, 9199870421803662
1787080804.583773, NoOp Chain Depth 64 Size 0 Mode ref, Ref Stage 19, run, end, 9199870421832670
1787080804.583788, NoOp Chain Depth 64 Size 0 Mode ref, Ref Stage 20, run, start, 9199870421847550
1787080804.583809, NoOp Chain Depth 64 Size 0 Mode ref, Ref Stage 20, run, end, 9199870421868638
1787080804.583823, NoOp Chain Depth 64 Size 0 Mode ref, Ref Stage 21, run, start, 9199870421882750
1787080804.583845, NoOp Chain Depth 64 Size 0 Mode ref, Ref Stage 21, run, end, 9199870421903838
1787080804.583856, NoOp Chain Depth 64 Size 0 Mode ref, Ref Stage 22, run, start, 9199870421915630
1787080804.583886, NoOp Chain Depth 64 Size 0 Mode ref, Ref Stage 22, run, end, 9199870421945742
1787080804.583901, NoOp Chain Depth 64 Size 0 Mode ref, Ref Stage 23, run, start, 9199870421959918
1787080804.583920, NoOp Chain Depth 64 Size 0 Mode ref, Ref Stage 23, run, end, 9199870421979358
1787080804.583934, NoOp Chain Depth 64 Size 0 Mode ref, Ref Stage 24, run, start, 9199870421993502
1787080804.583956, NoOp Chain Depth 64 Size 0 Mode ref, Ref Stage 24, run, end, 9199870422015054
1787080804.583971, NoOp Chain Depth 64 Size 0 Mode ref, Ref Stage 25, run, start, 9199870422029758
1787080804.583990, NoOp Chain Depth 64 Size 0 Mode ref, Ref Stage 25, run, end, 9199870422049134
1787080804.584004, NoOp Chain Depth 64 Size 0 Mode ref, Ref Stage 26, run, start, 9199870422063182
1787080804.584023, NoOp Chain Depth 64 Size 0 Mode ref, Ref Stage 26, run, end, 9199870422082430
1787080804.584037, NoOp Chain Depth 64 Size 0 Mode ref, Ref Stage 27, run, start, 9199870422096462
1787080804.584058, NoOp Chain Depth 64 Size 0 Mode ref, Ref Stage 27, run, end, 9199870422117038
1787080804.584071, NoOp Chain Depth 64 Size 0 Mode ref, Ref Stage 28, run, start, 9199870422130926
1787080804.584092, NoOp Chain Depth 64 Size 0 Mode ref, Ref Stage 28, run, end, 9199870422153006
1787080804.584109, NoOp Chain Depth 64 Size 0 Mode ref, Ref Stage 29, run, start, 9199870422167886
1787080804.584129, NoOp Chain Depth 64 Size 0 Mode ref, Ref Stage 29, run, end, 9199870422187726
1787080804.584143, NoOp Chain Depth 64 Size 0 Mode ref, Ref Stage 30, run, start, 9199870422201886
1787080804.584164, NoOp Chain Depth 64 Size 0 Mode ref, Ref Stage 30, run, end, 9199870422222814
1787080804.584177, NoOp Chain Depth 64 Size 0 Mode ref, Ref Stage 31, run, start, 9199870422236830
1787080804.584197, NoOp Chain Depth 64 Size 0 Mode ref, Ref Stage 31, run, end, 9199870422256206
1787080804.584211, NoOp Chain Depth 64 Size 0 Mode ref, Ref Stage 32, run, start, 9199870422270222
1787080804.584232, NoOp Chain Depth 64 Size 0 Mode ref, Ref Stage 32, run, end, 9199870422291214
1787080804.584245, NoOp Chain Depth 64 Size 0 Mode ref, Ref Stage 33, run, start, 9199870422304286
1787080804.584275, NoOp Chain Depth 64 Size 0 Mode ref, Ref Stage 33, run, end, 9199870422334350
1787080804.584291, NoOp Chain Depth 64 Size 0 Mode ref, Ref Stage 34, run, start, 9199870422349982
1787080804.584310, NoOp Chain Depth 64 Size 0 Mode ref, Ref Stage 34, run, end, 9199870422369550
1787080804.584324, NoOp Chain Depth 64 Size 0 Mode ref, Ref Stage 35, run, start, 9199870422383582
1787080804.584344, NoOp Chain Depth 64 Size 0 Mode ref, Ref Stage 35, run, end, 9199870422403374
1787080804.584358, NoOp Chain Depth 64 Size 0 Mode ref, Ref Stage 36, run, start, 9199870422417470
1787080804.584379, NoOp Chain Depth 64 Size 0 Mode ref, Ref Stage 36, run, end, 9199870422438622
1787080804.584393, NoOp Chain Depth 64 Size 0 Mode ref, Ref Stage 37, run, start, 9199870422452638
1787080804.584413, NoOp Chain Depth 64 Size 0 Mode ref, Ref Stage 37, run, end, 9199870422472190
1787080804.584427, NoOp Chain Depth 64 Size 0 Mode ref, Ref Stage 38, run, start, 9199870422486238
1787080804.584447, NoOp Chain Depth 64 Size 0 Mode ref, Ref Stage 38, run, end, 9199870422506510
1787080804.584461, NoOp Chain Depth 64 Size 0 Mode ref, Ref Stage 39, run, start, 9199870422520622
1787080804.584481, NoOp Chain Depth 64 Size 0 Mode ref, Ref Stage 39, run, end, 9199870422540238
1787080804.584495, NoOp Chain Depth 64 Size 0 Mode ref, Ref Stage 40, run, start, 9199870422554350
1787080804.584515, NoOp Chain Depth 64 Size 0 Mode ref, Ref Stage 40, run, end, 9199870422573774
1787080804.584529, NoOp Chain Depth 64 Size 0 Mode ref, Ref Stage 41, run, start, 9199870422588878
1787080804.584551, NoOp Chain Depth 64 Size 0 Mode ref, Ref Stage 41, run, end, 9199870422610142
1787080804.584563, NoOp Chain Depth 64 Size 0 Mode ref, Ref Stage 42, run, start, 9199870422621678
1787080804.584592, NoOp Chain Depth 64 Size 0 Mode ref, Ref Stage 42, run, end, 9199870422650990
1787080804.584606, NoOp Chain Depth 64 Size 0 Mode ref, Ref Stage 43, run, start, 9199870422665630
1787080804.584627, NoOp Chain Depth 64 Size 0 Mode ref, Ref Stage 43, run, end, 9199870422686702
1787080804.584641, NoOp Chain Depth 64 Size 0 Mode ref, Ref Stage 44, run, start, 9199870422700622
1787080804.584662, NoOp Chain Depth 64 Size 0 Mode ref, Ref Stage 44, run, end, 9199870422721518
1787080804.585154, NoOp Chain Depth 64 Size 0 Mode ref, Ref Stage 45, run, start, 9199870423214654
1787080804.585179, NoOp Chain Depth 64 Size 0 Mode ref, Ref Stage 45, run, end, 9199870423238862
1787080804.585194, NoOp Chain Depth 64 Size 0 Mode ref, Ref Stage 46, run, start, 9199870423253630
1787080804.585216, NoOp Chain Depth 64 Size 0 Mode ref, Ref Stage 46, run, end, 9199870423275294
1787080804.585227, NoOp Chain Depth 64 Size 0 Mode ref, Ref Stage 47, run, start, 9199870423286958
1787080804.585257, NoOp Chain Depth 64 Size 0 Mode ref, Ref Stage 47, run, end, 9199870423316478
1787080804.585272, NoOp Chain Depth 64 Size 0 Mode ref, Ref Stage 48, run, start, 9199870423331022
1787080804.585292, NoOp Chain Depth 64 Size 0 Mode ref, Ref Stage 48, run, end, 9199870423351182
1787080804.585306, NoOp Chain Depth 64 Size 0 Mode ref, Ref Stage 49, run, start, 9199870423365646
1787080804.585326, NoOp Chain Depth 64 Size 0 Mode ref, Ref Stage 49, run, end, 9199870423385534
1787080804.585340, NoOp Chain Depth 64 Size 0 Mode ref, Ref Stage 50, run, start, 9199870423399854
1787080804.585360, NoOp Chain Depth 64 Size 0 Mode ref, Ref Stage 50, run, end, 9199870423419518
1787080804.585375, NoOp Chain Depth 64 Size 0 Mode ref, Ref Stage 51, run, start, 9199870423433966
1787080804.585396, NoOp Chain Depth 64 Size 0 Mode ref, Ref Stage 51, run, end, 9199870423454942
1787080804.585410, NoOp Chain Depth 64 Size 0 Mode ref, Ref Stage 52, run, start, 9199870423469134
1787080804.585429, NoOp Chain Depth 64 Size 0 Mode ref, Ref Stage 52, run, end, 9199870423488718
1787080804.585443, NoOp Chain Depth 64 Size 0 Mode ref, Ref Stage 53, run, start, 9199870423502814
1787080804.585464, NoOp Chain Depth 64 Size 0 Mode ref, Ref Stage 53, run, end, 9199870423523966
1787080804.585479, NoOp Chain Depth 64 Size 0 Mode ref, Ref Stage 54, run, start, 9199870423538046
1787080804.585498, NoOp Chain Depth 64 Size 0 Mode ref, Ref Stage 54, run, end, 9199870423557422
1787080804.585519, NoOp Chain Depth 64 Size 0 Mode ref, Ref Stage 55, run, start, 9199870423578510
1787080804.585539, NoOp Chain Depth 64 Size 0 Mode ref, Ref Stage 55, run, end, 9199870423598110
1787080804.585553, NoOp Chain Depth 64 Size 0 Mode ref, Ref Stage 56, run, start, 9199870423612014
1787080804.585572, NoOp Chain Depth 64 Size 0 Mode ref, Ref Stage 56, run, end, 9199870423631342
1787080804.585588, NoOp Chain Depth 64 Size 0 Mode ref, Ref Stage 57, run, start, 9199870423647438
1787080804.585608, NoOp Chain Depth 64 Size 0 Mode ref, Ref Stage 57, run, end, 9199870423666782
1787080804.585622, NoOp Chain Depth 64 Size 0 Mode ref, Ref Stage 58, run, start, 9199870423680926
1787080804.585641, NoOp Chain Depth 64 Size 0 Mode ref, Ref Stage 58, run, end, 9199870423700286
1787080804.585655, NoOp Chain Depth 64 Size 0 Mode ref, Ref Stage 59, run, start, 9199870423714366
1787080804.585674, NoOp Chain Depth 64 Size 0 Mode ref, Ref Stage 59, run, end, 9199870423733582
1787080804.585688, NoOp Chain Depth 64 Size 0 Mode ref, Ref Stage 60, run, start, 9199870423747630
1787080804.585709, NoOp Chain Depth 64 Size 0 Mode ref, Ref Stage 60, run, end, 9199870423768718
1787080804.585723, NoOp Chain Depth 64 Size 0 Mode ref, Ref Stage 61, run, start, 9199870423782782
1787080804.585745, NoOp Chain Depth 64 Size 0 Mode ref, Ref Stage 61, run, end, 9199870423804014
1787080804.585759, NoOp Chain Depth 64 Size 0 Mode ref, Ref Stage 62, run, start, 9199870423818190
1787080804.585778, NoOp Chain Depth 64 Size 0 Mode ref, Ref Stage 62, run, end, 9199870423837678
1787080804.585793, NoOp Chain Depth 64 Size 0 Mode ref, Ref Stage 63, run, start, 9199870423852030
1787080804.585812, NoOp Chain Depth 64 Size 0 Mode ref, Ref Stage 63, run, end, 9199870423871134
1787080804.585826, NoOp Chain Depth 64 Size 0 Mode ref, pipeline - train, run, end, 241548639620054574072399654041816859969, 1787080804.582428, 46, 1, 9199870423885390
1787080804.585862, NoOp Chain Depth 64 Size 0 Mode ref, pipeline - train, run, start, 168388964240466893156756753552607788764, 1787080804.585851, 47, 1, 9199870423921102
1787080804.585884, NoOp Chain Depth 64 Size 0 Mode ref, Ref Stage 0, run, start, 9199870423943582
1787080804.585905, NoOp Chain Depth 64 Size 0 Mode ref, Ref Stage 0, run, end, 9199870423964814
1787080804.585920, NoOp Chain Depth 64 Size 0 Mode ref, Ref Stage 1, run, start, 9199870423979038
1787080804.585939, NoOp Chain Depth 64 Size 0 Mode ref, Ref Stage 1, run, end, 9199870423998670
1787080804.585956, NoOp Chain Depth 64 Size 0 Mode ref, Ref Stage 2, run, start, 9199870424015358
1787080804.585976, NoOp Chain Depth 64 Size 0 Mode ref, Ref Stage 2, run, end, 9199870424034926
1787080804.585990, NoOp Chain Depth 64 Size 0 Mode ref, Ref Stage 3, run, start, 9199870424049022
1787080804.586009, NoOp Chain Depth 64 Size 0 Mode ref, Ref Stage 3, run, end, 9199870424068430
1787080804.586023, NoOp Chain Depth 64 Size 0 Mode ref, Ref Stage 4, run, start, 9199870424082366
1787080804.586043, NoOp Chain Depth 64 Size 0 Mode ref, Ref Stage 4, run, end, 9199870424101870
1787080804.586057, NoOp Chain Depth 64 Size 0 Mode ref, Ref Stage 5, run, start, 9199870424116078
1787080804.586081, NoOp Chain Depth 64 Size 0 Mode ref, Ref Stage 5, run, end, 9199870424139806
1787080804.586095, NoOp Chain Depth 64 Size 0 Mode ref, Ref Stage 6, run, start, 9199870424153998
1787080804.586114, NoOp Chain Depth 64 Size 0 Mode ref, Ref Stage 6, run, end, 9199870424173230
1787080804.586182, NoOp Chain Depth 64 Size 0 Mode ref, Ref Stage 7, run, start, 9199870424241646
1787080804.586202, NoOp Chain Depth 64 Size 0 Mode ref, Ref Stage 7, run, end, 9199870424261806
1787080804.586217, NoOp Chain Depth 64 Size 0 Mode ref, Ref Stage 8, run, start, 9199870424275886
1787080804.586238, NoOp Chain Depth 64 Size 0 Mode ref, Ref Stage 8, run, end, 9199870424297278
1787080804.586250, NoOp Chain Depth 64 Size 0 Mode ref, Ref Stage 9, run, start, 9199870424308782
1787080804.586279, NoOp Chain Depth 64 Size 0 Mode ref, Ref Stage 9, run, end, 9199870424338158
1787080804.586294, NoOp Chain Depth 64 Size 0 Mode ref, Ref Stage 10, run, start, 9199870424353486
1787080804.586317, NoOp Chain Depth 64 Size 0 Mode ref, Ref Stage 10, run, end, 9199870424375854
1787080804.586331, NoOp Chain Depth 64 Size 0 Mode ref, Ref Stage 11, run, start, 9199870424390190
1787080804.586350, NoOp Chain Depth 64 Size 0 Mode ref, Ref Stage 11, run, end, 9199870424409742
1787080804.586365, NoOp Chain Depth 64 Size 0 Mode ref, Ref Stage 12, run, start, 9199870424423806
1787080804.586384, NoOp Chain Depth 64 Size 0 Mode ref, Ref Stage 12, run, end, 9199870424443198
1787080804.586400, NoOp Chain Depth 64 Size 0 Mode ref, Ref Stage 13, run, start, 9199870424458830
1787080804.586422, NoOp Chain Depth 64 Size 0 Mode ref, Ref Stage 13, run, end, 9199870424481198
1787080804.586436, NoOp Chain Depth 64 Size 0 Mode ref, Ref Stage 14, run, start, 9199870424495262
1787080804.586455, NoOp Chain Depth 64 Size 0 Mode ref, Ref Stage 14, run, end, 9199870424514606
1787080804.586469, NoOp Chain Depth 64 Size 0 Mode ref, Ref Stage 15, run, start, 9199870424528574
1787080804.586488, NoOp Chain Depth 64 Size 0 Mode ref, Ref Stage 15, run, end, 9199870424547902
1787080804.586504, NoOp Chain Depth 64 Size 0 Mode ref, Ref Stage 16, run, start, 9199870424563166
1787080804.586525, NoOp Chain Depth 64 Size 0 Mode ref, Ref Stage 16, run, end, 9199870424584110
1787080804.586539, NoOp Chain Depth 64 Size 0 Mode ref, Ref Stage 17, run, start, 9199870424598046
1787080804.586560, NoOp Chain Depth 64 Size 0 Mode ref, Ref Stage 17, run, end, 9199870424619230
1787080804.586574, NoOp Chain Depth 64 Size 0 Mode ref, Ref Stage 18, run, start, 9199870424633454
1787080804.586594, NoOp Chain Depth 64 Size 0 Mode ref, Ref Stage 18, run, end, 9199870424652830
1787080804.586607, NoOp Chain Depth 64 Size 0 Mode ref, Ref Stage 19, run, start, 9199870424666574
1787080804.586627, NoOp Chain Depth 64 Size 0 Mode ref, Ref Stage 19, run, end, 9199870424685806
1787080804.586640, NoOp Chain Depth 64 Size 0 Mode ref, Ref Stage 20, run, start, 9199870424699726
1787080804.586660, NoOp Chain Depth 64 Size 0 Mode ref, Ref Stage 20, run, end, 9199870424719086
1787080804.586674, NoOp Chain Depth 64 Size 0 Mode ref, Ref Stage 21, run, start, 9199870424732942
1787080804.586698, NoOp Chain Depth 64 Size 0 Mode ref, Ref Stage 21, run, end, 9199870424756846
1787080804.587178, NoOp Chain Depth 64 Size 0 Mode ref, Ref Stage 22, run, start, 9199870425238798
1787080804.587328, NoOp Chain Depth 64 Size 0 Mode ref, Ref Stage 22, run, end, 9199870425387775
1787080804.587343, NoOp Chain Depth 64 Size 0 Mode ref, Ref Stage 23, run, start, 9199870425403103
1787080804.587364, NoOp Chain Depth 64 Size 0 Mode ref, Ref Stage 23, run, end, 9199870425423167
1787080804.587378, NoOp Chain Depth 64 Size 0 Mode ref, Ref Stage 24, run, start, 9199870425437295
1787080804.587397, NoOp Chain Depth 64 Size 0 Mode ref, Ref Stage 24, run, end, 9199870425456767
1787080804.587411, NoOp Chain Depth 64 Size 0 Mode ref, Ref Stage 25, run, start, 9199870425470767
1787080804.587431, NoOp Chain Depth 64 Size 0 Mode ref, Ref Stage 25, run, end, 9199870425490351
1787080804.587445, NoOp Chain Depth 64 Size 0 Mode ref, Ref Stage 26, run, start, 9199870425504495
1787080804.587464, NoOp Chain Depth 64 Size 0 Mode ref, Ref Stage 26, run, end, 9199870425523807
1787080804.587479, NoOp Chain Depth 64 Size 0 Mode ref, Ref Stage 27, run, start, 9199870425537775
1787080804.587498, NoOp Chain Depth 64 Size 0 Mode ref, Ref Stage 27, run, end, 9199870425557135
1787080804.587512, NoOp Chain Depth 64 Size 0 Mode ref, Ref Stage 28, run, start, 9199870425571119
1787080804.587532, NoOp Chain Depth 64 Size 0 Mode ref, Ref Stage 28, run, end, 9199870425590751
1787080804.587546, NoOp Chain Depth 64 Size 0 Mode ref, Ref Stage 29, run, start, 9199870425604783
1787080804.587565, NoOp Chain Depth 64 Size 0 Mode ref, Ref Stage 29, run, end, 9199870425624239
1787080804.587579, NoOp Chain Depth 64 Size 0 Mode ref, Ref Stage 30, run, start, 9199870425638495
1787080804.587599, NoOp Chain Depth 64 Size 0 Mode ref, Ref Stage 30, run, end, 9199870425658127
1787080804.587615, NoOp Chain Depth 64 Size 0 Mode ref, Ref Stage 31, run, start, 9199870425674783
1787080804.587637, NoOp Chain Depth 64 Size 0 Mode ref, Ref Stage 31, run, end, 9199870425696335
1787080804.587649, NoOp Chain Depth 64 Size 0 Mode ref, Ref Stage 32, run, start, 9199870425708239
1787080804.587682, NoOp Chain Depth 64 Size 0 Mode ref, Ref Stage 32, run, end, 9199870425741487
1787080804.587694, NoOp Chain Depth 64 Size 0 Mode ref, Ref Stage 33, run, start, 9199870425753359
1787080804.587726, NoOp Chain Depth 64 Size 0 Mode ref, Ref Stage 33, run, end, 9199870425785727
1787080804.587741, NoOp Chain Depth 64 Size 0 Mode ref, Ref Stage 34, run, start, 9199870425800223
1787080804.587762, NoOp Chain Depth 64 Size 0 Mode ref, Ref Stage 34, run, end, 9199870425821487
1787080804.587776, NoOp Chain Depth 64 Size 0 Mode ref, Ref Stage 35, run, start, 9199870425835871
1787080804.587796, NoOp Chain Depth 64 Size 0 Mode ref, Ref Stage 35, run, end, 9199870425855903
1787080804.587811, NoOp Chain Depth 64 Size 0 Mode ref, Ref Stage 36, run, start, 9199870425870223
1787080804.587831, NoOp Chain Depth 64 Size 0 Mode ref, Ref Stage 36, run, end, 9199870425890303
1787080804.587845, NoOp Chain Depth 64 Size 0 Mode ref, Ref Stage 37, run, start, 9199870425904655
1787080804.587865, NoOp Chain Depth 64 Size 0 Mode ref, Ref Stage 37, run, end, 9199870425924511
1787080804.587879, NoOp Chain Depth 64 Size 0 Mode ref, Ref Stage 38, run, start, 9199870425938831
1787080804.587900, NoOp Chain Depth 64 Size 0 Mode ref, Ref Stage 38, run, end, 9199870425959663
1787080804.587915, NoOp Chain Depth 64 Size 0 Mode ref, Ref Stage 39, run, start, 9199870425974207
1787080804.587935, NoOp Chain Depth 64 Size 0 Mode ref, Ref Stage 39, run, end, 9199870425994047
1787080804.587952, NoOp Chain Depth 64 Size 0 Mode ref, Ref Stage 40, run, start, 9199870426011759
1787080804.587975, NoOp Chain Depth 64 Size 0 Mode ref, Ref Stage 40, run, end, 9199870426033919
1787080804.587990, NoOp Chain Depth 64 Size 0 Mode ref, Ref Stage 41, run, start, 9199870426049423
1787080804.588010, NoOp Chain Depth 64 Size 0 Mode ref, Ref Stage 41, run, end, 9199870426069487
1787080804.588025, NoOp Chain Depth 64 Size 0 Mode ref, Ref Stage 42, run, start, 9199870426084463
1787080804.588045, NoOp Chain Depth 64 Size 0 Mode ref, Ref Stage 42, run, end, 9199870426104511
1787080804.588059, NoOp Chain Depth 64 Size 0 Mode ref, Ref Stage 43, run, start, 9199870426118815
1787080804.588079, NoOp Chain Depth 64 Size 0 Mode ref, Ref Stage 43, run, end, 9199870426138111
1787080804.588570, NoOp Chain Depth 64 Size 0 Mode ref, Ref Stage 44, run, start, 9199870426630351
1787080804.588594, NoOp Chain Depth 64 Size 0 Mode ref, Ref Stage 44, run, end, 9199870426653311
1787080804.588609, NoOp Chain Depth 64 Size 0 Mode ref, Ref Stage 45, run, start, 9199870426668079
1787080804.588629, NoOp Chain Depth 64 Size 0 Mode ref, Ref Stage 45, run, end, 9199870426687999
1787080804.588643, NoOp Chain Depth 64 Size 0 Mode ref, Ref Stage 46, run, start, 9199870426702543
1787080804.588663, NoOp Chain Depth 64 Size 0 Mode ref, Ref Stage 46, run, end, 9199870426722159
1787080804.588677, NoOp Chain Depth 64 Size 0 Mode ref, Ref Stage 47, run, start, 9199870426736527
1787080804.588699, NoOp Chain Depth 64 Size 0 Mode ref, Ref Stage 47, run, end, 9199870426758111
1787080804.588710, NoOp Chain Depth 64 Size 0 Mode ref, Ref Stage 48, run, start, 9199870426769775
1787080804.588740, NoOp Chain Depth 64 Size 0 Mode ref, Ref Stage 48, run, end, 9199870426799487
1787080804.588755, NoOp Chain Depth 64 Size 0 Mode ref, Ref Stage 49, run, start, 9199870426814127
1787080804.588775, NoOp Chain Depth 64 Size 0 Mode ref, Ref Stage 49, run, end, 9199870426834143
1787080804.588790, NoOp Chain Depth 64 Size 0 Mode ref, Ref Stage 50, run, start, 9199870426849151
1787080804.588812, NoOp Chain Depth 64 Size 0 Mode ref, Ref Stage 50, run, end, 9199870426870911
1787080804.588826, NoOp Chain Depth 64 Size 0 Mode ref, Ref Stage 51, run, start, 9199870426885679
1787080804.588846, NoOp Chain Depth 64 Size 0 Mode ref, Ref Stage 51, run, end, 9199870426905503
1787080804.588862, NoOp Chain Depth 64 Size 0 Mode ref, Ref Stage 52, run, start, 9199870426921871
1787080804.588882, NoOp Chain Depth 64 Size 0 Mode ref, Ref Stage 52, run, end, 9199870426941775
1787080804.588897, NoOp Chain Depth 64 Size 0 Mode ref, Ref Stage 53, run, start, 9199870426956111
1787080804.588918, NoOp Chain Depth 64 Size 0 Mode ref, Ref Stage 53, run, end, 9199870426977183
1787080804.588932, NoOp Chain Depth 64 Size 0 Mode ref, Ref Stage 54, run, start, 9199870426991615
1787080804.588953, NoOp Chain Depth 64 Size 0 Mode ref, Ref Stage 54, run, end, 9199870427013039
1787080804.588971, NoOp Chain Depth 64 Size 0 Mode ref, Ref Stage 55, run, start, 9199870427030335
1787080804.588992, NoOp Chain Depth 64 Size 0 Mode ref, Ref Stage 55, run, end, 9199870427051119
1787080804.589006, NoOp Chain Depth 64 Size 0 Mode ref, Ref Stage 56, run, start, 9199870427065439
1787080804.589026, NoOp Chain Depth 64 Size 0 Mode ref, Ref Stage 56, run, end, 9199870427085167
1787080804.589040, NoOp Chain Depth 64 Size 0 Mode ref, Ref Stage 57, run, start, 9199870427099551
1787080804.589060, NoOp Chain Depth 64 Size 0 Mode ref, Ref Stage 57, run, end, 9199870427118991
1787080804.589075, NoOp Chain Depth 64 Size 0 Mode ref, Ref Stage 58, run, start, 9199870427134463
1787080804.589095, NoOp Chain Depth 64 Size 0 Mode ref, Ref Stage 58, run, end, 9199870427154095
1787080804.589109, NoOp Chain Depth 64 Size 0 Mode ref, Ref Stage 59, run, start, 9199870427168479
1787080804.589129, NoOp Chain Depth 64 Size 0 Mode ref, Ref Stage 59, run, end, 9199870427188191
1787080804.589143, NoOp Chain Depth 64 Size 0 Mode ref, Ref Stage 60, run, start, 9199870427202607
1787080804.589163, NoOp Chain Depth 64 Size 0 Mode ref, Ref Stage 60, run, end, 9199870427222591
1787080804.589179, NoOp Chain Depth 64 Size 0 Mode ref, Ref Stage 61, run, start, 9199870427237983
1787080804.589198, NoOp Chain Depth 64 Size 0 Mode ref, Ref Stage 61, run, end, 9199870427257615
1787080804.589213, NoOp Chain Depth 64 Size 0 Mode ref, Ref Stage 62, run, start, 9199870427271887
1787080804.589234, NoOp Chain Depth 64 Size 0 Mode ref, Ref Stage 62, run, end, 9199870427293007
1787080804.590090, NoOp Chain Depth 64 Size 0 Mode ref, Ref Stage 63, run, start, 9199870428149903
1787080804.590113, NoOp Chain Depth 64 Size 0 Mode ref, Ref Stage 63, run, end, 9199870428172495
1787080804.590129, NoOp Chain Depth 64 Size 0 Mode ref, pipeline - train, run, end, 168388964240466893156756753552607788764, 1787080804.585851, 47, 1, 9199870428188287
1787080804.590165, NoOp Chain Depth 64 Size 0 Mode ref, pipeline - train, run, start, 266541242374078499885038625701180126203, 1787080804.590154, 48, 1, 9199870428224559
1787080804.590188, NoOp Chain Depth 64 Size 0 Mode ref, Ref Stage 0, run, start, 9199870428246847
1787080804.590208, NoOp Chain Depth 64 Size 0 Mode ref, Ref Stage 0, run, end, 9199870428266927
1787080804.590222, NoOp Chain Depth 64 Size 0 Mode ref, Ref Stage 1, run, start, 9199870428281535
1787080804.590242, NoOp Chain Depth 64 Size 0 Mode ref, Ref Stage 1, run, end, 9199870428301055
1787080804.590256, NoOp Chain Depth 64 Size 0 Mode ref, Ref Stage 2, run, start, 9199870428315503
1787080804.590276, NoOp Chain Depth 64 Size 0 Mode ref, Ref Stage 2, run, end, 9199870428335311
1787080804.590291, NoOp Chain Depth 64 Size 0 Mode ref, Ref Stage 3, run, start, 9199870428349663
1787080804.590310, NoOp Chain Depth 64 Size 0 Mode ref, Ref Stage 3, run, end, 9199870428369567
1787080804.590325, NoOp Chain Depth 64 Size 0 Mode ref, Ref Stage 4, run, start, 9199870428383967
1787080804.590345, NoOp Chain Depth 64 Size 0 Mode ref, Ref Stage 4, run, end, 9199870428404047
1787080804.590359, NoOp Chain Depth 64 Size 0 Mode ref, Ref Stage 5, run, start, 9199870428418719
1787080804.590381, NoOp Chain Depth 64 Size 0 Mode ref, Ref Stage 5, run, end, 9199870428440303
1787080804.590395, NoOp Chain Depth 64 Size 0 Mode ref, Ref Stage 6, run, start, 9199870428454767
1787080804.590415, NoOp Chain Depth 64 Size 0 Mode ref, Ref Stage 6, run, end, 9199870428474063
1787080804.590429, NoOp Chain Depth 64 Size 0 Mode ref, Ref Stage 7, run, start, 9199870428488511
1787080804.590453, NoOp Chain Depth 64 Size 0 Mode ref, Ref Stage 7, run, end, 9199870428511951
1787080804.590467, NoOp Chain Depth 64 Size 0 Mode ref, Ref Stage 8, run, start, 9199870428526591
1787080804.590489, NoOp Chain Depth 64 Size 0 Mode ref, Ref Stage 8, run, end, 9199870428548207
1787080804.590616, NoOp Chain Depth 64 Size 0 Mode ref, Ref Stage 9, run, start, 9199870428675759
1787080804.590759, NoOp Chain Depth 64 Size 0 Mode ref, Ref Stage 9, run, end, 9199870428818703
1787080804.590774, NoOp Chain Depth 64 Size 0 Mode ref, Ref Stage 10, run, start, 9199870428833663
1787080804.590795, NoOp Chain Depth 64 Size 0 Mode ref, Ref Stage 10, run, end, 9199870428854175
1787080804.590810, NoOp Chain Depth 64 Size 0 Mode ref, Ref Stage 11, run, start, 9199870428868879
1787080804.590831, NoOp Chain Depth 64 Size 0 Mode ref, Ref Stage 11, run, end, 9199870428890639
1787080804.590843, NoOp Chain Depth 64 Size 0 Mode ref, Ref Stage 12, run, start, 9199870428902351
1787080804.590873, NoOp Chain Depth 64 Size 0 Mode ref, Ref Stage 12, run, end, 9199870428932079
1787080804.590887, NoOp Chain Depth 64 Size 0 Mode ref, Ref Stage 13, run, start, 9199870428946639
1787080804.590907, NoOp Chain Depth 64 Size 0 Mode ref, Ref Stage 13, run, end, 9199870428966479
1787080804.590921, NoOp Chain Depth 64 Size 0 Mode ref, Ref Stage 14, run, start, 9199870428980879
1787080804.590942, NoOp Chain Depth 64 Size 0 Mode ref, Ref Stage 14, run, end, 9199870429002927
1787080804.590959, NoOp Chain Depth 64 Size 0 Mode ref, Ref Stage 15, run, start, 9199870429018559
1787080804.590980, NoOp Chain Depth 64 Size 0 Mode ref, Ref Stage 15, run, end, 9199870429038751
1787080804.590994, NoOp Chain Depth 64 Size 0 Mode ref, Ref Stage 16, run, start, 9199870429053343
1787080804.591014, NoOp Chain Depth 64 Size 0 Mode ref, Ref Stage 16, run, end, 9199870429073471
1787080804.591030, NoOp Chain Depth 64 Size 0 Mode ref, Ref Stage 17, run, start, 9199870429089631
1787080804.591050, NoOp Chain Depth 64 Size 0 Mode ref, Ref Stage 17, run, end, 9199870429109727
1787080804.591066, NoOp Chain Depth 64 Size 0 Mode ref, Ref Stage 18, run, start, 9199870429125455
1787080804.591088, NoOp Chain Depth 64 Size 0 Mode ref, Ref Stage 18, run, end, 9199870429147583
1787080804.591100, NoOp Chain Depth 64 Size 0 Mode ref, Ref Stage 19, run, start, 9199870429159535
1787080804.591132, NoOp Chain Depth 64 Size 0 Mode ref, Ref Stage 19, run, end, 9199870429190991
1787080804.591147, NoOp Chain Depth 64 Size 0 Mode ref, Ref Stage 20, run, start, 9199870429206415
1787080804.591169, NoOp Chain Depth 64 Size 0 Mode ref, Ref Stage 20, run, end, 9199870429228223
1787080804.591181, NoOp Chain Depth 64 Size 0 Mode ref, Ref Stage 21, run, start, 9199870429240127
1787080804.594643, NoOp Chain Depth 64 Size 0 Mode ref, Ref Stage 21, run, end, 9199870432703855
1787080804.594660, NoOp Chain Depth 64 Size 0 Mode ref, Ref Stage 22, run, start, 9199870432720015
1787080804.594681, NoOp Chain Depth 64 Size 0 Mode ref, Ref Stage 22, run, end, 9199870432740319
1787080804.594696, NoOp Chain Depth 64 Size 0 Mode ref, Ref Stage 23, run, start, 9199870432754943
1787080804.594716, NoOp Chain Depth 64 Size 0 Mode ref, Ref Stage 23, run, end, 9199870432774847
1787080804.594730, NoOp Chain Depth 64 Size 0 Mode ref, Ref Stage 24, run, start, 9199870432789151
1787080804.594749, NoOp Chain Depth 64 Size 0 Mode ref, Ref Stage 24, run, end, 9199870432808639
1787080804.594764, NoOp Chain Depth 64 Size 0 Mode ref, Ref Stage 25, run, start, 9199870432823023
1787080804.594784, NoOp Chain Depth 64 Size 0 Mode ref, Ref Stage 25, run, end, 9199870432843023
1787080804.594798, NoOp Chain Depth 64 Size 0 Mode ref, Ref Stage 26, run, start, 9199870432857167
1787080804.594818, NoOp Chain Depth 64 Size 0 Mode ref, Ref Stage 26, run, end, 9199870432877007
1787080804.594832, NoOp Chain Depth 64 Size 0 Mode ref, Ref Stage 27, run, start, 9199870432891327
1787080804.594851, NoOp Chain Depth 64 Size 0 Mode ref, Ref Stage 27, run, end, 9199870432910815
1787080804.594868, NoOp Chain Depth 64 Size 0 Mode ref, Ref Stage 28, run, start, 9199870432927087
1787080804.594887, NoOp Chain Depth 64 Size 0 Mode ref, Ref Stage 28, run, end, 9199870432946479
1787080804.594902, NoOp Chain Depth 64 Size 0 Mode ref, Ref Stage 29, run, start, 9199870432960831
1787080804.594922, NoOp Chain Depth 64 Size 0 Mode ref, Ref Stage 29, run, end, 9199870432980895
1787080804.594936, NoOp Chain Depth 64 Size 0 Mode ref, Ref Stage 30, run, start, 9199870432995407
1787080804.594958, NoOp Chain Depth 64 Size 0 Mode ref, Ref Stage 30, run, end, 9199870433016975
1787080804.594972, NoOp Chain Depth 64 Size 0 Mode ref, Ref Stage 31, run, start, 9199870433031775
1787080804.594992, NoOp Chain Depth 64 Size 0 Mode ref, Ref Stage 31, run, end, 9199870433051535
1787080804.595007, NoOp Chain Depth 64 Size 0 Mode ref, Ref Stage 32, run, start, 9199870433066031
1787080804.595026, NoOp Chain Depth 64 Size 0 Mode ref, Ref Stage 32, run, end, 9199870433085807
1787080804.595041, NoOp Chain Depth 64 Size 0 Mode ref, Ref Stage 33, run, start, 9199870433100303
1787080804.595063, NoOp Chain Depth 64 Size 0 Mode ref, Ref Stage 33, run, end, 9199870433122031
1787080804.595074, NoOp Chain Depth 64 Size 0 Mode ref, Ref Stage 34, run, start, 9199870433133807
1787080804.595104, NoOp Chain Depth 64 Size 0 Mode ref, Ref Stage 34, run, end, 9199870433163775
1787080804.595119, NoOp Chain Depth 64 Size 0 Mode ref, Ref Stage 35, run, start, 9199870433178127
1787080804.595139, NoOp Chain Depth 64 Size 0 Mode ref, Ref Stage 35, run, end, 9199870433197823
1787080804.595153, NoOp Chain Depth 64 Size 0 Mode ref, Ref Stage 36, run, start, 9199870433212271
1787080804.595173, NoOp Chain Depth 64 Size 0 Mode ref, Ref Stage 36, run, end, 9199870433232127
1787080804.595187, NoOp Chain Depth 64 Size 0 Mode ref, Ref Stage 37, run, start, 9199870433246751
1787080804.595208, NoOp Chain Depth 64 Size 0 Mode ref, Ref Stage 37, run, end, 9199870433266879
1787080804.595222, NoOp Chain Depth 64 Size 0 Mode ref, Ref Stage 38, run, start, 9199870433281359
1787080804.595242, NoOp Chain Depth 64 Size 0 Mode ref, Ref Stage 38, run, end, 9199870433300895
1787080804.595256, NoOp Chain Depth 64 Size 0 Mode ref, Ref Stage 39, run, start, 9199870433315183
1787080804.595276, NoOp Chain Depth 64 Size 0 Mode ref, Ref Stage 39, run, end, 9199870433334879
1787080804.595290, NoOp Chain Depth 64 Size 0 Mode ref, Ref Stage 40, run, start, 9199870433349231
1787080804.595310, NoOp Chain Depth 64 Size 0 Mode ref, Ref Stage 40, run, end, 9199870433369007
1787080804.595324, NoOp Chain Depth 64 Size 0 Mode ref, Ref Stage 41, run, start, 9199870433383103
1787080804.595343, NoOp Chain Depth 64 Size 0 Mode ref, Ref Stage 41, run, end, 9199870433402575
1787080804.595357, NoOp Chain Depth 64 Size 0 Mode ref, Ref Stage 42, run, start, 9199870433416847
1787080804.595378, NoOp Chain Depth 64 Size 0 Mode ref, Ref Stage 42, run, end, 9199870433436831
1787080804.595392, NoOp Chain Depth 64 Size 0 Mode ref, Ref Stage 43, run, start, 9199870433451903
1787080804.595476, NoOp Chain Depth 64 Size 0 Mode ref, Ref Stage 43, run, end, 9199870433536623
1787080804.595490, NoOp Chain Depth 64 Size 0 Mode ref, Ref Stage 44, run, start, 9199870433549359
1787080804.595651, NoOp Chain Depth 64 Size 0 Mode ref, Ref Stage 44, run, end, 9199870433710207
1787080804.595666, NoOp Chain Depth 64 Size 0 Mode ref, Ref Stage 45, run, start, 9199870433724959
1787080804.595686, NoOp Chain Depth 64 Size 0 Mode ref, Ref Stage 45, run, end, 9199870433745231
1787080804.595701, NoOp Chain Depth 64 Size 0 Mode ref, Ref Stage 46, run, start, 9199870433760015
1787080804.595721, NoOp Chain Depth 64 Size 0 Mode ref, Ref Stage 46, run, end, 9199870433780127
1787080804.595735, NoOp Chain Depth 64 Size 0 Mode ref, Ref Stage 47, run, start, 9199870433794623
1787080804.595757, NoOp Chain Depth 64 Size 0 Mode ref, Ref Stage 47, run, end, 9199870433816223
1787080804.595769, NoOp Chain Depth 64 Size 0 Mode ref, Ref Stage 48, run, start, 9199870433828431
1787080804.595799, NoOp Chain Depth 64 Size 0 Mode ref, Ref Stage 48, run, end, 9199870433858351
1787080804.595816, NoOp Chain Depth 64 Size 0 Mode ref, Ref Stage 49, run, start, 9199870433875231
1787080804.595836, NoOp Chain Depth 64 Size 0 Mode ref, Ref Stage 49, run, end, 9199870433895519
1787080804.595851, NoOp Chain Depth 64 Size 0 Mode ref, Ref Stage 50, run, start, 9199870433910127
1787080804.595871, NoOp Chain Depth 64 Size 0 Mode ref, Ref Stage 50, run, end, 9199870433930063
1787080804.595885, NoOp Chain Depth 64 Size 0 Mode ref, Ref Stage 51, run, start, 9199870433944479
1787080804.595905, NoOp Chain Depth 64 Size 0 Mode ref, Ref Stage 51, run, end, 9199870433964367
1787080804.595919, NoOp Chain Depth 64 Size 0 Mode ref, Ref Stage 52, run, start, 9199870433978623
1787080804.595940, NoOp Chain Depth 64 Size 0 Mode ref, Ref Stage 52, run, end, 9199870433998911
1787080804.595956, NoOp Chain Depth 64 Size 0 Mode ref, Ref Stage 53, run, start, 9199870434015663
1787080804.595977, NoOp Chain Depth 64 Size 0 Mode ref, Ref Stage 53, run, end, 9199870434036031
1787080804.595991, NoOp Chain Depth 64 Size 0 Mode ref, Ref Stage 54, run, start, 9199870434050447
1787080804.596011, NoOp Chain Depth 64 Size 0 Mode ref, Ref Stage 54, run, end, 9199870434070319
1787080804.596026, NoOp Chain Depth 64 Size 0 Mode ref, Ref Stage 55, run, start, 9199870434084799
1787080804.596045, NoOp Chain Depth 64 Size 0 Mode ref, Ref Stage 55, run, end, 9199870434104543
1787080804.596059, NoOp Chain Depth 64 Size 0 Mode ref, Ref Stage 56, run, start, 9199870434118815
1787080804.596079, NoOp Chain Depth 64 Size 0 Mode ref, Ref Stage 56, run, end, 9199870434138671
1787080804.596094, NoOp Chain Depth 64 Size 0 Mode ref, Ref Stage 57, run, start, 9199870434153151
1787080804.596114, NoOp Chain Depth 64 Size 0 Mode ref, Ref Stage 57, run, end, 9199870434172831
1787080804.596128, NoOp Chain Depth 64 Size 0 Mode ref, Ref Stage 58, run, start, 9199870434187407
1787080804.596148, NoOp Chain Depth 64 Size 0 Mode ref, Ref Stage 58, run, end, 9199870434207279
1787080804.596163, NoOp Chain Depth 64 Size 0 Mode ref, Ref Stage 59, run, start, 9199870434222543
1787080804.596183, NoOp Chain Depth 64 Size 0 Mode ref, Ref Stage 59, run, end, 9199870434242175
1787080804.596197, NoOp Chain Depth 64 Size 0 Mode ref, Ref Stage 60, run, start, 9199870434256719
1787080804.596217, NoOp Chain Depth 64 Size 0 Mode ref, Ref Stage 60, run, end, 9199870434276287
1787080804.596231, NoOp Chain Depth 64 Size 0 Mode ref, Ref Stage 61, run, start, 9199870434290831
1787080804.596253, NoOp Chain Depth 64 Size 0 Mode ref, Ref Stage 61, run, end, 9199870434312015
1787080804.596265, NoOp Chain Depth 64 Size 0 Mode ref, Ref Stage 62, run, start, 9199870434323919
1787080804.596294, NoOp Chain Depth 64 Size 0 Mode ref, Ref Stage 62, run, end, 9199870434353695
1787080804.596309, NoOp Chain Depth 64 Size 0 Mode ref, Ref Stage 63, run, start, 9199870434368479
1787080804.596329, NoOp Chain Depth 64 Size 0 Mode ref, Ref Stage 63, run, end, 9199870434387967
1787080804.596344, NoOp Chain Depth 64 Size 0 Mode ref, pipeline - train, run, end, 266541242374078499885038625701180126203, 1787080804.590154, 48, 1, 9199870434402911
1787080804.596379, NoOp Chain Depth 64 Size 0 Mode ref, pipeline - train, run, start, 102472810939174855624261165700367803555, 1787080804.596369, 49, 1, 9199870434439103
1787080804.596402, NoOp Chain Depth 64 Size 0 Mode ref, Ref Stage 0, run, start, 9199870434461007
1787080804.596422, NoOp Chain Depth 64 Size 0 Mode ref, Ref Stage 0, run, end, 9199870434480927
1787080804.596436, NoOp Chain Depth 64 Size 0 Mode ref, Ref Stage 1, run, start, 9199870434495519
1787080804.596457, NoOp Chain Depth 64 Size 0 Mode ref, Ref Stage 1, run, end, 9199870434516687
1787080804.596472, NoOp Chain Depth 64 Size 0 Mode ref, Ref Stage 2, run, start, 9199870434531343
1787080804.596492, NoOp Chain Depth 64 Size 0 Mode ref, Ref Stage 2, run, end, 9199870434551119
1787080804.596506, NoOp Chain Depth 64 Size 0 Mode ref, Ref Stage 3, run, start, 9199870434565647
1787080804.596526, NoOp Chain Depth 64 Size 0 Mode ref, Ref Stage 3, run, end, 9199870434585279
1787080804.596540, NoOp Chain Depth 64 Size 0 Mode ref, Ref Stage 4, run, start, 9199870434599647
1787080804.596563, NoOp Chain Depth 64 Size 0 Mode ref, Ref Stage 4, run, end, 9199870434622063
1787080804.596577, NoOp Chain Depth 64 Size 0 Mode ref, Ref Stage 5, run, start, 9199870434636351
1787080804.596597, NoOp Chain Depth 64 Size 0 Mode ref, Ref Stage 5, run, end, 9199870434656079
1787080804.596611, NoOp Chain Depth 64 Size 0 Mode ref, Ref Stage 6, run, start, 9199870434670575
1787080804.596632, NoOp Chain Depth 64 Size 0 Mode ref, Ref Stage 6, run, end, 9199870434691312
1787080804.596648, NoOp Chain Depth 64 Size 0 Mode ref, Ref Stage 7, run, start, 9199870434706576
1787080804.596667, NoOp Chain Depth 64 Size 0 Mode ref, Ref Stage 7, run, end, 9199870434726384
1787080804.596683, NoOp Chain Depth 64 Size 0 Mode ref, Ref Stage 8, run, start, 9199870434741696
1787080804.596704, NoOp Chain Depth 64 Size 0 Mode ref, Ref Stage 8, run, end, 9199870434762704
1787080804.597100, NoOp Chain Depth 64 Size 0 Mode ref, Ref Stage 9, run, start, 9199870435159792
1787080804.597246, NoOp Chain Depth 64 Size 0 Mode ref, Ref Stage 9, run, end, 9199870435305136
1787080804.597261, NoOp Chain Depth 64 Size 0 Mode ref, Ref Stage 10, run, start, 9199870435320480
1787080804.597282, NoOp Chain Depth 64 Size 0 Mode ref, Ref Stage 10, run, end, 9199870435341040
1787080804.597297, NoOp Chain Depth 64 Size 0 Mode ref, Ref Stage 11, run, start, 9199870435355984
1787080804.597317, NoOp Chain Depth 64 Size 0 Mode ref, Ref Stage 11, run, end, 9199870435376208
1787080804.597332, NoOp Chain Depth 64 Size 0 Mode ref, Ref Stage 12, run, start, 9199870435390640
1787080804.597351, NoOp Chain Depth 64 Size 0 Mode ref, Ref Stage 12, run, end, 9199870435410336
1787080804.597366, NoOp Chain Depth 64 Size 0 Mode ref, Ref Stage 13, run, start, 9199870435424864
1787080804.597385, NoOp Chain Depth 64 Size 0 Mode ref, Ref Stage 13, run, end, 9199870435444560
1787080804.597399, NoOp Chain Depth 64 Size 0 Mode ref, Ref Stage 14, run, start, 9199870435458880
1787080804.597419, NoOp Chain Depth 64 Size 0 Mode ref, Ref Stage 14, run, end, 9199870435478336
1787080804.597433, NoOp Chain Depth 64 Size 0 Mode ref, Ref Stage 15, run, start, 9199870435492704
1787080804.597453, NoOp Chain Depth 64 Size 0 Mode ref, Ref Stage 15, run, end, 9199870435512752
1787080804.597468, NoOp Chain Depth 64 Size 0 Mode ref, Ref Stage 16, run, start, 9199870435527088
1787080804.597489, NoOp Chain Depth 64 Size 0 Mode ref, Ref Stage 16, run, end, 9199870435548496
1787080804.597504, NoOp Chain Depth 64 Size 0 Mode ref, Ref Stage 17, run, start, 9199870435563088
1787080804.597524, NoOp Chain Depth 64 Size 0 Mode ref, Ref Stage 17, run, end, 9199870435583504
1787080804.597539, NoOp Chain Depth 64 Size 0 Mode ref, Ref Stage 18, run, start, 9199870435598048
1787080804.597558, NoOp Chain Depth 64 Size 0 Mode ref, Ref Stage 18, run, end, 9199870435617760
1787080804.597573, NoOp Chain Depth 64 Size 0 Mode ref, Ref Stage 19, run, start, 9199870435631952
1787080804.597594, NoOp Chain Depth 64 Size 0 Mode ref, Ref Stage 19, run, end, 9199870435653264
1787080804.597606, NoOp Chain Depth 64 Size 0 Mode ref, Ref Stage 20, run, start, 9199870435665248
1787080804.597636, NoOp Chain Depth 64 Size 0 Mode ref, Ref Stage 20, run, end, 9199870435695136
1787080804.597650, NoOp Chain Depth 64 Size 0 Mode ref, Ref Stage 21, run, start, 9199870435709536
1787080804.597672, NoOp Chain Depth 64 Size 0 Mode ref, Ref Stage 21, run, end, 9199870435730608
1787080804.597686, NoOp Chain Depth 64 Size 0 Mode ref, Ref Stage 22, run, start, 9199870435745456
1787080804.597706, NoOp Chain Depth 64 Size 0 Mode ref, Ref Stage 22, run, end, 9199870435765200
1787080804.597720, NoOp Chain Depth 64 Size 0 Mode ref, Ref Stage 23, run, start, 9199870435779360
1787080804.597741, NoOp Chain Depth 64 Size 0 Mode ref, Ref Stage 23, run, end, 9199870435800320
1787080804.597755, NoOp Chain Depth 64 Size 0 Mode ref, Ref Stage 24, run, start, 9199870435814768
1787080804.597775, NoOp Chain Depth 64 Size 0 Mode ref, Ref Stage 24, run, end, 9199870435834336
1787080804.597789, NoOp Chain Depth 64 Size 0 Mode ref, Ref Stage 25, run, start, 9199870435848512
1787080804.597811, NoOp Chain Depth 64 Size 0 Mode ref, Ref Stage 25, run, end, 9199870435870096
1787080804.597825, NoOp Chain Depth 64 Size 0 Mode ref, Ref Stage 26, run, start, 9199870435884272
1787080804.597849, NoOp Chain Depth 64 Size 0 Mode ref, Ref Stage 26, run, end, 9199870435908624
1787080804.597864, NoOp Chain Depth 64 Size 0 Mode ref, Ref Stage 27, run, start, 9199870435923072
1787080804.597884, NoOp Chain Depth 64 Size 0 Mode ref, Ref Stage 27, run, end, 9199870435942848
1787080804.597899, NoOp Chain Depth 64 Size 0 Mode ref, Ref Stage 28, run, start, 9199870435958144
1787080804.597919, NoOp Chain Depth 64 Size 0 Mode ref, Ref Stage 28, run, end, 9199870435977952
1787080804.597933, NoOp Chain Depth 64 Size 0 Mode ref, Ref Stage 29, run, start, 9199870435992720
1787080804.597956, NoOp Chain Depth 64 Size 0 Mode ref, Ref Stage 29, run, end, 9199870436015248
1787080804.597971, NoOp Chain Depth 64 Size 0 Mode ref, Ref Stage 30, run, start, 9199870436030272
1787080804.597991, NoOp Chain Depth 64 Size 0 Mode ref, Ref Stage 30, run, end, 9199870436050384
1787080804.598005, NoOp Chain Depth 64 Size 0 Mode ref, Ref Stage 31, run, start, 9199870436064480
1787080804.598097, NoOp Chain Depth 64 Size 0 Mode ref, Ref Stage 31, run, end, 9199870436156864
1787080804.598114, NoOp Chain Depth 64 Size 0 Mode ref, Ref Stage 32, run, start, 9199870436173808
1787080804.598608, NoOp Chain Depth 64 Size 0 Mode ref, Ref Stage 32, run, end, 9199870436668656
1787080804.598743, NoOp Chain Depth 64 Size 0 Mode ref, Ref Stage 33, run, start, 9199870436803328
1787080804.598767, NoOp Chain Depth 64 Size 0 Mode ref, Ref Stage 33, run, end, 9199870436826176
1787080804.598782, NoOp Chain Depth 64 Size 0 Mode ref, Ref Stage 34, run, start, 9199870436841712
1787080804.598805, NoOp Chain Depth 64 Size 0 Mode ref, Ref Stage 34, run, end, 9199870436864528
1787080804.598817, NoOp Chain Depth 64 Size 0 Mode ref, Ref Stage 35, run, start, 9199870436876544
1787080804.598848, NoOp Chain Depth 64 Size 0 Mode ref, Ref Stage 35, run, end, 9199870436907504
1787080804.598863, NoOp Chain Depth 64 Size 0 Mode ref, Ref Stage 36, run, start, 9199870436922320
1787080804.598884, NoOp Chain Depth 64 Size 0 Mode ref, Ref Stage 36, run, end, 9199870436943008
1787080804.598898, NoOp Chain Depth 64 Size 0 Mode ref, Ref Stage 37, run, start, 9199870436957696
1787080804.598919, NoOp Chain Depth 64 Size 0 Mode ref, Ref Stage 37, run, end, 9199870436978128
1787080804.598933, NoOp Chain Depth 64 Size 0 Mode ref, Ref Stage 38, run, start, 9199870436992816
1787080804.598956, NoOp Chain Depth 64 Size 0 Mode ref, Ref Stage 38, run, end, 9199870437015008
1787080804.598971, NoOp Chain Depth 64 Size 0 Mode ref, Ref Stage 39, run, start, 9199870437030816
1787080804.598992, NoOp Chain Depth 64 Size 0 Mode ref, Ref Stage 39, run, end, 9199870437051776
1787080804.599007, NoOp Chain Depth 64 Size 0 Mode ref, Ref Stage 40, run, start, 9199870437066544
1787080804.599028, NoOp Chain Depth 64 Size 0 Mode ref, Ref Stage 40, run, end, 9199870437087424
1787080804.599044, NoOp Chain Depth 64 Size 0 Mode ref, Ref Stage 41, run, start, 9199870437103040
1787080804.599064, NoOp Chain Depth 64 Size 0 Mode ref, Ref Stage 41, run, end, 9199870437123456
1787080804.599079, NoOp Chain Depth 64 Size 0 Mode ref, Ref Stage 42, run, start, 9199870437138272
1787080804.599100, NoOp Chain Depth 64 Size 0 Mode ref, Ref Stage 42, run, end, 9199870437159424
1787080804.599115, NoOp Chain Depth 64 Size 0 Mode ref, Ref Stage 43, run, start, 9199870437174464
1787080804.599500, NoOp Chain Depth 64 Size 0 Mode ref, Ref Stage 43, run, end, 9199870437559632
1787080804.599638, NoOp Chain Depth 64 Size 0 Mode ref, Ref Stage 44, run, start, 9199870437697312
1787080804.599659, NoOp Chain Depth 64 Size 0 Mode ref, Ref Stage 44, run, end, 9199870437718928
1787080804.599674, NoOp Chain Depth 64 Size 0 Mode ref, Ref Stage 45, run, start, 9199870437733904
1787080804.599695, NoOp Chain Depth 64 Size 0 Mode ref, Ref Stage 45, run, end, 9199870437754352
1787080804.599715, NoOp Chain Depth 64 Size 0 Mode ref, Ref Stage 46, run, start, 9199870437774320
1787080804.599737, NoOp Chain Depth 64 Size 0 Mode ref, Ref Stage 46, run, end, 9199870437796128
1787080804.599749, NoOp Chain Depth 64 Size 0 Mode ref, Ref Stage 47, run, start, 9199870437807968
1787080804.599781, NoOp Chain Depth 64 Size 0 Mode ref, Ref Stage 47, run, end, 9199870437839952
1787080804.599792, NoOp Chain Depth 64 Size 0 Mode ref, Ref Stage 48, run, start, 9199870437851808
1787080804.599823, NoOp Chain Depth 64 Size 0 Mode ref, Ref Stage 48, run, end, 9199870437882416
1787080804.599838, NoOp Chain Depth 64 Size 0 Mode ref, Ref Stage 49, run, start, 9199870437897232
1787080804.599858, NoOp Chain Depth 64 Size 0 Mode ref, Ref Stage 49, run, end, 9199870437917136
1787080804.599873, NoOp Chain Depth 64 Size 0 Mode ref, Ref Stage 50, run, start, 9199870437931808
1787080804.599893, NoOp Chain Depth 64 Size 0 Mode ref, Ref Stage 50, run, end, 9199870437952112
1787080804.599907, NoOp Chain Depth 64 Size 0 Mode ref, Ref Stage 51, run, start, 9199870437966720
1787080804.599928, NoOp Chain Depth 64 Size 0 Mode ref, Ref Stage 51, run, end, 9199870437986736
1787080804.599942, NoOp Chain Depth 64 Size 0 Mode ref, Ref Stage 52, run, start, 9199870438003248
1787080804.599965, NoOp Chain Depth 64 Size 0 Mode ref, Ref Stage 52, run, end, 9199870438023936
1787080804.599979, NoOp Chain Depth 64 Size 0 Mode ref, Ref Stage 53, run, start, 9199870438038448
1787080804.600000, NoOp Chain Depth 64 Size 0 Mode ref, Ref Stage 53, run, end, 9199870438059520
1787080804.600014, NoOp Chain Depth 64 Size 0 Mode ref, Ref Stage 54, run, start, 9199870438073680
1787080804.600034, NoOp Chain Depth 64 Size 0 Mode ref, Ref Stage 54, run, end, 9199870438093520
1787080804.600049, NoOp Chain Depth 64 Size 0 Mode ref, Ref Stage 55, run, start, 9199870438108016
1787080804.600068, NoOp Chain Depth 64 Size 0 Mode ref, Ref Stage 55, run, end, 9199870438127728
1787080804.600084, NoOp Chain Depth 64 Size 0 Mode ref, Ref Stage 56, run, start, 9199870438143216
1787080804.600104, NoOp Chain Depth 64 Size 0 Mode ref, Ref Stage 56, run, end, 9199870438163056
1787080804.600118, NoOp Chain Depth 64 Size 0 Mode ref, Ref Stage 57, run, start, 9199870438177424
1787080804.600138, NoOp Chain Depth 64 Size 0 Mode ref, Ref Stage 57, run, end, 9199870438198464
1787080804.600154, NoOp Chain Depth 64 Size 0 Mode ref, Ref Stage 58, run, start, 9199870438212928
1787080804.600175, NoOp Chain Depth 64 Size 0 Mode ref, Ref Stage 58, run, end, 9199870438234416
1787080804.600191, NoOp Chain Depth 64 Size 0 Mode ref, Ref Stage 59, run, start, 9199870438250000
1787080804.600210, NoOp Chain Depth 64 Size 0 Mode ref, Ref Stage 59, run, end, 9199870438269744
1787080804.600225, NoOp Chain Depth 64 Size 0 Mode ref, Ref Stage 60, run, start, 9199870438284272
1787080804.600245, NoOp Chain Depth 64 Size 0 Mode ref, Ref Stage 60, run, end, 9199870438304032
1787080804.600260, NoOp Chain Depth 64 Size 0 Mode ref, Ref Stage 61, run, start, 9199870438319744
1787080804.600283, NoOp Chain Depth 64 Size 0 Mode ref, Ref Stage 61, run, end, 9199870438342304
1787080804.600295, NoOp Chain Depth 64 Size 0 Mode ref, Ref Stage 62, run, start, 9199870438353904
1787080804.600325, NoOp Chain Depth 64 Size 0 Mode ref, Ref Stage 62, run, end, 9199870438383840
1787080804.600339, NoOp Chain Depth 64 Size 0 Mode ref, Ref Stage 63, run, start, 9199870438398432
1787080804.600359, NoOp Chain Depth 64 Size 0 Mode ref, Ref Stage 63, run, end, 9199870438418112
1787080804.600374, NoOp Chain Depth 64 Size 0 Mode ref, pipeline - train, run, end, 102472810939174855624261165700367803555, 1787080804.596369, 49, 1, 9199870438433056
1787080804.600409, NoOp Chain Depth 64 Size 0 Mode ref, pipeline - train, run, start, 102512369732489710458324029480605185424, 1787080804.600399, 50, 1, 9199870438468816
1787080804.600431, NoOp Chain Depth 64 Size 0 Mode ref, Ref Stage 0, run, start, 9199870438490576
1787080804.600451, NoOp Chain Depth 64 Size 0 Mode ref, Ref Stage 0, run, end, 9199870438510640
1787080804.600466, NoOp Chain Depth 64 Size 0 Mode ref, Ref Stage 1, run, start, 9199870438525232
1787080804.600488, NoOp Chain Depth 64 Size 0 Mode ref, Ref Stage 1, run, end, 9199870438547888
1787080804.600503, NoOp Chain Depth 64 Size 0 Mode ref, Ref Stage 2, run, start, 9199870438562176
1787080804.600523, NoOp Chain Depth 64 Size 0 Mode ref, Ref Stage 2, run, end, 9199870438581984
1787080804.600537, NoOp Chain Depth 64 Size 0 Mode ref, Ref Stage 3, run, start, 9199870438596496
1787080804.600557, NoOp Chain Depth 64 Size 0 Mode ref, Ref Stage 3, run, end, 9199870438616304
1787080804.600571, NoOp Chain Depth 64 Size 0 Mode ref, Ref Stage 4, run, start, 9199870438630544
1787080804.600591, NoOp Chain Depth 64 Size 0 Mode ref, Ref Stage 4, run, end, 9199870438650240
1787080804.600605, NoOp Chain Depth 64 Size 0 Mode ref, Ref Stage 5, run, start, 9199870438664688
1787080804.600625, NoOp Chain Depth 64 Size 0 Mode ref, Ref Stage 5, run, end, 9199870438684256
1787080804.600639, NoOp Chain Depth 64 Size 0 Mode ref, Ref Stage 6, run, start, 9199870438698592
1787080804.600660, NoOp Chain Depth 64 Size 0 Mode ref, Ref Stage 6, run, end, 9199870438719504
1787080804.600674, NoOp Chain Depth 64 Size 0 Mode ref, Ref Stage 7, run, start, 9199870438733744
1787080804.600697, NoOp Chain Depth 64 Size 0 Mode ref, Ref Stage 7, run, end, 9199870438756640
1787080804.600709, NoOp Chain Depth 64 Size 0 Mode ref, Ref Stage 8, run, start, 9199870438768224
1787080804.600739, NoOp Chain Depth 64 Size 0 Mode ref, Ref Stage 8, run, end, 9199870438798048
1787080804.600753, NoOp Chain Depth 64 Size 0 Mode ref, Ref Stage 9, run, start, 9199870438812544
1787080804.600773, NoOp Chain Depth 64 Size 0 Mode ref, Ref Stage 9, run, end, 9199870438832384
1787080804.600787, NoOp Chain Depth 64 Size 0 Mode ref, Ref Stage 10, run, start, 9199870438846816
1787080804.600807, NoOp Chain Depth 64 Size 0 Mode ref, Ref Stage 10, run, end, 9199870438866800
1787080804.600824, NoOp Chain Depth 64 Size 0 Mode ref, Ref Stage 11, run, start, 9199870438882784
1787080804.600844, NoOp Chain Depth 64 Size 0 Mode ref, Ref Stage 11, run, end, 9199870438903632
1787080804.600859, NoOp Chain Depth 64 Size 0 Mode ref, Ref Stage 12, run, start, 9199870438918176
1787080804.600880, NoOp Chain Depth 64 Size 0 Mode ref, Ref Stage 12, run, end, 9199870438939504
1787080804.601268, NoOp Chain Depth 64 Size 0 Mode ref, Ref Stage 13, run, start, 9199870439328384
1787080804.601410, NoOp Chain Depth 64 Size 0 Mode ref, Ref Stage 13, run, end, 9199870439469360
1787080804.601425, NoOp Chain Depth 64 Size 0 Mode ref, Ref Stage 14, run, start, 9199870439484816
1787080804.601446, NoOp Chain Depth 64 Size 0 Mode ref, Ref Stage 14, run, end, 9199870439505472
1787080804.601461, NoOp Chain Depth 64 Size 0 Mode ref, Ref Stage 15, run, start, 9199870439520528
1787080804.601481, NoOp Chain Depth 64 Size 0 Mode ref, Ref Stage 15, run, end, 9199870439540832
1787080804.601496, NoOp Chain Depth 64 Size 0 Mode ref, Ref Stage 16, run, start, 9199870439555808
1787080804.601517, NoOp Chain Depth 64 Size 0 Mode ref, Ref Stage 16, run, end, 9199870439576176
1787080804.601532, NoOp Chain Depth 64 Size 0 Mode ref, Ref Stage 17, run, start, 9199870439590992
1787080804.601552, NoOp Chain Depth 64 Size 0 Mode ref, Ref Stage 17, run, end, 9199870439611456
1787080804.601567, NoOp Chain Depth 64 Size 0 Mode ref, Ref Stage 18, run, start, 9199870439626416
1787080804.601588, NoOp Chain Depth 64 Size 0 Mode ref, Ref Stage 18, run, end, 9199870439646944
1787080804.601602, NoOp Chain Depth 64 Size 0 Mode ref, Ref Stage 19, run, start, 9199870439661712
1787080804.601625, NoOp Chain Depth 64 Size 0 Mode ref, Ref Stage 19, run, end, 9199870439684880
1787080804.601637, NoOp Chain Depth 64 Size 0 Mode ref, Ref Stage 20, run, start, 9199870439696928
1787080804.601669, NoOp Chain Depth 64 Size 0 Mode ref, Ref Stage 20, run, end, 9199870439730000
1787080804.601686, NoOp Chain Depth 64 Size 0 Mode ref, Ref Stage 21, run, start, 9199870439744992
1787080804.601706, NoOp Chain Depth 64 Size 0 Mode ref, Ref Stage 21, run, end, 9199870439765264
1787080804.601720, NoOp Chain Depth 64 Size 0 Mode ref, Ref Stage 22, run, start, 9199870439779808
1787080804.601743, NoOp Chain Depth 64 Size 0 Mode ref, Ref Stage 22, run, end, 9199870439802256
1787080804.601758, NoOp Chain Depth 64 Size 0 Mode ref, Ref Stage 23, run, start, 9199870439817328
1787080804.601779, NoOp Chain Depth 64 Size 0 Mode ref, Ref Stage 23, run, end, 9199870439838944
1787080804.601794, NoOp Chain Depth 64 Size 0 Mode ref, Ref Stage 24, run, start, 9199870439853424
1787080804.601815, NoOp Chain Depth 64 Size 0 Mode ref, Ref Stage 24, run, end, 9199870439873792
1787080804.601829, NoOp Chain Depth 64 Size 0 Mode ref, Ref Stage 25, run, start, 9199870439888384
1787080804.601849, NoOp Chain Depth 64 Size 0 Mode ref, Ref Stage 25, run, end, 9199870439908624
1787080804.601864, NoOp Chain Depth 64 Size 0 Mode ref, Ref Stage 26, run, start, 9199870439923184
1787080804.601883, NoOp Chain Depth 64 Size 0 Mode ref, Ref Stage 26, run, end, 9199870439942704
1787080804.601897, NoOp Chain Depth 64 Size 0 Mode ref, Ref Stage 27, run, start, 9199870439956944
1787080804.601917, NoOp Chain Depth 64 Size 0 Mode ref, Ref Stage 27, run, end, 9199870439976544
1787080804.601933, NoOp Chain Depth 64 Size 0 Mode ref, Ref Stage 28, run, start, 9199870439992096
1787080804.601956, NoOp Chain Depth 64 Size 0 Mode ref, Ref Stage 28, run, end, 9199870440014784
1787080804.601970, NoOp Chain Depth 64 Size 0 Mode ref, Ref Stage 29, run, start, 9199870440029776
1787080804.601990, NoOp Chain Depth 64 Size 0 Mode ref, Ref Stage 29, run, end, 9199870440049328
1787080804.602005, NoOp Chain Depth 64 Size 0 Mode ref, Ref Stage 30, run, start, 9199870440063776
1787080804.602024, NoOp Chain Depth 64 Size 0 Mode ref, Ref Stage 30, run, end, 9199870440083264
1787080804.602039, NoOp Chain Depth 64 Size 0 Mode ref, Ref Stage 31, run, start, 9199870440097712
1787080804.602058, NoOp Chain Depth 64 Size 0 Mode ref, Ref Stage 31, run, end, 9199870440116912
1787080804.602072, NoOp Chain Depth 64 Size 0 Mode ref, Ref Stage 32, run, start, 9199870440131280
1787080804.602093, NoOp Chain Depth 64 Size 0 Mode ref, Ref Stage 32, run, end, 9199870440151920
1787080804.602107, NoOp Chain Depth 64 Size 0 Mode ref, Ref Stage 33, run, start, 9199870440166240
1787080804.602126, NoOp Chain Depth 64 Size 0 Mode ref, Ref Stage 33, run, end, 9199870440185632
1787080804.602142, NoOp Chain Depth 64 Size 0 Mode ref, Ref Stage 34, run, start, 9199870440201200
1787080804.602162, NoOp Chain Depth 64 Size 0 Mode ref, Ref Stage 34, run, end, 9199870440220784
1787080804.602176, NoOp Chain Depth 64 Size 0 Mode ref, Ref Stage 35, run, start, 9199870440235008
1787080804.602196, NoOp Chain Depth 64 Size 0 Mode ref, Ref Stage 35, run, end, 9199870440254720
1787080804.602210, NoOp Chain Depth 64 Size 0 Mode ref, Ref Stage 36, run, start, 9199870440268992
1787080804.602230, NoOp Chain Depth 64 Size 0 Mode ref, Ref Stage 36, run, end, 9199870440288832
1787080804.602244, NoOp Chain Depth 64 Size 0 Mode ref, Ref Stage 37, run, start, 9199870440303328
1787080804.602265, NoOp Chain Depth 64 Size 0 Mode ref, Ref Stage 37, run, end, 9199870440324528
1787080804.602280, NoOp Chain Depth 64 Size 0 Mode ref, Ref Stage 38, run, start, 9199870440338976
1787080804.602299, NoOp Chain Depth 64 Size 0 Mode ref, Ref Stage 38, run, end, 9199870440358720
1787080804.602314, NoOp Chain Depth 64 Size 0 Mode ref, Ref Stage 39, run, start, 9199870440373312
1787080804.602335, NoOp Chain Depth 64 Size 0 Mode ref, Ref Stage 39, run, end, 9199870440394512
1787080804.602350, NoOp Chain Depth 64 Size 0 Mode ref, Ref Stage 40, run, start, 9199870440409264
1787080804.602370, NoOp Chain Depth 64 Size 0 Mode ref, Ref Stage 40, run, end, 9199870440429024
1787080804.602384, NoOp Chain Depth 64 Size 0 Mode ref, Ref Stage 41, run, start, 9199870440443568
1787080804.602404, NoOp Chain Depth 64 Size 0 Mode ref, Ref Stage 41, run, end, 9199870440464528
1787080804.602419, NoOp Chain Depth 64 Size 0 Mode ref, Ref Stage 42, run, start, 9199870440478800
1787080804.602440, NoOp Chain Depth 64 Size 0 Mode ref, Ref Stage 42, run, end, 9199870440499712
1787080804.602455, NoOp Chain Depth 64 Size 0 Mode ref, Ref Stage 43, run, start, 9199870440514224
1787080804.602476, NoOp Chain Depth 64 Size 0 Mode ref, Ref Stage 43, run, end, 9199870440535616
1787080804.602491, NoOp Chain Depth 64 Size 0 Mode ref, Ref Stage 44, run, start, 9199870440550256
1787080804.602512, NoOp Chain Depth 64 Size 0 Mode ref, Ref Stage 44, run, end, 9199870440571264
1787080804.602526, NoOp Chain Depth 64 Size 0 Mode ref, Ref Stage 45, run, start, 9199870440585776
1787080804.602546, NoOp Chain Depth 64 Size 0 Mode ref, Ref Stage 45, run, end, 9199870440605600
1787080804.602561, NoOp Chain Depth 64 Size 0 Mode ref, Ref Stage 46, run, start, 9199870440620288
1787080804.602585, NoOp Chain Depth 64 Size 0 Mode ref, Ref Stage 46, run, end, 9199870440644128
1787080804.602597, NoOp Chain Depth 64 Size 0 Mode ref, Ref Stage 47, run, start, 9199870440655856
1787080804.602628, NoOp Chain Depth 64 Size 0 Mode ref, Ref Stage 47, run, end, 9199870440686880
1787080804.602639, NoOp Chain Depth 64 Size 0 Mode ref, Ref Stage 48, run, start, 9199870440698384
1787080804.602669, NoOp Chain Depth 64 Size 0 Mode ref, Ref Stage 48, run, end, 9199870440728240
1787080804.602683, NoOp Chain Depth 64 Size 0 Mode ref, Ref Stage 49, run, start, 9199870440742736
1787080804.602703, NoOp Chain Depth 64 Size 0 Mode ref, Ref Stage 49, run, end, 9199870440762480
1787080804.602723, NoOp Chain Depth 64 Size 0 Mode ref, Ref Stage 50, run, start, 9199870440782864
1787080804.602743, NoOp Chain Depth 64 Size 0 Mode ref, Ref Stage 50, run, end, 9199870440802672
1787080804.602758, NoOp Chain Depth 64 Size 0 Mode ref, Ref Stage 51, run, start, 9199870440817024
1787080804.602777, NoOp Chain Depth 64 Size 0 Mode ref, Ref Stage 51, run, end, 9199870440836544
1787080804.602792, NoOp Chain Depth 64 Size 0 Mode ref, Ref Stage 52, run, start, 9199870440850944
1787080804.602811, NoOp Chain Depth 64 Size 0 Mode ref, Ref Stage 52, run, end, 9199870440870416
1787080804.602826, NoOp Chain Depth 64 Size 0 Mode ref, Ref Stage 53, run, start, 9199870440884976
1787080804.602845, NoOp Chain Depth 64 Size 0 Mode ref, Ref Stage 53, run, end, 9199870440904448
1787080804.602859, NoOp Chain Depth 64 Size 0 Mode ref, Ref Stage 54, run, start, 9199870440918624
1787080804.602880, NoOp Chain Depth 64 Size 0 Mode ref, Ref Stage 54, run, end, 9199870440939376
1787080804.602894, NoOp Chain Depth 64 Size 0 Mode ref, Ref Stage 55, run, start, 9199870440953696
1787080804.602915, NoOp Chain Depth 64 Size 0 Mode ref, Ref Stage 55, run, end, 9199870440974384
1787080804.602929, NoOp Chain Depth 64 Size 0 Mode ref, Ref Stage 56, run, start, 9199870440988560
1787080804.602951, NoOp Chain Depth 64 Size 0 Mode ref, Ref Stage 56, run, end, 9199870441010480
1787080804.602966, NoOp Chain Depth 64 Size 0 Mode ref, Ref Stage 57, run, start, 9199870441025360
1787080804.602986, NoOp Chain Depth 64 Size 0 Mode ref, Ref Stage 57, run, end, 9199870441044896
1787080804.603000, NoOp Chain Depth 64 Size 0 Mode ref, Ref Stage 58, run, start, 9199870441059360
1787080804.603020, NoOp Chain Depth 64 Size 0 Mode ref, Ref Stage 58, run, end, 9199870441079056
1787080804.603036, NoOp Chain Depth 64 Size 0 Mode ref, Ref Stage 59, run, start, 9199870441095072
1787080804.603057, NoOp Chain Depth 64 Size 0 Mode ref, Ref Stage 59, run, end, 9199870441116400
1787080804.603071, NoOp Chain Depth 64 Size 0 Mode ref, Ref Stage 60, run, start, 9199870441130528
1787080804.603092, NoOp Chain Depth 64 Size 0 Mode ref, Ref Stage 60, run, end, 9199870441151888
1787080804.603108, NoOp Chain Depth 64 Size 0 Mode ref, Ref Stage 61, run, start, 9199870441167072
1787080804.603131, NoOp Chain Depth 64 Size 0 Mode ref, Ref Stage 61, run, end, 9199870441190608
1787080804.603143, NoOp Chain Depth 64 Size 0 Mode ref, Ref Stage 62, run, start, 9199870441202064
1787080804.603493, NoOp Chain Depth 64 Size 0 Mode ref, Ref Stage 62, run, end, 9199870441554688
1787080804.605295, NoOp Chain Depth 64 Size 0 Mode ref, Ref Stage 63, run, start, 9199870443356416
1787080804.605325, NoOp Chain Depth 64 Size 0 Mode ref, Ref Stage 63, run, end, 9199870443384656
1787080804.605343, NoOp Chain Depth 64 Size 0 Mode ref, pipeline - train, run, end, 102512369732489710458324029480605185424, 1787080804.600399, 50, 1, 9199870443402192
1787080804.605379, NoOp Chain Depth 64 Size 0 Mode ref, pipeline - train, run, start, 20796579776299449324151857080794731470, 1787080804.605368, 51, 1, 9199870443438608
1787080804.605402, NoOp Chain Depth 64 Size 0 Mode ref, Ref Stage 0, run, start, 9199870443461312
1787080804.605423, NoOp Chain Depth 64 Size 0 Mode ref, Ref Stage 0, run, end, 9199870443482192
1787080804.605438, NoOp Chain Depth 64 Size 0 Mode ref, Ref Stage 1, run, start, 9199870443496832
1787080804.605458, NoOp Chain Depth 64 Size 0 Mode ref, Ref Stage 1, run, end, 9199870443517216
1787080804.605472, NoOp Chain Depth 64 Size 0 Mode ref, Ref Stage 2, run, start, 9199870443531632
1787080804.605492, NoOp Chain Depth 64 Size 0 Mode ref, Ref Stage 2, run, end, 9199870443551600
1787080804.605507, NoOp Chain Depth 64 Size 0 Mode ref, Ref Stage 3, run, start, 9199870443566368
1787080804.605527, NoOp Chain Depth 64 Size 0 Mode ref, Ref Stage 3, run, end, 9199870443586464
1787080804.605542, NoOp Chain Depth 64 Size 0 Mode ref, Ref Stage 4, run, start, 9199870443600960
1787080804.605561, NoOp Chain Depth 64 Size 0 Mode ref, Ref Stage 4, run, end, 9199870443620800
1787080804.605576, NoOp Chain Depth 64 Size 0 Mode ref, Ref Stage 5, run, start, 9199870443635200
1787080804.605596, NoOp Chain Depth 64 Size 0 Mode ref, Ref Stage 5, run, end, 9199870443655008
1787080804.605610, NoOp Chain Depth 64 Size 0 Mode ref, Ref Stage 6, run, start, 9199870443669328
1787080804.605630, NoOp Chain Depth 64 Size 0 Mode ref, Ref Stage 6, run, end, 9199870443689040
1787080804.605644, NoOp Chain Depth 64 Size 0 Mode ref, Ref Stage 7, run, start, 9199870443703504
1787080804.605664, NoOp Chain Depth 64 Size 0 Mode ref, Ref Stage 7, run, end, 9199870443723280
1787080804.605678, NoOp Chain Depth 64 Size 0 Mode ref, Ref Stage 8, run, start, 9199870443737712
1787080804.605698, NoOp Chain Depth 64 Size 0 Mode ref, Ref Stage 8, run, end, 9199870443757216
1787080804.605712, NoOp Chain Depth 64 Size 0 Mode ref, Ref Stage 9, run, start, 9199870443771808
1787080804.605732, NoOp Chain Depth 64 Size 0 Mode ref, Ref Stage 9, run, end, 9199870443791584
1787080804.605747, NoOp Chain Depth 64 Size 0 Mode ref, Ref Stage 10, run, start, 9199870443806240
1787080804.605767, NoOp Chain Depth 64 Size 0 Mode ref, Ref Stage 10, run, end, 9199870443826304
1787080804.605782, NoOp Chain Depth 64 Size 0 Mode ref, Ref Stage 11, run, start, 9199870443840912
1787080804.605803, NoOp Chain Depth 64 Size 0 Mode ref, Ref Stage 11, run, end, 9199870443862608
1787080804.605815, NoOp Chain Depth 64 Size 0 Mode ref, Ref Stage 12, run, start, 9199870443874304
1787080804.605845, NoOp Chain Depth 64 Size 0 Mode ref, Ref Stage 12, run, end, 9199870443904128
1787080804.605860, NoOp Chain Depth 64 Size 0 Mode ref, Ref Stage 13, run, start, 9199870443918816
1787080804.605880, NoOp Chain Depth 64 Size 0 Mode ref, Ref Stage 13, run, end, 9199870443938752
1787080804.605895, NoOp Chain Depth 64 Size 0 Mode ref, Ref Stage 14, run, start, 9199870443954112
1787080804.605916, NoOp Chain Depth 64 Size 0 Mode ref, Ref Stage 14, run, end, 9199870443975296
1787080804.605928, NoOp Chain Depth 64 Size 0 Mode ref, Ref Stage 15, run, start, 9199870443987376
1787080804.605960, NoOp Chain Depth 64 Size 0 Mode ref, Ref Stage 15, run, end, 9199870444019600
1787080804.605975, NoOp Chain Depth 64 Size 0 Mode ref, Ref Stage 16, run, start, 9199870444034736
1787080804.605995, NoOp Chain Depth 64 Size 0 Mode ref, Ref Stage 16, run, end, 9199870444054640
1787080804.606010, NoOp Chain Depth 64 Size 0 Mode ref, Ref Stage 17, run, start, 9199870444069217
1787080804.606030, NoOp Chain Depth 64 Size 0 Mode ref, Ref Stage 17, run, end, 9199870444089425
1787080804.606045, NoOp Chain Depth 64 Size 0 Mode ref, Ref Stage 18, run, start, 9199870444104129
1787080804.606064, NoOp Chain Depth 64 Size 0 Mode ref, Ref Stage 18, run, end, 9199870444123777
1787080804.606080, NoOp Chain Depth 64 Size 0 Mode ref, Ref Stage 19, run, start, 9199870444139121
1787080804.606103, NoOp Chain Depth 64 Size 0 Mode ref, Ref Stage 19, run, end, 9199870444162097
1787080804.606115, NoOp Chain Depth 64 Size 0 Mode ref, Ref Stage 20, run, start, 9199870444173857
1787080804.606146, NoOp Chain Depth 64 Size 0 Mode ref, Ref Stage 20, run, end, 9199870444205009
1787080804.606157, NoOp Chain Depth 64 Size 0 Mode ref, Ref Stage 21, run, start, 9199870444216641
1787080804.606187, NoOp Chain Depth 64 Size 0 Mode ref, Ref Stage 21, run, end, 9199870444246209
1787080804.606201, NoOp Chain Depth 64 Size 0 Mode ref, Ref Stage 22, run, start, 9199870444260625
1787080804.606221, NoOp Chain Depth 64 Size 0 Mode ref, Ref Stage 22, run, end, 9199870444280209
1787080804.606236, NoOp Chain Depth 64 Size 0 Mode ref, Ref Stage 23, run, start, 9199870444294737
1787080804.606255, NoOp Chain Depth 64 Size 0 Mode ref, Ref Stage 23, run, end, 9199870444314433
1787080804.606269, NoOp Chain Depth 64 Size 0 Mode ref, Ref Stage 24, run, start, 9199870444328769
1787080804.606289, NoOp Chain Depth 64 Size 0 Mode ref, Ref Stage 24, run, end, 9199870444348113
1787080804.606304, NoOp Chain Depth 64 Size 0 Mode ref, Ref Stage 25, run, start, 9199870444363761
1787080804.606327, NoOp Chain Depth 64 Size 0 Mode ref, Ref Stage 25, run, end, 9199870444386241
1787080804.606341, NoOp Chain Depth 64 Size 0 Mode ref, Ref Stage 26, run, start, 9199870444400545
1787080804.606362, NoOp Chain Depth 64 Size 0 Mode ref, Ref Stage 26, run, end, 9199870444421521
1787080804.606377, NoOp Chain Depth 64 Size 0 Mode ref, Ref Stage 27, run, start, 9199870444436097
1787080804.606397, NoOp Chain Depth 64 Size 0 Mode ref, Ref Stage 27, run, end, 9199870444455937
1787080804.606411, NoOp Chain Depth 64 Size 0 Mode ref, Ref Stage 28, run, start, 9199870444470417
1787080804.606431, NoOp Chain Depth 64 Size 0 Mode ref, Ref Stage 28, run, end, 9199870444490049
1787080804.606445, NoOp Chain Depth 64 Size 0 Mode ref, Ref Stage 29, run, start, 9199870444504577
1787080804.606465, NoOp Chain Depth 64 Size 0 Mode ref, Ref Stage 29, run, end, 9199870444524257
1787080804.606479, NoOp Chain Depth 64 Size 0 Mode ref, Ref Stage 30, run, start, 9199870444538705
1787080804.606505, NoOp Chain Depth 64 Size 0 Mode ref, Ref Stage 30, run, end, 9199870444564097
1787080804.606520, NoOp Chain Depth 64 Size 0 Mode ref, Ref Stage 31, run, start, 9199870444579265
1787080804.606540, NoOp Chain Depth 64 Size 0 Mode ref, Ref Stage 31, run, end, 9199870444599121
1787080804.606554, NoOp Chain Depth 64 Size 0 Mode ref, Ref Stage 32, run, start, 9199870444613425
1787080804.606574, NoOp Chain Depth 64 Size 0 Mode ref, Ref Stage 32, run, end, 9199870444632913
1787080804.606588, NoOp Chain Depth 64 Size 0 Mode ref, Ref Stage 33, run, start, 9199870444647137
1787080804.606608, NoOp Chain Depth 64 Size 0 Mode ref, Ref Stage 33, run, end, 9199870444666849
1787080804.606623, NoOp Chain Depth 64 Size 0 Mode ref, Ref Stage 34, run, start, 9199870444682449
1787080804.606643, NoOp Chain Depth 64 Size 0 Mode ref, Ref Stage 34, run, end, 9199870444702449
1787080804.606658, NoOp Chain Depth 64 Size 0 Mode ref, Ref Stage 35, run, start, 9199870444717921
1787080804.606678, NoOp Chain Depth 64 Size 0 Mode ref, Ref Stage 35, run, end, 9199870444737857
1787080804.606695, NoOp Chain Depth 64 Size 0 Mode ref, Ref Stage 36, run, start, 9199870444754113
1787080804.607050, NoOp Chain Depth 64 Size 0 Mode ref, Ref Stage 36, run, end, 9199870445109985
1787080804.607190, NoOp Chain Depth 64 Size 0 Mode ref, Ref Stage 37, run, start, 9199870445249681
1787080804.607213, NoOp Chain Depth 64 Size 0 Mode ref, Ref Stage 37, run, end, 9199870445272113
1787080804.607227, NoOp Chain Depth 64 Size 0 Mode ref, Ref Stage 38, run, start, 9199870445286865
1787080804.607248, NoOp Chain Depth 64 Size 0 Mode ref, Ref Stage 38, run, end, 9199870445306993
1787080804.607262, NoOp Chain Depth 64 Size 0 Mode ref, Ref Stage 39, run, start, 9199870445321489
1787080804.607282, NoOp Chain Depth 64 Size 0 Mode ref, Ref Stage 39, run, end, 9199870445341537
1787080804.607297, NoOp Chain Depth 64 Size 0 Mode ref, Ref Stage 40, run, start, 9199870445356081
1787080804.607319, NoOp Chain Depth 64 Size 0 Mode ref, Ref Stage 40, run, end, 9199870445377809
1787080804.607333, NoOp Chain Depth 64 Size 0 Mode ref, Ref Stage 41, run, start, 9199870445392305
1787080804.607353, NoOp Chain Depth 64 Size 0 Mode ref, Ref Stage 41, run, end, 9199870445412145
1787080804.607368, NoOp Chain Depth 64 Size 0 Mode ref, Ref Stage 42, run, start, 9199870445426657
1787080804.607387, NoOp Chain Depth 64 Size 0 Mode ref, Ref Stage 42, run, end, 9199870445446577
1787080804.607402, NoOp Chain Depth 64 Size 0 Mode ref, Ref Stage 43, run, start, 9199870445461297
1787080804.607422, NoOp Chain Depth 64 Size 0 Mode ref, Ref Stage 43, run, end, 9199870445481473
1787080804.607437, NoOp Chain Depth 64 Size 0 Mode ref, Ref Stage 44, run, start, 9199870445496017
1787080804.607460, NoOp Chain Depth 64 Size 0 Mode ref, Ref Stage 44, run, end, 9199870445518897
1787080804.607471, NoOp Chain Depth 64 Size 0 Mode ref, Ref Stage 45, run, start, 9199870445530801
1787080804.607503, NoOp Chain Depth 64 Size 0 Mode ref, Ref Stage 45, run, end, 9199870445561985
1787080804.607518, NoOp Chain Depth 64 Size 0 Mode ref, Ref Stage 46, run, start, 9199870445577153
1787080804.607543, NoOp Chain Depth 64 Size 0 Mode ref, Ref Stage 46, run, end, 9199870445601793
1787080804.607557, NoOp Chain Depth 64 Size 0 Mode ref, Ref Stage 47, run, start, 9199870445616497
1787080804.610953, NoOp Chain Depth 64 Size 0 Mode ref, Ref Stage 47, run, end, 9199870449013825
1787080804.611857, NoOp Chain Depth 64 Size 0 Mode ref, Ref Stage 48, run, start, 9199870449917505
1787080804.611882, NoOp Chain Depth 64 Size 0 Mode ref, Ref Stage 48, run, end, 9199870449942065
1787080804.611899, NoOp Chain Depth 64 Size 0 Mode ref, Ref Stage 49, run, start, 9199870449958033
1787080804.611920, NoOp Chain Depth 64 Size 0 Mode ref, Ref Stage 49, run, end, 9199870449979217
1787080804.611935, NoOp Chain Depth 64 Size 0 Mode ref, Ref Stage 50, run, start, 9199870449994161
1787080804.611957, NoOp Chain Depth 64 Size 0 Mode ref, Ref Stage 50, run, end, 9199870450016465
1787080804.611973, NoOp Chain Depth 64 Size 0 Mode ref, Ref Stage 51, run, start, 9199870450031985
1787080804.611994, NoOp Chain Depth 64 Size 0 Mode ref, Ref Stage 51, run, end, 9199870450052753
1787080804.612008, NoOp Chain Depth 64 Size 0 Mode ref, Ref Stage 52, run, start, 9199870450067569
1787080804.612029, NoOp Chain Depth 64 Size 0 Mode ref, Ref Stage 52, run, end, 9199870450088001
1787080804.612043, NoOp Chain Depth 64 Size 0 Mode ref, Ref Stage 53, run, start, 9199870450102545
1787080804.612063, NoOp Chain Depth 64 Size 0 Mode ref, Ref Stage 53, run, end, 9199870450122753
1787080804.612078, NoOp Chain Depth 64 Size 0 Mode ref, Ref Stage 54, run, start, 9199870450137249
1787080804.612098, NoOp Chain Depth 64 Size 0 Mode ref, Ref Stage 54, run, end, 9199870450157745
1787080804.612113, NoOp Chain Depth 64 Size 0 Mode ref, Ref Stage 55, run, start, 9199870450172545
1787080804.612134, NoOp Chain Depth 64 Size 0 Mode ref, Ref Stage 55, run, end, 9199870450192945
1787080804.612148, NoOp Chain Depth 64 Size 0 Mode ref, Ref Stage 56, run, start, 9199870450207505
1787080804.612168, NoOp Chain Depth 64 Size 0 Mode ref, Ref Stage 56, run, end, 9199870450227393
1787080804.612183, NoOp Chain Depth 64 Size 0 Mode ref, Ref Stage 57, run, start, 9199870450241857
1787080804.612203, NoOp Chain Depth 64 Size 0 Mode ref, Ref Stage 57, run, end, 9199870450262305
1787080804.612218, NoOp Chain Depth 64 Size 0 Mode ref, Ref Stage 58, run, start, 9199870450277057
1787080804.612238, NoOp Chain Depth 64 Size 0 Mode ref, Ref Stage 58, run, end, 9199870450297345
1787080804.612252, NoOp Chain Depth 64 Size 0 Mode ref, Ref Stage 59, run, start, 9199870450311889
1787080804.612273, NoOp Chain Depth 64 Size 0 Mode ref, Ref Stage 59, run, end, 9199870450332641
1787080804.612288, NoOp Chain Depth 64 Size 0 Mode ref, Ref Stage 60, run, start, 9199870450347377
1787080804.612310, NoOp Chain Depth 64 Size 0 Mode ref, Ref Stage 60, run, end, 9199870450369121
1787080804.612322, NoOp Chain Depth 64 Size 0 Mode ref, Ref Stage 61, run, start, 9199870450380721
1787080804.612354, NoOp Chain Depth 64 Size 0 Mode ref, Ref Stage 61, run, end, 9199870450412929
1787080804.612368, NoOp Chain Depth 64 Size 0 Mode ref, Ref Stage 62, run, start, 9199870450427537
1787080804.612390, NoOp Chain Depth 64 Size 0 Mode ref, Ref Stage 62, run, end, 9199870450449041
1787080804.612402, NoOp Chain Depth 64 Size 0 Mode ref, Ref Stage 63, run, start, 9199870450460977
1787080804.612432, NoOp Chain Depth 64 Size 0 Mode ref, Ref Stage 63, run, end, 9199870450490817
1787080804.612447, NoOp Chain Depth 64 Size 0 Mode ref, pipeline - train, run, end, 20796579776299449324151857080794731470, 1787080804.605368, 51, 1, 9199870450505841
1787080804.612482, NoOp Chain Depth 64 Size 0 Mode ref, pipeline - train, run, start, 254511137081136759479959359241858431904, 1787080804.612472, 52, 1, 9199870450541697
1787080804.612504, NoOp Chain Depth 64 Size 0 Mode ref, Ref Stage 0, run, start, 9199870450564081
1787080804.612525, NoOp Chain Depth 64 Size 0 Mode ref, Ref Stage 0, run, end, 9199870450584449
1787080804.612540, NoOp Chain Depth 64 Size 0 Mode ref, Ref Stage 1, run, start, 9199870450599377
1787080804.612560, NoOp Chain Depth 64 Size 0 Mode ref, Ref Stage 1, run, end, 9199870450619393
1787080804.612575, NoOp Chain Depth 64 Size 0 Mode ref, Ref Stage 2, run, start, 9199870450633969
1787080804.612594, NoOp Chain Depth 64 Size 0 Mode ref, Ref Stage 2, run, end, 9199870450653921
1787080804.612609, NoOp Chain Depth 64 Size 0 Mode ref, Ref Stage 3, run, start, 9199870450668561
1787080804.612629, NoOp Chain Depth 64 Size 0 Mode ref, Ref Stage 3, run, end, 9199870450688497
1787080804.612643, NoOp Chain Depth 64 Size 0 Mode ref, Ref Stage 4, run, start, 9199870450702705
1787080804.612663, NoOp Chain Depth 64 Size 0 Mode ref, Ref Stage 4, run, end, 9199870450722577
1787080804.612678, NoOp Chain Depth 64 Size 0 Mode ref, Ref Stage 5, run, start, 9199870450737105
1787080804.612698, NoOp Chain Depth 64 Size 0 Mode ref, Ref Stage 5, run, end, 9199870450756897
1787080804.612712, NoOp Chain Depth 64 Size 0 Mode ref, Ref Stage 6, run, start, 9199870450771377
1787080804.612732, NoOp Chain Depth 64 Size 0 Mode ref, Ref Stage 6, run, end, 9199870450791121
1787080804.612746, NoOp Chain Depth 64 Size 0 Mode ref, Ref Stage 7, run, start, 9199870450805697
1787080804.612767, NoOp Chain Depth 64 Size 0 Mode ref, Ref Stage 7, run, end, 9199870450825889
1787080804.612781, NoOp Chain Depth 64 Size 0 Mode ref, Ref Stage 8, run, start, 9199870450840321
1787080804.612801, NoOp Chain Depth 64 Size 0 Mode ref, Ref Stage 8, run, end, 9199870450860321
1787080804.612817, NoOp Chain Depth 64 Size 0 Mode ref, Ref Stage 9, run, start, 9199870450875905
1787080804.612836, NoOp Chain Depth 64 Size 0 Mode ref, Ref Stage 9, run, end, 9199870450895681
1787080804.612851, NoOp Chain Depth 64 Size 0 Mode ref, Ref Stage 10, run, start, 9199870450910193
1787080804.612871, NoOp Chain Depth 64 Size 0 Mode ref, Ref Stage 10, run, end, 9199870450930513
1787080804.612886, NoOp Chain Depth 64 Size 0 Mode ref, Ref Stage 11, run, start, 9199870450945841
1787080804.612908, NoOp Chain Depth 64 Size 0 Mode ref, Ref Stage 11, run, end, 9199870450967393
1787080804.612920, NoOp Chain Depth 64 Size 0 Mode ref, Ref Stage 12, run, start, 9199870450979249
1787080804.612952, NoOp Chain Depth 64 Size 0 Mode ref, Ref Stage 12, run, end, 9199870451010881
1787080804.612967, NoOp Chain Depth 64 Size 0 Mode ref, Ref Stage 13, run, start, 9199870451026033
1787080804.612987, NoOp Chain Depth 64 Size 0 Mode ref, Ref Stage 13, run, end, 9199870451046273
1787080804.613003, NoOp Chain Depth 64 Size 0 Mode ref, Ref Stage 14, run, start, 9199870451061681
1787080804.613024, NoOp Chain Depth 64 Size 0 Mode ref, Ref Stage 14, run, end, 9199870451082993
1787080804.613035, NoOp Chain Depth 64 Size 0 Mode ref, Ref Stage 15, run, start, 9199870451094929
1787080804.613065, NoOp Chain Depth 64 Size 0 Mode ref, Ref Stage 15, run, end, 9199870451124865
1787080804.613080, NoOp Chain Depth 64 Size 0 Mode ref, Ref Stage 16, run, start, 9199870451139489
1787080804.613102, NoOp Chain Depth 64 Size 0 Mode ref, Ref Stage 16, run, end, 9199870451161313
1787080804.613117, NoOp Chain Depth 64 Size 0 Mode ref, Ref Stage 17, run, start, 9199870451175953
1787080804.613137, NoOp Chain Depth 64 Size 0 Mode ref, Ref Stage 17, run, end, 9199870451196113
1787080804.613151, NoOp Chain Depth 64 Size 0 Mode ref, Ref Stage 18, run, start, 9199870451210513
1787080804.613171, NoOp Chain Depth 64 Size 0 Mode ref, Ref Stage 18, run, end, 9199870451230161
1787080804.613186, NoOp Chain Depth 64 Size 0 Mode ref, Ref Stage 19, run, start, 9199870451245249
1787080804.613208, NoOp Chain Depth 64 Size 0 Mode ref, Ref Stage 19, run, end, 9199870451266785
1787080804.613219, NoOp Chain Depth 64 Size 0 Mode ref, Ref Stage 20, run, start, 9199870451278305
1787080804.613250, NoOp Chain Depth 64 Size 0 Mode ref, Ref Stage 20, run, end, 9199870451309169
1787080804.613261, NoOp Chain Depth 64 Size 0 Mode ref, Ref Stage 21, run, start, 9199870451320593
1787080804.613291, NoOp Chain Depth 64 Size 0 Mode ref, Ref Stage 21, run, end, 9199870451350529
1787080804.613306, NoOp Chain Depth 64 Size 0 Mode ref, Ref Stage 22, run, start, 9199870451365185
1787080804.613326, NoOp Chain Depth 64 Size 0 Mode ref, Ref Stage 22, run, end, 9199870451385233
1787080804.613340, NoOp Chain Depth 64 Size 0 Mode ref, Ref Stage 23, run, start, 9199870451399505
1787080804.613360, NoOp Chain Depth 64 Size 0 Mode ref, Ref Stage 23, run, end, 9199870451419361
1787080804.613374, NoOp Chain Depth 64 Size 0 Mode ref, Ref Stage 24, run, start, 9199870451433921
1787080804.613394, NoOp Chain Depth 64 Size 0 Mode ref, Ref Stage 24, run, end, 9199870451453729
1787080804.613409, NoOp Chain Depth 64 Size 0 Mode ref, Ref Stage 25, run, start, 9199870451468097
1787080804.613429, NoOp Chain Depth 64 Size 0 Mode ref, Ref Stage 25, run, end, 9199870451487681
1787080804.613443, NoOp Chain Depth 64 Size 0 Mode ref, Ref Stage 26, run, start, 9199870451501729
1787080804.613462, NoOp Chain Depth 64 Size 0 Mode ref, Ref Stage 26, run, end, 9199870451521393
1787080804.613477, NoOp Chain Depth 64 Size 0 Mode ref, Ref Stage 27, run, start, 9199870451535857
1787080804.613496, NoOp Chain Depth 64 Size 0 Mode ref, Ref Stage 27, run, end, 9199870451555489
1787080804.613510, NoOp Chain Depth 64 Size 0 Mode ref, Ref Stage 28, run, start, 9199870451569585
1787080804.613530, NoOp Chain Depth 64 Size 0 Mode ref, Ref Stage 28, run, end, 9199870451589505
1787080804.613544, NoOp Chain Depth 64 Size 0 Mode ref, Ref Stage 29, run, start, 9199870451603713
1787080804.613564, NoOp Chain Depth 64 Size 0 Mode ref, Ref Stage 29, run, end, 9199870451623361
1787080804.613579, NoOp Chain Depth 64 Size 0 Mode ref, Ref Stage 30, run, start, 9199870451637729
1787080804.613598, NoOp Chain Depth 64 Size 0 Mode ref, Ref Stage 30, run, end, 9199870451657281
1787080804.613612, NoOp Chain Depth 64 Size 0 Mode ref, Ref Stage 31, run, start, 9199870451671809
1787080804.613632, NoOp Chain Depth 64 Size 0 Mode ref, Ref Stage 31, run, end, 9199870451691153
1787080804.613647, NoOp Chain Depth 64 Size 0 Mode ref, Ref Stage 32, run, start, 9199870451706081
1787080804.613667, NoOp Chain Depth 64 Size 0 Mode ref, Ref Stage 32, run, end, 9199870451725697
1787080804.613681, NoOp Chain Depth 64 Size 0 Mode ref, Ref Stage 33, run, start, 9199870451740113
1787080804.613701, NoOp Chain Depth 64 Size 0 Mode ref, Ref Stage 33, run, end, 9199870451760241
1787080804.613715, NoOp Chain Depth 64 Size 0 Mode ref, Ref Stage 34, run, start, 9199870451774465
1787080804.613735, NoOp Chain Depth 64 Size 0 Mode ref, Ref Stage 34, run, end, 9199870451794769
1787080804.613751, NoOp Chain Depth 64 Size 0 Mode ref, Ref Stage 35, run, start, 9199870451810145
1787080804.614002, NoOp Chain Depth 64 Size 0 Mode ref, Ref Stage 35, run, end, 9199870452062833
1787080804.614146, NoOp Chain Depth 64 Size 0 Mode ref, Ref Stage 36, run, start, 9199870452205441
1787080804.614170, NoOp Chain Depth 64 Size 0 Mode ref, Ref Stage 36, run, end, 9199870452229441
1787080804.614182, NoOp Chain Depth 64 Size 0 Mode ref, Ref Stage 37, run, start, 9199870452241601
1787080804.614214, NoOp Chain Depth 64 Size 0 Mode ref, Ref Stage 37, run, end, 9199870452273745
1787080804.614229, NoOp Chain Depth 64 Size 0 Mode ref, Ref Stage 38, run, start, 9199870452288833
1787080804.614249, NoOp Chain Depth 64 Size 0 Mode ref, Ref Stage 38, run, end, 9199870452308753
1787080804.614264, NoOp Chain Depth 64 Size 0 Mode ref, Ref Stage 39, run, start, 9199870452323313
1787080804.614284, NoOp Chain Depth 64 Size 0 Mode ref, Ref Stage 39, run, end, 9199870452343393
1787080804.614299, NoOp Chain Depth 64 Size 0 Mode ref, Ref Stage 40, run, start, 9199870452357809
1787080804.614318, NoOp Chain Depth 64 Size 0 Mode ref, Ref Stage 40, run, end, 9199870452377761
1787080804.614333, NoOp Chain Depth 64 Size 0 Mode ref, Ref Stage 41, run, start, 9199870452392273
1787080804.614353, NoOp Chain Depth 64 Size 0 Mode ref, Ref Stage 41, run, end, 9199870452412321
1787080804.614368, NoOp Chain Depth 64 Size 0 Mode ref, Ref Stage 42, run, start, 9199870452427057
1787080804.614390, NoOp Chain Depth 64 Size 0 Mode ref, Ref Stage 42, run, end, 9199870452449457
1787080804.614406, NoOp Chain Depth 64 Size 0 Mode ref, Ref Stage 43, run, start, 9199870452465218
1787080804.614426, NoOp Chain Depth 64 Size 0 Mode ref, Ref Stage 43, run, end, 9199870452485266
1787080804.614440, NoOp Chain Depth 64 Size 0 Mode ref, Ref Stage 44, run, start, 9199870452499666
1787080804.614460, NoOp Chain Depth 64 Size 0 Mode ref, Ref Stage 44, run, end, 9199870452519650
1787080804.614475, NoOp Chain Depth 64 Size 0 Mode ref, Ref Stage 45, run, start, 9199870452533778
1787080804.614494, NoOp Chain Depth 64 Size 0 Mode ref, Ref Stage 45, run, end, 9199870452553586
1787080804.614509, NoOp Chain Depth 64 Size 0 Mode ref, Ref Stage 46, run, start, 9199870452567938
1787080804.614531, NoOp Chain Depth 64 Size 0 Mode ref, Ref Stage 46, run, end, 9199870452590210
1787080804.614902, NoOp Chain Depth 64 Size 0 Mode ref, Ref Stage 47, run, start, 9199870452961842
1787080804.615051, NoOp Chain Depth 64 Size 0 Mode ref, Ref Stage 47, run, end, 9199870453110210
1787080804.615066, NoOp Chain Depth 64 Size 0 Mode ref, Ref Stage 48, run, start, 9199870453125490
1787080804.615087, NoOp Chain Depth 64 Size 0 Mode ref, Ref Stage 48, run, end, 9199870453146098
1787080804.615102, NoOp Chain Depth 64 Size 0 Mode ref, Ref Stage 49, run, start, 9199870453161042
1787080804.615122, NoOp Chain Depth 64 Size 0 Mode ref, Ref Stage 49, run, end, 9199870453181394
1787080804.615137, NoOp Chain Depth 64 Size 0 Mode ref, Ref Stage 50, run, start, 9199870453196306
1787080804.615158, NoOp Chain Depth 64 Size 0 Mode ref, Ref Stage 50, run, end, 9199870453216754
1787080804.615172, NoOp Chain Depth 64 Size 0 Mode ref, Ref Stage 51, run, start, 9199870453231282
1787080804.615192, NoOp Chain Depth 64 Size 0 Mode ref, Ref Stage 51, run, end, 9199870453251410
1787080804.615206, NoOp Chain Depth 64 Size 0 Mode ref, Ref Stage 52, run, start, 9199870453265810
1787080804.615227, NoOp Chain Depth 64 Size 0 Mode ref, Ref Stage 52, run, end, 9199870453285906
1787080804.615241, NoOp Chain Depth 64 Size 0 Mode ref, Ref Stage 53, run, start, 9199870453300418
1787080804.615262, NoOp Chain Depth 64 Size 0 Mode ref, Ref Stage 53, run, end, 9199870453320818
1787080804.615276, NoOp Chain Depth 64 Size 0 Mode ref, Ref Stage 54, run, start, 9199870453335186
1787080804.615296, NoOp Chain Depth 64 Size 0 Mode ref, Ref Stage 54, run, end, 9199870453355474
1787080804.615311, NoOp Chain Depth 64 Size 0 Mode ref, Ref Stage 55, run, start, 9199870453370178
1787080804.615332, NoOp Chain Depth 64 Size 0 Mode ref, Ref Stage 55, run, end, 9199870453390802
1787080804.615346, NoOp Chain Depth 64 Size 0 Mode ref, Ref Stage 56, run, start, 9199870453405538
1787080804.615366, NoOp Chain Depth 64 Size 0 Mode ref, Ref Stage 56, run, end, 9199870453425858
1787080804.615381, NoOp Chain Depth 64 Size 0 Mode ref, Ref Stage 57, run, start, 9199870453440370
1787080804.615403, NoOp Chain Depth 64 Size 0 Mode ref, Ref Stage 57, run, end, 9199870453462050
1787080804.615417, NoOp Chain Depth 64 Size 0 Mode ref, Ref Stage 58, run, start, 9199870453476626
1787080804.615439, NoOp Chain Depth 64 Size 0 Mode ref, Ref Stage 58, run, end, 9199870453498354
1787080804.615456, NoOp Chain Depth 64 Size 0 Mode ref, Ref Stage 59, run, start, 9199870453514962
1787080804.615477, NoOp Chain Depth 64 Size 0 Mode ref, Ref Stage 59, run, end, 9199870453536594
1787080804.615491, NoOp Chain Depth 64 Size 0 Mode ref, Ref Stage 60, run, start, 9199870453550754
1787080804.615513, NoOp Chain Depth 64 Size 0 Mode ref, Ref Stage 60, run, end, 9199870453572322
1787080804.615525, NoOp Chain Depth 64 Size 0 Mode ref, Ref Stage 61, run, start, 9199870453583874
1787080804.615555, NoOp Chain Depth 64 Size 0 Mode ref, Ref Stage 61, run, end, 9199870453614706
1787080804.615570, NoOp Chain Depth 64 Size 0 Mode ref, Ref Stage 62, run, start, 9199870453629234
1787080804.615592, NoOp Chain Depth 64 Size 0 Mode ref, Ref Stage 62, run, end, 9199870453650786
1787080804.615603, NoOp Chain Depth 64 Size 0 Mode ref, Ref Stage 63, run, start, 9199870453662818
1787080804.615634, NoOp Chain Depth 64 Size 0 Mode ref, Ref Stage 63, run, end, 9199870453693618
1787080804.615649, NoOp Chain Depth 64 Size 0 Mode ref, pipeline - train, run, end, 254511137081136759479959359241858431904, 1787080804.612472, 52, 1, 9199870453708562
1787080804.615685, NoOp Chain Depth 64 Size 0 Mode ref, pipeline - train, run, start, 199479263028402193444209221067463134934, 1787080804.615674, 53, 1, 9199870453744610
1787080804.615707, NoOp Chain Depth 64 Size 0 Mode ref, Ref Stage 0, run, start, 9199870453766786
1787080804.615728, NoOp Chain Depth 64 Size 0 Mode ref, Ref Stage 0, run, end, 9199870453786978
1787080804.615742, NoOp Chain Depth 64 Size 0 Mode ref, Ref Stage 1, run, start, 9199870453801714
1787080804.615762, NoOp Chain Depth 64 Size 0 Mode ref, Ref Stage 1, run, end, 9199870453821666
1787080804.615777, NoOp Chain Depth 64 Size 0 Mode ref, Ref Stage 2, run, start, 9199870453836210
1787080804.615798, NoOp Chain Depth 64 Size 0 Mode ref, Ref Stage 2, run, end, 9199870453857602
1787080804.615814, NoOp Chain Depth 64 Size 0 Mode ref, Ref Stage 3, run, start, 9199870453873490
1787080804.615834, NoOp Chain Depth 64 Size 0 Mode ref, Ref Stage 3, run, end, 9199870453893554
1787080804.615849, NoOp Chain Depth 64 Size 0 Mode ref, Ref Stage 4, run, start, 9199870453907938
1787080804.615869, NoOp Chain Depth 64 Size 0 Mode ref, Ref Stage 4, run, end, 9199870453928002
1787080804.615883, NoOp Chain Depth 64 Size 0 Mode ref, Ref Stage 5, run, start, 9199870453942434
1787080804.615903, NoOp Chain Depth 64 Size 0 Mode ref, Ref Stage 5, run, end, 9199870453962258
1787080804.615917, NoOp Chain Depth 64 Size 0 Mode ref, Ref Stage 6, run, start, 9199870453976658
1787080804.615939, NoOp Chain Depth 64 Size 0 Mode ref, Ref Stage 6, run, end, 9199870453997970
1787080804.615955, NoOp Chain Depth 64 Size 0 Mode ref, Ref Stage 7, run, start, 9199870454014466
1787080804.615976, NoOp Chain Depth 64 Size 0 Mode ref, Ref Stage 7, run, end, 9199870454035922
1787080804.615991, NoOp Chain Depth 64 Size 0 Mode ref, Ref Stage 8, run, start, 9199870454050402
1787080804.616012, NoOp Chain Depth 64 Size 0 Mode ref, Ref Stage 8, run, end, 9199870454071458
1787080804.616026, NoOp Chain Depth 64 Size 0 Mode ref, Ref Stage 9, run, start, 9199870454085810
1787080804.616046, NoOp Chain Depth 64 Size 0 Mode ref, Ref Stage 9, run, end, 9199870454105602
1787080804.616061, NoOp Chain Depth 64 Size 0 Mode ref, Ref Stage 10, run, start, 9199870454120002
1787080804.616080, NoOp Chain Depth 64 Size 0 Mode ref, Ref Stage 10, run, end, 9199870454139682
1787080804.616096, NoOp Chain Depth 64 Size 0 Mode ref, Ref Stage 11, run, start, 9199870454154994
1787080804.616116, NoOp Chain Depth 64 Size 0 Mode ref, Ref Stage 11, run, end, 9199870454175106
1787080804.616130, NoOp Chain Depth 64 Size 0 Mode ref, Ref Stage 12, run, start, 9199870454189586
1787080804.616150, NoOp Chain Depth 64 Size 0 Mode ref, Ref Stage 12, run, end, 9199870454209506
1787080804.616165, NoOp Chain Depth 64 Size 0 Mode ref, Ref Stage 13, run, start, 9199870454223906
1787080804.616187, NoOp Chain Depth 64 Size 0 Mode ref, Ref Stage 13, run, end, 9199870454246642
1787080804.616203, NoOp Chain Depth 64 Size 0 Mode ref, Ref Stage 14, run, start, 9199870454262722
1787080804.616223, NoOp Chain Depth 64 Size 0 Mode ref, Ref Stage 14, run, end, 9199870454282690
1787080804.616238, NoOp Chain Depth 64 Size 0 Mode ref, Ref Stage 15, run, start, 9199870454297346
1787080804.616258, NoOp Chain Depth 64 Size 0 Mode ref, Ref Stage 15, run, end, 9199870454317330
1787080804.616273, NoOp Chain Depth 64 Size 0 Mode ref, Ref Stage 16, run, start, 9199870454331890
1787080804.616292, NoOp Chain Depth 64 Size 0 Mode ref, Ref Stage 16, run, end, 9199870454351618
1787080804.616307, NoOp Chain Depth 64 Size 0 Mode ref, Ref Stage 17, run, start, 9199870454366114
1787080804.616327, NoOp Chain Depth 64 Size 0 Mode ref, Ref Stage 17, run, end, 9199870454386018
1787080804.616341, NoOp Chain Depth 64 Size 0 Mode ref, Ref Stage 18, run, start, 9199870454400466
1787080804.616362, NoOp Chain Depth 64 Size 0 Mode ref, Ref Stage 18, run, end, 9199870454421538
1787080804.616377, NoOp Chain Depth 64 Size 0 Mode ref, Ref Stage 19, run, start, 9199870454436450
1787080804.616400, NoOp Chain Depth 64 Size 0 Mode ref, Ref Stage 19, run, end, 9199870454458882
1787080804.616411, NoOp Chain Depth 64 Size 0 Mode ref, Ref Stage 20, run, start, 9199870454470546
1787080804.616443, NoOp Chain Depth 64 Size 0 Mode ref, Ref Stage 20, run, end, 9199870454501922
1787080804.616454, NoOp Chain Depth 64 Size 0 Mode ref, Ref Stage 21, run, start, 9199870454514850
1787080804.616485, NoOp Chain Depth 64 Size 0 Mode ref, Ref Stage 21, run, end, 9199870454544834
1787080804.616502, NoOp Chain Depth 64 Size 0 Mode ref, Ref Stage 22, run, start, 9199870454561778
1787080804.616523, NoOp Chain Depth 64 Size 0 Mode ref, Ref Stage 22, run, end, 9199870454581826
1787080804.616537, NoOp Chain Depth 64 Size 0 Mode ref, Ref Stage 23, run, start, 9199870454596466
1787080804.616557, NoOp Chain Depth 64 Size 0 Mode ref, Ref Stage 23, run, end, 9199870454616418
1787080804.616572, NoOp Chain Depth 64 Size 0 Mode ref, Ref Stage 24, run, start, 9199870454631058
1787080804.616593, NoOp Chain Depth 64 Size 0 Mode ref, Ref Stage 24, run, end, 9199870454652082
1787080804.616609, NoOp Chain Depth 64 Size 0 Mode ref, Ref Stage 25, run, start, 9199870454667858
1787080804.616628, NoOp Chain Depth 64 Size 0 Mode ref, Ref Stage 25, run, end, 9199870454687458
1787080804.616642, NoOp Chain Depth 64 Size 0 Mode ref, Ref Stage 26, run, start, 9199870454701858
1787080804.616662, NoOp Chain Depth 64 Size 0 Mode ref, Ref Stage 26, run, end, 9199870454721602
1787080804.616677, NoOp Chain Depth 64 Size 0 Mode ref, Ref Stage 27, run, start, 9199870454735890
1787080804.616696, NoOp Chain Depth 64 Size 0 Mode ref, Ref Stage 27, run, end, 9199870454755250
1787080804.616710, NoOp Chain Depth 64 Size 0 Mode ref, Ref Stage 28, run, start, 9199870454769506
1787080804.616729, NoOp Chain Depth 64 Size 0 Mode ref, Ref Stage 28, run, end, 9199870454788946
1787080804.616744, NoOp Chain Depth 64 Size 0 Mode ref, Ref Stage 29, run, start, 9199870454803138
1787080804.616768, NoOp Chain Depth 64 Size 0 Mode ref, Ref Stage 29, run, end, 9199870454826914
1787080804.616782, NoOp Chain Depth 64 Size 0 Mode ref, Ref Stage 30, run, start, 9199870454841298
1787080804.616802, NoOp Chain Depth 64 Size 0 Mode ref, Ref Stage 30, run, end, 9199870454860738
1787080804.616816, NoOp Chain Depth 64 Size 0 Mode ref, Ref Stage 31, run, start, 9199870454875202
1787080804.616835, NoOp Chain Depth 64 Size 0 Mode ref, Ref Stage 31, run, end, 9199870454894610
1787080804.616850, NoOp Chain Depth 64 Size 0 Mode ref, Ref Stage 32, run, start, 9199870454909810
1787080804.616873, NoOp Chain Depth 64 Size 0 Mode ref, Ref Stage 32, run, end, 9199870454932354
1787080804.616884, NoOp Chain Depth 64 Size 0 Mode ref, Ref Stage 33, run, start, 9199870454943874
1787080804.616914, NoOp Chain Depth 64 Size 0 Mode ref, Ref Stage 33, run, end, 9199870454973218
1787080804.617589, NoOp Chain Depth 64 Size 0 Mode ref, Ref Stage 34, run, start, 9199870455650578
1787080804.617620, NoOp Chain Depth 64 Size 0 Mode ref, Ref Stage 34, run, end, 9199870455679778
1787080804.617636, NoOp Chain Depth 64 Size 0 Mode ref, Ref Stage 35, run, start, 9199870455695170
1787080804.617656, NoOp Chain Depth 64 Size 0 Mode ref, Ref Stage 35, run, end, 9199870455715426
1787080804.617671, NoOp Chain Depth 64 Size 0 Mode ref, Ref Stage 36, run, start, 9199870455730146
1787080804.617691, NoOp Chain Depth 64 Size 0 Mode ref, Ref Stage 36, run, end, 9199870455750626
1787080804.617706, NoOp Chain Depth 64 Size 0 Mode ref, Ref Stage 37, run, start, 9199870455765186
1787080804.617728, NoOp Chain Depth 64 Size 0 Mode ref, Ref Stage 37, run, end, 9199870455786962
1787080804.617739, NoOp Chain Depth 64 Size 0 Mode ref, Ref Stage 38, run, start, 9199870455798866
1787080804.617769, NoOp Chain Depth 64 Size 0 Mode ref, Ref Stage 38, run, end, 9199870455828626
1787080804.617784, NoOp Chain Depth 64 Size 0 Mode ref, Ref Stage 39, run, start, 9199870455843074
1787080804.617804, NoOp Chain Depth 64 Size 0 Mode ref, Ref Stage 39, run, end, 9199870455862706
1787080804.617818, NoOp Chain Depth 64 Size 0 Mode ref, Ref Stage 40, run, start, 9199870455877202
1787080804.617838, NoOp Chain Depth 64 Size 0 Mode ref, Ref Stage 40, run, end, 9199870455897650
1787080804.617853, NoOp Chain Depth 64 Size 0 Mode ref, Ref Stage 41, run, start, 9199870455912370
1787080804.617874, NoOp Chain Depth 64 Size 0 Mode ref, Ref Stage 41, run, end, 9199870455933730
1787080804.617890, NoOp Chain Depth 64 Size 0 Mode ref, Ref Stage 42, run, start, 9199870455949442
1787080804.617912, NoOp Chain Depth 64 Size 0 Mode ref, Ref Stage 42, run, end, 9199870455970770
1787080804.617926, NoOp Chain Depth 64 Size 0 Mode ref, Ref Stage 43, run, start, 9199870455985394
1787080804.617949, NoOp Chain Depth 64 Size 0 Mode ref, Ref Stage 43, run, end, 9199870456007842
1787080804.617964, NoOp Chain Depth 64 Size 0 Mode ref, Ref Stage 44, run, start, 9199870456023314
1787080804.617984, NoOp Chain Depth 64 Size 0 Mode ref, Ref Stage 44, run, end, 9199870456043090
1787080804.617998, NoOp Chain Depth 64 Size 0 Mode ref, Ref Stage 45, run, start, 9199870456057362
1787080804.618020, NoOp Chain Depth 64 Size 0 Mode ref, Ref Stage 45, run, end, 9199870456078866
1787080804.618031, NoOp Chain Depth 64 Size 0 Mode ref, Ref Stage 46, run, start, 9199870456090450
1787080804.618066, NoOp Chain Depth 64 Size 0 Mode ref, Ref Stage 46, run, end, 9199870456124994
1787080804.618077, NoOp Chain Depth 64 Size 0 Mode ref, Ref Stage 47, run, start, 9199870456136530
1787080804.618107, NoOp Chain Depth 64 Size 0 Mode ref, Ref Stage 47, run, end, 9199870456166754
1787080804.618122, NoOp Chain Depth 64 Size 0 Mode ref, Ref Stage 48, run, start, 9199870456181426
1787080804.618142, NoOp Chain Depth 64 Size 0 Mode ref, Ref Stage 48, run, end, 9199870456202898
1787080804.618158, NoOp Chain Depth 64 Size 0 Mode ref, Ref Stage 49, run, start, 9199870456217138
1787080804.618178, NoOp Chain Depth 64 Size 0 Mode ref, Ref Stage 49, run, end, 9199870456236898
1787080804.618192, NoOp Chain Depth 64 Size 0 Mode ref, Ref Stage 50, run, start, 9199870456251362
1787080804.618212, NoOp Chain Depth 64 Size 0 Mode ref, Ref Stage 50, run, end, 9199870456270994
1787080804.618226, NoOp Chain Depth 64 Size 0 Mode ref, Ref Stage 51, run, start, 9199870456285170
1787080804.618246, NoOp Chain Depth 64 Size 0 Mode ref, Ref Stage 51, run, end, 9199870456305218
1787080804.618260, NoOp Chain Depth 64 Size 0 Mode ref, Ref Stage 52, run, start, 9199870456319778
1787080804.618281, NoOp Chain Depth 64 Size 0 Mode ref, Ref Stage 52, run, end, 9199870456340786
1787080804.618296, NoOp Chain Depth 64 Size 0 Mode ref, Ref Stage 53, run, start, 9199870456355266
1787080804.618317, NoOp Chain Depth 64 Size 0 Mode ref, Ref Stage 53, run, end, 9199870456376162
1787080804.618331, NoOp Chain Depth 64 Size 0 Mode ref, Ref Stage 54, run, start, 9199870456390706
1787080804.618351, NoOp Chain Depth 64 Size 0 Mode ref, Ref Stage 54, run, end, 9199870456410642
1787080804.618366, NoOp Chain Depth 64 Size 0 Mode ref, Ref Stage 55, run, start, 9199870456425074
1787080804.618387, NoOp Chain Depth 64 Size 0 Mode ref, Ref Stage 55, run, end, 9199870456446242
1787080804.618401, NoOp Chain Depth 64 Size 0 Mode ref, Ref Stage 56, run, start, 9199870456460706
1787080804.618422, NoOp Chain Depth 64 Size 0 Mode ref, Ref Stage 56, run, end, 9199870456481474
1787080804.618436, NoOp Chain Depth 64 Size 0 Mode ref, Ref Stage 57, run, start, 9199870456495650
1787080804.618457, NoOp Chain Depth 64 Size 0 Mode ref, Ref Stage 57, run, end, 9199870456516354
1787080804.618471, NoOp Chain Depth 64 Size 0 Mode ref, Ref Stage 58, run, start, 9199870456530546
1787080804.618491, NoOp Chain Depth 64 Size 0 Mode ref, Ref Stage 58, run, end, 9199870456550066
1787080804.618505, NoOp Chain Depth 64 Size 0 Mode ref, Ref Stage 59, run, start, 9199870456564386
1787080804.618525, NoOp Chain Depth 64 Size 0 Mode ref, Ref Stage 59, run, end, 9199870456584226
1787080804.618539, NoOp Chain Depth 64 Size 0 Mode ref, Ref Stage 60, run, start, 9199870456598418
1787080804.618559, NoOp Chain Depth 64 Size 0 Mode ref, Ref Stage 60, run, end, 9199870456618466
1787080804.618574, NoOp Chain Depth 64 Size 0 Mode ref, Ref Stage 61, run, start, 9199870456632786
1787080804.618593, NoOp Chain Depth 64 Size 0 Mode ref, Ref Stage 61, run, end, 9199870456652258
1787080804.618607, NoOp Chain Depth 64 Size 0 Mode ref, Ref Stage 62, run, start, 9199870456666402
1787080804.618629, NoOp Chain Depth 64 Size 0 Mode ref, Ref Stage 62, run, end, 9199870456688482
1787080804.618645, NoOp Chain Depth 64 Size 0 Mode ref, Ref Stage 63, run, start, 9199870456704626
1787080804.618665, NoOp Chain Depth 64 Size 0 Mode ref, Ref Stage 63, run, end, 9199870456723922
1787080804.618679, NoOp Chain Depth 64 Size 0 Mode ref, pipeline - train, run, end, 199479263028402193444209221067463134934, 1787080804.615674, 53, 1, 9199870456738754
1787080804.618714, NoOp Chain Depth 64 Size 0 Mode ref, pipeline - train, run, start, 263479435196627742646769504298121809227, 1787080804.618704, 54, 1, 9199870456773762
1787080804.618737, NoOp Chain Depth 64 Size 0 Mode ref, Ref Stage 0, run, start, 9199870456796386
1787080804.618758, NoOp Chain Depth 64 Size 0 Mode ref, Ref Stage 0, run, end, 9199870456816946
1787080804.618773, NoOp Chain Depth 64 Size 0 Mode ref, Ref Stage 1, run, start, 9199870456832914
1787080804.618793, NoOp Chain Depth 64 Size 0 Mode ref, Ref Stage 1, run, end, 9199870456853026
1787080804.618808, NoOp Chain Depth 64 Size 0 Mode ref, Ref Stage 2, run, start, 9199870456867458
1787080804.618829, NoOp Chain Depth 64 Size 0 Mode ref, Ref Stage 2, run, end, 9199870456888898
1787080804.618844, NoOp Chain Depth 64 Size 0 Mode ref, Ref Stage 3, run, start, 9199870456903346
1787080804.618864, NoOp Chain Depth 64 Size 0 Mode ref, Ref Stage 3, run, end, 9199870456923298
1787080804.618878, NoOp Chain Depth 64 Size 0 Mode ref, Ref Stage 4, run, start, 9199870456937746
1787080804.618898, NoOp Chain Depth 64 Size 0 Mode ref, Ref Stage 4, run, end, 9199870456959138
1787080804.618914, NoOp Chain Depth 64 Size 0 Mode ref, Ref Stage 5, run, start, 9199870456973570
1787080804.618935, NoOp Chain Depth 64 Size 0 Mode ref, Ref Stage 5, run, end, 9199870456994322
1787080804.618951, NoOp Chain Depth 64 Size 0 Mode ref, Ref Stage 6, run, start, 9199870457010306
1787080804.618971, NoOp Chain Depth 64 Size 0 Mode ref, Ref Stage 6, run, end, 9199870457030674
1787080804.618986, NoOp Chain Depth 64 Size 0 Mode ref, Ref Stage 7, run, start, 9199870457045026
1787080804.619006, NoOp Chain Depth 64 Size 0 Mode ref, Ref Stage 7, run, end, 9199870457064946
1787080804.619021, NoOp Chain Depth 64 Size 0 Mode ref, Ref Stage 8, run, start, 9199870457080626
1787080804.619041, NoOp Chain Depth 64 Size 0 Mode ref, Ref Stage 8, run, end, 9199870457100802
1787080804.619056, NoOp Chain Depth 64 Size 0 Mode ref, Ref Stage 9, run, start, 9199870457115394
1787080804.619076, NoOp Chain Depth 64 Size 0 Mode ref, Ref Stage 9, run, end, 9199870457135090
1787080804.619090, NoOp Chain Depth 64 Size 0 Mode ref, Ref Stage 10, run, start, 9199870457149458
1787080804.619116, NoOp Chain Depth 64 Size 0 Mode ref, Ref Stage 10, run, end, 9199870457174834
1787080804.619130, NoOp Chain Depth 64 Size 0 Mode ref, Ref Stage 11, run, start, 9199870457189298
1787080804.619150, NoOp Chain Depth 64 Size 0 Mode ref, Ref Stage 11, run, end, 9199870457209170
1787080804.619164, NoOp Chain Depth 64 Size 0 Mode ref, Ref Stage 12, run, start, 9199870457223858
1787080804.619186, NoOp Chain Depth 64 Size 0 Mode ref, Ref Stage 12, run, end, 9199870457244850
1787080804.619200, NoOp Chain Depth 64 Size 0 Mode ref, Ref Stage 13, run, start, 9199870457259554
1787080804.619223, NoOp Chain Depth 64 Size 0 Mode ref, Ref Stage 13, run, end, 9199870457281970
1787080804.619238, NoOp Chain Depth 64 Size 0 Mode ref, Ref Stage 14, run, start, 9199870457297666
1787080804.619258, NoOp Chain Depth 64 Size 0 Mode ref, Ref Stage 14, run, end, 9199870457317650
1787080804.619749, NoOp Chain Depth 64 Size 0 Mode ref, Ref Stage 15, run, start, 9199870457809442
1787080804.619774, NoOp Chain Depth 64 Size 0 Mode ref, Ref Stage 15, run, end, 9199870457833122
1787080804.619789, NoOp Chain Depth 64 Size 0 Mode ref, Ref Stage 16, run, start, 9199870457848178
1787080804.619809, NoOp Chain Depth 64 Size 0 Mode ref, Ref Stage 16, run, end, 9199870457868434
1787080804.619824, NoOp Chain Depth 64 Size 0 Mode ref, Ref Stage 17, run, start, 9199870457882898
1787080804.619843, NoOp Chain Depth 64 Size 0 Mode ref, Ref Stage 17, run, end, 9199870457902786
1787080804.619858, NoOp Chain Depth 64 Size 0 Mode ref, Ref Stage 18, run, start, 9199870457917490
1787080804.619878, NoOp Chain Depth 64 Size 0 Mode ref, Ref Stage 18, run, end, 9199870457937314
1787080804.619893, NoOp Chain Depth 64 Size 0 Mode ref, Ref Stage 19, run, start, 9199870457951826
1787080804.619913, NoOp Chain Depth 64 Size 0 Mode ref, Ref Stage 19, run, end, 9199870457971890
1787080804.619927, NoOp Chain Depth 64 Size 0 Mode ref, Ref Stage 20, run, start, 9199870457986722
1787080804.619951, NoOp Chain Depth 64 Size 0 Mode ref, Ref Stage 20, run, end, 9199870458010434
1787080804.620417, NoOp Chain Depth 64 Size 0 Mode ref, Ref Stage 21, run, start, 9199870458477122
1787080804.620572, NoOp Chain Depth 64 Size 0 Mode ref, Ref Stage 21, run, end, 9199870458631314
1787080804.620584, NoOp Chain Depth 64 Size 0 Mode ref, Ref Stage 22, run, start, 9199870458643730
1787080804.620615, NoOp Chain Depth 64 Size 0 Mode ref, Ref Stage 22, run, end, 9199870458674946
1787080804.620630, NoOp Chain Depth 64 Size 0 Mode ref, Ref Stage 23, run, start, 9199870458689634
1787080804.620651, NoOp Chain Depth 64 Size 0 Mode ref, Ref Stage 23, run, end, 9199870458709986
1787080804.620665, NoOp Chain Depth 64 Size 0 Mode ref, Ref Stage 24, run, start, 9199870458724418
1787080804.620685, NoOp Chain Depth 64 Size 0 Mode ref, Ref Stage 24, run, end, 9199870458744514
1787080804.620700, NoOp Chain Depth 64 Size 0 Mode ref, Ref Stage 25, run, start, 9199870458759202
1787080804.620720, NoOp Chain Depth 64 Size 0 Mode ref, Ref Stage 25, run, end, 9199870458779442
1787080804.620735, NoOp Chain Depth 64 Size 0 Mode ref, Ref Stage 26, run, start, 9199870458793938
1787080804.620755, NoOp Chain Depth 64 Size 0 Mode ref, Ref Stage 26, run, end, 9199870458814402
1787080804.620770, NoOp Chain Depth 64 Size 0 Mode ref, Ref Stage 27, run, start, 9199870458829986
1787080804.620791, NoOp Chain Depth 64 Size 0 Mode ref, Ref Stage 27, run, end, 9199870458850498
1787080804.620806, NoOp Chain Depth 64 Size 0 Mode ref, Ref Stage 28, run, start, 9199870458865538
1787080804.620827, NoOp Chain Depth 64 Size 0 Mode ref, Ref Stage 28, run, end, 9199870458885906
1787080804.620841, NoOp Chain Depth 64 Size 0 Mode ref, Ref Stage 29, run, start, 9199870458900530
1787080804.620862, NoOp Chain Depth 64 Size 0 Mode ref, Ref Stage 29, run, end, 9199870458920930
1787080804.620876, NoOp Chain Depth 64 Size 0 Mode ref, Ref Stage 30, run, start, 9199870458935650
1787080804.620896, NoOp Chain Depth 64 Size 0 Mode ref, Ref Stage 30, run, end, 9199870458955330
1787080804.620910, NoOp Chain Depth 64 Size 0 Mode ref, Ref Stage 31, run, start, 9199870458969506
1787080804.620933, NoOp Chain Depth 64 Size 0 Mode ref, Ref Stage 31, run, end, 9199870458992130
1787080804.620950, NoOp Chain Depth 64 Size 0 Mode ref, Ref Stage 32, run, start, 9199870459009378
1787080804.620972, NoOp Chain Depth 64 Size 0 Mode ref, Ref Stage 32, run, end, 9199870459030962
1787080804.620986, NoOp Chain Depth 64 Size 0 Mode ref, Ref Stage 33, run, start, 9199870459045362
1787080804.621007, NoOp Chain Depth 64 Size 0 Mode ref, Ref Stage 33, run, end, 9199870459066434
1787080804.621019, NoOp Chain Depth 64 Size 0 Mode ref, Ref Stage 34, run, start, 9199870459077842
1787080804.621048, NoOp Chain Depth 64 Size 0 Mode ref, Ref Stage 34, run, end, 9199870459107666
1787080804.621063, NoOp Chain Depth 64 Size 0 Mode ref, Ref Stage 35, run, start, 9199870459121890
1787080804.621082, NoOp Chain Depth 64 Size 0 Mode ref, Ref Stage 35, run, end, 9199870459141426
1787080804.621096, NoOp Chain Depth 64 Size 0 Mode ref, Ref Stage 36, run, start, 9199870459155698
1787080804.621117, NoOp Chain Depth 64 Size 0 Mode ref, Ref Stage 36, run, end, 9199870459176770
1787080804.621132, NoOp Chain Depth 64 Size 0 Mode ref, Ref Stage 37, run, start, 9199870459190962
1787080804.621151, NoOp Chain Depth 64 Size 0 Mode ref, Ref Stage 37, run, end, 9199870459210738
1787080804.621166, NoOp Chain Depth 64 Size 0 Mode ref, Ref Stage 38, run, start, 9199870459225106
1787080804.621186, NoOp Chain Depth 64 Size 0 Mode ref, Ref Stage 38, run, end, 9199870459244850
1787080804.621201, NoOp Chain Depth 64 Size 0 Mode ref, Ref Stage 39, run, start, 9199870459260498
1787080804.621222, NoOp Chain Depth 64 Size 0 Mode ref, Ref Stage 39, run, end, 9199870459281698
1787080804.621237, NoOp Chain Depth 64 Size 0 Mode ref, Ref Stage 40, run, start, 9199870459296322
1787080804.621257, NoOp Chain Depth 64 Size 0 Mode ref, Ref Stage 40, run, end, 9199870459316274
1787080804.621271, NoOp Chain Depth 64 Size 0 Mode ref, Ref Stage 41, run, start, 9199870459330722
1787080804.621292, NoOp Chain Depth 64 Size 0 Mode ref, Ref Stage 41, run, end, 9199870459350962
1787080804.621306, NoOp Chain Depth 64 Size 0 Mode ref, Ref Stage 42, run, start, 9199870459365506
1787080804.621328, NoOp Chain Depth 64 Size 0 Mode ref, Ref Stage 42, run, end, 9199870459386850
1787080804.621342, NoOp Chain Depth 64 Size 0 Mode ref, Ref Stage 43, run, start, 9199870459401218
1787080804.621362, NoOp Chain Depth 64 Size 0 Mode ref, Ref Stage 43, run, end, 9199870459421058
1787080804.621377, NoOp Chain Depth 64 Size 0 Mode ref, Ref Stage 44, run, start, 9199870459435922
1787080804.621396, NoOp Chain Depth 64 Size 0 Mode ref, Ref Stage 44, run, end, 9199870459455442
1787080804.621411, NoOp Chain Depth 64 Size 0 Mode ref, Ref Stage 45, run, start, 9199870459469922
1787080804.621432, NoOp Chain Depth 64 Size 0 Mode ref, Ref Stage 45, run, end, 9199870459491426
1787080804.621444, NoOp Chain Depth 64 Size 0 Mode ref, Ref Stage 46, run, start, 9199870459502770
1787080804.621476, NoOp Chain Depth 64 Size 0 Mode ref, Ref Stage 46, run, end, 9199870459535426
1787080804.621488, NoOp Chain Depth 64 Size 0 Mode ref, Ref Stage 47, run, start, 9199870459546962
1787080804.621518, NoOp Chain Depth 64 Size 0 Mode ref, Ref Stage 47, run, end, 9199870459577330
1787080804.621532, NoOp Chain Depth 64 Size 0 Mode ref, Ref Stage 48, run, start, 9199870459591730
1787080804.621552, NoOp Chain Depth 64 Size 0 Mode ref, Ref Stage 48, run, end, 9199870459611570
1787080804.621567, NoOp Chain Depth 64 Size 0 Mode ref, Ref Stage 49, run, start, 9199870459626802
1787080804.621588, NoOp Chain Depth 64 Size 0 Mode ref, Ref Stage 49, run, end, 9199870459647634
1787080804.621603, NoOp Chain Depth 64 Size 0 Mode ref, Ref Stage 50, run, start, 9199870459662002
1787080804.621622, NoOp Chain Depth 64 Size 0 Mode ref, Ref Stage 50, run, end, 9199870459681442
1787080804.621637, NoOp Chain Depth 64 Size 0 Mode ref, Ref Stage 51, run, start, 9199870459695810
1787080804.621656, NoOp Chain Depth 64 Size 0 Mode ref, Ref Stage 51, run, end, 9199870459715346
1787080804.621671, NoOp Chain Depth 64 Size 0 Mode ref, Ref Stage 52, run, start, 9199870459729874
1787080804.621693, NoOp Chain Depth 64 Size 0 Mode ref, Ref Stage 52, run, end, 9199870459752066
1787080804.621707, NoOp Chain Depth 64 Size 0 Mode ref, Ref Stage 53, run, start, 9199870459766546
1787080804.621728, NoOp Chain Depth 64 Size 0 Mode ref, Ref Stage 53, run, end, 9199870459787442
1787080804.621742, NoOp Chain Depth 64 Size 0 Mode ref, Ref Stage 54, run, start, 9199870459801714
1787080804.621762, NoOp Chain Depth 64 Size 0 Mode ref, Ref Stage 54, run, end, 9199870459821378
1787080804.621776, NoOp Chain Depth 64 Size 0 Mode ref, Ref Stage 55, run, start, 9199870459835490
1787080804.621796, NoOp Chain Depth 64 Size 0 Mode ref, Ref Stage 55, run, end, 9199870459855202
1787080804.621810, NoOp Chain Depth 64 Size 0 Mode ref, Ref Stage 56, run, start, 9199870459869474
1787080804.621830, NoOp Chain Depth 64 Size 0 Mode ref, Ref Stage 56, run, end, 9199870459889154
1787080804.621844, NoOp Chain Depth 64 Size 0 Mode ref, Ref Stage 57, run, start, 9199870459903458
1787080804.621864, NoOp Chain Depth 64 Size 0 Mode ref, Ref Stage 57, run, end, 9199870459922786
1787080804.621879, NoOp Chain Depth 64 Size 0 Mode ref, Ref Stage 58, run, start, 9199870459938402
1787080804.621898, NoOp Chain Depth 64 Size 0 Mode ref, Ref Stage 58, run, end, 9199870459957890
1787080804.621913, NoOp Chain Depth 64 Size 0 Mode ref, Ref Stage 59, run, start, 9199870459972242
1787080804.621933, NoOp Chain Depth 64 Size 0 Mode ref, Ref Stage 59, run, end, 9199870459991826
1787080804.621950, NoOp Chain Depth 64 Size 0 Mode ref, Ref Stage 60, run, start, 9199870460009730
1787080804.621972, NoOp Chain Depth 64 Size 0 Mode ref, Ref Stage 60, run, end, 9199870460031490
1787080804.621985, NoOp Chain Depth 64 Size 0 Mode ref, Ref Stage 61, run, start, 9199870460044242
1787080804.622015, NoOp Chain Depth 64 Size 0 Mode ref, Ref Stage 61, run, end, 9199870460073826
1787080804.622029, NoOp Chain Depth 64 Size 0 Mode ref, Ref Stage 62, run, start, 9199870460088146
1787080804.622050, NoOp Chain Depth 64 Size 0 Mode ref, Ref Stage 62, run, end, 9199870460109394
1787080804.622062, NoOp Chain Depth 64 Size 0 Mode ref, Ref Stage 63, run, start, 9199870460121186
1787080804.622092, NoOp Chain Depth 64 Size 0 Mode ref, Ref Stage 63, run, end, 9199870460151874
1787080804.622107, NoOp Chain Depth 64 Size 0 Mode ref, pipeline - train, run, end, 263479435196627742646769504298121809227, 1787080804.618704, 54, 1, 9199870460166482
1787080804.622194, NoOp Chain Depth 64 Size 0 Mode ref, pipeline - train, run, start, 310903679624639163061843520170408948648, 1787080804.622183, 55, 1, 9199870460253954
1787080804.622218, NoOp Chain Depth 64 Size 0 Mode ref, Ref Stage 0, run, start, 9199870460277618
1787080804.622239, NoOp Chain Depth 64 Size 0 Mode ref, Ref Stage 0, run, end, 9199870460297986
1787080804.622253, NoOp Chain Depth 64 Size 0 Mode ref, Ref Stage 1, run, start, 9199870460312594
1787080804.622273, NoOp Chain Depth 64 Size 0 Mode ref, Ref Stage 1, run, end, 9199870460332818
1787080804.622288, NoOp Chain Depth 64 Size 0 Mode ref, Ref Stage 2, run, start, 9199870460347698
1787080804.622309, NoOp Chain Depth 64 Size 0 Mode ref, Ref Stage 2, run, end, 9199870460368130
1787080804.622324, NoOp Chain Depth 64 Size 0 Mode ref, Ref Stage 3, run, start, 9199870460382994
1787080804.622347, NoOp Chain Depth 64 Size 0 Mode ref, Ref Stage 3, run, end, 9199870460406098
1787080804.622363, NoOp Chain Depth 64 Size 0 Mode ref, Ref Stage 4, run, start, 9199870460422706
1787080804.622384, NoOp Chain Depth 64 Size 0 Mode ref, Ref Stage 4, run, end, 9199870460443506
1787080804.622399, NoOp Chain Depth 64 Size 0 Mode ref, Ref Stage 5, run, start, 9199870460458370
1787080804.622419, NoOp Chain Depth 64 Size 0 Mode ref, Ref Stage 5, run, end, 9199870460478690
1787080804.622434, NoOp Chain Depth 64 Size 0 Mode ref, Ref Stage 6, run, start, 9199870460493394
1787080804.622456, NoOp Chain Depth 64 Size 0 Mode ref, Ref Stage 6, run, end, 9199870460514946
1787080804.622470, NoOp Chain Depth 64 Size 0 Mode ref, Ref Stage 7, run, start, 9199870460529714
1787080804.622492, NoOp Chain Depth 64 Size 0 Mode ref, Ref Stage 7, run, end, 9199870460551426
1787080804.622506, NoOp Chain Depth 64 Size 0 Mode ref, Ref Stage 8, run, start, 9199870460566002
1787080804.622528, NoOp Chain Depth 64 Size 0 Mode ref, Ref Stage 8, run, end, 9199870460587378
1787080804.622543, NoOp Chain Depth 64 Size 0 Mode ref, Ref Stage 9, run, start, 9199870460601986
1787080804.622564, NoOp Chain Depth 64 Size 0 Mode ref, Ref Stage 9, run, end, 9199870460622994
1787080804.622578, NoOp Chain Depth 64 Size 0 Mode ref, Ref Stage 10, run, start, 9199870460637522
1787080804.622598, NoOp Chain Depth 64 Size 0 Mode ref, Ref Stage 10, run, end, 9199870460657714
1787080804.622614, NoOp Chain Depth 64 Size 0 Mode ref, Ref Stage 11, run, start, 9199870460673170
1787080804.622635, NoOp Chain Depth 64 Size 0 Mode ref, Ref Stage 11, run, end, 9199870460694002
1787080804.623146, NoOp Chain Depth 64 Size 0 Mode ref, Ref Stage 12, run, start, 9199870461206498
1787080804.623172, NoOp Chain Depth 64 Size 0 Mode ref, Ref Stage 12, run, end, 9199870461231346
1787080804.623187, NoOp Chain Depth 64 Size 0 Mode ref, Ref Stage 13, run, start, 9199870461246402
1787080804.623208, NoOp Chain Depth 64 Size 0 Mode ref, Ref Stage 13, run, end, 9199870461266930
1787080804.623222, NoOp Chain Depth 64 Size 0 Mode ref, Ref Stage 14, run, start, 9199870461281410
1787080804.623244, NoOp Chain Depth 64 Size 0 Mode ref, Ref Stage 14, run, end, 9199870461303218
1787080804.623256, NoOp Chain Depth 64 Size 0 Mode ref, Ref Stage 15, run, start, 9199870461315394
1787080804.623286, NoOp Chain Depth 64 Size 0 Mode ref, Ref Stage 15, run, end, 9199870461345298
1787080804.623301, NoOp Chain Depth 64 Size 0 Mode ref, Ref Stage 16, run, start, 9199870461359826
1787080804.623321, NoOp Chain Depth 64 Size 0 Mode ref, Ref Stage 16, run, end, 9199870461380130
1787080804.623335, NoOp Chain Depth 64 Size 0 Mode ref, Ref Stage 17, run, start, 9199870461394498
1787080804.623356, NoOp Chain Depth 64 Size 0 Mode ref, Ref Stage 17, run, end, 9199870461414962
1787080804.623371, NoOp Chain Depth 64 Size 0 Mode ref, Ref Stage 18, run, start, 9199870461430226
1787080804.623391, NoOp Chain Depth 64 Size 0 Mode ref, Ref Stage 18, run, end, 9199870461450274
1787080804.623405, NoOp Chain Depth 64 Size 0 Mode ref, Ref Stage 19, run, start, 9199870461464978
1787080804.623887, NoOp Chain Depth 64 Size 0 Mode ref, Ref Stage 19, run, end, 9199870461946755
1787080804.624032, NoOp Chain Depth 64 Size 0 Mode ref, Ref Stage 20, run, start, 9199870462091827
1787080804.624055, NoOp Chain Depth 64 Size 0 Mode ref, Ref Stage 20, run, end, 9199870462114147
1787080804.624070, NoOp Chain Depth 64 Size 0 Mode ref, Ref Stage 21, run, start, 9199870462129171
1787080804.624090, NoOp Chain Depth 64 Size 0 Mode ref, Ref Stage 21, run, end, 9199870462149539
1787080804.624105, NoOp Chain Depth 64 Size 0 Mode ref, Ref Stage 22, run, start, 9199870462164563
1787080804.624127, NoOp Chain Depth 64 Size 0 Mode ref, Ref Stage 22, run, end, 9199870462186419
1787080804.624139, NoOp Chain Depth 64 Size 0 Mode ref, Ref Stage 23, run, start, 9199870462198163
1787080804.624169, NoOp Chain Depth 64 Size 0 Mode ref, Ref Stage 23, run, end, 9199870462228195
1787080804.624184, NoOp Chain Depth 64 Size 0 Mode ref, Ref Stage 24, run, start, 9199870462242867
1787080804.624204, NoOp Chain Depth 64 Size 0 Mode ref, Ref Stage 24, run, end, 9199870462263379
1787080804.624219, NoOp Chain Depth 64 Size 0 Mode ref, Ref Stage 25, run, start, 9199870462278307
1787080804.624239, NoOp Chain Depth 64 Size 0 Mode ref, Ref Stage 25, run, end, 9199870462298563
1787080804.624254, NoOp Chain Depth 64 Size 0 Mode ref, Ref Stage 26, run, start, 9199870462312947
1787080804.624275, NoOp Chain Depth 64 Size 0 Mode ref, Ref Stage 26, run, end, 9199870462334355
1787080804.624290, NoOp Chain Depth 64 Size 0 Mode ref, Ref Stage 27, run, start, 9199870462348851
1787080804.624309, NoOp Chain Depth 64 Size 0 Mode ref, Ref Stage 27, run, end, 9199870462368691
1787080804.624324, NoOp Chain Depth 64 Size 0 Mode ref, Ref Stage 28, run, start, 9199870462383155
1787080804.624346, NoOp Chain Depth 64 Size 0 Mode ref, Ref Stage 28, run, end, 9199870462404947
1787080804.624362, NoOp Chain Depth 64 Size 0 Mode ref, Ref Stage 29, run, start, 9199870462421427
1787080804.624382, NoOp Chain Depth 64 Size 0 Mode ref, Ref Stage 29, run, end, 9199870462441651
1787080804.624397, NoOp Chain Depth 64 Size 0 Mode ref, Ref Stage 30, run, start, 9199870462456291
1787080804.624417, NoOp Chain Depth 64 Size 0 Mode ref, Ref Stage 30, run, end, 9199870462476083
1787080804.624431, NoOp Chain Depth 64 Size 0 Mode ref, Ref Stage 31, run, start, 9199870462490355
1787080804.624451, NoOp Chain Depth 64 Size 0 Mode ref, Ref Stage 31, run, end, 9199870462510099
1787080804.624465, NoOp Chain Depth 64 Size 0 Mode ref, Ref Stage 32, run, start, 9199870462524387
1787080804.624486, NoOp Chain Depth 64 Size 0 Mode ref, Ref Stage 32, run, end, 9199870462545187
1787080804.624500, NoOp Chain Depth 64 Size 0 Mode ref, Ref Stage 33, run, start, 9199870462559235
1787080804.624519, NoOp Chain Depth 64 Size 0 Mode ref, Ref Stage 33, run, end, 9199870462578819
1787080804.624534, NoOp Chain Depth 64 Size 0 Mode ref, Ref Stage 34, run, start, 9199870462593283
1787080804.624554, NoOp Chain Depth 64 Size 0 Mode ref, Ref Stage 34, run, end, 9199870462612979
1787080804.624568, NoOp Chain Depth 64 Size 0 Mode ref, Ref Stage 35, run, start, 9199870462627411
1787080804.624589, NoOp Chain Depth 64 Size 0 Mode ref, Ref Stage 35, run, end, 9199870462648627
1787080804.624604, NoOp Chain Depth 64 Size 0 Mode ref, Ref Stage 36, run, start, 9199870462663859
1787080804.624624, NoOp Chain Depth 64 Size 0 Mode ref, Ref Stage 36, run, end, 9199870462683635
1787080804.624640, NoOp Chain Depth 64 Size 0 Mode ref, Ref Stage 37, run, start, 9199870462699331
1787080804.624661, NoOp Chain Depth 64 Size 0 Mode ref, Ref Stage 37, run, end, 9199870462720435
1787080804.624676, NoOp Chain Depth 64 Size 0 Mode ref, Ref Stage 38, run, start, 9199870462734947
1787080804.624697, NoOp Chain Depth 64 Size 0 Mode ref, Ref Stage 38, run, end, 9199870462756195
1787080804.624709, NoOp Chain Depth 64 Size 0 Mode ref, Ref Stage 39, run, start, 9199870462768003
1787080804.624740, NoOp Chain Depth 64 Size 0 Mode ref, Ref Stage 39, run, end, 9199870462799011
1787080804.624754, NoOp Chain Depth 64 Size 0 Mode ref, Ref Stage 40, run, start, 9199870462813347
1787080804.624774, NoOp Chain Depth 64 Size 0 Mode ref, Ref Stage 40, run, end, 9199870462832995
1787080804.624788, NoOp Chain Depth 64 Size 0 Mode ref, Ref Stage 41, run, start, 9199870462847443
1787080804.624808, NoOp Chain Depth 64 Size 0 Mode ref, Ref Stage 41, run, end, 9199870462867219
1787080804.624822, NoOp Chain Depth 64 Size 0 Mode ref, Ref Stage 42, run, start, 9199870462881491
1787080804.624843, NoOp Chain Depth 64 Size 0 Mode ref, Ref Stage 42, run, end, 9199870462902179
1787080804.624857, NoOp Chain Depth 64 Size 0 Mode ref, Ref Stage 43, run, start, 9199870462916531
1787080804.624877, NoOp Chain Depth 64 Size 0 Mode ref, Ref Stage 43, run, end, 9199870462936195
1787080804.624891, NoOp Chain Depth 64 Size 0 Mode ref, Ref Stage 44, run, start, 9199870462950531
1787080804.624911, NoOp Chain Depth 64 Size 0 Mode ref, Ref Stage 44, run, end, 9199870462970147
1787080804.624925, NoOp Chain Depth 64 Size 0 Mode ref, Ref Stage 45, run, start, 9199870462984483
1787080804.624946, NoOp Chain Depth 64 Size 0 Mode ref, Ref Stage 45, run, end, 9199870463005699
1787080804.624962, NoOp Chain Depth 64 Size 0 Mode ref, Ref Stage 46, run, start, 9199870463021203
1787080804.624981, NoOp Chain Depth 64 Size 0 Mode ref, Ref Stage 46, run, end, 9199870463040627
1787080804.624996, NoOp Chain Depth 64 Size 0 Mode ref, Ref Stage 47, run, start, 9199870463055107
1787080804.625381, NoOp Chain Depth 64 Size 0 Mode ref, Ref Stage 47, run, end, 9199870463440803
1787080804.625395, NoOp Chain Depth 64 Size 0 Mode ref, Ref Stage 48, run, start, 9199870463454323
1787080804.625547, NoOp Chain Depth 64 Size 0 Mode ref, Ref Stage 48, run, end, 9199870463606451
1787080804.625562, NoOp Chain Depth 64 Size 0 Mode ref, Ref Stage 49, run, start, 9199870463621139
1787080804.625584, NoOp Chain Depth 64 Size 0 Mode ref, Ref Stage 49, run, end, 9199870463643187
1787080804.625598, NoOp Chain Depth 64 Size 0 Mode ref, Ref Stage 50, run, start, 9199870463657859
1787080804.625618, NoOp Chain Depth 64 Size 0 Mode ref, Ref Stage 50, run, end, 9199870463677587
1787080804.625633, NoOp Chain Depth 64 Size 0 Mode ref, Ref Stage 51, run, start, 9199870463692067
1787080804.625653, NoOp Chain Depth 64 Size 0 Mode ref, Ref Stage 51, run, end, 9199870463712035
1787080804.625667, NoOp Chain Depth 64 Size 0 Mode ref, Ref Stage 52, run, start, 9199870463726563
1787080804.625687, NoOp Chain Depth 64 Size 0 Mode ref, Ref Stage 52, run, end, 9199870463746531
1787080804.625702, NoOp Chain Depth 64 Size 0 Mode ref, Ref Stage 53, run, start, 9199870463760947
1787080804.625722, NoOp Chain Depth 64 Size 0 Mode ref, Ref Stage 53, run, end, 9199870463780835
1787080804.625736, NoOp Chain Depth 64 Size 0 Mode ref, Ref Stage 54, run, start, 9199870463795123
1787080804.625757, NoOp Chain Depth 64 Size 0 Mode ref, Ref Stage 54, run, end, 9199870463815891
1787080804.625771, NoOp Chain Depth 64 Size 0 Mode ref, Ref Stage 55, run, start, 9199870463830307
1787080804.625791, NoOp Chain Depth 64 Size 0 Mode ref, Ref Stage 55, run, end, 9199870463849955
1787080804.625805, NoOp Chain Depth 64 Size 0 Mode ref, Ref Stage 56, run, start, 9199870463864371
1787080804.625824, NoOp Chain Depth 64 Size 0 Mode ref, Ref Stage 56, run, end, 9199870463883731
1787080804.625839, NoOp Chain Depth 64 Size 0 Mode ref, Ref Stage 57, run, start, 9199870463898067
1787080804.625861, NoOp Chain Depth 64 Size 0 Mode ref, Ref Stage 57, run, end, 9199870463920307
1787080804.625876, NoOp Chain Depth 64 Size 0 Mode ref, Ref Stage 58, run, start, 9199870463935059
1787080804.625897, NoOp Chain Depth 64 Size 0 Mode ref, Ref Stage 58, run, end, 9199870463956675
1787080804.625912, NoOp Chain Depth 64 Size 0 Mode ref, Ref Stage 59, run, start, 9199870463971667
1787080804.625935, NoOp Chain Depth 64 Size 0 Mode ref, Ref Stage 59, run, end, 9199870463994355
1787080804.625952, NoOp Chain Depth 64 Size 0 Mode ref, Ref Stage 60, run, start, 9199870464011779
1787080804.625973, NoOp Chain Depth 64 Size 0 Mode ref, Ref Stage 60, run, end, 9199870464032755
1787080804.625988, NoOp Chain Depth 64 Size 0 Mode ref, Ref Stage 61, run, start, 9199870464047107
1787080804.626008, NoOp Chain Depth 64 Size 0 Mode ref, Ref Stage 61, run, end, 9199870464067411
1787080804.626023, NoOp Chain Depth 64 Size 0 Mode ref, Ref Stage 62, run, start, 9199870464082083
1787080804.626043, NoOp Chain Depth 64 Size 0 Mode ref, Ref Stage 62, run, end, 9199870464102307
1787080804.626057, NoOp Chain Depth 64 Size 0 Mode ref, Ref Stage 63, run, start, 9199870464116835
1787080804.626077, NoOp Chain Depth 64 Size 0 Mode ref, Ref Stage 63, run, end, 9199870464136419
1787080804.626091, NoOp Chain Depth 64 Size 0 Mode ref, pipeline - train, run, end, 310903679624639163061843520170408948648, 1787080804.622183, 55, 1, 9199870464151075
1787080804.626129, NoOp Chain Depth 64 Size 0 Mode ref, pipeline - train, run, start, 184788482676943065394596058425088726610, 1787080804.626118, 56, 1, 9199870464189059
1787080804.626152, NoOp Chain Depth 64 Size 0 Mode ref, Ref Stage 0, run, start, 9199870464211187
1787080804.626172, NoOp Chain Depth 64 Size 0 Mode ref, Ref Stage 0, run, end, 9199870464231731
1787080804.626187, NoOp Chain Depth 64 Size 0 Mode ref, Ref Stage 1, run, start, 9199870464246403
1787080804.626207, NoOp Chain Depth 64 Size 0 Mode ref, Ref Stage 1, run, end, 9199870464266371
1787080804.626222, NoOp Chain Depth 64 Size 0 Mode ref, Ref Stage 2, run, start, 9199870464280819
1787080804.626241, NoOp Chain Depth 64 Size 0 Mode ref, Ref Stage 2, run, end, 9199870464300275
1787080804.626256, NoOp Chain Depth 64 Size 0 Mode ref, Ref Stage 3, run, start, 9199870464314899
1787080804.626276, NoOp Chain Depth 64 Size 0 Mode ref, Ref Stage 3, run, end, 9199870464334771
1787080804.626290, NoOp Chain Depth 64 Size 0 Mode ref, Ref Stage 4, run, start, 9199870464349107
1787080804.626311, NoOp Chain Depth 64 Size 0 Mode ref, Ref Stage 4, run, end, 9199870464370115
1787080804.626327, NoOp Chain Depth 64 Size 0 Mode ref, Ref Stage 5, run, start, 9199870464386195
1787080804.626347, NoOp Chain Depth 64 Size 0 Mode ref, Ref Stage 5, run, end, 9199870464405843
1787080804.626370, NoOp Chain Depth 64 Size 0 Mode ref, Ref Stage 6, run, start, 9199870464429315
1787080804.626390, NoOp Chain Depth 64 Size 0 Mode ref, Ref Stage 6, run, end, 9199870464448963
1787080804.626404, NoOp Chain Depth 64 Size 0 Mode ref, Ref Stage 7, run, start, 9199870464463171
1787080804.626424, NoOp Chain Depth 64 Size 0 Mode ref, Ref Stage 7, run, end, 9199870464482771
1787080804.626438, NoOp Chain Depth 64 Size 0 Mode ref, Ref Stage 8, run, start, 9199870464496963
1787080804.626457, NoOp Chain Depth 64 Size 0 Mode ref, Ref Stage 8, run, end, 9199870464516515
1787080804.626472, NoOp Chain Depth 64 Size 0 Mode ref, Ref Stage 9, run, start, 9199870464531059
1787080804.626491, NoOp Chain Depth 64 Size 0 Mode ref, Ref Stage 9, run, end, 9199870464550611
1787080804.626507, NoOp Chain Depth 64 Size 0 Mode ref, Ref Stage 10, run, start, 9199870464566115
1787080804.626527, NoOp Chain Depth 64 Size 0 Mode ref, Ref Stage 10, run, end, 9199870464586035
1787080804.626541, NoOp Chain Depth 64 Size 0 Mode ref, Ref Stage 11, run, start, 9199870464600595
1787080804.626563, NoOp Chain Depth 64 Size 0 Mode ref, Ref Stage 11, run, end, 9199870464622051
1787080804.626574, NoOp Chain Depth 64 Size 0 Mode ref, Ref Stage 12, run, start, 9199870464633715
1787080804.626604, NoOp Chain Depth 64 Size 0 Mode ref, Ref Stage 12, run, end, 9199870464663283
1787080804.626619, NoOp Chain Depth 64 Size 0 Mode ref, Ref Stage 13, run, start, 9199870464677955
1787080804.626640, NoOp Chain Depth 64 Size 0 Mode ref, Ref Stage 13, run, end, 9199870464699363
1787080804.626655, NoOp Chain Depth 64 Size 0 Mode ref, Ref Stage 14, run, start, 9199870464713923
1787080804.626676, NoOp Chain Depth 64 Size 0 Mode ref, Ref Stage 14, run, end, 9199870464735059
1787080804.626687, NoOp Chain Depth 64 Size 0 Mode ref, Ref Stage 15, run, start, 9199870464746643
1787080804.626724, NoOp Chain Depth 64 Size 0 Mode ref, Ref Stage 15, run, end, 9199870464782899
1787080804.626738, NoOp Chain Depth 64 Size 0 Mode ref, Ref Stage 16, run, start, 9199870464797091
1787080804.626758, NoOp Chain Depth 64 Size 0 Mode ref, Ref Stage 16, run, end, 9199870464817187
1787080804.626772, NoOp Chain Depth 64 Size 0 Mode ref, Ref Stage 17, run, start, 9199870464831587
1787080804.626792, NoOp Chain Depth 64 Size 0 Mode ref, Ref Stage 17, run, end, 9199870464851491
1787080804.626807, NoOp Chain Depth 64 Size 0 Mode ref, Ref Stage 18, run, start, 9199870464866835
1787080804.626830, NoOp Chain Depth 64 Size 0 Mode ref, Ref Stage 18, run, end, 9199870464888707
1787080804.626841, NoOp Chain Depth 64 Size 0 Mode ref, Ref Stage 19, run, start, 9199870464900115
1787080804.626871, NoOp Chain Depth 64 Size 0 Mode ref, Ref Stage 19, run, end, 9199870464930643
1787080804.626887, NoOp Chain Depth 64 Size 0 Mode ref, Ref Stage 20, run, start, 9199870464946099
1787080804.626908, NoOp Chain Depth 64 Size 0 Mode ref, Ref Stage 20, run, end, 9199870464966915
1787080804.626922, NoOp Chain Depth 64 Size 0 Mode ref, Ref Stage 21, run, start, 9199870464981427
1787080804.626942, NoOp Chain Depth 64 Size 0 Mode ref, Ref Stage 21, run, end, 9199870465002915
1787080804.626958, NoOp Chain Depth 64 Size 0 Mode ref, Ref Stage 22, run, start, 9199870465017779
1787080804.626978, NoOp Chain Depth 64 Size 0 Mode ref, Ref Stage 22, run, end, 9199870465037235
1787080804.626992, NoOp Chain Depth 64 Size 0 Mode ref, Ref Stage 23, run, start, 9199870465051619
1787080804.627012, NoOp Chain Depth 64 Size 0 Mode ref, Ref Stage 23, run, end, 9199870465071027
1787080804.627026, NoOp Chain Depth 64 Size 0 Mode ref, Ref Stage 24, run, start, 9199870465085523
1787080804.627046, NoOp Chain Depth 64 Size 0 Mode ref, Ref Stage 24, run, end, 9199870465105203
1787080804.627060, NoOp Chain Depth 64 Size 0 Mode ref, Ref Stage 25, run, start, 9199870465119683
1787080804.627081, NoOp Chain Depth 64 Size 0 Mode ref, Ref Stage 25, run, end, 9199870465140787
1787080804.627097, NoOp Chain Depth 64 Size 0 Mode ref, Ref Stage 26, run, start, 9199870465156419
1787080804.627117, NoOp Chain Depth 64 Size 0 Mode ref, Ref Stage 26, run, end, 9199870465176131
1787080804.627131, NoOp Chain Depth 64 Size 0 Mode ref, Ref Stage 27, run, start, 9199870465190659
1787080804.627151, NoOp Chain Depth 64 Size 0 Mode ref, Ref Stage 27, run, end, 9199870465210179
1787080804.627165, NoOp Chain Depth 64 Size 0 Mode ref, Ref Stage 28, run, start, 9199870465224323
1787080804.627185, NoOp Chain Depth 64 Size 0 Mode ref, Ref Stage 28, run, end, 9199870465244227
1787080804.627199, NoOp Chain Depth 64 Size 0 Mode ref, Ref Stage 29, run, start, 9199870465258323
1787080804.627218, NoOp Chain Depth 64 Size 0 Mode ref, Ref Stage 29, run, end, 9199870465277875
1787080804.627233, NoOp Chain Depth 64 Size 0 Mode ref, Ref Stage 30, run, start, 9199870465292083
1787080804.627254, NoOp Chain Depth 64 Size 0 Mode ref, Ref Stage 30, run, end, 9199870465312787
1787080804.627317, NoOp Chain Depth 64 Size 0 Mode ref, Ref Stage 31, run, start, 9199870465376835
1787080804.627339, NoOp Chain Depth 64 Size 0 Mode ref, Ref Stage 31, run, end, 9199870465398755
1787080804.627354, NoOp Chain Depth 64 Size 0 Mode ref, Ref Stage 32, run, start, 9199870465413315
1787080804.627376, NoOp Chain Depth 64 Size 0 Mode ref, Ref Stage 32, run, end, 9199870465435475
1787080804.627391, NoOp Chain Depth 64 Size 0 Mode ref, Ref Stage 33, run, start, 9199870465450067
1787080804.627410, NoOp Chain Depth 64 Size 0 Mode ref, Ref Stage 33, run, end, 9199870465469507
1787080804.627424, NoOp Chain Depth 64 Size 0 Mode ref, Ref Stage 34, run, start, 9199870465483507
1787080804.627448, NoOp Chain Depth 64 Size 0 Mode ref, Ref Stage 34, run, end, 9199870465507443
1787080804.627461, NoOp Chain Depth 64 Size 0 Mode ref, Ref Stage 35, run, start, 9199870465520019
1787080804.628074, NoOp Chain Depth 64 Size 0 Mode ref, Ref Stage 35, run, end, 9199870466134291
1787080804.628090, NoOp Chain Depth 64 Size 0 Mode ref, Ref Stage 36, run, start, 9199870466149731
1787080804.628111, NoOp Chain Depth 64 Size 0 Mode ref, Ref Stage 36, run, end, 9199870466170099
1787080804.628125, NoOp Chain Depth 64 Size 0 Mode ref, Ref Stage 37, run, start, 9199870466184371
1787080804.628145, NoOp Chain Depth 64 Size 0 Mode ref, Ref Stage 37, run, end, 9199870466204451
1787080804.628160, NoOp Chain Depth 64 Size 0 Mode ref, Ref Stage 38, run, start, 9199870466219107
1787080804.628180, NoOp Chain Depth 64 Size 0 Mode ref, Ref Stage 38, run, end, 9199870466239315
1787080804.628195, NoOp Chain Depth 64 Size 0 Mode ref, Ref Stage 39, run, start, 9199870466253939
1787080804.628216, NoOp Chain Depth 64 Size 0 Mode ref, Ref Stage 39, run, end, 9199870466275475
1787080804.628228, NoOp Chain Depth 64 Size 0 Mode ref, Ref Stage 40, run, start, 9199870466287123
1787080804.628259, NoOp Chain Depth 64 Size 0 Mode ref, Ref Stage 40, run, end, 9199870466318451
1787080804.628271, NoOp Chain Depth 64 Size 0 Mode ref, Ref Stage 41, run, start, 9199870466329923
1787080804.628300, NoOp Chain Depth 64 Size 0 Mode ref, Ref Stage 41, run, end, 9199870466359747
1787080804.628315, NoOp Chain Depth 64 Size 0 Mode ref, Ref Stage 42, run, start, 9199870466374451
1787080804.628335, NoOp Chain Depth 64 Size 0 Mode ref, Ref Stage 42, run, end, 9199870466394499
1787080804.628350, NoOp Chain Depth 64 Size 0 Mode ref, Ref Stage 43, run, start, 9199870466408851
1787080804.628371, NoOp Chain Depth 64 Size 0 Mode ref, Ref Stage 43, run, end, 9199870466430003
1787080804.628386, NoOp Chain Depth 64 Size 0 Mode ref, Ref Stage 44, run, start, 9199870466445891
1787080804.628406, NoOp Chain Depth 64 Size 0 Mode ref, Ref Stage 44, run, end, 9199870466465587
1787080804.628422, NoOp Chain Depth 64 Size 0 Mode ref, Ref Stage 45, run, start, 9199870466481427
1787080804.628442, NoOp Chain Depth 64 Size 0 Mode ref, Ref Stage 45, run, end, 9199870466501059
1787080804.628456, NoOp Chain Depth 64 Size 0 Mode ref, Ref Stage 46, run, start, 9199870466515715
1787080804.628844, NoOp Chain Depth 64 Size 0 Mode ref, Ref Stage 46, run, end, 9199870466904275
1787080804.628983, NoOp Chain Depth 64 Size 0 Mode ref, Ref Stage 47, run, start, 9199870467042675
1787080804.629006, NoOp Chain Depth 64 Size 0 Mode ref, Ref Stage 47, run, end, 9199870467065091
1787080804.629021, NoOp Chain Depth 64 Size 0 Mode ref, Ref Stage 48, run, start, 9199870467079907
1787080804.629042, NoOp Chain Depth 64 Size 0 Mode ref, Ref Stage 48, run, end, 9199870467101523
1787080804.629054, NoOp Chain Depth 64 Size 0 Mode ref, Ref Stage 49, run, start, 9199870467113107
1787080804.629083, NoOp Chain Depth 64 Size 0 Mode ref, Ref Stage 49, run, end, 9199870467142691
1787080804.629098, NoOp Chain Depth 64 Size 0 Mode ref, Ref Stage 50, run, start, 9199870467157155
1787080804.629118, NoOp Chain Depth 64 Size 0 Mode ref, Ref Stage 50, run, end, 9199870467176931
1787080804.629132, NoOp Chain Depth 64 Size 0 Mode ref, Ref Stage 51, run, start, 9199870467191475
1787080804.629152, NoOp Chain Depth 64 Size 0 Mode ref, Ref Stage 51, run, end, 9199870467211219
1787080804.629166, NoOp Chain Depth 64 Size 0 Mode ref, Ref Stage 52, run, start, 9199870467225459
1787080804.629186, NoOp Chain Depth 64 Size 0 Mode ref, Ref Stage 52, run, end, 9199870467244899
1787080804.629200, NoOp Chain Depth 64 Size 0 Mode ref, Ref Stage 53, run, start, 9199870467259331
1787080804.629220, NoOp Chain Depth 64 Size 0 Mode ref, Ref Stage 53, run, end, 9199870467279139
1787080804.629234, NoOp Chain Depth 64 Size 0 Mode ref, Ref Stage 54, run, start, 9199870467293475
1787080804.629254, NoOp Chain Depth 64 Size 0 Mode ref, Ref Stage 54, run, end, 9199870467313363
1787080804.629268, NoOp Chain Depth 64 Size 0 Mode ref, Ref Stage 55, run, start, 9199870467327859
1787080804.629289, NoOp Chain Depth 64 Size 0 Mode ref, Ref Stage 55, run, end, 9199870467348563
1787080804.629303, NoOp Chain Depth 64 Size 0 Mode ref, Ref Stage 56, run, start, 9199870467362931
1787080804.629323, NoOp Chain Depth 64 Size 0 Mode ref, Ref Stage 56, run, end, 9199870467382451
1787080804.629337, NoOp Chain Depth 64 Size 0 Mode ref, Ref Stage 57, run, start, 9199870467396755
1787080804.629357, NoOp Chain Depth 64 Size 0 Mode ref, Ref Stage 57, run, end, 9199870467416675
1787080804.629372, NoOp Chain Depth 64 Size 0 Mode ref, Ref Stage 58, run, start, 9199870467430963
1787080804.629393, NoOp Chain Depth 64 Size 0 Mode ref, Ref Stage 58, run, end, 9199870467451907
1787080804.629407, NoOp Chain Depth 64 Size 0 Mode ref, Ref Stage 59, run, start, 9199870467466467
1787080804.629427, NoOp Chain Depth 64 Size 0 Mode ref, Ref Stage 59, run, end, 9199870467486323
1787080804.629442, NoOp Chain Depth 64 Size 0 Mode ref, Ref Stage 60, run, start, 9199870467501523
1787080804.629464, NoOp Chain Depth 64 Size 0 Mode ref, Ref Stage 60, run, end, 9199870467523299
1787080804.629478, NoOp Chain Depth 64 Size 0 Mode ref, Ref Stage 61, run, start, 9199870467537459
1787080804.629499, NoOp Chain Depth 64 Size 0 Mode ref, Ref Stage 61, run, end, 9199870467558035
1787080804.629513, NoOp Chain Depth 64 Size 0 Mode ref, Ref Stage 62, run, start, 9199870467572307
1787080804.629533, NoOp Chain Depth 64 Size 0 Mode ref, Ref Stage 62, run, end, 9199870467592083
1787080804.629547, NoOp Chain Depth 64 Size 0 Mode ref, Ref Stage 63, run, start, 9199870467606483
1787080804.629568, NoOp Chain Depth 64 Size 0 Mode ref, Ref Stage 63, run, end, 9199870467627475
1787080804.629580, NoOp Chain Depth 64 Size 0 Mode ref, pipeline - train, run, end, 184788482676943065394596058425088726610, 1787080804.626118, 56, 1, 9199870467639363
1787080804.629624, NoOp Chain Depth 64 Size 0 Mode ref, pipeline - train, run, start, 187368978874062478368840469369069696293, 1787080804.629614, 57, 1, 9199870467683779
1787080804.629646, NoOp Chain Depth 64 Size 0 Mode ref, Ref Stage 0, run, start, 9199870467705667
1787080804.629668, NoOp Chain Depth 64 Size 0 Mode ref, Ref Stage 0, run, end, 9199870467727363
1787080804.629683, NoOp Chain Depth 64 Size 0 Mode ref, Ref Stage 1, run, start, 9199870467741715
1787080804.629702, NoOp Chain Depth 64 Size 0 Mode ref, Ref Stage 1, run, end, 9199870467761747
1787080804.629721, NoOp Chain Depth 64 Size 0 Mode ref, Ref Stage 2, run, start, 9199870467780195
1787080804.629741, NoOp Chain Depth 64 Size 0 Mode ref, Ref Stage 2, run, end, 9199870467801299
1787080804.629756, NoOp Chain Depth 64 Size 0 Mode ref, Ref Stage 3, run, start, 9199870467815539
1787080804.629777, NoOp Chain Depth 64 Size 0 Mode ref, Ref Stage 3, run, end, 9199870467836819
1787080804.629789, NoOp Chain Depth 64 Size 0 Mode ref, Ref Stage 4, run, start, 9199870467848355
1787080804.629820, NoOp Chain Depth 64 Size 0 Mode ref, Ref Stage 4, run, end, 9199870467879667
1787080804.629834, NoOp Chain Depth 64 Size 0 Mode ref, Ref Stage 5, run, start, 9199870467893939
1787080804.629854, NoOp Chain Depth 64 Size 0 Mode ref, Ref Stage 5, run, end, 9199870467913715
1787080804.629870, NoOp Chain Depth 64 Size 0 Mode ref, Ref Stage 6, run, start, 9199870467929363
1787080804.629890, NoOp Chain Depth 64 Size 0 Mode ref, Ref Stage 6, run, end, 9199870467949075
1787080804.629904, NoOp Chain Depth 64 Size 0 Mode ref, Ref Stage 7, run, start, 9199870467963443
1787080804.629925, NoOp Chain Depth 64 Size 0 Mode ref, Ref Stage 7, run, end, 9199870467984515
1787080804.629940, NoOp Chain Depth 64 Size 0 Mode ref, Ref Stage 8, run, start, 9199870467998723
1787080804.629961, NoOp Chain Depth 64 Size 0 Mode ref, Ref Stage 8, run, end, 9199870468020563
1787080804.629976, NoOp Chain Depth 64 Size 0 Mode ref, Ref Stage 9, run, start, 9199870468035427
1787080804.629996, NoOp Chain Depth 64 Size 0 Mode ref, Ref Stage 9, run, end, 9199870468054899
1787080804.630010, NoOp Chain Depth 64 Size 0 Mode ref, Ref Stage 10, run, start, 9199870468069075
1787080804.630031, NoOp Chain Depth 64 Size 0 Mode ref, Ref Stage 10, run, end, 9199870468089987
1787080804.630050, NoOp Chain Depth 64 Size 0 Mode ref, Ref Stage 11, run, start, 9199870468109331
1787080804.630071, NoOp Chain Depth 64 Size 0 Mode ref, Ref Stage 11, run, end, 9199870468130611
1787080804.630083, NoOp Chain Depth 64 Size 0 Mode ref, Ref Stage 12, run, start, 9199870468142051
1787080804.630112, NoOp Chain Depth 64 Size 0 Mode ref, Ref Stage 12, run, end, 9199870468171699
1787080804.630127, NoOp Chain Depth 64 Size 0 Mode ref, Ref Stage 13, run, start, 9199870468186147
1787080804.630147, NoOp Chain Depth 64 Size 0 Mode ref, Ref Stage 13, run, end, 9199870468206067
1787080804.630162, NoOp Chain Depth 64 Size 0 Mode ref, Ref Stage 14, run, start, 9199870468221427
1787080804.630183, NoOp Chain Depth 64 Size 0 Mode ref, Ref Stage 14, run, end, 9199870468242691
1787080804.630195, NoOp Chain Depth 64 Size 0 Mode ref, Ref Stage 15, run, start, 9199870468254163
1787080804.630226, NoOp Chain Depth 64 Size 0 Mode ref, Ref Stage 15, run, end, 9199870468285043
1787080804.630240, NoOp Chain Depth 64 Size 0 Mode ref, Ref Stage 16, run, start, 9199870468299267
1787080804.630261, NoOp Chain Depth 64 Size 0 Mode ref, Ref Stage 16, run, end, 9199870468320003
1787080804.630276, NoOp Chain Depth 64 Size 0 Mode ref, Ref Stage 17, run, start, 9199870468335203
1787080804.630295, NoOp Chain Depth 64 Size 0 Mode ref, Ref Stage 17, run, end, 9199870468354659
1787080804.630310, NoOp Chain Depth 64 Size 0 Mode ref, Ref Stage 18, run, start, 9199870468368963
1787080804.630780, NoOp Chain Depth 64 Size 0 Mode ref, Ref Stage 18, run, end, 9199870468839795
1787080804.630917, NoOp Chain Depth 64 Size 0 Mode ref, Ref Stage 19, run, start, 9199870468976371
1787080804.630939, NoOp Chain Depth 64 Size 0 Mode ref, Ref Stage 19, run, end, 9199870468997811
1787080804.630955, NoOp Chain Depth 64 Size 0 Mode ref, Ref Stage 20, run, start, 9199870469014899
1787080804.630975, NoOp Chain Depth 64 Size 0 Mode ref, Ref Stage 20, run, end, 9199870469034819
1787080804.630990, NoOp Chain Depth 64 Size 0 Mode ref, Ref Stage 21, run, start, 9199870469049427
1787080804.631010, NoOp Chain Depth 64 Size 0 Mode ref, Ref Stage 21, run, end, 9199870469069587
1787080804.631025, NoOp Chain Depth 64 Size 0 Mode ref, Ref Stage 22, run, start, 9199870469083939
1787080804.631045, NoOp Chain Depth 64 Size 0 Mode ref, Ref Stage 22, run, end, 9199870469103811
1787080804.631061, NoOp Chain Depth 64 Size 0 Mode ref, Ref Stage 23, run, start, 9199870469120179
1787080804.631081, NoOp Chain Depth 64 Size 0 Mode ref, Ref Stage 23, run, end, 9199870469139875
1787080804.631095, NoOp Chain Depth 64 Size 0 Mode ref, Ref Stage 24, run, start, 9199870469154627
1787080804.631115, NoOp Chain Depth 64 Size 0 Mode ref, Ref Stage 24, run, end, 9199870469174499
1787080804.631130, NoOp Chain Depth 64 Size 0 Mode ref, Ref Stage 25, run, start, 9199870469188915
1787080804.631151, NoOp Chain Depth 64 Size 0 Mode ref, Ref Stage 25, run, end, 9199870469210691
1787080804.631166, NoOp Chain Depth 64 Size 0 Mode ref, Ref Stage 26, run, start, 9199870469225363
1787080804.631187, NoOp Chain Depth 64 Size 0 Mode ref, Ref Stage 26, run, end, 9199870469246899
1787080804.631202, NoOp Chain Depth 64 Size 0 Mode ref, Ref Stage 27, run, start, 9199870469261619
1787080804.631222, NoOp Chain Depth 64 Size 0 Mode ref, Ref Stage 27, run, end, 9199870469282019
1787080804.631238, NoOp Chain Depth 64 Size 0 Mode ref, Ref Stage 28, run, start, 9199870469297955
1787080804.631259, NoOp Chain Depth 64 Size 0 Mode ref, Ref Stage 28, run, end, 9199870469318259
1787080804.631274, NoOp Chain Depth 64 Size 0 Mode ref, Ref Stage 29, run, start, 9199870469332787
1787080804.631294, NoOp Chain Depth 64 Size 0 Mode ref, Ref Stage 29, run, end, 9199870469352803
1787080804.631308, NoOp Chain Depth 64 Size 0 Mode ref, Ref Stage 30, run, start, 9199870469367539
1787080804.631328, NoOp Chain Depth 64 Size 0 Mode ref, Ref Stage 30, run, end, 9199870469387251
1787080804.631345, NoOp Chain Depth 64 Size 0 Mode ref, Ref Stage 31, run, start, 9199870469404547
1787080804.631365, NoOp Chain Depth 64 Size 0 Mode ref, Ref Stage 31, run, end, 9199870469424579
1787080804.631380, NoOp Chain Depth 64 Size 0 Mode ref, Ref Stage 32, run, start, 9199870469438979
1787080804.631399, NoOp Chain Depth 64 Size 0 Mode ref, Ref Stage 32, run, end, 9199870469458867
1787080804.631414, NoOp Chain Depth 64 Size 0 Mode ref, Ref Stage 33, run, start, 9199870469473267
1787080804.631438, NoOp Chain Depth 64 Size 0 Mode ref, Ref Stage 33, run, end, 9199870469497283
1787080804.631450, NoOp Chain Depth 64 Size 0 Mode ref, Ref Stage 34, run, start, 9199870469509139
1787080804.631481, NoOp Chain Depth 64 Size 0 Mode ref, Ref Stage 34, run, end, 9199870469539795
1787080804.631495, NoOp Chain Depth 64 Size 0 Mode ref, Ref Stage 35, run, start, 9199870469554195
1787080804.631515, NoOp Chain Depth 64 Size 0 Mode ref, Ref Stage 35, run, end, 9199870469574099
1787080804.631530, NoOp Chain Depth 64 Size 0 Mode ref, Ref Stage 36, run, start, 9199870469588851
1787080804.631551, NoOp Chain Depth 64 Size 0 Mode ref, Ref Stage 36, run, end, 9199870469609987
1787080804.631565, NoOp Chain Depth 64 Size 0 Mode ref, Ref Stage 37, run, start, 9199870469624387
1787080804.631584, NoOp Chain Depth 64 Size 0 Mode ref, Ref Stage 37, run, end, 9199870469643875
1787080804.631599, NoOp Chain Depth 64 Size 0 Mode ref, Ref Stage 38, run, start, 9199870469658067
1787080804.631620, NoOp Chain Depth 64 Size 0 Mode ref, Ref Stage 38, run, end, 9199870469679091
1787080804.631635, NoOp Chain Depth 64 Size 0 Mode ref, Ref Stage 39, run, start, 9199870469694099
1787080804.631656, NoOp Chain Depth 64 Size 0 Mode ref, Ref Stage 39, run, end, 9199870469715043
1787080804.631670, NoOp Chain Depth 64 Size 0 Mode ref, Ref Stage 40, run, start, 9199870469729587
1787080804.631692, NoOp Chain Depth 64 Size 0 Mode ref, Ref Stage 40, run, end, 9199870469751075
1787080804.631703, NoOp Chain Depth 64 Size 0 Mode ref, Ref Stage 41, run, start, 9199870469762707
1787080804.631734, NoOp Chain Depth 64 Size 0 Mode ref, Ref Stage 41, run, end, 9199870469793715
1787080804.631746, NoOp Chain Depth 64 Size 0 Mode ref, Ref Stage 42, run, start, 9199870469805379
1787080804.631776, NoOp Chain Depth 64 Size 0 Mode ref, Ref Stage 42, run, end, 9199870469835123
1787080804.631790, NoOp Chain Depth 64 Size 0 Mode ref, Ref Stage 43, run, start, 9199870469849635
1787080804.631813, NoOp Chain Depth 64 Size 0 Mode ref, Ref Stage 43, run, end, 9199870469872099
1787080804.631827, NoOp Chain Depth 64 Size 0 Mode ref, Ref Stage 44, run, start, 9199870469886675
1787080804.631847, NoOp Chain Depth 64 Size 0 Mode ref, Ref Stage 44, run, end, 9199870469906451
1787080804.631862, NoOp Chain Depth 64 Size 0 Mode ref, Ref Stage 45, run, start, 9199870469921779
1787080804.631886, NoOp Chain Depth 64 Size 0 Mode ref, Ref Stage 45, run, end, 9199870469944947
1787080804.632276, NoOp Chain Depth 64 Size 0 Mode ref, Ref Stage 46, run, start, 9199870470336212
1787080804.632298, NoOp Chain Depth 64 Size 0 Mode ref, Ref Stage 46, run, end, 9199870470357540
1787080804.632433, NoOp Chain Depth 64 Size 0 Mode ref, Ref Stage 47, run, start, 9199870470492420
1787080804.632454, NoOp Chain Depth 64 Size 0 Mode ref, Ref Stage 47, run, end, 9199870470513412
1787080804.632469, NoOp Chain Depth 64 Size 0 Mode ref, Ref Stage 48, run, start, 9199870470528260
1787080804.632489, NoOp Chain Depth 64 Size 0 Mode ref, Ref Stage 48, run, end, 9199870470548292
1787080804.632504, NoOp Chain Depth 64 Size 0 Mode ref, Ref Stage 49, run, start, 9199870470562868
1787080804.632523, NoOp Chain Depth 64 Size 0 Mode ref, Ref Stage 49, run, end, 9199870470582468
1787080804.632538, NoOp Chain Depth 64 Size 0 Mode ref, Ref Stage 50, run, start, 9199870470597332
1787080804.632558, NoOp Chain Depth 64 Size 0 Mode ref, Ref Stage 50, run, end, 9199870470617060
1787080804.632572, NoOp Chain Depth 64 Size 0 Mode ref, Ref Stage 51, run, start, 9199870470631508
1787080804.632592, NoOp Chain Depth 64 Size 0 Mode ref, Ref Stage 51, run, end, 9199870470651412
1787080804.632607, NoOp Chain Depth 64 Size 0 Mode ref, Ref Stage 52, run, start, 9199870470665780
1787080804.632627, NoOp Chain Depth 64 Size 0 Mode ref, Ref Stage 52, run, end, 9199870470685908
1787080804.632641, NoOp Chain Depth 64 Size 0 Mode ref, Ref Stage 53, run, start, 9199870470700484
1787080804.632662, NoOp Chain Depth 64 Size 0 Mode ref, Ref Stage 53, run, end, 9199870470720772
1787080804.632676, NoOp Chain Depth 64 Size 0 Mode ref, Ref Stage 54, run, start, 9199870470735348
1787080804.632696, NoOp Chain Depth 64 Size 0 Mode ref, Ref Stage 54, run, end, 9199870470755668
1787080804.632711, NoOp Chain Depth 64 Size 0 Mode ref, Ref Stage 55, run, start, 9199870470770500
1787080804.632733, NoOp Chain Depth 64 Size 0 Mode ref, Ref Stage 55, run, end, 9199870470792260
1787080804.632748, NoOp Chain Depth 64 Size 0 Mode ref, Ref Stage 56, run, start, 9199870470807092
1787080804.632768, NoOp Chain Depth 64 Size 0 Mode ref, Ref Stage 56, run, end, 9199870470827300
1787080804.632783, NoOp Chain Depth 64 Size 0 Mode ref, Ref Stage 57, run, start, 9199870470842116
1787080804.632803, NoOp Chain Depth 64 Size 0 Mode ref, Ref Stage 57, run, end, 9199870470862468
1787080804.632818, NoOp Chain Depth 64 Size 0 Mode ref, Ref Stage 58, run, start, 9199870470877220
1787080804.632839, NoOp Chain Depth 64 Size 0 Mode ref, Ref Stage 58, run, end, 9199870470898916
1787080804.632854, NoOp Chain Depth 64 Size 0 Mode ref, Ref Stage 59, run, start, 9199870470913668
1787080804.632875, NoOp Chain Depth 64 Size 0 Mode ref, Ref Stage 59, run, end, 9199870470934052
1787080804.632890, NoOp Chain Depth 64 Size 0 Mode ref, Ref Stage 60, run, start, 9199870470948900
1787080804.632911, NoOp Chain Depth 64 Size 0 Mode ref, Ref Stage 60, run, end, 9199870470970052
1787080804.632926, NoOp Chain Depth 64 Size 0 Mode ref, Ref Stage 61, run, start, 9199870470985908
1787080804.632951, NoOp Chain Depth 64 Size 0 Mode ref, Ref Stage 61, run, end, 9199870471010804
1787080804.632967, NoOp Chain Depth 64 Size 0 Mode ref, Ref Stage 62, run, start, 9199870471025972
1787080804.632987, NoOp Chain Depth 64 Size 0 Mode ref, Ref Stage 62, run, end, 9199870471045860
1787080804.633001, NoOp Chain Depth 64 Size 0 Mode ref, Ref Stage 63, run, start, 9199870471060452
1787080804.633021, NoOp Chain Depth 64 Size 0 Mode ref, Ref Stage 63, run, end, 9199870471080372
1787080804.633036, NoOp Chain Depth 64 Size 0 Mode ref, pipeline - train, run, end, 187368978874062478368840469369069696293, 1787080804.629614, 57, 1, 9199870471095780
1787080804.633076, NoOp Chain Depth 64 Size 0 Mode ref, pipeline - train, run, start, 302877979427461952326019206260912876083, 1787080804.633066, 58, 1, 9199870471135940
1787080804.633099, NoOp Chain Depth 64 Size 0 Mode ref, Ref Stage 0, run, start, 9199870471158116
1787080804.633121, NoOp Chain Depth 64 Size 0 Mode ref, Ref Stage 0, run, end, 9199870471179892
1787080804.633137, NoOp Chain Depth 64 Size 0 Mode ref, Ref Stage 1, run, start, 9199870471196004
1787080804.633157, NoOp Chain Depth 64 Size 0 Mode ref, Ref Stage 1, run, end, 9199870471215988
1787080804.633172, NoOp Chain Depth 64 Size 0 Mode ref, Ref Stage 2, run, start, 9199870471231284
1787080804.633192, NoOp Chain Depth 64 Size 0 Mode ref, Ref Stage 2, run, end, 9199870471251028
1787080804.633206, NoOp Chain Depth 64 Size 0 Mode ref, Ref Stage 3, run, start, 9199870471265540
1787080804.633282, NoOp Chain Depth 64 Size 0 Mode ref, Ref Stage 3, run, end, 9199870471341860
1787080804.633295, NoOp Chain Depth 64 Size 0 Mode ref, Ref Stage 4, run, start, 9199870471353988
1787080804.633325, NoOp Chain Depth 64 Size 0 Mode ref, Ref Stage 4, run, end, 9199870471384132
1787080804.633339, NoOp Chain Depth 64 Size 0 Mode ref, Ref Stage 5, run, start, 9199870471398500
1787080804.633359, NoOp Chain Depth 64 Size 0 Mode ref, Ref Stage 5, run, end, 9199870471418260
1787080804.633373, NoOp Chain Depth 64 Size 0 Mode ref, Ref Stage 6, run, start, 9199870471432548
1787080804.633397, NoOp Chain Depth 64 Size 0 Mode ref, Ref Stage 6, run, end, 9199870471456292
1787080804.633411, NoOp Chain Depth 64 Size 0 Mode ref, Ref Stage 7, run, start, 9199870471470612
1787080804.633431, NoOp Chain Depth 64 Size 0 Mode ref, Ref Stage 7, run, end, 9199870471490292
1787080804.633445, NoOp Chain Depth 64 Size 0 Mode ref, Ref Stage 8, run, start, 9199870471504692
1787080804.633465, NoOp Chain Depth 64 Size 0 Mode ref, Ref Stage 8, run, end, 9199870471524084
1787080804.633479, NoOp Chain Depth 64 Size 0 Mode ref, Ref Stage 9, run, start, 9199870471538708
1787080804.633499, NoOp Chain Depth 64 Size 0 Mode ref, Ref Stage 9, run, end, 9199870471558436
1787080804.633513, NoOp Chain Depth 64 Size 0 Mode ref, Ref Stage 10, run, start, 9199870471572852
1787080804.633533, NoOp Chain Depth 64 Size 0 Mode ref, Ref Stage 10, run, end, 9199870471592676
1787080804.633549, NoOp Chain Depth 64 Size 0 Mode ref, Ref Stage 11, run, start, 9199870471608164
1787080804.633572, NoOp Chain Depth 64 Size 0 Mode ref, Ref Stage 11, run, end, 9199870471631092
1787080804.633583, NoOp Chain Depth 64 Size 0 Mode ref, Ref Stage 12, run, start, 9199870471642532
1787080804.633613, NoOp Chain Depth 64 Size 0 Mode ref, Ref Stage 12, run, end, 9199870471672196
1787080804.633627, NoOp Chain Depth 64 Size 0 Mode ref, Ref Stage 13, run, start, 9199870471686548
1787080804.633647, NoOp Chain Depth 64 Size 0 Mode ref, Ref Stage 13, run, end, 9199870471706404
1787080804.633664, NoOp Chain Depth 64 Size 0 Mode ref, Ref Stage 14, run, start, 9199870471723476
1787080804.633685, NoOp Chain Depth 64 Size 0 Mode ref, Ref Stage 14, run, end, 9199870471744500
1787080804.633700, NoOp Chain Depth 64 Size 0 Mode ref, Ref Stage 15, run, start, 9199870471759012
1787080804.633719, NoOp Chain Depth 64 Size 0 Mode ref, Ref Stage 15, run, end, 9199870471778532
1787080804.633734, NoOp Chain Depth 64 Size 0 Mode ref, Ref Stage 16, run, start, 9199870471793556
1787080804.633754, NoOp Chain Depth 64 Size 0 Mode ref, Ref Stage 16, run, end, 9199870471813204
1787080804.633770, NoOp Chain Depth 64 Size 0 Mode ref, Ref Stage 17, run, start, 9199870471829716
1787080804.633791, NoOp Chain Depth 64 Size 0 Mode ref, Ref Stage 17, run, end, 9199870471850708
1787080804.634178, NoOp Chain Depth 64 Size 0 Mode ref, Ref Stage 18, run, start, 9199870472237796
1787080804.634200, NoOp Chain Depth 64 Size 0 Mode ref, Ref Stage 18, run, end, 9199870472259140
1787080804.634330, NoOp Chain Depth 64 Size 0 Mode ref, Ref Stage 19, run, start, 9199870472389956
1787080804.634352, NoOp Chain Depth 64 Size 0 Mode ref, Ref Stage 19, run, end, 9199870472411236
1787080804.634368, NoOp Chain Depth 64 Size 0 Mode ref, Ref Stage 20, run, start, 9199870472427972
1787080804.634389, NoOp Chain Depth 64 Size 0 Mode ref, Ref Stage 20, run, end, 9199870472448196
1787080804.634404, NoOp Chain Depth 64 Size 0 Mode ref, Ref Stage 21, run, start, 9199870472463380
1787080804.634424, NoOp Chain Depth 64 Size 0 Mode ref, Ref Stage 21, run, end, 9199870472483508
1787080804.634439, NoOp Chain Depth 64 Size 0 Mode ref, Ref Stage 22, run, start, 9199870472498052
1787080804.634459, NoOp Chain Depth 64 Size 0 Mode ref, Ref Stage 22, run, end, 9199870472518596
1787080804.634474, NoOp Chain Depth 64 Size 0 Mode ref, Ref Stage 23, run, start, 9199870472533012
1787080804.634495, NoOp Chain Depth 64 Size 0 Mode ref, Ref Stage 23, run, end, 9199870472554612
1787080804.634507, NoOp Chain Depth 64 Size 0 Mode ref, Ref Stage 24, run, start, 9199870472566436
1787080804.634538, NoOp Chain Depth 64 Size 0 Mode ref, Ref Stage 24, run, end, 9199870472597236
1787080804.634552, NoOp Chain Depth 64 Size 0 Mode ref, Ref Stage 25, run, start, 9199870472612020
1787080804.634573, NoOp Chain Depth 64 Size 0 Mode ref, Ref Stage 25, run, end, 9199870472632596
1787080804.634588, NoOp Chain Depth 64 Size 0 Mode ref, Ref Stage 26, run, start, 9199870472647204
1787080804.634609, NoOp Chain Depth 64 Size 0 Mode ref, Ref Stage 26, run, end, 9199870472667908
1787080804.634623, NoOp Chain Depth 64 Size 0 Mode ref, Ref Stage 27, run, start, 9199870472682260
1787080804.634643, NoOp Chain Depth 64 Size 0 Mode ref, Ref Stage 27, run, end, 9199870472702084
1787080804.634657, NoOp Chain Depth 64 Size 0 Mode ref, Ref Stage 28, run, start, 9199870472716564
1787080804.634678, NoOp Chain Depth 64 Size 0 Mode ref, Ref Stage 28, run, end, 9199870472737700
1787080804.634693, NoOp Chain Depth 64 Size 0 Mode ref, Ref Stage 29, run, start, 9199870472752004
1787080804.634712, NoOp Chain Depth 64 Size 0 Mode ref, Ref Stage 29, run, end, 9199870472771748
1787080804.634727, NoOp Chain Depth 64 Size 0 Mode ref, Ref Stage 30, run, start, 9199870472786212
1787080804.634746, NoOp Chain Depth 64 Size 0 Mode ref, Ref Stage 30, run, end, 9199870472805572
1787080804.634761, NoOp Chain Depth 64 Size 0 Mode ref, Ref Stage 31, run, start, 9199870472820180
1787080804.634780, NoOp Chain Depth 64 Size 0 Mode ref, Ref Stage 31, run, end, 9199870472839604
1787080804.634794, NoOp Chain Depth 64 Size 0 Mode ref, Ref Stage 32, run, start, 9199870472853716
1787080804.634814, NoOp Chain Depth 64 Size 0 Mode ref, Ref Stage 32, run, end, 9199870472873172
1787080804.634828, NoOp Chain Depth 64 Size 0 Mode ref, Ref Stage 33, run, start, 9199870472887508
1787080804.634851, NoOp Chain Depth 64 Size 0 Mode ref, Ref Stage 33, run, end, 9199870472909828
1787080804.634862, NoOp Chain Depth 64 Size 0 Mode ref, Ref Stage 34, run, start, 9199870472921540
1787080804.634892, NoOp Chain Depth 64 Size 0 Mode ref, Ref Stage 34, run, end, 9199870472950852
1787080804.634907, NoOp Chain Depth 64 Size 0 Mode ref, Ref Stage 35, run, start, 9199870472966260
1787080804.634927, NoOp Chain Depth 64 Size 0 Mode ref, Ref Stage 35, run, end, 9199870472986228
1787080804.634941, NoOp Chain Depth 64 Size 0 Mode ref, Ref Stage 36, run, start, 9199870473002964
1787080804.634964, NoOp Chain Depth 64 Size 0 Mode ref, Ref Stage 36, run, end, 9199870473023428
1787080804.634978, NoOp Chain Depth 64 Size 0 Mode ref, Ref Stage 37, run, start, 9199870473037796
1787080804.634998, NoOp Chain Depth 64 Size 0 Mode ref, Ref Stage 37, run, end, 9199870473057092
1787080804.635012, NoOp Chain Depth 64 Size 0 Mode ref, Ref Stage 38, run, start, 9199870473071364
1787080804.635032, NoOp Chain Depth 64 Size 0 Mode ref, Ref Stage 38, run, end, 9199870473091044
1787080804.635048, NoOp Chain Depth 64 Size 0 Mode ref, Ref Stage 39, run, start, 9199870473107252
1787080804.635069, NoOp Chain Depth 64 Size 0 Mode ref, Ref Stage 39, run, end, 9199870473128356
1787080804.635954, NoOp Chain Depth 64 Size 0 Mode ref, Ref Stage 40, run, start, 9199870474014548
1787080804.635981, NoOp Chain Depth 64 Size 0 Mode ref, Ref Stage 40, run, end, 9199870474040100
1787080804.636232, NoOp Chain Depth 64 Size 0 Mode ref, Ref Stage 41, run, start, 9199870474291572
1787080804.636254, NoOp Chain Depth 64 Size 0 Mode ref, Ref Stage 41, run, end, 9199870474313060
1787080804.636268, NoOp Chain Depth 64 Size 0 Mode ref, Ref Stage 42, run, start, 9199870474327812
1787080804.636289, NoOp Chain Depth 64 Size 0 Mode ref, Ref Stage 42, run, end, 9199870474348276
1787080804.636304, NoOp Chain Depth 64 Size 0 Mode ref, Ref Stage 43, run, start, 9199870474362964
1787080804.636324, NoOp Chain Depth 64 Size 0 Mode ref, Ref Stage 43, run, end, 9199870474382740
1787080804.636338, NoOp Chain Depth 64 Size 0 Mode ref, Ref Stage 44, run, start, 9199870474397364
1787080804.636358, NoOp Chain Depth 64 Size 0 Mode ref, Ref Stage 44, run, end, 9199870474417428
1787080804.636373, NoOp Chain Depth 64 Size 0 Mode ref, Ref Stage 45, run, start, 9199870474431908
1787080804.636392, NoOp Chain Depth 64 Size 0 Mode ref, Ref Stage 45, run, end, 9199870474451668
1787080804.636407, NoOp Chain Depth 64 Size 0 Mode ref, Ref Stage 46, run, start, 9199870474466084
1787080804.636429, NoOp Chain Depth 64 Size 0 Mode ref, Ref Stage 46, run, end, 9199870474487764
1787080804.636440, NoOp Chain Depth 64 Size 0 Mode ref, Ref Stage 47, run, start, 9199870474499684
1787080804.636470, NoOp Chain Depth 64 Size 0 Mode ref, Ref Stage 47, run, end, 9199870474529316
1787080804.636484, NoOp Chain Depth 64 Size 0 Mode ref, Ref Stage 48, run, start, 9199870474543716
1787080804.636506, NoOp Chain Depth 64 Size 0 Mode ref, Ref Stage 48, run, end, 9199870474564948
1787080804.636517, NoOp Chain Depth 64 Size 0 Mode ref, Ref Stage 49, run, start, 9199870474576436
1787080804.636547, NoOp Chain Depth 64 Size 0 Mode ref, Ref Stage 49, run, end, 9199870474606340
1787080804.636562, NoOp Chain Depth 64 Size 0 Mode ref, Ref Stage 50, run, start, 9199870474621268
1787080804.636582, NoOp Chain Depth 64 Size 0 Mode ref, Ref Stage 50, run, end, 9199870474641332
1787080804.636597, NoOp Chain Depth 64 Size 0 Mode ref, Ref Stage 51, run, start, 9199870474656084
1787080804.636617, NoOp Chain Depth 64 Size 0 Mode ref, Ref Stage 51, run, end, 9199870474676228
1787080804.636631, NoOp Chain Depth 64 Size 0 Mode ref, Ref Stage 52, run, start, 9199870474690804
1787080804.636652, NoOp Chain Depth 64 Size 0 Mode ref, Ref Stage 52, run, end, 9199870474710868
1787080804.636666, NoOp Chain Depth 64 Size 0 Mode ref, Ref Stage 53, run, start, 9199870474725524
1787080804.636687, NoOp Chain Depth 64 Size 0 Mode ref, Ref Stage 53, run, end, 9199870474745812
1787080804.636701, NoOp Chain Depth 64 Size 0 Mode ref, Ref Stage 54, run, start, 9199870474760484
1787080804.636722, NoOp Chain Depth 64 Size 0 Mode ref, Ref Stage 54, run, end, 9199870474781012
1787080804.636736, NoOp Chain Depth 64 Size 0 Mode ref, Ref Stage 55, run, start, 9199870474795540
1787080804.636758, NoOp Chain Depth 64 Size 0 Mode ref, Ref Stage 55, run, end, 9199870474816820
1787080804.636772, NoOp Chain Depth 64 Size 0 Mode ref, Ref Stage 56, run, start, 9199870474831524
1787080804.636792, NoOp Chain Depth 64 Size 0 Mode ref, Ref Stage 56, run, end, 9199870474851476
1787080804.636806, NoOp Chain Depth 64 Size 0 Mode ref, Ref Stage 57, run, start, 9199870474865892
1787080804.636832, NoOp Chain Depth 64 Size 0 Mode ref, Ref Stage 57, run, end, 9199870474891636
1787080804.636847, NoOp Chain Depth 64 Size 0 Mode ref, Ref Stage 58, run, start, 9199870474906308
1787080804.636867, NoOp Chain Depth 64 Size 0 Mode ref, Ref Stage 58, run, end, 9199870474926372
1787080804.636882, NoOp Chain Depth 64 Size 0 Mode ref, Ref Stage 59, run, start, 9199870474941316
1787080804.636902, NoOp Chain Depth 64 Size 0 Mode ref, Ref Stage 59, run, end, 9199870474961348
1787080804.636916, NoOp Chain Depth 64 Size 0 Mode ref, Ref Stage 60, run, start, 9199870474975652
1787080804.636936, NoOp Chain Depth 64 Size 0 Mode ref, Ref Stage 60, run, end, 9199870474995924
1787080804.636955, NoOp Chain Depth 64 Size 0 Mode ref, Ref Stage 61, run, start, 9199870475014740
1787080804.636978, NoOp Chain Depth 64 Size 0 Mode ref, Ref Stage 61, run, end, 9199870475037220
1787080804.636992, NoOp Chain Depth 64 Size 0 Mode ref, Ref Stage 62, run, start, 9199870475051844
1787080804.637015, NoOp Chain Depth 64 Size 0 Mode ref, Ref Stage 62, run, end, 9199870475074260
1787080804.637030, NoOp Chain Depth 64 Size 0 Mode ref, Ref Stage 63, run, start, 9199870475089780
1787080804.637050, NoOp Chain Depth 64 Size 0 Mode ref, Ref Stage 63, run, end, 9199870475109060
1787080804.637064, NoOp Chain Depth 64 Size 0 Mode ref, pipeline - train, run, end, 302877979427461952326019206260912876083, 1787080804.633066, 58, 1, 9199870475123892
1787080804.637100, NoOp Chain Depth 64 Size 0 Mode ref, pipeline - train, run, start, 265986586063749930113368009446171904411, 1787080804.637089, 59, 1, 9199870475158980
1787080804.637121, NoOp Chain Depth 64 Size 0 Mode ref, Ref Stage 0, run, start, 9199870475180740
1787080804.637142, NoOp Chain Depth 64 Size 0 Mode ref, Ref Stage 0, run, end, 9199870475201908
1787080804.637157, NoOp Chain Depth 64 Size 0 Mode ref, Ref Stage 1, run, start, 9199870475216452
1787080804.637177, NoOp Chain Depth 64 Size 0 Mode ref, Ref Stage 1, run, end, 9199870475236340
1787080804.637192, NoOp Chain Depth 64 Size 0 Mode ref, Ref Stage 2, run, start, 9199870475250692
1787080804.637213, NoOp Chain Depth 64 Size 0 Mode ref, Ref Stage 2, run, end, 9199870475272196
1787080804.637228, NoOp Chain Depth 64 Size 0 Mode ref, Ref Stage 3, run, start, 9199870475287428
1787080804.637248, NoOp Chain Depth 64 Size 0 Mode ref, Ref Stage 3, run, end, 9199870475307300
1787080804.637262, NoOp Chain Depth 64 Size 0 Mode ref, Ref Stage 4, run, start, 9199870475321764
1787080804.637282, NoOp Chain Depth 64 Size 0 Mode ref, Ref Stage 4, run, end, 9199870475341700
1787080804.637297, NoOp Chain Depth 64 Size 0 Mode ref, Ref Stage 5, run, start, 9199870475356388
1787080804.637318, NoOp Chain Depth 64 Size 0 Mode ref, Ref Stage 5, run, end, 9199870475377748
1787080804.637330, NoOp Chain Depth 64 Size 0 Mode ref, Ref Stage 6, run, start, 9199870475389300
1787080804.637868, NoOp Chain Depth 64 Size 0 Mode ref, Ref Stage 6, run, end, 9199870475928292
1787080804.637884, NoOp Chain Depth 64 Size 0 Mode ref, Ref Stage 7, run, start, 9199870475943492
1787080804.637906, NoOp Chain Depth 64 Size 0 Mode ref, Ref Stage 7, run, end, 9199870475965316
1787080804.637921, NoOp Chain Depth 64 Size 0 Mode ref, Ref Stage 8, run, start, 9199870475979988
1787080804.637941, NoOp Chain Depth 64 Size 0 Mode ref, Ref Stage 8, run, end, 9199870476002100
1787080804.637958, NoOp Chain Depth 64 Size 0 Mode ref, Ref Stage 9, run, start, 9199870476017572
1787080804.637978, NoOp Chain Depth 64 Size 0 Mode ref, Ref Stage 9, run, end, 9199870476037476
1787080804.637993, NoOp Chain Depth 64 Size 0 Mode ref, Ref Stage 10, run, start, 9199870476051924
1787080804.638013, NoOp Chain Depth 64 Size 0 Mode ref, Ref Stage 10, run, end, 9199870476072052
1787080804.638027, NoOp Chain Depth 64 Size 0 Mode ref, Ref Stage 11, run, start, 9199870476086708
1787080804.638047, NoOp Chain Depth 64 Size 0 Mode ref, Ref Stage 11, run, end, 9199870476106436
1787080804.638062, NoOp Chain Depth 64 Size 0 Mode ref, Ref Stage 12, run, start, 9199870476121028
1787080804.638083, NoOp Chain Depth 64 Size 0 Mode ref, Ref Stage 12, run, end, 9199870476142644
1787080804.638095, NoOp Chain Depth 64 Size 0 Mode ref, Ref Stage 13, run, start, 9199870476154660
1787080804.638126, NoOp Chain Depth 64 Size 0 Mode ref, Ref Stage 13, run, end, 9199870476185028
1787080804.638140, NoOp Chain Depth 64 Size 0 Mode ref, Ref Stage 14, run, start, 9199870476199588
1787080804.638165, NoOp Chain Depth 64 Size 0 Mode ref, Ref Stage 14, run, end, 9199870476223956
1787080804.638648, NoOp Chain Depth 64 Size 0 Mode ref, Ref Stage 15, run, start, 9199870476707876
1787080804.638671, NoOp Chain Depth 64 Size 0 Mode ref, Ref Stage 15, run, end, 9199870476730644
1787080804.638686, NoOp Chain Depth 64 Size 0 Mode ref, Ref Stage 16, run, start, 9199870476745172
1787080804.638706, NoOp Chain Depth 64 Size 0 Mode ref, Ref Stage 16, run, end, 9199870476765364
1787080804.638722, NoOp Chain Depth 64 Size 0 Mode ref, Ref Stage 17, run, start, 9199870476781796
1787080804.638742, NoOp Chain Depth 64 Size 0 Mode ref, Ref Stage 17, run, end, 9199870476801924
1787080804.638757, NoOp Chain Depth 64 Size 0 Mode ref, Ref Stage 18, run, start, 9199870476816756
1787080804.638777, NoOp Chain Depth 64 Size 0 Mode ref, Ref Stage 18, run, end, 9199870476836852
1787080804.638792, NoOp Chain Depth 64 Size 0 Mode ref, Ref Stage 19, run, start, 9199870476851492
1787080804.638813, NoOp Chain Depth 64 Size 0 Mode ref, Ref Stage 19, run, end, 9199870476872788
1787080804.638825, NoOp Chain Depth 64 Size 0 Mode ref, Ref Stage 20, run, start, 9199870476884452
1787080804.638855, NoOp Chain Depth 64 Size 0 Mode ref, Ref Stage 20, run, end, 9199870476914004
1787080804.638870, NoOp Chain Depth 64 Size 0 Mode ref, Ref Stage 21, run, start, 9199870476928772
1787080804.638890, NoOp Chain Depth 64 Size 0 Mode ref, Ref Stage 21, run, end, 9199870476948836
1787080804.638904, NoOp Chain Depth 64 Size 0 Mode ref, Ref Stage 22, run, start, 9199870476963652
1787080804.638927, NoOp Chain Depth 64 Size 0 Mode ref, Ref Stage 22, run, end, 9199870476986660
1787080804.638939, NoOp Chain Depth 64 Size 0 Mode ref, Ref Stage 23, run, start, 9199870476998596
1787080804.638973, NoOp Chain Depth 64 Size 0 Mode ref, Ref Stage 23, run, end, 9199870477032596
1787080804.638989, NoOp Chain Depth 64 Size 0 Mode ref, Ref Stage 24, run, start, 9199870477048452
1787080804.639012, NoOp Chain Depth 64 Size 0 Mode ref, Ref Stage 24, run, end, 9199870477071108
1787080804.639023, NoOp Chain Depth 64 Size 0 Mode ref, Ref Stage 25, run, start, 9199870477082788
1787080804.639053, NoOp Chain Depth 64 Size 0 Mode ref, Ref Stage 25, run, end, 9199870477112356
1787080804.639067, NoOp Chain Depth 64 Size 0 Mode ref, Ref Stage 26, run, start, 9199870477126804
1787080804.639090, NoOp Chain Depth 64 Size 0 Mode ref, Ref Stage 26, run, end, 9199870477149492
1787080804.639105, NoOp Chain Depth 64 Size 0 Mode ref, Ref Stage 27, run, start, 9199870477163796
1787080804.639124, NoOp Chain Depth 64 Size 0 Mode ref, Ref Stage 27, run, end, 9199870477183604
1787080804.639139, NoOp Chain Depth 64 Size 0 Mode ref, Ref Stage 28, run, start, 9199870477198212
1787080804.639158, NoOp Chain Depth 64 Size 0 Mode ref, Ref Stage 28, run, end, 9199870477217716
1787080804.639173, NoOp Chain Depth 64 Size 0 Mode ref, Ref Stage 29, run, start, 9199870477232052
1787080804.639193, NoOp Chain Depth 64 Size 0 Mode ref, Ref Stage 29, run, end, 9199870477251828
1787080804.639207, NoOp Chain Depth 64 Size 0 Mode ref, Ref Stage 30, run, start, 9199870477266212
1787080804.639227, NoOp Chain Depth 64 Size 0 Mode ref, Ref Stage 30, run, end, 9199870477286020
1787080804.639241, NoOp Chain Depth 64 Size 0 Mode ref, Ref Stage 31, run, start, 9199870477300356
1787080804.639262, NoOp Chain Depth 64 Size 0 Mode ref, Ref Stage 31, run, end, 9199870477321204
1787080804.639276, NoOp Chain Depth 64 Size 0 Mode ref, Ref Stage 32, run, start, 9199870477335700
1787080804.639296, NoOp Chain Depth 64 Size 0 Mode ref, Ref Stage 32, run, end, 9199870477355156
1787080804.639311, NoOp Chain Depth 64 Size 0 Mode ref, Ref Stage 33, run, start, 9199870477370468
1787080804.639331, NoOp Chain Depth 64 Size 0 Mode ref, Ref Stage 33, run, end, 9199870477390564
1787080804.639346, NoOp Chain Depth 64 Size 0 Mode ref, Ref Stage 34, run, start, 9199870477404996
1787080804.639366, NoOp Chain Depth 64 Size 0 Mode ref, Ref Stage 34, run, end, 9199870477424772
1787080804.639380, NoOp Chain Depth 64 Size 0 Mode ref, Ref Stage 35, run, start, 9199870477438932
1787080804.639400, NoOp Chain Depth 64 Size 0 Mode ref, Ref Stage 35, run, end, 9199870477458660
1787080804.639414, NoOp Chain Depth 64 Size 0 Mode ref, Ref Stage 36, run, start, 9199870477472868
1787080804.639434, NoOp Chain Depth 64 Size 0 Mode ref, Ref Stage 36, run, end, 9199870477493508
1787080804.639449, NoOp Chain Depth 64 Size 0 Mode ref, Ref Stage 37, run, start, 9199870477507940
1787080804.639468, NoOp Chain Depth 64 Size 0 Mode ref, Ref Stage 37, run, end, 9199870477527572
1787080804.639485, NoOp Chain Depth 64 Size 0 Mode ref, Ref Stage 38, run, start, 9199870477544356
1787080804.639505, NoOp Chain Depth 64 Size 0 Mode ref, Ref Stage 38, run, end, 9199870477563972
1787080804.639519, NoOp Chain Depth 64 Size 0 Mode ref, Ref Stage 39, run, start, 9199870477578404
1787080804.639542, NoOp Chain Depth 64 Size 0 Mode ref, Ref Stage 39, run, end, 9199870477600980
1787080804.639553, NoOp Chain Depth 64 Size 0 Mode ref, Ref Stage 40, run, start, 9199870477612500
1787080804.639586, NoOp Chain Depth 64 Size 0 Mode ref, Ref Stage 40, run, end, 9199870477645172
1787080804.639600, NoOp Chain Depth 64 Size 0 Mode ref, Ref Stage 41, run, start, 9199870477659668
1787080804.639620, NoOp Chain Depth 64 Size 0 Mode ref, Ref Stage 41, run, end, 9199870477679700
1787080804.639636, NoOp Chain Depth 64 Size 0 Mode ref, Ref Stage 42, run, start, 9199870477695220
1787080804.639656, NoOp Chain Depth 64 Size 0 Mode ref, Ref Stage 42, run, end, 9199870477715252
1787080804.639671, NoOp Chain Depth 64 Size 0 Mode ref, Ref Stage 43, run, start, 9199870477729732
1787080804.639690, NoOp Chain Depth 64 Size 0 Mode ref, Ref Stage 43, run, end, 9199870477749444
1787080804.639704, NoOp Chain Depth 64 Size 0 Mode ref, Ref Stage 44, run, start, 9199870477763892
1787080804.639726, NoOp Chain Depth 64 Size 0 Mode ref, Ref Stage 44, run, end, 9199870477785156
1787080804.639737, NoOp Chain Depth 64 Size 0 Mode ref, Ref Stage 45, run, start, 9199870477796628
1787080804.639767, NoOp Chain Depth 64 Size 0 Mode ref, Ref Stage 45, run, end, 9199870477827780
1787080804.639784, NoOp Chain Depth 64 Size 0 Mode ref, Ref Stage 46, run, start, 9199870477843092
1787080804.639804, NoOp Chain Depth 64 Size 0 Mode ref, Ref Stage 46, run, end, 9199870477863012
1787080804.639818, NoOp Chain Depth 64 Size 0 Mode ref, Ref Stage 47, run, start, 9199870477877332
1787080804.639893, NoOp Chain Depth 64 Size 0 Mode ref, Ref Stage 47, run, end, 9199870477952836
1787080804.639909, NoOp Chain Depth 64 Size 0 Mode ref, Ref Stage 48, run, start, 9199870477968116
1787080804.639929, NoOp Chain Depth 64 Size 0 Mode ref, Ref Stage 48, run, end, 9199870477988644
1787080804.639945, NoOp Chain Depth 64 Size 0 Mode ref, Ref Stage 49, run, start, 9199870478004484
1787080804.639967, NoOp Chain Depth 64 Size 0 Mode ref, Ref Stage 49, run, end, 9199870478026196
1787080804.639978, NoOp Chain Depth 64 Size 0 Mode ref, Ref Stage 50, run, start, 9199870478037780
1787080804.640008, NoOp Chain Depth 64 Size 0 Mode ref, Ref Stage 50, run, end, 9199870478067252
1787080804.640022, NoOp Chain Depth 64 Size 0 Mode ref, Ref Stage 51, run, start, 9199870478081492
1787080804.640042, NoOp Chain Depth 64 Size 0 Mode ref, Ref Stage 51, run, end, 9199870478101060
1787080804.640057, NoOp Chain Depth 64 Size 0 Mode ref, Ref Stage 52, run, start, 9199870478116116
1787080804.640079, NoOp Chain Depth 64 Size 0 Mode ref, Ref Stage 52, run, end, 9199870478138244
1787080804.640093, NoOp Chain Depth 64 Size 0 Mode ref, Ref Stage 53, run, start, 9199870478152500
1787080804.640113, NoOp Chain Depth 64 Size 0 Mode ref, Ref Stage 53, run, end, 9199870478172100
1787080804.640127, NoOp Chain Depth 64 Size 0 Mode ref, Ref Stage 54, run, start, 9199870478186484
1787080804.640147, NoOp Chain Depth 64 Size 0 Mode ref, Ref Stage 54, run, end, 9199870478206228
1787080804.640161, NoOp Chain Depth 64 Size 0 Mode ref, Ref Stage 55, run, start, 9199870478220468
1787080804.640181, NoOp Chain Depth 64 Size 0 Mode ref, Ref Stage 55, run, end, 9199870478240052
1787080804.640195, NoOp Chain Depth 64 Size 0 Mode ref, Ref Stage 56, run, start, 9199870478254452
1787080804.640216, NoOp Chain Depth 64 Size 0 Mode ref, Ref Stage 56, run, end, 9199870478275348
1787080804.640230, NoOp Chain Depth 64 Size 0 Mode ref, Ref Stage 57, run, start, 9199870478289716
1787080804.640250, NoOp Chain Depth 64 Size 0 Mode ref, Ref Stage 57, run, end, 9199870478309492
1787080804.640265, NoOp Chain Depth 64 Size 0 Mode ref, Ref Stage 58, run, start, 9199870478324644
1787080804.640286, NoOp Chain Depth 64 Size 0 Mode ref, Ref Stage 58, run, end, 9199870478345716
1787080804.640301, NoOp Chain Depth 64 Size 0 Mode ref, Ref Stage 59, run, start, 9199870478360260
1787080804.640321, NoOp Chain Depth 64 Size 0 Mode ref, Ref Stage 59, run, end, 9199870478379812
1787080804.640335, NoOp Chain Depth 64 Size 0 Mode ref, Ref Stage 60, run, start, 9199870478393828
1787080804.640354, NoOp Chain Depth 64 Size 0 Mode ref, Ref Stage 60, run, end, 9199870478413268
1787080804.640368, NoOp Chain Depth 64 Size 0 Mode ref, Ref Stage 61, run, start, 9199870478427444
1787080804.640388, NoOp Chain Depth 64 Size 0 Mode ref, Ref Stage 61, run, end, 9199870478446980
1787080804.640403, NoOp Chain Depth 64 Size 0 Mode ref, Ref Stage 62, run, start, 9199870478462404
1787080804.640423, NoOp Chain Depth 64 Size 0 Mode ref, Ref Stage 62, run, end, 9199870478482244
1787080804.640439, NoOp Chain Depth 64 Size 0 Mode ref, Ref Stage 63, run, start, 9199870478497908
1787080804.640461, NoOp Chain Depth 64 Size 0 Mode ref, Ref Stage 63, run, end, 9199870478520372
1787080804.643636, NoOp Chain Depth 64 Size 0 Mode ref, pipeline - train, run, end, 265986586063749930113368009446171904411, 1787080804.637089, 59, 1, 9199870481697541
1787080804.643678, NoOp Chain Depth 64 Size 0 Mode ref, pipeline - train, run, start, 331465319570122859060703366294330866325, 1787080804.643667, 60, 1, 9199870481738101
1787080804.643702, NoOp Chain Depth 64 Size 0 Mode ref, Ref Stage 0, run, start, 9199870481761845
1787080804.643724, NoOp Chain Depth 64 Size 0 Mode ref, Ref Stage 0, run, end, 9199870481783077
1787080804.643739, NoOp Chain Depth 64 Size 0 Mode ref, Ref Stage 1, run, start, 9199870481797941
1787080804.643759, NoOp Chain Depth 64 Size 0 Mode ref, Ref Stage 1, run, end, 9199870481817957
1787080804.643773, NoOp Chain Depth 64 Size 0 Mode ref, Ref Stage 2, run, start, 9199870481832469
1787080804.643793, NoOp Chain Depth 64 Size 0 Mode ref, Ref Stage 2, run, end, 9199870481852469
1787080804.643807, NoOp Chain Depth 64 Size 0 Mode ref, Ref Stage 3, run, start, 9199870481866949
1787080804.643828, NoOp Chain Depth 64 Size 0 Mode ref, Ref Stage 3, run, end, 9199870481886933
1787080804.643842, NoOp Chain Depth 64 Size 0 Mode ref, Ref Stage 4, run, start, 9199870481901301
1787080804.643864, NoOp Chain Depth 64 Size 0 Mode ref, Ref Stage 4, run, end, 9199870481923029
1787080804.643875, NoOp Chain Depth 64 Size 0 Mode ref, Ref Stage 5, run, start, 9199870481934693
1787080804.643905, NoOp Chain Depth 64 Size 0 Mode ref, Ref Stage 5, run, end, 9199870481964597
1787080804.643920, NoOp Chain Depth 64 Size 0 Mode ref, Ref Stage 6, run, start, 9199870481979125
1787080804.643939, NoOp Chain Depth 64 Size 0 Mode ref, Ref Stage 6, run, end, 9199870481998821
1787080804.643956, NoOp Chain Depth 64 Size 0 Mode ref, Ref Stage 7, run, start, 9199870482015797
1787080804.643976, NoOp Chain Depth 64 Size 0 Mode ref, Ref Stage 7, run, end, 9199870482035829
1787080804.643991, NoOp Chain Depth 64 Size 0 Mode ref, Ref Stage 8, run, start, 9199870482050661
1787080804.644011, NoOp Chain Depth 64 Size 0 Mode ref, Ref Stage 8, run, end, 9199870482070437
1787080804.644026, NoOp Chain Depth 64 Size 0 Mode ref, Ref Stage 9, run, start, 9199870482084965
1787080804.644045, NoOp Chain Depth 64 Size 0 Mode ref, Ref Stage 9, run, end, 9199870482104613
1787080804.644060, NoOp Chain Depth 64 Size 0 Mode ref, Ref Stage 10, run, start, 9199870482118965
1787080804.644079, NoOp Chain Depth 64 Size 0 Mode ref, Ref Stage 10, run, end, 9199870482138629
1787080804.644094, NoOp Chain Depth 64 Size 0 Mode ref, Ref Stage 11, run, start, 9199870482153189
1787080804.644114, NoOp Chain Depth 64 Size 0 Mode ref, Ref Stage 11, run, end, 9199870482172853
1787080804.644128, NoOp Chain Depth 64 Size 0 Mode ref, Ref Stage 12, run, start, 9199870482187141
1787080804.644148, NoOp Chain Depth 64 Size 0 Mode ref, Ref Stage 12, run, end, 9199870482206869
1787080804.644163, NoOp Chain Depth 64 Size 0 Mode ref, Ref Stage 13, run, start, 9199870482222309
1787080804.644183, NoOp Chain Depth 64 Size 0 Mode ref, Ref Stage 13, run, end, 9199870482242085
1787080804.644199, NoOp Chain Depth 64 Size 0 Mode ref, Ref Stage 14, run, start, 9199870482258357
1787080804.644220, NoOp Chain Depth 64 Size 0 Mode ref, Ref Stage 14, run, end, 9199870482279717
1787080804.644232, NoOp Chain Depth 64 Size 0 Mode ref, Ref Stage 15, run, start, 9199870482291221
1787080804.644262, NoOp Chain Depth 64 Size 0 Mode ref, Ref Stage 15, run, end, 9199870482320901
1787080804.644276, NoOp Chain Depth 64 Size 0 Mode ref, Ref Stage 16, run, start, 9199870482335685
1787080804.644298, NoOp Chain Depth 64 Size 0 Mode ref, Ref Stage 16, run, end, 9199870482357365
1787080804.644310, NoOp Chain Depth 64 Size 0 Mode ref, Ref Stage 17, run, start, 9199870482368933
1787080804.644340, NoOp Chain Depth 64 Size 0 Mode ref, Ref Stage 17, run, end, 9199870482398869
1787080804.644355, NoOp Chain Depth 64 Size 0 Mode ref, Ref Stage 18, run, start, 9199870482414341
1787080804.644375, NoOp Chain Depth 64 Size 0 Mode ref, Ref Stage 18, run, end, 9199870482434293
1787080804.644389, NoOp Chain Depth 64 Size 0 Mode ref, Ref Stage 19, run, start, 9199870482448549
1787080804.644411, NoOp Chain Depth 64 Size 0 Mode ref, Ref Stage 19, run, end, 9199870482470645
1787080804.644423, NoOp Chain Depth 64 Size 0 Mode ref, Ref Stage 20, run, start, 9199870482482437
1787080804.644453, NoOp Chain Depth 64 Size 0 Mode ref, Ref Stage 20, run, end, 9199870482512005
1787080804.644467, NoOp Chain Depth 64 Size 0 Mode ref, Ref Stage 21, run, start, 9199870482526565
1787080804.644487, NoOp Chain Depth 64 Size 0 Mode ref, Ref Stage 21, run, end, 9199870482546437
1787080804.644501, NoOp Chain Depth 64 Size 0 Mode ref, Ref Stage 22, run, start, 9199870482560949
1787080804.644523, NoOp Chain Depth 64 Size 0 Mode ref, Ref Stage 22, run, end, 9199870482582373
1787080804.644535, NoOp Chain Depth 64 Size 0 Mode ref, Ref Stage 23, run, start, 9199870482594037
1787080804.644565, NoOp Chain Depth 64 Size 0 Mode ref, Ref Stage 23, run, end, 9199870482624053
1787080804.644579, NoOp Chain Depth 64 Size 0 Mode ref, Ref Stage 24, run, start, 9199870482638757
1787080804.644600, NoOp Chain Depth 64 Size 0 Mode ref, Ref Stage 24, run, end, 9199870482659093
1787080804.644614, NoOp Chain Depth 64 Size 0 Mode ref, Ref Stage 25, run, start, 9199870482673605
1787080804.644636, NoOp Chain Depth 64 Size 0 Mode ref, Ref Stage 25, run, end, 9199870482695477
1787080804.644648, NoOp Chain Depth 64 Size 0 Mode ref, Ref Stage 26, run, start, 9199870482707349
1787080804.644678, NoOp Chain Depth 64 Size 0 Mode ref, Ref Stage 26, run, end, 9199870482737429
1787080804.644692, NoOp Chain Depth 64 Size 0 Mode ref, Ref Stage 27, run, start, 9199870482752021
1787080804.644712, NoOp Chain Depth 64 Size 0 Mode ref, Ref Stage 27, run, end, 9199870482771909
1787080804.644727, NoOp Chain Depth 64 Size 0 Mode ref, Ref Stage 28, run, start, 9199870482786581
1787080804.644747, NoOp Chain Depth 64 Size 0 Mode ref, Ref Stage 28, run, end, 9199870482806533
1787080804.644762, NoOp Chain Depth 64 Size 0 Mode ref, Ref Stage 29, run, start, 9199870482821061
1787080804.644782, NoOp Chain Depth 64 Size 0 Mode ref, Ref Stage 29, run, end, 9199870482840869
1787080804.644796, NoOp Chain Depth 64 Size 0 Mode ref, Ref Stage 30, run, start, 9199870482855269
1787080804.644816, NoOp Chain Depth 64 Size 0 Mode ref, Ref Stage 30, run, end, 9199870482875109
1787080804.644830, NoOp Chain Depth 64 Size 0 Mode ref, Ref Stage 31, run, start, 9199870482889445
1787080804.644850, NoOp Chain Depth 64 Size 0 Mode ref, Ref Stage 31, run, end, 9199870482908981
1787080804.644864, NoOp Chain Depth 64 Size 0 Mode ref, Ref Stage 32, run, start, 9199870482923413
1787080804.644884, NoOp Chain Depth 64 Size 0 Mode ref, Ref Stage 32, run, end, 9199870482943109
1787080804.644899, NoOp Chain Depth 64 Size 0 Mode ref, Ref Stage 33, run, start, 9199870482958725
1787080804.644922, NoOp Chain Depth 64 Size 0 Mode ref, Ref Stage 33, run, end, 9199870482980997
1787080804.644933, NoOp Chain Depth 64 Size 0 Mode ref, Ref Stage 34, run, start, 9199870482992421
1787080804.645578, NoOp Chain Depth 64 Size 0 Mode ref, Ref Stage 34, run, end, 9199870483639125
1787080804.645597, NoOp Chain Depth 64 Size 0 Mode ref, Ref Stage 35, run, start, 9199870483657221
1787080804.645618, NoOp Chain Depth 64 Size 0 Mode ref, Ref Stage 35, run, end, 9199870483677637
1787080804.645633, NoOp Chain Depth 64 Size 0 Mode ref, Ref Stage 36, run, start, 9199870483692149
1787080804.645653, NoOp Chain Depth 64 Size 0 Mode ref, Ref Stage 36, run, end, 9199870483712213
1787080804.645667, NoOp Chain Depth 64 Size 0 Mode ref, Ref Stage 37, run, start, 9199870483740517
1787080804.645702, NoOp Chain Depth 64 Size 0 Mode ref, Ref Stage 37, run, end, 9199870483761077
1787080804.645716, NoOp Chain Depth 64 Size 0 Mode ref, Ref Stage 38, run, start, 9199870483775957
1787080804.645738, NoOp Chain Depth 64 Size 0 Mode ref, Ref Stage 38, run, end, 9199870483797109
1787080804.645749, NoOp Chain Depth 64 Size 0 Mode ref, Ref Stage 39, run, start, 9199870483808549
1787080804.645779, NoOp Chain Depth 64 Size 0 Mode ref, Ref Stage 39, run, end, 9199870483838549
1787080804.645794, NoOp Chain Depth 64 Size 0 Mode ref, Ref Stage 40, run, start, 9199870483853477
1787080804.645815, NoOp Chain Depth 64 Size 0 Mode ref, Ref Stage 40, run, end, 9199870483874133
1787080804.645829, NoOp Chain Depth 64 Size 0 Mode ref, Ref Stage 41, run, start, 9199870483888533
1787080804.645849, NoOp Chain Depth 64 Size 0 Mode ref, Ref Stage 41, run, end, 9199870483908437
1787080804.645864, NoOp Chain Depth 64 Size 0 Mode ref, Ref Stage 42, run, start, 9199870483923141
1787080804.645884, NoOp Chain Depth 64 Size 0 Mode ref, Ref Stage 42, run, end, 9199870483943205
1787080804.645899, NoOp Chain Depth 64 Size 0 Mode ref, Ref Stage 43, run, start, 9199870483957957
1787080804.645919, NoOp Chain Depth 64 Size 0 Mode ref, Ref Stage 43, run, end, 9199870483978213
1787080804.645934, NoOp Chain Depth 64 Size 0 Mode ref, Ref Stage 44, run, start, 9199870483992997
1787080804.645956, NoOp Chain Depth 64 Size 0 Mode ref, Ref Stage 44, run, end, 9199870484014949
1787080804.645971, NoOp Chain Depth 64 Size 0 Mode ref, Ref Stage 45, run, start, 9199870484030085
1787080804.645991, NoOp Chain Depth 64 Size 0 Mode ref, Ref Stage 45, run, end, 9199870484050517
1787080804.646006, NoOp Chain Depth 64 Size 0 Mode ref, Ref Stage 46, run, start, 9199870484065733
1787080804.646029, NoOp Chain Depth 64 Size 0 Mode ref, Ref Stage 46, run, end, 9199870484089429
1787080804.646045, NoOp Chain Depth 64 Size 0 Mode ref, Ref Stage 47, run, start, 9199870484103989
1787080804.646065, NoOp Chain Depth 64 Size 0 Mode ref, Ref Stage 47, run, end, 9199870484123813
1787080804.646571, NoOp Chain Depth 64 Size 0 Mode ref, Ref Stage 48, run, start, 9199870484631397
1787080804.646595, NoOp Chain Depth 64 Size 0 Mode ref, Ref Stage 48, run, end, 9199870484654373
1787080804.646610, NoOp Chain Depth 64 Size 0 Mode ref, Ref Stage 49, run, start, 9199870484669125
1787080804.646630, NoOp Chain Depth 64 Size 0 Mode ref, Ref Stage 49, run, end, 9199870484688933
1787080804.646644, NoOp Chain Depth 64 Size 0 Mode ref, Ref Stage 50, run, start, 9199870484703365
1787080804.646666, NoOp Chain Depth 64 Size 0 Mode ref, Ref Stage 50, run, end, 9199870484725269
1787080804.646678, NoOp Chain Depth 64 Size 0 Mode ref, Ref Stage 51, run, start, 9199870484737109
1787080804.646708, NoOp Chain Depth 64 Size 0 Mode ref, Ref Stage 51, run, end, 9199870484767557
1787080804.646724, NoOp Chain Depth 64 Size 0 Mode ref, Ref Stage 52, run, start, 9199870484782901
1787080804.646744, NoOp Chain Depth 64 Size 0 Mode ref, Ref Stage 52, run, end, 9199870484802917
1787080804.646758, NoOp Chain Depth 64 Size 0 Mode ref, Ref Stage 53, run, start, 9199870484817493
1787080804.646778, NoOp Chain Depth 64 Size 0 Mode ref, Ref Stage 53, run, end, 9199870484837589
1787080804.646793, NoOp Chain Depth 64 Size 0 Mode ref, Ref Stage 54, run, start, 9199870484852005
1787080804.646814, NoOp Chain Depth 64 Size 0 Mode ref, Ref Stage 54, run, end, 9199870484872949
1787080804.646828, NoOp Chain Depth 64 Size 0 Mode ref, Ref Stage 55, run, start, 9199870484887701
1787080804.646851, NoOp Chain Depth 64 Size 0 Mode ref, Ref Stage 55, run, end, 9199870484909845
1787080804.646867, NoOp Chain Depth 64 Size 0 Mode ref, Ref Stage 56, run, start, 9199870484926517
1787080804.646888, NoOp Chain Depth 64 Size 0 Mode ref, Ref Stage 56, run, end, 9199870484946965
1787080804.646902, NoOp Chain Depth 64 Size 0 Mode ref, Ref Stage 57, run, start, 9199870484961637
1787080804.646923, NoOp Chain Depth 64 Size 0 Mode ref, Ref Stage 57, run, end, 9199870484981717
1787080804.646937, NoOp Chain Depth 64 Size 0 Mode ref, Ref Stage 58, run, start, 9199870484995957
1787080804.646958, NoOp Chain Depth 64 Size 0 Mode ref, Ref Stage 58, run, end, 9199870485017621
1787080804.646973, NoOp Chain Depth 64 Size 0 Mode ref, Ref Stage 59, run, start, 9199870485032869
1787080804.646993, NoOp Chain Depth 64 Size 0 Mode ref, Ref Stage 59, run, end, 9199870485052629
1787080804.647008, NoOp Chain Depth 64 Size 0 Mode ref, Ref Stage 60, run, start, 9199870485067765
1787080804.647031, NoOp Chain Depth 64 Size 0 Mode ref, Ref Stage 60, run, end, 9199870485089925
1787080804.647045, NoOp Chain Depth 64 Size 0 Mode ref, Ref Stage 61, run, start, 9199870485104373
1787080804.647065, NoOp Chain Depth 64 Size 0 Mode ref, Ref Stage 61, run, end, 9199870485124229
1787080804.647079, NoOp Chain Depth 64 Size 0 Mode ref, Ref Stage 62, run, start, 9199870485138421
1787080804.647101, NoOp Chain Depth 64 Size 0 Mode ref, Ref Stage 62, run, end, 9199870485160085
1787080804.647113, NoOp Chain Depth 64 Size 0 Mode ref, Ref Stage 63, run, start, 9199870485172005
1787080804.647142, NoOp Chain Depth 64 Size 0 Mode ref, Ref Stage 63, run, end, 9199870485201301
1787080804.647157, NoOp Chain Depth 64 Size 0 Mode ref, pipeline - train, run, end, 331465319570122859060703366294330866325, 1787080804.643667, 60, 1, 9199870485216085
1787080804.647192, NoOp Chain Depth 64 Size 0 Mode ref, pipeline - train, run, start, 230285245582492194874057725002032102523, 1787080804.647182, 61, 1, 9199870485251557
1787080804.647214, NoOp Chain Depth 64 Size 0 Mode ref, Ref Stage 0, run, start, 9199870485273637
1787080804.647236, NoOp Chain Depth 64 Size 0 Mode ref, Ref Stage 0, run, end, 9199870485295157
1787080804.647250, NoOp Chain Depth 64 Size 0 Mode ref, Ref Stage 1, run, start, 9199870485309557
1787080804.647271, NoOp Chain Depth 64 Size 0 Mode ref, Ref Stage 1, run, end, 9199870485330757
1787080804.647286, NoOp Chain Depth 64 Size 0 Mode ref, Ref Stage 2, run, start, 9199870485345349
1787080804.647306, NoOp Chain Depth 64 Size 0 Mode ref, Ref Stage 2, run, end, 9199870485365269
1787080804.647322, NoOp Chain Depth 64 Size 0 Mode ref, Ref Stage 3, run, start, 9199870485381077
1787080804.647341, NoOp Chain Depth 64 Size 0 Mode ref, Ref Stage 3, run, end, 9199870485400869
1787080804.647356, NoOp Chain Depth 64 Size 0 Mode ref, Ref Stage 4, run, start, 9199870485415397
1787080804.647376, NoOp Chain Depth 64 Size 0 Mode ref, Ref Stage 4, run, end, 9199870485435205
1787080804.647390, NoOp Chain Depth 64 Size 0 Mode ref, Ref Stage 5, run, start, 9199870485449813
1787080804.647411, NoOp Chain Depth 64 Size 0 Mode ref, Ref Stage 5, run, end, 9199870485470773
1787080804.647426, NoOp Chain Depth 64 Size 0 Mode ref, Ref Stage 6, run, start, 9199870485485381
1787080804.647447, NoOp Chain Depth 64 Size 0 Mode ref, Ref Stage 6, run, end, 9199870485505765
1787080804.647462, NoOp Chain Depth 64 Size 0 Mode ref, Ref Stage 7, run, start, 9199870485521029
1787080804.647484, NoOp Chain Depth 64 Size 0 Mode ref, Ref Stage 7, run, end, 9199870485542869
1787080804.647496, NoOp Chain Depth 64 Size 0 Mode ref, Ref Stage 8, run, start, 9199870485555013
1787080804.647526, NoOp Chain Depth 64 Size 0 Mode ref, Ref Stage 8, run, end, 9199870485586613
1787080804.647542, NoOp Chain Depth 64 Size 0 Mode ref, Ref Stage 9, run, start, 9199870485601557
1787080804.647563, NoOp Chain Depth 64 Size 0 Mode ref, Ref Stage 9, run, end, 9199870485621877
1787080804.647577, NoOp Chain Depth 64 Size 0 Mode ref, Ref Stage 10, run, start, 9199870485636757
1787080804.647598, NoOp Chain Depth 64 Size 0 Mode ref, Ref Stage 10, run, end, 9199870485657397
1787080804.647615, NoOp Chain Depth 64 Size 0 Mode ref, Ref Stage 11, run, start, 9199870485674133
1787080804.647636, NoOp Chain Depth 64 Size 0 Mode ref, Ref Stage 11, run, end, 9199870485695637
1787080804.647651, NoOp Chain Depth 64 Size 0 Mode ref, Ref Stage 12, run, start, 9199870485710197
1787080804.647671, NoOp Chain Depth 64 Size 0 Mode ref, Ref Stage 12, run, end, 9199870485730517
1787080804.647686, NoOp Chain Depth 64 Size 0 Mode ref, Ref Stage 13, run, start, 9199870485745141
1787080804.647707, NoOp Chain Depth 64 Size 0 Mode ref, Ref Stage 13, run, end, 9199870485766485
1787080804.647722, NoOp Chain Depth 64 Size 0 Mode ref, Ref Stage 14, run, start, 9199870485781173
1787080804.647743, NoOp Chain Depth 64 Size 0 Mode ref, Ref Stage 14, run, end, 9199870485802725
1787080804.647755, NoOp Chain Depth 64 Size 0 Mode ref, Ref Stage 15, run, start, 9199870485814629
1787080804.647787, NoOp Chain Depth 64 Size 0 Mode ref, Ref Stage 15, run, end, 9199870485846533
1787080804.647802, NoOp Chain Depth 64 Size 0 Mode ref, Ref Stage 16, run, start, 9199870485861109
1787080804.647826, NoOp Chain Depth 64 Size 0 Mode ref, Ref Stage 16, run, end, 9199870485885509
1787080804.647838, NoOp Chain Depth 64 Size 0 Mode ref, Ref Stage 17, run, start, 9199870485897493
1787080804.647869, NoOp Chain Depth 64 Size 0 Mode ref, Ref Stage 17, run, end, 9199870485928117
1787080804.647884, NoOp Chain Depth 64 Size 0 Mode ref, Ref Stage 18, run, start, 9199870485943781
1787080804.647904, NoOp Chain Depth 64 Size 0 Mode ref, Ref Stage 18, run, end, 9199870485963829
1787080804.647919, NoOp Chain Depth 64 Size 0 Mode ref, Ref Stage 19, run, start, 9199870485978853
1787080804.647940, NoOp Chain Depth 64 Size 0 Mode ref, Ref Stage 19, run, end, 9199870485998917
1787080804.648535, NoOp Chain Depth 64 Size 0 Mode ref, Ref Stage 20, run, start, 9199870486595141
1787080804.648560, NoOp Chain Depth 64 Size 0 Mode ref, Ref Stage 20, run, end, 9199870486618981
1787080804.648575, NoOp Chain Depth 64 Size 0 Mode ref, Ref Stage 21, run, start, 9199870486634277
1787080804.648595, NoOp Chain Depth 64 Size 0 Mode ref, Ref Stage 21, run, end, 9199870486654437
1787080804.648610, NoOp Chain Depth 64 Size 0 Mode ref, Ref Stage 22, run, start, 9199870486668853
1787080804.648629, NoOp Chain Depth 64 Size 0 Mode ref, Ref Stage 22, run, end, 9199870486688837
1787080804.648644, NoOp Chain Depth 64 Size 0 Mode ref, Ref Stage 23, run, start, 9199870486703685
1787080804.648665, NoOp Chain Depth 64 Size 0 Mode ref, Ref Stage 23, run, end, 9199870486724085
1787080804.648679, NoOp Chain Depth 64 Size 0 Mode ref, Ref Stage 24, run, start, 9199870486738725
1787080804.648699, NoOp Chain Depth 64 Size 0 Mode ref, Ref Stage 24, run, end, 9199870486758693
1787080804.648714, NoOp Chain Depth 64 Size 0 Mode ref, Ref Stage 25, run, start, 9199870486773445
1787080804.648736, NoOp Chain Depth 64 Size 0 Mode ref, Ref Stage 25, run, end, 9199870486795221
1787080804.648747, NoOp Chain Depth 64 Size 0 Mode ref, Ref Stage 26, run, start, 9199870486807029
1787080804.648778, NoOp Chain Depth 64 Size 0 Mode ref, Ref Stage 26, run, end, 9199870486837445
1787080804.648793, NoOp Chain Depth 64 Size 0 Mode ref, Ref Stage 27, run, start, 9199870486852277
1787080804.648813, NoOp Chain Depth 64 Size 0 Mode ref, Ref Stage 27, run, end, 9199870486872581
1787080804.648829, NoOp Chain Depth 64 Size 0 Mode ref, Ref Stage 28, run, start, 9199870486888661
1787080804.648850, NoOp Chain Depth 64 Size 0 Mode ref, Ref Stage 28, run, end, 9199870486909781
1787080804.648865, NoOp Chain Depth 64 Size 0 Mode ref, Ref Stage 29, run, start, 9199870486924293
1787080804.648885, NoOp Chain Depth 64 Size 0 Mode ref, Ref Stage 29, run, end, 9199870486944197
1787080804.648900, NoOp Chain Depth 64 Size 0 Mode ref, Ref Stage 30, run, start, 9199870486958981
1787080804.648919, NoOp Chain Depth 64 Size 0 Mode ref, Ref Stage 30, run, end, 9199870486978613
1787080804.648934, NoOp Chain Depth 64 Size 0 Mode ref, Ref Stage 31, run, start, 9199870486993013
1787080804.648955, NoOp Chain Depth 64 Size 0 Mode ref, Ref Stage 31, run, end, 9199870487014485
1787080804.648972, NoOp Chain Depth 64 Size 0 Mode ref, Ref Stage 32, run, start, 9199870487031141
1787080804.648994, NoOp Chain Depth 64 Size 0 Mode ref, Ref Stage 32, run, end, 9199870487053893
1787080804.649006, NoOp Chain Depth 64 Size 0 Mode ref, Ref Stage 33, run, start, 9199870487065637
1787080804.649041, NoOp Chain Depth 64 Size 0 Mode ref, Ref Stage 33, run, end, 9199870487100021
1787080804.649055, NoOp Chain Depth 64 Size 0 Mode ref, Ref Stage 34, run, start, 9199870487114581
1787080804.649075, NoOp Chain Depth 64 Size 0 Mode ref, Ref Stage 34, run, end, 9199870487134373
1787080804.649090, NoOp Chain Depth 64 Size 0 Mode ref, Ref Stage 35, run, start, 9199870487148757
1787080804.649110, NoOp Chain Depth 64 Size 0 Mode ref, Ref Stage 35, run, end, 9199870487168821
1787080804.649125, NoOp Chain Depth 64 Size 0 Mode ref, Ref Stage 36, run, start, 9199870487184789
1787080804.649147, NoOp Chain Depth 64 Size 0 Mode ref, Ref Stage 36, run, end, 9199870487205909
1787080804.649162, NoOp Chain Depth 64 Size 0 Mode ref, Ref Stage 37, run, start, 9199870487221637
1787080804.649182, NoOp Chain Depth 64 Size 0 Mode ref, Ref Stage 37, run, end, 9199870487241477
1787080804.649196, NoOp Chain Depth 64 Size 0 Mode ref, Ref Stage 38, run, start, 9199870487255461
1787080804.649218, NoOp Chain Depth 64 Size 0 Mode ref, Ref Stage 38, run, end, 9199870487277621
1787080804.649594, NoOp Chain Depth 64 Size 0 Mode ref, Ref Stage 39, run, start, 9199870487654229
1787080804.649749, NoOp Chain Depth 64 Size 0 Mode ref, Ref Stage 39, run, end, 9199870487808709
1787080804.649764, NoOp Chain Depth 64 Size 0 Mode ref, Ref Stage 40, run, start, 9199870487823509
1787080804.649785, NoOp Chain Depth 64 Size 0 Mode ref, Ref Stage 40, run, end, 9199870487843845
1787080804.649799, NoOp Chain Depth 64 Size 0 Mode ref, Ref Stage 41, run, start, 9199870487858389
1787080804.649819, NoOp Chain Depth 64 Size 0 Mode ref, Ref Stage 41, run, end, 9199870487878741
1787080804.649834, NoOp Chain Depth 64 Size 0 Mode ref, Ref Stage 42, run, start, 9199870487893621
1787080804.649855, NoOp Chain Depth 64 Size 0 Mode ref, Ref Stage 42, run, end, 9199870487914261
1787080804.649870, NoOp Chain Depth 64 Size 0 Mode ref, Ref Stage 43, run, start, 9199870487929285
1787080804.649890, NoOp Chain Depth 64 Size 0 Mode ref, Ref Stage 43, run, end, 9199870487949173
1787080804.649905, NoOp Chain Depth 64 Size 0 Mode ref, Ref Stage 44, run, start, 9199870487964325
1787080804.649925, NoOp Chain Depth 64 Size 0 Mode ref, Ref Stage 44, run, end, 9199870487984261
1787080804.649940, NoOp Chain Depth 64 Size 0 Mode ref, Ref Stage 45, run, start, 9199870487998837
1787080804.649962, NoOp Chain Depth 64 Size 0 Mode ref, Ref Stage 45, run, end, 9199870488021446
1787080804.649977, NoOp Chain Depth 64 Size 0 Mode ref, Ref Stage 46, run, start, 9199870488036278
1787080804.649997, NoOp Chain Depth 64 Size 0 Mode ref, Ref Stage 46, run, end, 9199870488056422
1787080804.650013, NoOp Chain Depth 64 Size 0 Mode ref, Ref Stage 47, run, start, 9199870488072582
1787080804.650035, NoOp Chain Depth 64 Size 0 Mode ref, Ref Stage 47, run, end, 9199870488094454
1787080804.650047, NoOp Chain Depth 64 Size 0 Mode ref, Ref Stage 48, run, start, 9199870488106134
1787080804.650077, NoOp Chain Depth 64 Size 0 Mode ref, Ref Stage 48, run, end, 9199870488136102
1787080804.650091, NoOp Chain Depth 64 Size 0 Mode ref, Ref Stage 49, run, start, 9199870488150502
1787080804.650111, NoOp Chain Depth 64 Size 0 Mode ref, Ref Stage 49, run, end, 9199870488170342
1787080804.650125, NoOp Chain Depth 64 Size 0 Mode ref, Ref Stage 50, run, start, 9199870488184710
1787080804.650146, NoOp Chain Depth 64 Size 0 Mode ref, Ref Stage 50, run, end, 9199870488205702
1787080804.650161, NoOp Chain Depth 64 Size 0 Mode ref, Ref Stage 51, run, start, 9199870488220118
1787080804.650181, NoOp Chain Depth 64 Size 0 Mode ref, Ref Stage 51, run, end, 9199870488239878
1787080804.650195, NoOp Chain Depth 64 Size 0 Mode ref, Ref Stage 52, run, start, 9199870488254006
1787080804.650215, NoOp Chain Depth 64 Size 0 Mode ref, Ref Stage 52, run, end, 9199870488273846
1787080804.650231, NoOp Chain Depth 64 Size 0 Mode ref, Ref Stage 53, run, start, 9199870488289926
1787080804.650252, NoOp Chain Depth 64 Size 0 Mode ref, Ref Stage 53, run, end, 9199870488311302
1787080804.650266, NoOp Chain Depth 64 Size 0 Mode ref, Ref Stage 54, run, start, 9199870488325558
1787080804.650286, NoOp Chain Depth 64 Size 0 Mode ref, Ref Stage 54, run, end, 9199870488345430
1787080804.650301, NoOp Chain Depth 64 Size 0 Mode ref, Ref Stage 55, run, start, 9199870488359782
1787080804.650320, NoOp Chain Depth 64 Size 0 Mode ref, Ref Stage 55, run, end, 9199870488379334
1787080804.650336, NoOp Chain Depth 64 Size 0 Mode ref, Ref Stage 56, run, start, 9199870488394758
1787080804.650357, NoOp Chain Depth 64 Size 0 Mode ref, Ref Stage 56, run, end, 9199870488415846
1787080804.650371, NoOp Chain Depth 64 Size 0 Mode ref, Ref Stage 57, run, start, 9199870488430134
1787080804.650392, NoOp Chain Depth 64 Size 0 Mode ref, Ref Stage 57, run, end, 9199870488451110
1787080804.650406, NoOp Chain Depth 64 Size 0 Mode ref, Ref Stage 58, run, start, 9199870488465366
1787080804.650492, NoOp Chain Depth 64 Size 0 Mode ref, Ref Stage 58, run, end, 9199870488551830
1787080804.650508, NoOp Chain Depth 64 Size 0 Mode ref, Ref Stage 59, run, start, 9199870488567526
1787080804.650529, NoOp Chain Depth 64 Size 0 Mode ref, Ref Stage 59, run, end, 9199870488587974
1787080804.650543, NoOp Chain Depth 64 Size 0 Mode ref, Ref Stage 60, run, start, 9199870488602422
1787080804.650563, NoOp Chain Depth 64 Size 0 Mode ref, Ref Stage 60, run, end, 9199870488622182
1787080804.650577, NoOp Chain Depth 64 Size 0 Mode ref, Ref Stage 61, run, start, 9199870488636502
1787080804.650598, NoOp Chain Depth 64 Size 0 Mode ref, Ref Stage 61, run, end, 9199870488657702
1787080804.650613, NoOp Chain Depth 64 Size 0 Mode ref, Ref Stage 62, run, start, 9199870488672134
1787080804.650634, NoOp Chain Depth 64 Size 0 Mode ref, Ref Stage 62, run, end, 9199870488693574
1787080804.650646, NoOp Chain Depth 64 Size 0 Mode ref, Ref Stage 63, run, start, 9199870488705702
1787080804.650676, NoOp Chain Depth 64 Size 0 Mode ref, Ref Stage 63, run, end, 9199870488735654
1787080804.650692, NoOp Chain Depth 64 Size 0 Mode ref, pipeline - train, run, end, 230285245582492194874057725002032102523, 1787080804.647182, 61, 1, 9199870488751590
1787080804.650729, NoOp Chain Depth 64 Size 0 Mode ref, pipeline - train, run, start, 229832255834052004266885648339944609834, 1787080804.650718, 62, 1, 9199870488788662
1787080804.650751, NoOp Chain Depth 64 Size 0 Mode ref, Ref Stage 0, run, start, 9199870488810518
1787080804.650772, NoOp Chain Depth 64 Size 0 Mode ref, Ref Stage 0, run, end, 9199870488831158
1787080804.650787, NoOp Chain Depth 64 Size 0 Mode ref, Ref Stage 1, run, start, 9199870488846134
1787080804.650808, NoOp Chain Depth 64 Size 0 Mode ref, Ref Stage 1, run, end, 9199870488866886
1787080804.650822, NoOp Chain Depth 64 Size 0 Mode ref, Ref Stage 2, run, start, 9199870488881398
1787080804.650842, NoOp Chain Depth 64 Size 0 Mode ref, Ref Stage 2, run, end, 9199870488901398
1787080804.650856, NoOp Chain Depth 64 Size 0 Mode ref, Ref Stage 3, run, start, 9199870488915798
1787080804.650876, NoOp Chain Depth 64 Size 0 Mode ref, Ref Stage 3, run, end, 9199870488935414
1787080804.650891, NoOp Chain Depth 64 Size 0 Mode ref, Ref Stage 4, run, start, 9199870488950646
1787080804.650911, NoOp Chain Depth 64 Size 0 Mode ref, Ref Stage 4, run, end, 9199870488970310
1787080804.650925, NoOp Chain Depth 64 Size 0 Mode ref, Ref Stage 5, run, start, 9199870488984678
1787080804.650948, NoOp Chain Depth 64 Size 0 Mode ref, Ref Stage 5, run, end, 9199870489006742
1787080804.650962, NoOp Chain Depth 64 Size 0 Mode ref, Ref Stage 6, run, start, 9199870489021574
1787080804.650983, NoOp Chain Depth 64 Size 0 Mode ref, Ref Stage 6, run, end, 9199870489042694
1787080804.650997, NoOp Chain Depth 64 Size 0 Mode ref, Ref Stage 7, run, start, 9199870489056870
1787080804.651017, NoOp Chain Depth 64 Size 0 Mode ref, Ref Stage 7, run, end, 9199870489076806
1787080804.651035, NoOp Chain Depth 64 Size 0 Mode ref, Ref Stage 8, run, start, 9199870489094150
1787080804.651056, NoOp Chain Depth 64 Size 0 Mode ref, Ref Stage 8, run, end, 9199870489115606
1787080804.651068, NoOp Chain Depth 64 Size 0 Mode ref, Ref Stage 9, run, start, 9199870489127302
1787080804.651100, NoOp Chain Depth 64 Size 0 Mode ref, Ref Stage 9, run, end, 9199870489159782
1787080804.651115, NoOp Chain Depth 64 Size 0 Mode ref, Ref Stage 10, run, start, 9199870489174326
1787080804.651135, NoOp Chain Depth 64 Size 0 Mode ref, Ref Stage 10, run, end, 9199870489194294
1787080804.651150, NoOp Chain Depth 64 Size 0 Mode ref, Ref Stage 11, run, start, 9199870489209062
1787080804.651170, NoOp Chain Depth 64 Size 0 Mode ref, Ref Stage 11, run, end, 9199870489229942
1787080804.651185, NoOp Chain Depth 64 Size 0 Mode ref, Ref Stage 12, run, start, 9199870489244502
1787080804.651205, NoOp Chain Depth 64 Size 0 Mode ref, Ref Stage 12, run, end, 9199870489264294
1787080804.651219, NoOp Chain Depth 64 Size 0 Mode ref, Ref Stage 13, run, start, 9199870489278726
1787080804.651240, NoOp Chain Depth 64 Size 0 Mode ref, Ref Stage 13, run, end, 9199870489299814
1787080804.651255, NoOp Chain Depth 64 Size 0 Mode ref, Ref Stage 14, run, start, 9199870489314342
1787080804.651742, NoOp Chain Depth 64 Size 0 Mode ref, Ref Stage 14, run, end, 9199870489802102
1787080804.651879, NoOp Chain Depth 64 Size 0 Mode ref, Ref Stage 15, run, start, 9199870489938358
1787080804.651901, NoOp Chain Depth 64 Size 0 Mode ref, Ref Stage 15, run, end, 9199870489960390
1787080804.651916, NoOp Chain Depth 64 Size 0 Mode ref, Ref Stage 16, run, start, 9199870489974982
1787080804.651936, NoOp Chain Depth 64 Size 0 Mode ref, Ref Stage 16, run, end, 9199870489995254
1787080804.651955, NoOp Chain Depth 64 Size 0 Mode ref, Ref Stage 17, run, start, 9199870490014422
1787080804.651976, NoOp Chain Depth 64 Size 0 Mode ref, Ref Stage 17, run, end, 9199870490035670
1787080804.651991, NoOp Chain Depth 64 Size 0 Mode ref, Ref Stage 18, run, start, 9199870490050310
1787080804.652011, NoOp Chain Depth 64 Size 0 Mode ref, Ref Stage 18, run, end, 9199870490070166
1787080804.652025, NoOp Chain Depth 64 Size 0 Mode ref, Ref Stage 19, run, start, 9199870490084598
1787080804.652047, NoOp Chain Depth 64 Size 0 Mode ref, Ref Stage 19, run, end, 9199870490106150
1787080804.652416, NoOp Chain Depth 64 Size 0 Mode ref, Ref Stage 20, run, start, 9199870490476038
1787080804.652438, NoOp Chain Depth 64 Size 0 Mode ref, Ref Stage 20, run, end, 9199870490497430
1787080804.652571, NoOp Chain Depth 64 Size 0 Mode ref, Ref Stage 21, run, start, 9199870490630150
1787080804.652591, NoOp Chain Depth 64 Size 0 Mode ref, Ref Stage 21, run, end, 9199870490650566
1787080804.652606, NoOp Chain Depth 64 Size 0 Mode ref, Ref Stage 22, run, start, 9199870490665382
1787080804.652626, NoOp Chain Depth 64 Size 0 Mode ref, Ref Stage 22, run, end, 9199870490685302
1787080804.652641, NoOp Chain Depth 64 Size 0 Mode ref, Ref Stage 23, run, start, 9199870490699910
1787080804.652660, NoOp Chain Depth 64 Size 0 Mode ref, Ref Stage 23, run, end, 9199870490719798
1787080804.652675, NoOp Chain Depth 64 Size 0 Mode ref, Ref Stage 24, run, start, 9199870490734422
1787080804.652695, NoOp Chain Depth 64 Size 0 Mode ref, Ref Stage 24, run, end, 9199870490754262
1787080804.652709, NoOp Chain Depth 64 Size 0 Mode ref, Ref Stage 25, run, start, 9199870490768774
1787080804.652729, NoOp Chain Depth 64 Size 0 Mode ref, Ref Stage 25, run, end, 9199870490788374
1787080804.652743, NoOp Chain Depth 64 Size 0 Mode ref, Ref Stage 26, run, start, 9199870490802886
1787080804.652765, NoOp Chain Depth 64 Size 0 Mode ref, Ref Stage 26, run, end, 9199870490824054
1787080804.652776, NoOp Chain Depth 64 Size 0 Mode ref, Ref Stage 27, run, start, 9199870490835638
1787080804.652806, NoOp Chain Depth 64 Size 0 Mode ref, Ref Stage 27, run, end, 9199870490865686
1787080804.652821, NoOp Chain Depth 64 Size 0 Mode ref, Ref Stage 28, run, start, 9199870490880182
1787080804.652841, NoOp Chain Depth 64 Size 0 Mode ref, Ref Stage 28, run, end, 9199870490900134
1787080804.652857, NoOp Chain Depth 64 Size 0 Mode ref, Ref Stage 29, run, start, 9199870490916614
1787080804.652878, NoOp Chain Depth 64 Size 0 Mode ref, Ref Stage 29, run, end, 9199870490937014
1787080804.652894, NoOp Chain Depth 64 Size 0 Mode ref, Ref Stage 30, run, start, 9199870490953350
1787080804.652915, NoOp Chain Depth 64 Size 0 Mode ref, Ref Stage 30, run, end, 9199870490973990
1787080804.652929, NoOp Chain Depth 64 Size 0 Mode ref, Ref Stage 31, run, start, 9199870490988806
1787080804.652951, NoOp Chain Depth 64 Size 0 Mode ref, Ref Stage 31, run, end, 9199870491010406
1787080804.652966, NoOp Chain Depth 64 Size 0 Mode ref, Ref Stage 32, run, start, 9199870491025702
1787080804.652987, NoOp Chain Depth 64 Size 0 Mode ref, Ref Stage 32, run, end, 9199870491045878
1787080804.653016, NoOp Chain Depth 64 Size 0 Mode ref, Ref Stage 33, run, start, 9199870491075142
1787080804.653036, NoOp Chain Depth 64 Size 0 Mode ref, Ref Stage 33, run, end, 9199870491095414
1787080804.653051, NoOp Chain Depth 64 Size 0 Mode ref, Ref Stage 34, run, start, 9199870491110134
1787080804.653071, NoOp Chain Depth 64 Size 0 Mode ref, Ref Stage 34, run, end, 9199870491130182
1787080804.653085, NoOp Chain Depth 64 Size 0 Mode ref, Ref Stage 35, run, start, 9199870491144870
1787080804.653107, NoOp Chain Depth 64 Size 0 Mode ref, Ref Stage 35, run, end, 9199870491166294
1787080804.653121, NoOp Chain Depth 64 Size 0 Mode ref, Ref Stage 36, run, start, 9199870491180758
1787080804.653141, NoOp Chain Depth 64 Size 0 Mode ref, Ref Stage 36, run, end, 9199870491200694
1787080804.653157, NoOp Chain Depth 64 Size 0 Mode ref, Ref Stage 37, run, start, 9199870491215878
1787080804.653178, NoOp Chain Depth 64 Size 0 Mode ref, Ref Stage 37, run, end, 9199870491237286
1787080804.653190, NoOp Chain Depth 64 Size 0 Mode ref, Ref Stage 38, run, start, 9199870491249062
1787080804.653220, NoOp Chain Depth 64 Size 0 Mode ref, Ref Stage 38, run, end, 9199870491279254
1787080804.653235, NoOp Chain Depth 64 Size 0 Mode ref, Ref Stage 39, run, start, 9199870491294294
1787080804.653256, NoOp Chain Depth 64 Size 0 Mode ref, Ref Stage 39, run, end, 9199870491315350
1787080804.653270, NoOp Chain Depth 64 Size 0 Mode ref, Ref Stage 40, run, start, 9199870491329942
1787080804.653292, NoOp Chain Depth 64 Size 0 Mode ref, Ref Stage 40, run, end, 9199870491351526
1787080804.653307, NoOp Chain Depth 64 Size 0 Mode ref, Ref Stage 41, run, start, 9199870491366054
1787080804.653327, NoOp Chain Depth 64 Size 0 Mode ref, Ref Stage 41, run, end, 9199870491386534
1787080804.653342, NoOp Chain Depth 64 Size 0 Mode ref, Ref Stage 42, run, start, 9199870491401270
1787080804.653362, NoOp Chain Depth 64 Size 0 Mode ref, Ref Stage 42, run, end, 9199870491421254
1787080804.653378, NoOp Chain Depth 64 Size 0 Mode ref, Ref Stage 43, run, start, 9199870491436918
1787080804.653397, NoOp Chain Depth 64 Size 0 Mode ref, Ref Stage 43, run, end, 9199870491456294
1787080804.653411, NoOp Chain Depth 64 Size 0 Mode ref, Ref Stage 44, run, start, 9199870491470694
1787080804.653431, NoOp Chain Depth 64 Size 0 Mode ref, Ref Stage 44, run, end, 9199870491490006
1787080804.653445, NoOp Chain Depth 64 Size 0 Mode ref, Ref Stage 45, run, start, 9199870491504806
1787080804.653466, NoOp Chain Depth 64 Size 0 Mode ref, Ref Stage 45, run, end, 9199870491525094
1787080804.653482, NoOp Chain Depth 64 Size 0 Mode ref, Ref Stage 46, run, start, 9199870491541094
1787080804.653502, NoOp Chain Depth 64 Size 0 Mode ref, Ref Stage 46, run, end, 9199870491561318
1787080804.653518, NoOp Chain Depth 64 Size 0 Mode ref, Ref Stage 47, run, start, 9199870491577126
1787080804.653539, NoOp Chain Depth 64 Size 0 Mode ref, Ref Stage 47, run, end, 9199870491598726
1787080804.653551, NoOp Chain Depth 64 Size 0 Mode ref, Ref Stage 48, run, start, 9199870491610710
1787080804.653973, NoOp Chain Depth 64 Size 0 Mode ref, Ref Stage 48, run, end, 9199870492033382
1787080804.653990, NoOp Chain Depth 64 Size 0 Mode ref, Ref Stage 49, run, start, 9199870492048934
1787080804.654010, NoOp Chain Depth 64 Size 0 Mode ref, Ref Stage 49, run, end, 9199870492068982
1787080804.654027, NoOp Chain Depth 64 Size 0 Mode ref, Ref Stage 50, run, start, 9199870492086198
1787080804.654049, NoOp Chain Depth 64 Size 0 Mode ref, Ref Stage 50, run, end, 9199870492108038
1787080804.654061, NoOp Chain Depth 64 Size 0 Mode ref, Ref Stage 51, run, start, 9199870492120118
1787080804.654092, NoOp Chain Depth 64 Size 0 Mode ref, Ref Stage 51, run, end, 9199870492151270
1787080804.654107, NoOp Chain Depth 64 Size 0 Mode ref, Ref Stage 52, run, start, 9199870492165878
1787080804.654127, NoOp Chain Depth 64 Size 0 Mode ref, Ref Stage 52, run, end, 9199870492185702
1787080804.654141, NoOp Chain Depth 64 Size 0 Mode ref, Ref Stage 53, run, start, 9199870492200198
1787080804.654162, NoOp Chain Depth 64 Size 0 Mode ref, Ref Stage 53, run, end, 9199870492221398
1787080804.654176, NoOp Chain Depth 64 Size 0 Mode ref, Ref Stage 54, run, start, 9199870492235478
1787080804.654197, NoOp Chain Depth 64 Size 0 Mode ref, Ref Stage 54, run, end, 9199870492256678
1787080804.654212, NoOp Chain Depth 64 Size 0 Mode ref, Ref Stage 55, run, start, 9199870492271190
1787080804.654232, NoOp Chain Depth 64 Size 0 Mode ref, Ref Stage 55, run, end, 9199870492290950
1787080804.654246, NoOp Chain Depth 64 Size 0 Mode ref, Ref Stage 56, run, start, 9199870492305254
1787080804.654267, NoOp Chain Depth 64 Size 0 Mode ref, Ref Stage 56, run, end, 9199870492326374
1787080804.654281, NoOp Chain Depth 64 Size 0 Mode ref, Ref Stage 57, run, start, 9199870492340678
1787080804.654301, NoOp Chain Depth 64 Size 0 Mode ref, Ref Stage 57, run, end, 9199870492360262
1787080804.654315, NoOp Chain Depth 64 Size 0 Mode ref, Ref Stage 58, run, start, 9199870492374422
1787080804.654335, NoOp Chain Depth 64 Size 0 Mode ref, Ref Stage 58, run, end, 9199870492393974
1787080804.654349, NoOp Chain Depth 64 Size 0 Mode ref, Ref Stage 59, run, start, 9199870492408326
1787080804.654368, NoOp Chain Depth 64 Size 0 Mode ref, Ref Stage 59, run, end, 9199870492427782
1787080804.654383, NoOp Chain Depth 64 Size 0 Mode ref, Ref Stage 60, run, start, 9199870492442038
1787080804.654402, NoOp Chain Depth 64 Size 0 Mode ref, Ref Stage 60, run, end, 9199870492461158
1787080804.654416, NoOp Chain Depth 64 Size 0 Mode ref, Ref Stage 61, run, start, 9199870492475302
1787080804.654437, NoOp Chain Depth 64 Size 0 Mode ref, Ref Stage 61, run, end, 9199870492496262
1787080804.654452, NoOp Chain Depth 64 Size 0 Mode ref, Ref Stage 62, run, start, 9199870492511254
1787080804.654473, NoOp Chain Depth 64 Size 0 Mode ref, Ref Stage 62, run, end, 9199870492532454
1787080804.654485, NoOp Chain Depth 64 Size 0 Mode ref, Ref Stage 63, run, start, 9199870492544470
1787080804.654516, NoOp Chain Depth 64 Size 0 Mode ref, Ref Stage 63, run, end, 9199870492575062
1787080804.654530, NoOp Chain Depth 64 Size 0 Mode ref, pipeline - train, run, end, 229832255834052004266885648339944609834, 1787080804.650718, 62, 1, 9199870492589558
1787080804.654567, NoOp Chain Depth 64 Size 0 Mode ref, pipeline - train, run, start, 199868472168858695255092449598512620915, 1787080804.654556, 63, 1, 9199870492626166
1787080804.654589, NoOp Chain Depth 64 Size 0 Mode ref, Ref Stage 0, run, start, 9199870492648022
1787080804.654609, NoOp Chain Depth 64 Size 0 Mode ref, Ref Stage 0, run, end, 9199870492668262
1787080804.654623, NoOp Chain Depth 64 Size 0 Mode ref, Ref Stage 1, run, start, 9199870492682518
1787080804.654644, NoOp Chain Depth 64 Size 0 Mode ref, Ref Stage 1, run, end, 9199870492703494
1787080804.654658, NoOp Chain Depth 64 Size 0 Mode ref, Ref Stage 2, run, start, 9199870492717766
1787080804.654678, NoOp Chain Depth 64 Size 0 Mode ref, Ref Stage 2, run, end, 9199870492737702
1787080804.654693, NoOp Chain Depth 64 Size 0 Mode ref, Ref Stage 3, run, start, 9199870492752246
1787080804.654713, NoOp Chain Depth 64 Size 0 Mode ref, Ref Stage 3, run, end, 9199870492771846
1787080804.654727, NoOp Chain Depth 64 Size 0 Mode ref, Ref Stage 4, run, start, 9199870492786230
1787080804.654747, NoOp Chain Depth 64 Size 0 Mode ref, Ref Stage 4, run, end, 9199870492805974
1787080804.654764, NoOp Chain Depth 64 Size 0 Mode ref, Ref Stage 5, run, start, 9199870492823206
1787080804.654784, NoOp Chain Depth 64 Size 0 Mode ref, Ref Stage 5, run, end, 9199870492843686
1787080804.654799, NoOp Chain Depth 64 Size 0 Mode ref, Ref Stage 6, run, start, 9199870492858310
1787080804.654819, NoOp Chain Depth 64 Size 0 Mode ref, Ref Stage 6, run, end, 9199870492878294
1787080804.654838, NoOp Chain Depth 64 Size 0 Mode ref, Ref Stage 7, run, start, 9199870492896982
1787080804.654859, NoOp Chain Depth 64 Size 0 Mode ref, Ref Stage 7, run, end, 9199870492918646
1787080804.654871, NoOp Chain Depth 64 Size 0 Mode ref, Ref Stage 8, run, start, 9199870492930390
1787080804.654901, NoOp Chain Depth 64 Size 0 Mode ref, Ref Stage 8, run, end, 9199870492960214
1787080804.654915, NoOp Chain Depth 64 Size 0 Mode ref, Ref Stage 9, run, start, 9199870492974710
1787080804.654937, NoOp Chain Depth 64 Size 0 Mode ref, Ref Stage 9, run, end, 9199870492996086
1787080804.654955, NoOp Chain Depth 64 Size 0 Mode ref, Ref Stage 10, run, start, 9199870493014662
1787080804.654977, NoOp Chain Depth 64 Size 0 Mode ref, Ref Stage 10, run, end, 9199870493035718
1787080804.654991, NoOp Chain Depth 64 Size 0 Mode ref, Ref Stage 11, run, start, 9199870493050438
1787080804.655011, NoOp Chain Depth 64 Size 0 Mode ref, Ref Stage 11, run, end, 9199870493070166
1787080804.655026, NoOp Chain Depth 64 Size 0 Mode ref, Ref Stage 12, run, start, 9199870493085366
1787080804.655144, NoOp Chain Depth 64 Size 0 Mode ref, Ref Stage 12, run, end, 9199870493204198
1787080804.655283, NoOp Chain Depth 64 Size 0 Mode ref, Ref Stage 13, run, start, 9199870493342726
1787080804.655307, NoOp Chain Depth 64 Size 0 Mode ref, Ref Stage 13, run, end, 9199870493366262
1787080804.655318, NoOp Chain Depth 64 Size 0 Mode ref, Ref Stage 14, run, start, 9199870493377894
1787080804.655350, NoOp Chain Depth 64 Size 0 Mode ref, Ref Stage 14, run, end, 9199870493409942
1787080804.655362, NoOp Chain Depth 64 Size 0 Mode ref, Ref Stage 15, run, start, 9199870493421638
1787080804.655393, NoOp Chain Depth 64 Size 0 Mode ref, Ref Stage 15, run, end, 9199870493452518
1787080804.655408, NoOp Chain Depth 64 Size 0 Mode ref, Ref Stage 16, run, start, 9199870493466870
1787080804.655428, NoOp Chain Depth 64 Size 0 Mode ref, Ref Stage 16, run, end, 9199870493486886
1787080804.655442, NoOp Chain Depth 64 Size 0 Mode ref, Ref Stage 17, run, start, 9199870493501366
1787080804.655462, NoOp Chain Depth 64 Size 0 Mode ref, Ref Stage 17, run, end, 9199870493521398
1787080804.655477, NoOp Chain Depth 64 Size 0 Mode ref, Ref Stage 18, run, start, 9199870493535942
1787080804.655498, NoOp Chain Depth 64 Size 0 Mode ref, Ref Stage 18, run, end, 9199870493557110
1787080804.655509, NoOp Chain Depth 64 Size 0 Mode ref, Ref Stage 19, run, start, 9199870493568870
1787080804.655540, NoOp Chain Depth 64 Size 0 Mode ref, Ref Stage 19, run, end, 9199870493599030
1787080804.655555, NoOp Chain Depth 64 Size 0 Mode ref, Ref Stage 20, run, start, 9199870493614134
1787080804.655578, NoOp Chain Depth 64 Size 0 Mode ref, Ref Stage 20, run, end, 9199870493637270
1787080804.657477, NoOp Chain Depth 64 Size 0 Mode ref, Ref Stage 21, run, start, 9199870495538294
1787080804.657504, NoOp Chain Depth 64 Size 0 Mode ref, Ref Stage 21, run, end, 9199870495563574
1787080804.657519, NoOp Chain Depth 64 Size 0 Mode ref, Ref Stage 22, run, start, 9199870495578614
1787080804.657540, NoOp Chain Depth 64 Size 0 Mode ref, Ref Stage 22, run, end, 9199870495598966
1787080804.657554, NoOp Chain Depth 64 Size 0 Mode ref, Ref Stage 23, run, start, 9199870495613830
1787080804.657575, NoOp Chain Depth 64 Size 0 Mode ref, Ref Stage 23, run, end, 9199870495634006
1787080804.657589, NoOp Chain Depth 64 Size 0 Mode ref, Ref Stage 24, run, start, 9199870495648566
1787080804.657609, NoOp Chain Depth 64 Size 0 Mode ref, Ref Stage 24, run, end, 9199870495668646
1787080804.657624, NoOp Chain Depth 64 Size 0 Mode ref, Ref Stage 25, run, start, 9199870495683462
1787080804.657644, NoOp Chain Depth 64 Size 0 Mode ref, Ref Stage 25, run, end, 9199870495703526
1787080804.657664, NoOp Chain Depth 64 Size 0 Mode ref, Ref Stage 26, run, start, 9199870495723798
1787080804.657685, NoOp Chain Depth 64 Size 0 Mode ref, Ref Stage 26, run, end, 9199870495743958
1787080804.657699, NoOp Chain Depth 64 Size 0 Mode ref, Ref Stage 27, run, start, 9199870495758294
1787080804.657721, NoOp Chain Depth 64 Size 0 Mode ref, Ref Stage 27, run, end, 9199870495780086
1787080804.657733, NoOp Chain Depth 64 Size 0 Mode ref, Ref Stage 28, run, start, 9199870495792118
1787080804.657763, NoOp Chain Depth 64 Size 0 Mode ref, Ref Stage 28, run, end, 9199870495822054
1787080804.657777, NoOp Chain Depth 64 Size 0 Mode ref, Ref Stage 29, run, start, 9199870495836694
1787080804.657797, NoOp Chain Depth 64 Size 0 Mode ref, Ref Stage 29, run, end, 9199870495856678
1787080804.657812, NoOp Chain Depth 64 Size 0 Mode ref, Ref Stage 30, run, start, 9199870495871270
1787080804.657831, NoOp Chain Depth 64 Size 0 Mode ref, Ref Stage 30, run, end, 9199870495890758
1787080804.657845, NoOp Chain Depth 64 Size 0 Mode ref, Ref Stage 31, run, start, 9199870495904950
1787080804.657865, NoOp Chain Depth 64 Size 0 Mode ref, Ref Stage 31, run, end, 9199870495924582
1787080804.657880, NoOp Chain Depth 64 Size 0 Mode ref, Ref Stage 32, run, start, 9199870495938822
1787080804.657899, NoOp Chain Depth 64 Size 0 Mode ref, Ref Stage 32, run, end, 9199870495958166
1787080804.657913, NoOp Chain Depth 64 Size 0 Mode ref, Ref Stage 33, run, start, 9199870495972390
1787080804.657933, NoOp Chain Depth 64 Size 0 Mode ref, Ref Stage 33, run, end, 9199870495992166
1787080804.657950, NoOp Chain Depth 64 Size 0 Mode ref, Ref Stage 34, run, start, 9199870496009254
1787080804.657970, NoOp Chain Depth 64 Size 0 Mode ref, Ref Stage 34, run, end, 9199870496029606
1787080804.657985, NoOp Chain Depth 64 Size 0 Mode ref, Ref Stage 35, run, start, 9199870496044246
1787080804.658005, NoOp Chain Depth 64 Size 0 Mode ref, Ref Stage 35, run, end, 9199870496064166
1787080804.658019, NoOp Chain Depth 64 Size 0 Mode ref, Ref Stage 36, run, start, 9199870496078294
1787080804.658040, NoOp Chain Depth 64 Size 0 Mode ref, Ref Stage 36, run, end, 9199870496099574
1787080804.658051, NoOp Chain Depth 64 Size 0 Mode ref, Ref Stage 37, run, start, 9199870496111062
1787080804.658081, NoOp Chain Depth 64 Size 0 Mode ref, Ref Stage 37, run, end, 9199870496140534
1787080804.658096, NoOp Chain Depth 64 Size 0 Mode ref, Ref Stage 38, run, start, 9199870496155798
1787080804.658118, NoOp Chain Depth 64 Size 0 Mode ref, Ref Stage 38, run, end, 9199870496177654
1787080804.658130, NoOp Chain Depth 64 Size 0 Mode ref, Ref Stage 39, run, start, 9199870496189030
1787080804.658159, NoOp Chain Depth 64 Size 0 Mode ref, Ref Stage 39, run, end, 9199870496218374
1787080804.658173, NoOp Chain Depth 64 Size 0 Mode ref, Ref Stage 40, run, start, 9199870496232758
1787080804.658193, NoOp Chain Depth 64 Size 0 Mode ref, Ref Stage 40, run, end, 9199870496252118
1787080804.658207, NoOp Chain Depth 64 Size 0 Mode ref, Ref Stage 41, run, start, 9199870496266246
1787080804.658226, NoOp Chain Depth 64 Size 0 Mode ref, Ref Stage 41, run, end, 9199870496285798
1787080804.658241, NoOp Chain Depth 64 Size 0 Mode ref, Ref Stage 42, run, start, 9199870496300166
1787080804.658261, NoOp Chain Depth 64 Size 0 Mode ref, Ref Stage 42, run, end, 9199870496320166
1787080804.658275, NoOp Chain Depth 64 Size 0 Mode ref, Ref Stage 43, run, start, 9199870496334454
1787080804.658355, NoOp Chain Depth 64 Size 0 Mode ref, Ref Stage 43, run, end, 9199870496414950
1787080804.658371, NoOp Chain Depth 64 Size 0 Mode ref, Ref Stage 44, run, start, 9199870496430262
1787080804.658393, NoOp Chain Depth 64 Size 0 Mode ref, Ref Stage 44, run, end, 9199870496452134
1787080804.658407, NoOp Chain Depth 64 Size 0 Mode ref, Ref Stage 45, run, start, 9199870496466630
1787080804.658427, NoOp Chain Depth 64 Size 0 Mode ref, Ref Stage 45, run, end, 9199870496486582
1787080804.658443, NoOp Chain Depth 64 Size 0 Mode ref, Ref Stage 46, run, start, 9199870496502406
1787080804.658463, NoOp Chain Depth 64 Size 0 Mode ref, Ref Stage 46, run, end, 9199870496522342
1787080804.658479, NoOp Chain Depth 64 Size 0 Mode ref, Ref Stage 47, run, start, 9199870496538646
1787080804.658499, NoOp Chain Depth 64 Size 0 Mode ref, Ref Stage 47, run, end, 9199870496558838
1787080804.658514, NoOp Chain Depth 64 Size 0 Mode ref, Ref Stage 48, run, start, 9199870496573126
1787080804.658535, NoOp Chain Depth 64 Size 0 Mode ref, Ref Stage 48, run, end, 9199870496594182
1787080804.658549, NoOp Chain Depth 64 Size 0 Mode ref, Ref Stage 49, run, start, 9199870496608550
1787080804.658569, NoOp Chain Depth 64 Size 0 Mode ref, Ref Stage 49, run, end, 9199870496628198
1787080804.658584, NoOp Chain Depth 64 Size 0 Mode ref, Ref Stage 50, run, start, 9199870496643462
1787080804.658604, NoOp Chain Depth 64 Size 0 Mode ref, Ref Stage 50, run, end, 9199870496663158
1787080804.658618, NoOp Chain Depth 64 Size 0 Mode ref, Ref Stage 51, run, start, 9199870496677318
1787080804.658637, NoOp Chain Depth 64 Size 0 Mode ref, Ref Stage 51, run, end, 9199870496696646
1787080804.658651, NoOp Chain Depth 64 Size 0 Mode ref, Ref Stage 52, run, start, 9199870496710790
1787080804.658674, NoOp Chain Depth 64 Size 0 Mode ref, Ref Stage 52, run, end, 9199870496732854
1787080804.658685, NoOp Chain Depth 64 Size 0 Mode ref, Ref Stage 53, run, start, 9199870496744374
1787080804.658714, NoOp Chain Depth 64 Size 0 Mode ref, Ref Stage 53, run, end, 9199870496773542
1787080804.658730, NoOp Chain Depth 64 Size 0 Mode ref, Ref Stage 54, run, start, 9199870496788790
1787080804.658749, NoOp Chain Depth 64 Size 0 Mode ref, Ref Stage 54, run, end, 9199870496808246
1787080804.658763, NoOp Chain Depth 64 Size 0 Mode ref, Ref Stage 55, run, start, 9199870496822422
1787080804.658782, NoOp Chain Depth 64 Size 0 Mode ref, Ref Stage 55, run, end, 9199870496841798
1787080804.658797, NoOp Chain Depth 64 Size 0 Mode ref, Ref Stage 56, run, start, 9199870496855894
1787080804.658816, NoOp Chain Depth 64 Size 0 Mode ref, Ref Stage 56, run, end, 9199870496875430
1787080804.658830, NoOp Chain Depth 64 Size 0 Mode ref, Ref Stage 57, run, start, 9199870496889510
1787080804.658850, NoOp Chain Depth 64 Size 0 Mode ref, Ref Stage 57, run, end, 9199870496908966
1787080804.658865, NoOp Chain Depth 64 Size 0 Mode ref, Ref Stage 58, run, start, 9199870496924710
1787080804.658885, NoOp Chain Depth 64 Size 0 Mode ref, Ref Stage 58, run, end, 9199870496944022
1787080804.658899, NoOp Chain Depth 64 Size 0 Mode ref, Ref Stage 59, run, start, 9199870496958246
1787080804.658920, NoOp Chain Depth 64 Size 0 Mode ref, Ref Stage 59, run, end, 9199870496979238
1787080804.658934, NoOp Chain Depth 64 Size 0 Mode ref, Ref Stage 60, run, start, 9199870496993430
1787080804.658955, NoOp Chain Depth 64 Size 0 Mode ref, Ref Stage 60, run, end, 9199870497014454
1787080804.658970, NoOp Chain Depth 64 Size 0 Mode ref, Ref Stage 61, run, start, 9199870497029126
1787080804.658990, NoOp Chain Depth 64 Size 0 Mode ref, Ref Stage 61, run, end, 9199870497049638
1787080804.659006, NoOp Chain Depth 64 Size 0 Mode ref, Ref Stage 62, run, start, 9199870497064934
1787080804.659027, NoOp Chain Depth 64 Size 0 Mode ref, Ref Stage 62, run, end, 9199870497086230
1787080804.659039, NoOp Chain Depth 64 Size 0 Mode ref, Ref Stage 63, run, start, 9199870497098038
1787080804.659070, NoOp Chain Depth 64 Size 0 Mode ref, Ref Stage 63, run, end, 9199870497128790
1787080804.659081, NoOp Chain Depth 64 Size 0 Mode ref, pipeline - train, run, end, 199868472168858695255092449598512620915, 1787080804.654556, 63, 1, 9199870497140998
1787080804.659130, NoOp Chain Depth 64 Size 0 Mode ref, pipeline - train, run, start, 235099037328769046296243300995401356826, 1787080804.659119, 64, 1, 9199870497189062
1787080804.659151, NoOp Chain Depth 64 Size 0 Mode ref, Ref Stage 0, run, start, 9199870497210758
1787080804.659173, NoOp Chain Depth 64 Size 0 Mode ref, Ref Stage 0, run, end, 9199870497232198
1787080804.659188, NoOp Chain Depth 64 Size 0 Mode ref, Ref Stage 1, run, start, 9199870497246742
1787080804.659207, NoOp Chain Depth 64 Size 0 Mode ref, Ref Stage 1, run, end, 9199870497266758
1787080804.659224, NoOp Chain Depth 64 Size 0 Mode ref, Ref Stage 2, run, start, 9199870497282934
1787080804.659244, NoOp Chain Depth 64 Size 0 Mode ref, Ref Stage 2, run, end, 9199870497302998
1787080804.659258, NoOp Chain Depth 64 Size 0 Mode ref, Ref Stage 3, run, start, 9199870497317270
1787080804.659278, NoOp Chain Depth 64 Size 0 Mode ref, Ref Stage 3, run, end, 9199870497336998
1787080804.659293, NoOp Chain Depth 64 Size 0 Mode ref, Ref Stage 4, run, start, 9199870497352022
1787080804.659314, NoOp Chain Depth 64 Size 0 Mode ref, Ref Stage 4, run, end, 9199870497373142
1787080804.659328, NoOp Chain Depth 64 Size 0 Mode ref, Ref Stage 5, run, start, 9199870497387670
1787080804.659348, NoOp Chain Depth 64 Size 0 Mode ref, Ref Stage 5, run, end, 9199870497407719
1787080804.659363, NoOp Chain Depth 64 Size 0 Mode ref, Ref Stage 6, run, start, 9199870497422071
1787080804.659382, NoOp Chain Depth 64 Size 0 Mode ref, Ref Stage 6, run, end, 9199870497441591
1787080804.659398, NoOp Chain Depth 64 Size 0 Mode ref, Ref Stage 7, run, start, 9199870497457687
1787080804.659420, NoOp Chain Depth 64 Size 0 Mode ref, Ref Stage 7, run, end, 9199870497478855
1787080804.659684, NoOp Chain Depth 64 Size 0 Mode ref, Ref Stage 8, run, start, 9199870497744423
1787080804.659834, NoOp Chain Depth 64 Size 0 Mode ref, Ref Stage 8, run, end, 9199870497893799
1787080804.659850, NoOp Chain Depth 64 Size 0 Mode ref, Ref Stage 9, run, start, 9199870497909159
1787080804.659870, NoOp Chain Depth 64 Size 0 Mode ref, Ref Stage 9, run, end, 9199870497929255
1787080804.659884, NoOp Chain Depth 64 Size 0 Mode ref, Ref Stage 10, run, start, 9199870497943751
1787080804.659904, NoOp Chain Depth 64 Size 0 Mode ref, Ref Stage 10, run, end, 9199870497963527
1787080804.659919, NoOp Chain Depth 64 Size 0 Mode ref, Ref Stage 11, run, start, 9199870497978023
1787080804.659938, NoOp Chain Depth 64 Size 0 Mode ref, Ref Stage 11, run, end, 9199870497997671
1787080804.659956, NoOp Chain Depth 64 Size 0 Mode ref, Ref Stage 12, run, start, 9199870498014743
1787080804.659975, NoOp Chain Depth 64 Size 0 Mode ref, Ref Stage 12, run, end, 9199870498034423
1787080804.659990, NoOp Chain Depth 64 Size 0 Mode ref, Ref Stage 13, run, start, 9199870498049367
1787080804.660010, NoOp Chain Depth 64 Size 0 Mode ref, Ref Stage 13, run, end, 9199870498069335
1787080804.660488, NoOp Chain Depth 64 Size 0 Mode ref, Ref Stage 14, run, start, 9199870498548055
1787080804.660511, NoOp Chain Depth 64 Size 0 Mode ref, Ref Stage 14, run, end, 9199870498570727
1787080804.660527, NoOp Chain Depth 64 Size 0 Mode ref, Ref Stage 15, run, start, 9199870498585879
1787080804.660547, NoOp Chain Depth 64 Size 0 Mode ref, Ref Stage 15, run, end, 9199870498605863
1787080804.660561, NoOp Chain Depth 64 Size 0 Mode ref, Ref Stage 16, run, start, 9199870498620183
1787080804.660581, NoOp Chain Depth 64 Size 0 Mode ref, Ref Stage 16, run, end, 9199870498640071
1787080804.660595, NoOp Chain Depth 64 Size 0 Mode ref, Ref Stage 17, run, start, 9199870498654711
1787080804.660615, NoOp Chain Depth 64 Size 0 Mode ref, Ref Stage 17, run, end, 9199870498674567
1787080804.660630, NoOp Chain Depth 64 Size 0 Mode ref, Ref Stage 18, run, start, 9199870498689095
1787080804.660649, NoOp Chain Depth 64 Size 0 Mode ref, Ref Stage 18, run, end, 9199870498708535
1787080804.660664, NoOp Chain Depth 64 Size 0 Mode ref, Ref Stage 19, run, start, 9199870498722903
1787080804.660685, NoOp Chain Depth 64 Size 0 Mode ref, Ref Stage 19, run, end, 9199870498744391
1787080804.660697, NoOp Chain Depth 64 Size 0 Mode ref, Ref Stage 20, run, start, 9199870498756087
1787080804.660727, NoOp Chain Depth 64 Size 0 Mode ref, Ref Stage 20, run, end, 9199870498786375
1787080804.660742, NoOp Chain Depth 64 Size 0 Mode ref, Ref Stage 21, run, start, 9199870498801063
1787080804.660762, NoOp Chain Depth 64 Size 0 Mode ref, Ref Stage 21, run, end, 9199870498821223
1787080804.660777, NoOp Chain Depth 64 Size 0 Mode ref, Ref Stage 22, run, start, 9199870498835943
1787080804.660797, NoOp Chain Depth 64 Size 0 Mode ref, Ref Stage 22, run, end, 9199870498856791
1787080804.660814, NoOp Chain Depth 64 Size 0 Mode ref, Ref Stage 23, run, start, 9199870498873223
1787080804.660834, NoOp Chain Depth 64 Size 0 Mode ref, Ref Stage 23, run, end, 9199870498893335
1787080804.660848, NoOp Chain Depth 64 Size 0 Mode ref, Ref Stage 24, run, start, 9199870498907719
1787080804.660868, NoOp Chain Depth 64 Size 0 Mode ref, Ref Stage 24, run, end, 9199870498927623
1787080804.660883, NoOp Chain Depth 64 Size 0 Mode ref, Ref Stage 25, run, start, 9199870498941863
1787080804.660902, NoOp Chain Depth 64 Size 0 Mode ref, Ref Stage 25, run, end, 9199870498961479
1787080804.660919, NoOp Chain Depth 64 Size 0 Mode ref, Ref Stage 26, run, start, 9199870498978199
1787080804.660940, NoOp Chain Depth 64 Size 0 Mode ref, Ref Stage 26, run, end, 9199870499002199
1787080804.660959, NoOp Chain Depth 64 Size 0 Mode ref, Ref Stage 27, run, start, 9199870499018023
1787080804.660980, NoOp Chain Depth 64 Size 0 Mode ref, Ref Stage 27, run, end, 9199870499039623
1787080804.660992, NoOp Chain Depth 64 Size 0 Mode ref, Ref Stage 28, run, start, 9199870499051271
1787080804.661023, NoOp Chain Depth 64 Size 0 Mode ref, Ref Stage 28, run, end, 9199870499082279
1787080804.661038, NoOp Chain Depth 64 Size 0 Mode ref, Ref Stage 29, run, start, 9199870499096791
1787080804.661057, NoOp Chain Depth 64 Size 0 Mode ref, Ref Stage 29, run, end, 9199870499116615
1787080804.661071, NoOp Chain Depth 64 Size 0 Mode ref, Ref Stage 30, run, start, 9199870499130711
1787080804.661092, NoOp Chain Depth 64 Size 0 Mode ref, Ref Stage 30, run, end, 9199870499151511
1787080804.661107, NoOp Chain Depth 64 Size 0 Mode ref, Ref Stage 31, run, start, 9199870499166103
1787080804.661126, NoOp Chain Depth 64 Size 0 Mode ref, Ref Stage 31, run, end, 9199870499185767
1787080804.661142, NoOp Chain Depth 64 Size 0 Mode ref, Ref Stage 32, run, start, 9199870499201495
1787080804.661162, NoOp Chain Depth 64 Size 0 Mode ref, Ref Stage 32, run, end, 9199870499220903
1787080804.661176, NoOp Chain Depth 64 Size 0 Mode ref, Ref Stage 33, run, start, 9199870499235447
1787080804.661197, NoOp Chain Depth 64 Size 0 Mode ref, Ref Stage 33, run, end, 9199870499256151
1787080804.661211, NoOp Chain Depth 64 Size 0 Mode ref, Ref Stage 34, run, start, 9199870499270487
1787080804.661231, NoOp Chain Depth 64 Size 0 Mode ref, Ref Stage 34, run, end, 9199870499290007
1787080804.661245, NoOp Chain Depth 64 Size 0 Mode ref, Ref Stage 35, run, start, 9199870499304247
1787080804.661265, NoOp Chain Depth 64 Size 0 Mode ref, Ref Stage 35, run, end, 9199870499323863
1787080804.661279, NoOp Chain Depth 64 Size 0 Mode ref, Ref Stage 36, run, start, 9199870499338215
1787080804.661300, NoOp Chain Depth 64 Size 0 Mode ref, Ref Stage 36, run, end, 9199870499359671
1787080804.661312, NoOp Chain Depth 64 Size 0 Mode ref, Ref Stage 37, run, start, 9199870499371351
1787080804.661342, NoOp Chain Depth 64 Size 0 Mode ref, Ref Stage 37, run, end, 9199870499401255
1787080804.661356, NoOp Chain Depth 64 Size 0 Mode ref, Ref Stage 38, run, start, 9199870499415511
1787080804.661379, NoOp Chain Depth 64 Size 0 Mode ref, Ref Stage 38, run, end, 9199870499438775
1787080804.661392, NoOp Chain Depth 64 Size 0 Mode ref, Ref Stage 39, run, start, 9199870499451063
1787080804.661426, NoOp Chain Depth 64 Size 0 Mode ref, Ref Stage 39, run, end, 9199870499485287
1787080804.661442, NoOp Chain Depth 64 Size 0 Mode ref, Ref Stage 40, run, start, 9199870499501079
1787080804.661462, NoOp Chain Depth 64 Size 0 Mode ref, Ref Stage 40, run, end, 9199870499520807
1787080804.661476, NoOp Chain Depth 64 Size 0 Mode ref, Ref Stage 41, run, start, 9199870499535191
1787080804.661496, NoOp Chain Depth 64 Size 0 Mode ref, Ref Stage 41, run, end, 9199870499554967
1787080804.661510, NoOp Chain Depth 64 Size 0 Mode ref, Ref Stage 42, run, start, 9199870499569191
1787080804.661530, NoOp Chain Depth 64 Size 0 Mode ref, Ref Stage 42, run, end, 9199870499589399
1787080804.661545, NoOp Chain Depth 64 Size 0 Mode ref, Ref Stage 43, run, start, 9199870499603799
1787080804.661564, NoOp Chain Depth 64 Size 0 Mode ref, Ref Stage 43, run, end, 9199870499623527
1787080804.661581, NoOp Chain Depth 64 Size 0 Mode ref, Ref Stage 44, run, start, 9199870499640631
1787080804.661601, NoOp Chain Depth 64 Size 0 Mode ref, Ref Stage 44, run, end, 9199870499660423
1787080804.661616, NoOp Chain Depth 64 Size 0 Mode ref, Ref Stage 45, run, start, 9199870499675095
1787080804.661635, NoOp Chain Depth 64 Size 0 Mode ref, Ref Stage 45, run, end, 9199870499694471
1787080804.661649, NoOp Chain Depth 64 Size 0 Mode ref, Ref Stage 46, run, start, 9199870499708807
1787080804.661669, NoOp Chain Depth 64 Size 0 Mode ref, Ref Stage 46, run, end, 9199870499728215
1787080804.661683, NoOp Chain Depth 64 Size 0 Mode ref, Ref Stage 47, run, start, 9199870499742423
1787080804.661703, NoOp Chain Depth 64 Size 0 Mode ref, Ref Stage 47, run, end, 9199870499761911
1787080804.661720, NoOp Chain Depth 64 Size 0 Mode ref, Ref Stage 48, run, start, 9199870499778823
1787080804.661740, NoOp Chain Depth 64 Size 0 Mode ref, Ref Stage 48, run, end, 9199870499798663
1787080804.661754, NoOp Chain Depth 64 Size 0 Mode ref, Ref Stage 49, run, start, 9199870499813303
1787080804.661775, NoOp Chain Depth 64 Size 0 Mode ref, Ref Stage 49, run, end, 9199870499834199
1787080804.661789, NoOp Chain Depth 64 Size 0 Mode ref, Ref Stage 50, run, start, 9199870499848855
1787080804.661809, NoOp Chain Depth 64 Size 0 Mode ref, Ref Stage 50, run, end, 9199870499868391
1787080804.661824, NoOp Chain Depth 64 Size 0 Mode ref, Ref Stage 51, run, start, 9199870499882743
1787080804.661844, NoOp Chain Depth 64 Size 0 Mode ref, Ref Stage 51, run, end, 9199870499903671
1787080804.662325, NoOp Chain Depth 64 Size 0 Mode ref, Ref Stage 52, run, start, 9199870500384887
1787080804.662349, NoOp Chain Depth 64 Size 0 Mode ref, Ref Stage 52, run, end, 9199870500408967
1787080804.662485, NoOp Chain Depth 64 Size 0 Mode ref, Ref Stage 53, run, start, 9199870500544807
1787080804.662507, NoOp Chain Depth 64 Size 0 Mode ref, Ref Stage 53, run, end, 9199870500565831
1787080804.662521, NoOp Chain Depth 64 Size 0 Mode ref, Ref Stage 54, run, start, 9199870500580455
1787080804.662541, NoOp Chain Depth 64 Size 0 Mode ref, Ref Stage 54, run, end, 9199870500600247
1787080804.662555, NoOp Chain Depth 64 Size 0 Mode ref, Ref Stage 55, run, start, 9199870500614823
1787080804.662575, NoOp Chain Depth 64 Size 0 Mode ref, Ref Stage 55, run, end, 9199870500634375
1787080804.662590, NoOp Chain Depth 64 Size 0 Mode ref, Ref Stage 56, run, start, 9199870500649031
1787080804.662609, NoOp Chain Depth 64 Size 0 Mode ref, Ref Stage 56, run, end, 9199870500668583
1787080804.662624, NoOp Chain Depth 64 Size 0 Mode ref, Ref Stage 57, run, start, 9199870500683191
1787080804.662644, NoOp Chain Depth 64 Size 0 Mode ref, Ref Stage 57, run, end, 9199870500702999
1787080804.662658, NoOp Chain Depth 64 Size 0 Mode ref, Ref Stage 58, run, start, 9199870500717495
1787080804.662678, NoOp Chain Depth 64 Size 0 Mode ref, Ref Stage 58, run, end, 9199870500737143
1787080804.662692, NoOp Chain Depth 64 Size 0 Mode ref, Ref Stage 59, run, start, 9199870500751847
1787080804.662713, NoOp Chain Depth 64 Size 0 Mode ref, Ref Stage 59, run, end, 9199870500771959
1787080804.662727, NoOp Chain Depth 64 Size 0 Mode ref, Ref Stage 60, run, start, 9199870500786551
1787080804.662748, NoOp Chain Depth 64 Size 0 Mode ref, Ref Stage 60, run, end, 9199870500807495
1787080804.662762, NoOp Chain Depth 64 Size 0 Mode ref, Ref Stage 61, run, start, 9199870500821895
1787080804.662783, NoOp Chain Depth 64 Size 0 Mode ref, Ref Stage 61, run, end, 9199870500842903
1787080804.662798, NoOp Chain Depth 64 Size 0 Mode ref, Ref Stage 62, run, start, 9199870500857495
1787080804.662818, NoOp Chain Depth 64 Size 0 Mode ref, Ref Stage 62, run, end, 9199870500877095
1787080804.662833, NoOp Chain Depth 64 Size 0 Mode ref, Ref Stage 63, run, start, 9199870500891959
1787080804.662854, NoOp Chain Depth 64 Size 0 Mode ref, Ref Stage 63, run, end, 9199870500913287
1787080804.662866, NoOp Chain Depth 64 Size 0 Mode ref, pipeline - train, run, end, 235099037328769046296243300995401356826, 1787080804.659119, 64, 1, 9199870500925063
1787080804.662912, NoOp Chain Depth 64 Size 0 Mode ref, pipeline - train, run, start, 315118260207895395035335989543489886030, 1787080804.662902, 65, 1, 9199870500971735
1787080804.662935, NoOp Chain Depth 64 Size 0 Mode ref, Ref Stage 0, run, start, 9199870500993735
1787080804.662956, NoOp Chain Depth 64 Size 0 Mode ref, Ref Stage 0, run, end, 9199870501015735
1787080804.662972, NoOp Chain Depth 64 Size 0 Mode ref, Ref Stage 1, run, start, 9199870501030903
1787080804.662993, NoOp Chain Depth 64 Size 0 Mode ref, Ref Stage 1, run, end, 9199870501051911
1787080804.663007, NoOp Chain Depth 64 Size 0 Mode ref, Ref Stage 2, run, start, 9199870501066455
1787080804.663027, NoOp Chain Depth 64 Size 0 Mode ref, Ref Stage 2, run, end, 9199870501086311
1787080804.663042, NoOp Chain Depth 64 Size 0 Mode ref, Ref Stage 3, run, start, 9199870501100887
1787080804.663062, NoOp Chain Depth 64 Size 0 Mode ref, Ref Stage 3, run, end, 9199870501120695
1787080804.663076, NoOp Chain Depth 64 Size 0 Mode ref, Ref Stage 4, run, start, 9199870501135047
1787080804.663096, NoOp Chain Depth 64 Size 0 Mode ref, Ref Stage 4, run, end, 9199870501155047
1787080804.663111, NoOp Chain Depth 64 Size 0 Mode ref, Ref Stage 5, run, start, 9199870501170151
1787080804.663130, NoOp Chain Depth 64 Size 0 Mode ref, Ref Stage 5, run, end, 9199870501189463
1787080804.663144, NoOp Chain Depth 64 Size 0 Mode ref, Ref Stage 6, run, start, 9199870501203879
1787080804.663167, NoOp Chain Depth 64 Size 0 Mode ref, Ref Stage 6, run, end, 9199870501226423
1787080804.663179, NoOp Chain Depth 64 Size 0 Mode ref, Ref Stage 7, run, start, 9199870501237991
1787080804.663212, NoOp Chain Depth 64 Size 0 Mode ref, Ref Stage 7, run, end, 9199870501270839
1787080804.663223, NoOp Chain Depth 64 Size 0 Mode ref, Ref Stage 8, run, start, 9199870501282471
1787080804.663253, NoOp Chain Depth 64 Size 0 Mode ref, Ref Stage 8, run, end, 9199870501311943
1787080804.663267, NoOp Chain Depth 64 Size 0 Mode ref, Ref Stage 9, run, start, 9199870501326631
1787080804.663343, NoOp Chain Depth 64 Size 0 Mode ref, Ref Stage 9, run, end, 9199870501402647
1787080804.663361, NoOp Chain Depth 64 Size 0 Mode ref, Ref Stage 10, run, start, 9199870501419815
1787080804.663382, NoOp Chain Depth 64 Size 0 Mode ref, Ref Stage 10, run, end, 9199870501441399
1787080804.663397, NoOp Chain Depth 64 Size 0 Mode ref, Ref Stage 11, run, start, 9199870501456295
1787080804.663417, NoOp Chain Depth 64 Size 0 Mode ref, Ref Stage 11, run, end, 9199870501476615
1787080804.663932, NoOp Chain Depth 64 Size 0 Mode ref, Ref Stage 12, run, start, 9199870501991895
1787080804.663959, NoOp Chain Depth 64 Size 0 Mode ref, Ref Stage 12, run, end, 9199870502018743
1787080804.663975, NoOp Chain Depth 64 Size 0 Mode ref, Ref Stage 13, run, start, 9199870502034855
1787080804.663997, NoOp Chain Depth 64 Size 0 Mode ref, Ref Stage 13, run, end, 9199870502056087
1787080804.664011, NoOp Chain Depth 64 Size 0 Mode ref, Ref Stage 14, run, start, 9199870502071047
1787080804.664032, NoOp Chain Depth 64 Size 0 Mode ref, Ref Stage 14, run, end, 9199870502091543
1787080804.664047, NoOp Chain Depth 64 Size 0 Mode ref, Ref Stage 15, run, start, 9199870502106711
1787080804.664068, NoOp Chain Depth 64 Size 0 Mode ref, Ref Stage 15, run, end, 9199870502127463
1787080804.664083, NoOp Chain Depth 64 Size 0 Mode ref, Ref Stage 16, run, start, 9199870502142199
1787080804.664104, NoOp Chain Depth 64 Size 0 Mode ref, Ref Stage 16, run, end, 9199870502162631
1787080804.664118, NoOp Chain Depth 64 Size 0 Mode ref, Ref Stage 17, run, start, 9199870502177223
1787080804.664138, NoOp Chain Depth 64 Size 0 Mode ref, Ref Stage 17, run, end, 9199870502197607
1787080804.664153, NoOp Chain Depth 64 Size 0 Mode ref, Ref Stage 18, run, start, 9199870502212247
1787080804.664173, NoOp Chain Depth 64 Size 0 Mode ref, Ref Stage 18, run, end, 9199870502231927
1787080804.664187, NoOp Chain Depth 64 Size 0 Mode ref, Ref Stage 19, run, start, 9199870502246183
1787080804.664209, NoOp Chain Depth 64 Size 0 Mode ref, Ref Stage 19, run, end, 9199870502267847
1787080804.664220, NoOp Chain Depth 64 Size 0 Mode ref, Ref Stage 20, run, start, 9199870502279495
1787080804.664252, NoOp Chain Depth 64 Size 0 Mode ref, Ref Stage 20, run, end, 9199870502311223
1787080804.664267, NoOp Chain Depth 64 Size 0 Mode ref, Ref Stage 21, run, start, 9199870502325703
1787080804.664286, NoOp Chain Depth 64 Size 0 Mode ref, Ref Stage 21, run, end, 9199870502345447
1787080804.664300, NoOp Chain Depth 64 Size 0 Mode ref, Ref Stage 22, run, start, 9199870502359671
1787080804.664320, NoOp Chain Depth 64 Size 0 Mode ref, Ref Stage 22, run, end, 9199870502379271
1787080804.664334, NoOp Chain Depth 64 Size 0 Mode ref, Ref Stage 23, run, start, 9199870502393463
1787080804.664355, NoOp Chain Depth 64 Size 0 Mode ref, Ref Stage 23, run, end, 9199870502414375
1787080804.664370, NoOp Chain Depth 64 Size 0 Mode ref, Ref Stage 24, run, start, 9199870502428919
1787080804.664389, NoOp Chain Depth 64 Size 0 Mode ref, Ref Stage 24, run, end, 9199870502448535
1787080804.664403, NoOp Chain Depth 64 Size 0 Mode ref, Ref Stage 25, run, start, 9199870502462727
1787080804.664423, NoOp Chain Depth 64 Size 0 Mode ref, Ref Stage 25, run, end, 9199870502482551
1787080804.664437, NoOp Chain Depth 64 Size 0 Mode ref, Ref Stage 26, run, start, 9199870502496631
1787080804.664459, NoOp Chain Depth 64 Size 0 Mode ref, Ref Stage 26, run, end, 9199870502517719
1787080804.664473, NoOp Chain Depth 64 Size 0 Mode ref, Ref Stage 27, run, start, 9199870502532615
1787080804.664495, NoOp Chain Depth 64 Size 0 Mode ref, Ref Stage 27, run, end, 9199870502554663
1787080804.664507, NoOp Chain Depth 64 Size 0 Mode ref, Ref Stage 28, run, start, 9199870502566263
1787080804.668853, NoOp Chain Depth 64 Size 0 Mode ref, Ref Stage 28, run, end, 9199870506912952
1787080804.668870, NoOp Chain Depth 64 Size 0 Mode ref, Ref Stage 29, run, start, 9199870506929048
1787080804.668890, NoOp Chain Depth 64 Size 0 Mode ref, Ref Stage 29, run, end, 9199870506949544
1787080804.668905, NoOp Chain Depth 64 Size 0 Mode ref, Ref Stage 30, run, start, 9199870506964024
1787080804.668925, NoOp Chain Depth 64 Size 0 Mode ref, Ref Stage 30, run, end, 9199870506983912
1787080804.668939, NoOp Chain Depth 64 Size 0 Mode ref, Ref Stage 31, run, start, 9199870506998568
1787080804.668962, NoOp Chain Depth 64 Size 0 Mode ref, Ref Stage 31, run, end, 9199870507020744
1787080804.668976, NoOp Chain Depth 64 Size 0 Mode ref, Ref Stage 32, run, start, 9199870507035320
1787080804.668996, NoOp Chain Depth 64 Size 0 Mode ref, Ref Stage 32, run, end, 9199870507055304
1787080804.669011, NoOp Chain Depth 64 Size 0 Mode ref, Ref Stage 33, run, start, 9199870507070008
1787080804.669031, NoOp Chain Depth 64 Size 0 Mode ref, Ref Stage 33, run, end, 9199870507090056
1787080804.669045, NoOp Chain Depth 64 Size 0 Mode ref, Ref Stage 34, run, start, 9199870507104632
1787080804.669066, NoOp Chain Depth 64 Size 0 Mode ref, Ref Stage 34, run, end, 9199870507125064
1787080804.669080, NoOp Chain Depth 64 Size 0 Mode ref, Ref Stage 35, run, start, 9199870507139832
1787080804.669101, NoOp Chain Depth 64 Size 0 Mode ref, Ref Stage 35, run, end, 9199870507159960
1787080804.669115, NoOp Chain Depth 64 Size 0 Mode ref, Ref Stage 36, run, start, 9199870507174440
1787080804.669136, NoOp Chain Depth 64 Size 0 Mode ref, Ref Stage 36, run, end, 9199870507194840
1787080804.669150, NoOp Chain Depth 64 Size 0 Mode ref, Ref Stage 37, run, start, 9199870507209704
1787080804.669172, NoOp Chain Depth 64 Size 0 Mode ref, Ref Stage 37, run, end, 9199870507231432
1787080804.669184, NoOp Chain Depth 64 Size 0 Mode ref, Ref Stage 38, run, start, 9199870507243560
1787080804.669214, NoOp Chain Depth 64 Size 0 Mode ref, Ref Stage 38, run, end, 9199870507273544
1787080804.669229, NoOp Chain Depth 64 Size 0 Mode ref, Ref Stage 39, run, start, 9199870507288088
1787080804.669249, NoOp Chain Depth 64 Size 0 Mode ref, Ref Stage 39, run, end, 9199870507308424
1787080804.669264, NoOp Chain Depth 64 Size 0 Mode ref, Ref Stage 40, run, start, 9199870507323112
1787080804.669284, NoOp Chain Depth 64 Size 0 Mode ref, Ref Stage 40, run, end, 9199870507342936
1787080804.669300, NoOp Chain Depth 64 Size 0 Mode ref, Ref Stage 41, run, start, 9199870507359224
1787080804.669320, NoOp Chain Depth 64 Size 0 Mode ref, Ref Stage 41, run, end, 9199870507379336
1787080804.669334, NoOp Chain Depth 64 Size 0 Mode ref, Ref Stage 42, run, start, 9199870507393784
1787080804.669355, NoOp Chain Depth 64 Size 0 Mode ref, Ref Stage 42, run, end, 9199870507414104
1787080804.669369, NoOp Chain Depth 64 Size 0 Mode ref, Ref Stage 43, run, start, 9199870507428808
1787080804.669389, NoOp Chain Depth 64 Size 0 Mode ref, Ref Stage 43, run, end, 9199870507448792
1787080804.669404, NoOp Chain Depth 64 Size 0 Mode ref, Ref Stage 44, run, start, 9199870507463608
1787080804.669425, NoOp Chain Depth 64 Size 0 Mode ref, Ref Stage 44, run, end, 9199870507483976
1787080804.669439, NoOp Chain Depth 64 Size 0 Mode ref, Ref Stage 45, run, start, 9199870507498520
1787080804.669459, NoOp Chain Depth 64 Size 0 Mode ref, Ref Stage 45, run, end, 9199870507518504
1787080804.669474, NoOp Chain Depth 64 Size 0 Mode ref, Ref Stage 46, run, start, 9199870507533560
1787080804.669494, NoOp Chain Depth 64 Size 0 Mode ref, Ref Stage 46, run, end, 9199870507553080
1787080804.669508, NoOp Chain Depth 64 Size 0 Mode ref, Ref Stage 47, run, start, 9199870507567448
1787080804.669529, NoOp Chain Depth 64 Size 0 Mode ref, Ref Stage 47, run, end, 9199870507588600
1787080804.669541, NoOp Chain Depth 64 Size 0 Mode ref, Ref Stage 48, run, start, 9199870507600136
1787080804.669570, NoOp Chain Depth 64 Size 0 Mode ref, Ref Stage 48, run, end, 9199870507629400
1787080804.669585, NoOp Chain Depth 64 Size 0 Mode ref, Ref Stage 49, run, start, 9199870507644152
1787080804.669604, NoOp Chain Depth 64 Size 0 Mode ref, Ref Stage 49, run, end, 9199870507663416
1787080804.669618, NoOp Chain Depth 64 Size 0 Mode ref, Ref Stage 50, run, start, 9199870507677848
1787080804.669640, NoOp Chain Depth 64 Size 0 Mode ref, Ref Stage 50, run, end, 9199870507698920
1787080804.669651, NoOp Chain Depth 64 Size 0 Mode ref, Ref Stage 51, run, start, 9199870507710424
1787080804.669681, NoOp Chain Depth 64 Size 0 Mode ref, Ref Stage 51, run, end, 9199870507739896
1787080804.669695, NoOp Chain Depth 64 Size 0 Mode ref, Ref Stage 52, run, start, 9199870507754024
1787080804.669714, NoOp Chain Depth 64 Size 0 Mode ref, Ref Stage 52, run, end, 9199870507773448
1787080804.669729, NoOp Chain Depth 64 Size 0 Mode ref, Ref Stage 53, run, start, 9199870507788744
1787080804.669749, NoOp Chain Depth 64 Size 0 Mode ref, Ref Stage 53, run, end, 9199870507808504
1787080804.669764, NoOp Chain Depth 64 Size 0 Mode ref, Ref Stage 54, run, start, 9199870507823224
1787080804.669786, NoOp Chain Depth 64 Size 0 Mode ref, Ref Stage 54, run, end, 9199870507845464
1787080804.669798, NoOp Chain Depth 64 Size 0 Mode ref, Ref Stage 55, run, start, 9199870507857144
1787080804.669828, NoOp Chain Depth 64 Size 0 Mode ref, Ref Stage 55, run, end, 9199870507886824
1787080804.669842, NoOp Chain Depth 64 Size 0 Mode ref, Ref Stage 56, run, start, 9199870507901352
1787080804.669863, NoOp Chain Depth 64 Size 0 Mode ref, Ref Stage 56, run, end, 9199870507922408
1787080804.669875, NoOp Chain Depth 64 Size 0 Mode ref, Ref Stage 57, run, start, 9199870507933912
1787080804.669904, NoOp Chain Depth 64 Size 0 Mode ref, Ref Stage 57, run, end, 9199870507963640
1787080804.669919, NoOp Chain Depth 64 Size 0 Mode ref, Ref Stage 58, run, start, 9199870507977896
1787080804.669938, NoOp Chain Depth 64 Size 0 Mode ref, Ref Stage 58, run, end, 9199870507997560
1787080804.669954, NoOp Chain Depth 64 Size 0 Mode ref, Ref Stage 59, run, start, 9199870508013832
1787080804.669974, NoOp Chain Depth 64 Size 0 Mode ref, Ref Stage 59, run, end, 9199870508033384
1787080804.669988, NoOp Chain Depth 64 Size 0 Mode ref, Ref Stage 60, run, start, 9199870508047560
1787080804.670008, NoOp Chain Depth 64 Size 0 Mode ref, Ref Stage 60, run, end, 9199870508067320
1787080804.670022, NoOp Chain Depth 64 Size 0 Mode ref, Ref Stage 61, run, start, 9199870508081560
1787080804.670042, NoOp Chain Depth 64 Size 0 Mode ref, Ref Stage 61, run, end, 9199870508100952
1787080804.670058, NoOp Chain Depth 64 Size 0 Mode ref, Ref Stage 62, run, start, 9199870508117752
1787080804.670078, NoOp Chain Depth 64 Size 0 Mode ref, Ref Stage 62, run, end, 9199870508137304
1787080804.670092, NoOp Chain Depth 64 Size 0 Mode ref, Ref Stage 63, run, start, 9199870508151752
1787080804.670113, NoOp Chain Depth 64 Size 0 Mode ref, Ref Stage 63, run, end, 9199870508172664
1787080804.670125, NoOp Chain Depth 64 Size 0 Mode ref, pipeline - train, run, end, 315118260207895395035335989543489886030, 1787080804.662902, 65, 1, 9199870508184488
1787080804.670170, NoOp Chain Depth 64 Size 0 Mode ref, pipeline - train, run, start, 309914839518185897087152434452483890624, 1787080804.670160, 66, 1, 9199870508229560
1787080804.670192, NoOp Chain Depth 64 Size 0 Mode ref, Ref Stage 0, run, start, 9199870508251288
1787080804.670212, NoOp Chain Depth 64 Size 0 Mode ref, Ref Stage 0, run, end, 9199870508271480
1787080804.670227, NoOp Chain Depth 64 Size 0 Mode ref, Ref Stage 1, run, start, 9199870508286008
1787080804.670246, NoOp Chain Depth 64 Size 0 Mode ref, Ref Stage 1, run, end, 9199870508305592
1787080804.670260, NoOp Chain Depth 64 Size 0 Mode ref, Ref Stage 2, run, start, 9199870508319848
1787080804.670280, NoOp Chain Depth 64 Size 0 Mode ref, Ref Stage 2, run, end, 9199870508339496
1787080804.670294, NoOp Chain Depth 64 Size 0 Mode ref, Ref Stage 3, run, start, 9199870508353640
1787080804.670314, NoOp Chain Depth 64 Size 0 Mode ref, Ref Stage 3, run, end, 9199870508373240
1787080804.670328, NoOp Chain Depth 64 Size 0 Mode ref, Ref Stage 4, run, start, 9199870508387416
1787080804.670348, NoOp Chain Depth 64 Size 0 Mode ref, Ref Stage 4, run, end, 9199870508407064
1787080804.670362, NoOp Chain Depth 64 Size 0 Mode ref, Ref Stage 5, run, start, 9199870508421304
1787080804.670381, NoOp Chain Depth 64 Size 0 Mode ref, Ref Stage 5, run, end, 9199870508440728
1787080804.670397, NoOp Chain Depth 64 Size 0 Mode ref, Ref Stage 6, run, start, 9199870508455864
1787080804.670416, NoOp Chain Depth 64 Size 0 Mode ref, Ref Stage 6, run, end, 9199870508475096
1787080804.670430, NoOp Chain Depth 64 Size 0 Mode ref, Ref Stage 7, run, start, 9199870508489512
1787080804.670451, NoOp Chain Depth 64 Size 0 Mode ref, Ref Stage 7, run, end, 9199870508510424
1787080804.670534, NoOp Chain Depth 64 Size 0 Mode ref, Ref Stage 8, run, start, 9199870508594248
1787080804.670682, NoOp Chain Depth 64 Size 0 Mode ref, Ref Stage 8, run, end, 9199870508741304
1787080804.670697, NoOp Chain Depth 64 Size 0 Mode ref, Ref Stage 9, run, start, 9199870508756664
1787080804.670717, NoOp Chain Depth 64 Size 0 Mode ref, Ref Stage 9, run, end, 9199870508776584
1787080804.670732, NoOp Chain Depth 64 Size 0 Mode ref, Ref Stage 10, run, start, 9199870508791096
1787080804.670752, NoOp Chain Depth 64 Size 0 Mode ref, Ref Stage 10, run, end, 9199870508811144
1787080804.670766, NoOp Chain Depth 64 Size 0 Mode ref, Ref Stage 11, run, start, 9199870508825480
1787080804.671247, NoOp Chain Depth 64 Size 0 Mode ref, Ref Stage 11, run, end, 9199870509307048
1787080804.671383, NoOp Chain Depth 64 Size 0 Mode ref, Ref Stage 12, run, start, 9199870509443096
1787080804.671405, NoOp Chain Depth 64 Size 0 Mode ref, Ref Stage 12, run, end, 9199870509464680
1787080804.671420, NoOp Chain Depth 64 Size 0 Mode ref, Ref Stage 13, run, start, 9199870509479640
1787080804.671441, NoOp Chain Depth 64 Size 0 Mode ref, Ref Stage 13, run, end, 9199870509500056
1787080804.671455, NoOp Chain Depth 64 Size 0 Mode ref, Ref Stage 14, run, start, 9199870509514568
1787080804.671475, NoOp Chain Depth 64 Size 0 Mode ref, Ref Stage 14, run, end, 9199870509534824
1787080804.671490, NoOp Chain Depth 64 Size 0 Mode ref, Ref Stage 15, run, start, 9199870509549176
1787080804.671510, NoOp Chain Depth 64 Size 0 Mode ref, Ref Stage 15, run, end, 9199870509569192
1787080804.671524, NoOp Chain Depth 64 Size 0 Mode ref, Ref Stage 16, run, start, 9199870509583752
1787080804.671544, NoOp Chain Depth 64 Size 0 Mode ref, Ref Stage 16, run, end, 9199870509603480
1787080804.671559, NoOp Chain Depth 64 Size 0 Mode ref, Ref Stage 17, run, start, 9199870509618088
1787080804.671585, NoOp Chain Depth 64 Size 0 Mode ref, Ref Stage 17, run, end, 9199870509643816
1787080804.671599, NoOp Chain Depth 64 Size 0 Mode ref, Ref Stage 18, run, start, 9199870509658408
1787080804.671619, NoOp Chain Depth 64 Size 0 Mode ref, Ref Stage 18, run, end, 9199870509678072
1787080804.671633, NoOp Chain Depth 64 Size 0 Mode ref, Ref Stage 19, run, start, 9199870509692504
1787080804.671655, NoOp Chain Depth 64 Size 0 Mode ref, Ref Stage 19, run, end, 9199870509714152
1787080804.671666, NoOp Chain Depth 64 Size 0 Mode ref, Ref Stage 20, run, start, 9199870509725816
1787080804.671698, NoOp Chain Depth 64 Size 0 Mode ref, Ref Stage 20, run, end, 9199870509757304
1787080804.671710, NoOp Chain Depth 64 Size 0 Mode ref, Ref Stage 21, run, start, 9199870509768904
1787080804.671739, NoOp Chain Depth 64 Size 0 Mode ref, Ref Stage 21, run, end, 9199870509798744
1787080804.671754, NoOp Chain Depth 64 Size 0 Mode ref, Ref Stage 22, run, start, 9199870509813128
1787080804.671774, NoOp Chain Depth 64 Size 0 Mode ref, Ref Stage 22, run, end, 9199870509832888
1787080804.671788, NoOp Chain Depth 64 Size 0 Mode ref, Ref Stage 23, run, start, 9199870509847288
1787080804.671808, NoOp Chain Depth 64 Size 0 Mode ref, Ref Stage 23, run, end, 9199870509866856
1787080804.671822, NoOp Chain Depth 64 Size 0 Mode ref, Ref Stage 24, run, start, 9199870509881160
1787080804.671842, NoOp Chain Depth 64 Size 0 Mode ref, Ref Stage 24, run, end, 9199870509901240
1787080804.671856, NoOp Chain Depth 64 Size 0 Mode ref, Ref Stage 25, run, start, 9199870509915608
1787080804.671876, NoOp Chain Depth 64 Size 0 Mode ref, Ref Stage 25, run, end, 9199870509935176
1787080804.671890, NoOp Chain Depth 64 Size 0 Mode ref, Ref Stage 26, run, start, 9199870509949656
1787080804.671911, NoOp Chain Depth 64 Size 0 Mode ref, Ref Stage 26, run, end, 9199870509970760
1787080804.671923, NoOp Chain Depth 64 Size 0 Mode ref, Ref Stage 27, run, start, 9199870509982328
1787080804.671955, NoOp Chain Depth 64 Size 0 Mode ref, Ref Stage 27, run, end, 9199870510014280
1787080804.671970, NoOp Chain Depth 64 Size 0 Mode ref, Ref Stage 28, run, start, 9199870510029256
1787080804.671992, NoOp Chain Depth 64 Size 0 Mode ref, Ref Stage 28, run, end, 9199870510050968
1787080804.672006, NoOp Chain Depth 64 Size 0 Mode ref, Ref Stage 29, run, start, 9199870510065768
1787080804.672026, NoOp Chain Depth 64 Size 0 Mode ref, Ref Stage 29, run, end, 9199870510085704
1787080804.672041, NoOp Chain Depth 64 Size 0 Mode ref, Ref Stage 30, run, start, 9199870510100136
1787080804.672061, NoOp Chain Depth 64 Size 0 Mode ref, Ref Stage 30, run, end, 9199870510119976
1787080804.672075, NoOp Chain Depth 64 Size 0 Mode ref, Ref Stage 31, run, start, 9199870510134248
1787080804.672095, NoOp Chain Depth 64 Size 0 Mode ref, Ref Stage 31, run, end, 9199870510153960
1787080804.672109, NoOp Chain Depth 64 Size 0 Mode ref, Ref Stage 32, run, start, 9199870510168184
1787080804.672128, NoOp Chain Depth 64 Size 0 Mode ref, Ref Stage 32, run, end, 9199870510187880
1787080804.672143, NoOp Chain Depth 64 Size 0 Mode ref, Ref Stage 33, run, start, 9199870510202232
1787080804.672165, NoOp Chain Depth 64 Size 0 Mode ref, Ref Stage 33, run, end, 9199870510224296
1787080804.672179, NoOp Chain Depth 64 Size 0 Mode ref, Ref Stage 34, run, start, 9199870510238632
1787080804.672199, NoOp Chain Depth 64 Size 0 Mode ref, Ref Stage 34, run, end, 9199870510258296
1787080804.672215, NoOp Chain Depth 64 Size 0 Mode ref, Ref Stage 35, run, start, 9199870510274456
1787080804.672235, NoOp Chain Depth 64 Size 0 Mode ref, Ref Stage 35, run, end, 9199870510294248
1787080804.672250, NoOp Chain Depth 64 Size 0 Mode ref, Ref Stage 36, run, start, 9199870510309192
1787080804.672270, NoOp Chain Depth 64 Size 0 Mode ref, Ref Stage 36, run, end, 9199870510329192
1787080804.672284, NoOp Chain Depth 64 Size 0 Mode ref, Ref Stage 37, run, start, 9199870510343784
1787080804.672307, NoOp Chain Depth 64 Size 0 Mode ref, Ref Stage 37, run, end, 9199870510366712
1787080804.672319, NoOp Chain Depth 64 Size 0 Mode ref, Ref Stage 38, run, start, 9199870510378376
1787080804.672350, NoOp Chain Depth 64 Size 0 Mode ref, Ref Stage 38, run, end, 9199870510409704
1787080804.672366, NoOp Chain Depth 64 Size 0 Mode ref, Ref Stage 39, run, start, 9199870510424920
1787080804.672388, NoOp Chain Depth 64 Size 0 Mode ref, Ref Stage 39, run, end, 9199870510447640
1787080804.672404, NoOp Chain Depth 64 Size 0 Mode ref, Ref Stage 40, run, start, 9199870510463640
1787080804.672426, NoOp Chain Depth 64 Size 0 Mode ref, Ref Stage 40, run, end, 9199870510484936
1787080804.672437, NoOp Chain Depth 64 Size 0 Mode ref, Ref Stage 41, run, start, 9199870510496632
1787080804.672467, NoOp Chain Depth 64 Size 0 Mode ref, Ref Stage 41, run, end, 9199870510526424
1787080804.672481, NoOp Chain Depth 64 Size 0 Mode ref, Ref Stage 42, run, start, 9199870510540712
1787080804.672502, NoOp Chain Depth 64 Size 0 Mode ref, Ref Stage 42, run, end, 9199870510560728
1787080804.672516, NoOp Chain Depth 64 Size 0 Mode ref, Ref Stage 43, run, start, 9199870510575128
1787080804.672537, NoOp Chain Depth 64 Size 0 Mode ref, Ref Stage 43, run, end, 9199870510596440
1787080804.672551, NoOp Chain Depth 64 Size 0 Mode ref, Ref Stage 44, run, start, 9199870510610696
1787080804.672572, NoOp Chain Depth 64 Size 0 Mode ref, Ref Stage 44, run, end, 9199870510631832
1787080804.672587, NoOp Chain Depth 64 Size 0 Mode ref, Ref Stage 45, run, start, 9199870510646328
1787080804.672607, NoOp Chain Depth 64 Size 0 Mode ref, Ref Stage 45, run, end, 9199870510666120
1787080804.672621, NoOp Chain Depth 64 Size 0 Mode ref, Ref Stage 46, run, start, 9199870510680520
1787080804.672641, NoOp Chain Depth 64 Size 0 Mode ref, Ref Stage 46, run, end, 9199870510700232
1787080804.672658, NoOp Chain Depth 64 Size 0 Mode ref, Ref Stage 47, run, start, 9199870510716872
1787080804.672679, NoOp Chain Depth 64 Size 0 Mode ref, Ref Stage 47, run, end, 9199870510737912
1787080804.673066, NoOp Chain Depth 64 Size 0 Mode ref, Ref Stage 48, run, start, 9199870511125960
1787080804.673207, NoOp Chain Depth 64 Size 0 Mode ref, Ref Stage 48, run, end, 9199870511266552
1787080804.673222, NoOp Chain Depth 64 Size 0 Mode ref, Ref Stage 49, run, start, 9199870511281656
1787080804.673243, NoOp Chain Depth 64 Size 0 Mode ref, Ref Stage 49, run, end, 9199870511301912
1787080804.673257, NoOp Chain Depth 64 Size 0 Mode ref, Ref Stage 50, run, start, 9199870511316520
1787080804.673279, NoOp Chain Depth 64 Size 0 Mode ref, Ref Stage 50, run, end, 9199870511337864
1787080804.673290, NoOp Chain Depth 64 Size 0 Mode ref, Ref Stage 51, run, start, 9199870511349560
1787080804.673320, NoOp Chain Depth 64 Size 0 Mode ref, Ref Stage 51, run, end, 9199870511379128
1787080804.673335, NoOp Chain Depth 64 Size 0 Mode ref, Ref Stage 52, run, start, 9199870511393880
1787080804.673354, NoOp Chain Depth 64 Size 0 Mode ref, Ref Stage 52, run, end, 9199870511413784
1787080804.673370, NoOp Chain Depth 64 Size 0 Mode ref, Ref Stage 53, run, start, 9199870511429080
1787080804.673390, NoOp Chain Depth 64 Size 0 Mode ref, Ref Stage 53, run, end, 9199870511448984
1787080804.673404, NoOp Chain Depth 64 Size 0 Mode ref, Ref Stage 54, run, start, 9199870511463544
1787080804.673426, NoOp Chain Depth 64 Size 0 Mode ref, Ref Stage 54, run, end, 9199870511485224
1787080804.673885, NoOp Chain Depth 64 Size 0 Mode ref, Ref Stage 55, run, start, 9199870511945656
1787080804.674033, NoOp Chain Depth 64 Size 0 Mode ref, Ref Stage 55, run, end, 9199870512092680
1787080804.674048, NoOp Chain Depth 64 Size 0 Mode ref, Ref Stage 56, run, start, 9199870512107336
1787080804.674068, NoOp Chain Depth 64 Size 0 Mode ref, Ref Stage 56, run, end, 9199870512127688
1787080804.674083, NoOp Chain Depth 64 Size 0 Mode ref, Ref Stage 57, run, start, 9199870512142248
1787080804.674103, NoOp Chain Depth 64 Size 0 Mode ref, Ref Stage 57, run, end, 9199870512162264
1787080804.674118, NoOp Chain Depth 64 Size 0 Mode ref, Ref Stage 58, run, start, 9199870512177144
1787080804.674138, NoOp Chain Depth 64 Size 0 Mode ref, Ref Stage 58, run, end, 9199870512197592
1787080804.674155, NoOp Chain Depth 64 Size 0 Mode ref, Ref Stage 59, run, start, 9199870512214552
1787080804.674176, NoOp Chain Depth 64 Size 0 Mode ref, Ref Stage 59, run, end, 9199870512234936
1787080804.674190, NoOp Chain Depth 64 Size 0 Mode ref, Ref Stage 60, run, start, 9199870512249816
1787080804.674211, NoOp Chain Depth 64 Size 0 Mode ref, Ref Stage 60, run, end, 9199870512270264
1787080804.674226, NoOp Chain Depth 64 Size 0 Mode ref, Ref Stage 61, run, start, 9199870512284936
1787080804.674246, NoOp Chain Depth 64 Size 0 Mode ref, Ref Stage 61, run, end, 9199870512305480
1787080804.674261, NoOp Chain Depth 64 Size 0 Mode ref, Ref Stage 62, run, start, 9199870512320296
1787080804.674283, NoOp Chain Depth 64 Size 0 Mode ref, Ref Stage 62, run, end, 9199870512341960
1787080804.674298, NoOp Chain Depth 64 Size 0 Mode ref, Ref Stage 63, run, start, 9199870512357176
1787080804.674318, NoOp Chain Depth 64 Size 0 Mode ref, Ref Stage 63, run, end, 9199870512376856
1787080804.674334, NoOp Chain Depth 64 Size 0 Mode ref, pipeline - train, run, end, 309914839518185897087152434452483890624, 1787080804.670160, 66, 1, 9199870512393208
1787080804.674373, NoOp Chain Depth 64 Size 0 Mode ref, pipeline - train, run, start, 269520603473555444479913854026052549434, 1787080804.674362, 67, 1, 9199870512432168
1787080804.674397, NoOp Chain Depth 64 Size 0 Mode ref, Ref Stage 0, run, start, 9199870512456088
1787080804.674417, NoOp Chain Depth 64 Size 0 Mode ref, Ref Stage 0, run, end, 9199870512476808
1787080804.674432, NoOp Chain Depth 64 Size 0 Mode ref, Ref Stage 1, run, start, 9199870512491608
1787080804.674453, NoOp Chain Depth 64 Size 0 Mode ref, Ref Stage 1, run, end, 9199870512512024
1787080804.674467, NoOp Chain Depth 64 Size 0 Mode ref, Ref Stage 2, run, start, 9199870512526728
1787080804.674489, NoOp Chain Depth 64 Size 0 Mode ref, Ref Stage 2, run, end, 9199870512548120
1787080804.674503, NoOp Chain Depth 64 Size 0 Mode ref, Ref Stage 3, run, start, 9199870512562856
1787080804.674524, NoOp Chain Depth 64 Size 0 Mode ref, Ref Stage 3, run, end, 9199870512583096
1787080804.674538, NoOp Chain Depth 64 Size 0 Mode ref, Ref Stage 4, run, start, 9199870512597592
1787080804.674559, NoOp Chain Depth 64 Size 0 Mode ref, Ref Stage 4, run, end, 9199870512617944
1787080804.674573, NoOp Chain Depth 64 Size 0 Mode ref, Ref Stage 5, run, start, 9199870512632424
1787080804.674594, NoOp Chain Depth 64 Size 0 Mode ref, Ref Stage 5, run, end, 9199870512653560
1787080804.674612, NoOp Chain Depth 64 Size 0 Mode ref, Ref Stage 6, run, start, 9199870512671304
1787080804.674632, NoOp Chain Depth 64 Size 0 Mode ref, Ref Stage 6, run, end, 9199870512691528
1787080804.674647, NoOp Chain Depth 64 Size 0 Mode ref, Ref Stage 7, run, start, 9199870512706344
1787080804.674667, NoOp Chain Depth 64 Size 0 Mode ref, Ref Stage 7, run, end, 9199870512726344
1787080804.674682, NoOp Chain Depth 64 Size 0 Mode ref, Ref Stage 8, run, start, 9199870512741000
1787080804.674701, NoOp Chain Depth 64 Size 0 Mode ref, Ref Stage 8, run, end, 9199870512760808
1787080804.674716, NoOp Chain Depth 64 Size 0 Mode ref, Ref Stage 9, run, start, 9199870512775336
1787080804.674735, NoOp Chain Depth 64 Size 0 Mode ref, Ref Stage 9, run, end, 9199870512794840
1787080804.674750, NoOp Chain Depth 64 Size 0 Mode ref, Ref Stage 10, run, start, 9199870512809032
1787080804.674771, NoOp Chain Depth 64 Size 0 Mode ref, Ref Stage 10, run, end, 9199870512830504
1787080804.675164, NoOp Chain Depth 64 Size 0 Mode ref, Ref Stage 11, run, start, 9199870513224168
1787080804.675304, NoOp Chain Depth 64 Size 0 Mode ref, Ref Stage 11, run, end, 9199870513363256
1787080804.675319, NoOp Chain Depth 64 Size 0 Mode ref, Ref Stage 12, run, start, 9199870513378088
1787080804.675339, NoOp Chain Depth 64 Size 0 Mode ref, Ref Stage 12, run, end, 9199870513398888
1787080804.675354, NoOp Chain Depth 64 Size 0 Mode ref, Ref Stage 13, run, start, 9199870513413560
1787080804.675374, NoOp Chain Depth 64 Size 0 Mode ref, Ref Stage 13, run, end, 9199870513433608
1787080804.675389, NoOp Chain Depth 64 Size 0 Mode ref, Ref Stage 14, run, start, 9199870513448024
1787080804.675411, NoOp Chain Depth 64 Size 0 Mode ref, Ref Stage 14, run, end, 9199870513470072
1787080804.675426, NoOp Chain Depth 64 Size 0 Mode ref, Ref Stage 15, run, start, 9199870513484856
1787080804.675446, NoOp Chain Depth 64 Size 0 Mode ref, Ref Stage 15, run, end, 9199870513504744
1787080804.675460, NoOp Chain Depth 64 Size 0 Mode ref, Ref Stage 16, run, start, 9199870513519496
1787080804.675480, NoOp Chain Depth 64 Size 0 Mode ref, Ref Stage 16, run, end, 9199870513539288
1787080804.675495, NoOp Chain Depth 64 Size 0 Mode ref, Ref Stage 17, run, start, 9199870513553880
1787080804.675515, NoOp Chain Depth 64 Size 0 Mode ref, Ref Stage 17, run, end, 9199870513574056
1787080804.675529, NoOp Chain Depth 64 Size 0 Mode ref, Ref Stage 18, run, start, 9199870513588696
1787080804.675549, NoOp Chain Depth 64 Size 0 Mode ref, Ref Stage 18, run, end, 9199870513608632
1787080804.675564, NoOp Chain Depth 64 Size 0 Mode ref, Ref Stage 19, run, start, 9199870513623032
1787080804.675585, NoOp Chain Depth 64 Size 0 Mode ref, Ref Stage 19, run, end, 9199870513644088
1787080804.675599, NoOp Chain Depth 64 Size 0 Mode ref, Ref Stage 20, run, start, 9199870513658552
1787080804.675622, NoOp Chain Depth 64 Size 0 Mode ref, Ref Stage 20, run, end, 9199870513681096
1787080804.675633, NoOp Chain Depth 64 Size 0 Mode ref, Ref Stage 21, run, start, 9199870513692552
1787080804.676114, NoOp Chain Depth 64 Size 0 Mode ref, Ref Stage 21, run, end, 9199870514174456
1787080804.676248, NoOp Chain Depth 64 Size 0 Mode ref, Ref Stage 22, run, start, 9199870514308104
1787080804.676270, NoOp Chain Depth 64 Size 0 Mode ref, Ref Stage 22, run, end, 9199870514329224
1787080804.676285, NoOp Chain Depth 64 Size 0 Mode ref, Ref Stage 23, run, start, 9199870514343928
1787080804.676304, NoOp Chain Depth 64 Size 0 Mode ref, Ref Stage 23, run, end, 9199870514363736
1787080804.676319, NoOp Chain Depth 64 Size 0 Mode ref, Ref Stage 24, run, start, 9199870514378184
1787080804.676339, NoOp Chain Depth 64 Size 0 Mode ref, Ref Stage 24, run, end, 9199870514397992
1787080804.676353, NoOp Chain Depth 64 Size 0 Mode ref, Ref Stage 25, run, start, 9199870514412408
1787080804.676373, NoOp Chain Depth 64 Size 0 Mode ref, Ref Stage 25, run, end, 9199870514432168
1787080804.676387, NoOp Chain Depth 64 Size 0 Mode ref, Ref Stage 26, run, start, 9199870514446648
1787080804.676409, NoOp Chain Depth 64 Size 0 Mode ref, Ref Stage 26, run, end, 9199870514467880
1787080804.676420, NoOp Chain Depth 64 Size 0 Mode ref, Ref Stage 27, run, start, 9199870514479448
1787080804.676452, NoOp Chain Depth 64 Size 0 Mode ref, Ref Stage 27, run, end, 9199870514510904
1787080804.676466, NoOp Chain Depth 64 Size 0 Mode ref, Ref Stage 28, run, start, 9199870514525704
1787080804.676486, NoOp Chain Depth 64 Size 0 Mode ref, Ref Stage 28, run, end, 9199870514545624
1787080804.676501, NoOp Chain Depth 64 Size 0 Mode ref, Ref Stage 29, run, start, 9199870514560312
1787080804.676521, NoOp Chain Depth 64 Size 0 Mode ref, Ref Stage 29, run, end, 9199870514580264
1787080804.676536, NoOp Chain Depth 64 Size 0 Mode ref, Ref Stage 30, run, start, 9199870514594968
1787080804.676556, NoOp Chain Depth 64 Size 0 Mode ref, Ref Stage 30, run, end, 9199870514615080
1787080804.676570, NoOp Chain Depth 64 Size 0 Mode ref, Ref Stage 31, run, start, 9199870514629736
1787080804.676592, NoOp Chain Depth 64 Size 0 Mode ref, Ref Stage 31, run, end, 9199870514651064
1787080804.676606, NoOp Chain Depth 64 Size 0 Mode ref, Ref Stage 32, run, start, 9199870514665432
1787080804.676627, NoOp Chain Depth 64 Size 0 Mode ref, Ref Stage 32, run, end, 9199870514686744
1787080804.676642, NoOp Chain Depth 64 Size 0 Mode ref, Ref Stage 33, run, start, 9199870514701096
1787080804.676662, NoOp Chain Depth 64 Size 0 Mode ref, Ref Stage 33, run, end, 9199870514721112
1787080804.676676, NoOp Chain Depth 64 Size 0 Mode ref, Ref Stage 34, run, start, 9199870514735480
1787080804.676696, NoOp Chain Depth 64 Size 0 Mode ref, Ref Stage 34, run, end, 9199870514755368
1787080804.676711, NoOp Chain Depth 64 Size 0 Mode ref, Ref Stage 35, run, start, 9199870514770520
1787080804.676742, NoOp Chain Depth 64 Size 0 Mode ref, Ref Stage 35, run, end, 9199870514801336
1787080804.676756, NoOp Chain Depth 64 Size 0 Mode ref, Ref Stage 36, run, start, 9199870514815720
1787080804.676778, NoOp Chain Depth 64 Size 0 Mode ref, Ref Stage 36, run, end, 9199870514837048
1787080804.676792, NoOp Chain Depth 64 Size 0 Mode ref, Ref Stage 37, run, start, 9199870514851608
1787080804.676814, NoOp Chain Depth 64 Size 0 Mode ref, Ref Stage 37, run, end, 9199870514872856
1787080804.676825, NoOp Chain Depth 64 Size 0 Mode ref, Ref Stage 38, run, start, 9199870514884376
1787080804.676855, NoOp Chain Depth 64 Size 0 Mode ref, Ref Stage 38, run, end, 9199870514913848
1787080804.676870, NoOp Chain Depth 64 Size 0 Mode ref, Ref Stage 39, run, start, 9199870514929224
1787080804.676891, NoOp Chain Depth 64 Size 0 Mode ref, Ref Stage 39, run, end, 9199870514950456
1787080804.676906, NoOp Chain Depth 64 Size 0 Mode ref, Ref Stage 40, run, start, 9199870514965032
1787080804.676927, NoOp Chain Depth 64 Size 0 Mode ref, Ref Stage 40, run, end, 9199870514987592
1787080804.677316, NoOp Chain Depth 64 Size 0 Mode ref, Ref Stage 41, run, start, 9199870515376073
1787080804.677338, NoOp Chain Depth 64 Size 0 Mode ref, Ref Stage 41, run, end, 9199870515397513
1787080804.677471, NoOp Chain Depth 64 Size 0 Mode ref, Ref Stage 42, run, start, 9199870515530345
1787080804.677492, NoOp Chain Depth 64 Size 0 Mode ref, Ref Stage 42, run, end, 9199870515551161
1787080804.677506, NoOp Chain Depth 64 Size 0 Mode ref, Ref Stage 43, run, start, 9199870515565625
1787080804.677526, NoOp Chain Depth 64 Size 0 Mode ref, Ref Stage 43, run, end, 9199870515585657
1787080804.677541, NoOp Chain Depth 64 Size 0 Mode ref, Ref Stage 44, run, start, 9199870515600089
1787080804.677561, NoOp Chain Depth 64 Size 0 Mode ref, Ref Stage 44, run, end, 9199870515619737
1787080804.677575, NoOp Chain Depth 64 Size 0 Mode ref, Ref Stage 45, run, start, 9199870515634249
1787080804.677595, NoOp Chain Depth 64 Size 0 Mode ref, Ref Stage 45, run, end, 9199870515654105
1787080804.677609, NoOp Chain Depth 64 Size 0 Mode ref, Ref Stage 46, run, start, 9199870515668681
1787080804.677631, NoOp Chain Depth 64 Size 0 Mode ref, Ref Stage 46, run, end, 9199870515689993
1787080804.677642, NoOp Chain Depth 64 Size 0 Mode ref, Ref Stage 47, run, start, 9199870515701433
1787080804.677672, NoOp Chain Depth 64 Size 0 Mode ref, Ref Stage 47, run, end, 9199870515731097
1787080804.677686, NoOp Chain Depth 64 Size 0 Mode ref, Ref Stage 48, run, start, 9199870515746121
1787080804.677708, NoOp Chain Depth 64 Size 0 Mode ref, Ref Stage 48, run, end, 9199870515767097
1787080804.677722, NoOp Chain Depth 64 Size 0 Mode ref, Ref Stage 49, run, start, 9199870515781705
1787080804.677742, NoOp Chain Depth 64 Size 0 Mode ref, Ref Stage 49, run, end, 9199870515801689
1787080804.677758, NoOp Chain Depth 64 Size 0 Mode ref, Ref Stage 50, run, start, 9199870515817241
1787080804.677780, NoOp Chain Depth 64 Size 0 Mode ref, Ref Stage 50, run, end, 9199870515838841
1787080804.677791, NoOp Chain Depth 64 Size 0 Mode ref, Ref Stage 51, run, start, 9199870515850585
1787080804.677822, NoOp Chain Depth 64 Size 0 Mode ref, Ref Stage 51, run, end, 9199870515881401
1787080804.677837, NoOp Chain Depth 64 Size 0 Mode ref, Ref Stage 52, run, start, 9199870515895961
1787080804.677857, NoOp Chain Depth 64 Size 0 Mode ref, Ref Stage 52, run, end, 9199870515916057
1787080804.677872, NoOp Chain Depth 64 Size 0 Mode ref, Ref Stage 53, run, start, 9199870515931225
1787080804.677895, NoOp Chain Depth 64 Size 0 Mode ref, Ref Stage 53, run, end, 9199870515954105
1787080804.677907, NoOp Chain Depth 64 Size 0 Mode ref, Ref Stage 54, run, start, 9199870515966889
1787080804.677937, NoOp Chain Depth 64 Size 0 Mode ref, Ref Stage 54, run, end, 9199870515996457
1787080804.677955, NoOp Chain Depth 64 Size 0 Mode ref, Ref Stage 55, run, start, 9199870516013961
1787080804.677975, NoOp Chain Depth 64 Size 0 Mode ref, Ref Stage 55, run, end, 9199870516034601
1787080804.677992, NoOp Chain Depth 64 Size 0 Mode ref, Ref Stage 56, run, start, 9199870516051497
1787080804.678014, NoOp Chain Depth 64 Size 0 Mode ref, Ref Stage 56, run, end, 9199870516072969
1787080804.678025, NoOp Chain Depth 64 Size 0 Mode ref, Ref Stage 57, run, start, 9199870516084553
1787080804.678055, NoOp Chain Depth 64 Size 0 Mode ref, Ref Stage 57, run, end, 9199870516114569
1787080804.678070, NoOp Chain Depth 64 Size 0 Mode ref, Ref Stage 58, run, start, 9199870516128921
1787080804.678089, NoOp Chain Depth 64 Size 0 Mode ref, Ref Stage 58, run, end, 9199870516148761
1787080804.678104, NoOp Chain Depth 64 Size 0 Mode ref, Ref Stage 59, run, start, 9199870516163113
1787080804.678203, NoOp Chain Depth 64 Size 0 Mode ref, Ref Stage 59, run, end, 9199870516262537
1787080804.678219, NoOp Chain Depth 64 Size 0 Mode ref, Ref Stage 60, run, start, 9199870516278265
1787080804.678240, NoOp Chain Depth 64 Size 0 Mode ref, Ref Stage 60, run, end, 9199870516298841
1787080804.678254, NoOp Chain Depth 64 Size 0 Mode ref, Ref Stage 61, run, start, 9199870516312905
1787080804.678273, NoOp Chain Depth 64 Size 0 Mode ref, Ref Stage 61, run, end, 9199870516332569
1787080804.678287, NoOp Chain Depth 64 Size 0 Mode ref, Ref Stage 62, run, start, 9199870516346601
1787080804.678307, NoOp Chain Depth 64 Size 0 Mode ref, Ref Stage 62, run, end, 9199870516366105
1787080804.678321, NoOp Chain Depth 64 Size 0 Mode ref, Ref Stage 63, run, start, 9199870516380649
1787080804.678344, NoOp Chain Depth 64 Size 0 Mode ref, Ref Stage 63, run, end, 9199870516402857
1787080804.678355, NoOp Chain Depth 64 Size 0 Mode ref, pipeline - train, run, end, 269520603473555444479913854026052549434, 1787080804.674362, 67, 1, 9199870516414937
1787080804.678404, NoOp Chain Depth 64 Size 0 Mode ref, pipeline - train, run, start, 305746206303285781365093363411563325866, 1787080804.678393, 68, 1, 9199870516463129
1787080804.678426, NoOp Chain Depth 64 Size 0 Mode ref, Ref Stage 0, run, start, 9199870516485337
1787080804.678447, NoOp Chain Depth 64 Size 0 Mode ref, Ref Stage 0, run, end, 9199870516506153
1787080804.678462, NoOp Chain Depth 64 Size 0 Mode ref, Ref Stage 1, run, start, 9199870516520793
1787080804.678481, NoOp Chain Depth 64 Size 0 Mode ref, Ref Stage 1, run, end, 9199870516540825
1787080804.678497, NoOp Chain Depth 64 Size 0 Mode ref, Ref Stage 2, run, start, 9199870516556361
1787080804.678517, NoOp Chain Depth 64 Size 0 Mode ref, Ref Stage 2, run, end, 9199870516577673
1787080804.678533, NoOp Chain Depth 64 Size 0 Mode ref, Ref Stage 3, run, start, 9199870516592297
1787080804.678554, NoOp Chain Depth 64 Size 0 Mode ref, Ref Stage 3, run, end, 9199870516613129
1787080804.678568, NoOp Chain Depth 64 Size 0 Mode ref, Ref Stage 4, run, start, 9199870516627465
1787080804.678588, NoOp Chain Depth 64 Size 0 Mode ref, Ref Stage 4, run, end, 9199870516647321
1787080804.678602, NoOp Chain Depth 64 Size 0 Mode ref, Ref Stage 5, run, start, 9199870516661513
1787080804.678622, NoOp Chain Depth 64 Size 0 Mode ref, Ref Stage 5, run, end, 9199870516681145
1787080804.678636, NoOp Chain Depth 64 Size 0 Mode ref, Ref Stage 6, run, start, 9199870516695401
1787080804.678657, NoOp Chain Depth 64 Size 0 Mode ref, Ref Stage 6, run, end, 9199870516716297
1787080804.678674, NoOp Chain Depth 64 Size 0 Mode ref, Ref Stage 7, run, start, 9199870516733561
1787080804.678694, NoOp Chain Depth 64 Size 0 Mode ref, Ref Stage 7, run, end, 9199870516753321
1787080804.678708, NoOp Chain Depth 64 Size 0 Mode ref, Ref Stage 8, run, start, 9199870516767657
1787080804.678728, NoOp Chain Depth 64 Size 0 Mode ref, Ref Stage 8, run, end, 9199870516787161
1787080804.678742, NoOp Chain Depth 64 Size 0 Mode ref, Ref Stage 9, run, start, 9199870516801673
1787080804.678765, NoOp Chain Depth 64 Size 0 Mode ref, Ref Stage 9, run, end, 9199870516824217
1787080804.678776, NoOp Chain Depth 64 Size 0 Mode ref, Ref Stage 10, run, start, 9199870516835785
1787080804.678806, NoOp Chain Depth 64 Size 0 Mode ref, Ref Stage 10, run, end, 9199870516865097
1787080804.678822, NoOp Chain Depth 64 Size 0 Mode ref, Ref Stage 11, run, start, 9199870516881449
1787080804.678843, NoOp Chain Depth 64 Size 0 Mode ref, Ref Stage 11, run, end, 9199870516902665
1787080804.678858, NoOp Chain Depth 64 Size 0 Mode ref, Ref Stage 12, run, start, 9199870516917033
1787080804.678878, NoOp Chain Depth 64 Size 0 Mode ref, Ref Stage 12, run, end, 9199870516936953
1787080804.678892, NoOp Chain Depth 64 Size 0 Mode ref, Ref Stage 13, run, start, 9199870516951193
1787080804.678912, NoOp Chain Depth 64 Size 0 Mode ref, Ref Stage 13, run, end, 9199870516971033
1787080804.678926, NoOp Chain Depth 64 Size 0 Mode ref, Ref Stage 14, run, start, 9199870516985481
1787080804.678948, NoOp Chain Depth 64 Size 0 Mode ref, Ref Stage 14, run, end, 9199870517006825
1787080804.678964, NoOp Chain Depth 64 Size 0 Mode ref, Ref Stage 15, run, start, 9199870517023225
1787080804.678984, NoOp Chain Depth 64 Size 0 Mode ref, Ref Stage 15, run, end, 9199870517043097
1787080804.678999, NoOp Chain Depth 64 Size 0 Mode ref, Ref Stage 16, run, start, 9199870517058585
1787080804.679022, NoOp Chain Depth 64 Size 0 Mode ref, Ref Stage 16, run, end, 9199870517080745
1787080804.679033, NoOp Chain Depth 64 Size 0 Mode ref, Ref Stage 17, run, start, 9199870517092409
1787080804.679063, NoOp Chain Depth 64 Size 0 Mode ref, Ref Stage 17, run, end, 9199870517121769
1787080804.679077, NoOp Chain Depth 64 Size 0 Mode ref, Ref Stage 18, run, start, 9199870517136041
1787080804.679097, NoOp Chain Depth 64 Size 0 Mode ref, Ref Stage 18, run, end, 9199870517156025
1787080804.679111, NoOp Chain Depth 64 Size 0 Mode ref, Ref Stage 19, run, start, 9199870517170585
1787080804.679584, NoOp Chain Depth 64 Size 0 Mode ref, Ref Stage 19, run, end, 9199870517643913
1787080804.679602, NoOp Chain Depth 64 Size 0 Mode ref, Ref Stage 20, run, start, 9199870517661705
1787080804.679626, NoOp Chain Depth 64 Size 0 Mode ref, Ref Stage 20, run, end, 9199870517685337
1787080804.679757, NoOp Chain Depth 64 Size 0 Mode ref, Ref Stage 21, run, start, 9199870517816329
1787080804.679781, NoOp Chain Depth 64 Size 0 Mode ref, Ref Stage 21, run, end, 9199870517840377
1787080804.679793, NoOp Chain Depth 64 Size 0 Mode ref, Ref Stage 22, run, start, 9199870517852409
1787080804.679823, NoOp Chain Depth 64 Size 0 Mode ref, Ref Stage 22, run, end, 9199870517882761
1787080804.679838, NoOp Chain Depth 64 Size 0 Mode ref, Ref Stage 23, run, start, 9199870517897465
1787080804.679859, NoOp Chain Depth 64 Size 0 Mode ref, Ref Stage 23, run, end, 9199870517917833
1787080804.679873, NoOp Chain Depth 64 Size 0 Mode ref, Ref Stage 24, run, start, 9199870517932537
1787080804.679893, NoOp Chain Depth 64 Size 0 Mode ref, Ref Stage 24, run, end, 9199870517952473
1787080804.679908, NoOp Chain Depth 64 Size 0 Mode ref, Ref Stage 25, run, start, 9199870517966793
1787080804.679928, NoOp Chain Depth 64 Size 0 Mode ref, Ref Stage 25, run, end, 9199870517986857
1787080804.679942, NoOp Chain Depth 64 Size 0 Mode ref, Ref Stage 26, run, start, 9199870518003385
1787080804.679965, NoOp Chain Depth 64 Size 0 Mode ref, Ref Stage 26, run, end, 9199870518024249
1787080804.679980, NoOp Chain Depth 64 Size 0 Mode ref, Ref Stage 27, run, start, 9199870518038809
1787080804.680000, NoOp Chain Depth 64 Size 0 Mode ref, Ref Stage 27, run, end, 9199870518058761
1787080804.680014, NoOp Chain Depth 64 Size 0 Mode ref, Ref Stage 28, run, start, 9199870518073305
1787080804.680034, NoOp Chain Depth 64 Size 0 Mode ref, Ref Stage 28, run, end, 9199870518093193
1787080804.680049, NoOp Chain Depth 64 Size 0 Mode ref, Ref Stage 29, run, start, 9199870518108761
1787080804.680069, NoOp Chain Depth 64 Size 0 Mode ref, Ref Stage 29, run, end, 9199870518128697
1787080804.680084, NoOp Chain Depth 64 Size 0 Mode ref, Ref Stage 30, run, start, 9199870518143065
1787080804.680104, NoOp Chain Depth 64 Size 0 Mode ref, Ref Stage 30, run, end, 9199870518163209
1787080804.680119, NoOp Chain Depth 64 Size 0 Mode ref, Ref Stage 31, run, start, 9199870518178841
1787080804.680144, NoOp Chain Depth 64 Size 0 Mode ref, Ref Stage 31, run, end, 9199870518203385
1787080804.680160, NoOp Chain Depth 64 Size 0 Mode ref, Ref Stage 32, run, start, 9199870518219097
1787080804.680182, NoOp Chain Depth 64 Size 0 Mode ref, Ref Stage 32, run, end, 9199870518241081
1787080804.680196, NoOp Chain Depth 64 Size 0 Mode ref, Ref Stage 33, run, start, 9199870518255657
1787080804.680216, NoOp Chain Depth 64 Size 0 Mode ref, Ref Stage 33, run, end, 9199870518275641
1787080804.680231, NoOp Chain Depth 64 Size 0 Mode ref, Ref Stage 34, run, start, 9199870518290137
1787080804.680250, NoOp Chain Depth 64 Size 0 Mode ref, Ref Stage 34, run, end, 9199870518309737
1787080804.680265, NoOp Chain Depth 64 Size 0 Mode ref, Ref Stage 35, run, start, 9199870518324681
1787080804.680285, NoOp Chain Depth 64 Size 0 Mode ref, Ref Stage 35, run, end, 9199870518344457
1787080804.680300, NoOp Chain Depth 64 Size 0 Mode ref, Ref Stage 36, run, start, 9199870518359689
1787080804.680321, NoOp Chain Depth 64 Size 0 Mode ref, Ref Stage 36, run, end, 9199870518380457
1787080804.680336, NoOp Chain Depth 64 Size 0 Mode ref, Ref Stage 37, run, start, 9199870518394921
1787080804.680357, NoOp Chain Depth 64 Size 0 Mode ref, Ref Stage 37, run, end, 9199870518416089
1787080804.680371, NoOp Chain Depth 64 Size 0 Mode ref, Ref Stage 38, run, start, 9199870518430377
1787080804.680391, NoOp Chain Depth 64 Size 0 Mode ref, Ref Stage 38, run, end, 9199870518449897
1787080804.680405, NoOp Chain Depth 64 Size 0 Mode ref, Ref Stage 39, run, start, 9199870518464457
1787080804.680428, NoOp Chain Depth 64 Size 0 Mode ref, Ref Stage 39, run, end, 9199870518487257
1787080804.680439, NoOp Chain Depth 64 Size 0 Mode ref, Ref Stage 40, run, start, 9199870518498809
1787080804.680469, NoOp Chain Depth 64 Size 0 Mode ref, Ref Stage 40, run, end, 9199870518528537
1787080804.680484, NoOp Chain Depth 64 Size 0 Mode ref, Ref Stage 41, run, start, 9199870518542953
1787080804.680505, NoOp Chain Depth 64 Size 0 Mode ref, Ref Stage 41, run, end, 9199870518563881
1787080804.680516, NoOp Chain Depth 64 Size 0 Mode ref, Ref Stage 42, run, start, 9199870518575737
1787080804.680547, NoOp Chain Depth 64 Size 0 Mode ref, Ref Stage 42, run, end, 9199870518606841
1787080804.680564, NoOp Chain Depth 64 Size 0 Mode ref, Ref Stage 43, run, start, 9199870518623273
1787080804.680584, NoOp Chain Depth 64 Size 0 Mode ref, Ref Stage 43, run, end, 9199870518643193
1787080804.680598, NoOp Chain Depth 64 Size 0 Mode ref, Ref Stage 44, run, start, 9199870518657673
1787080804.680618, NoOp Chain Depth 64 Size 0 Mode ref, Ref Stage 44, run, end, 9199870518677545
1787080804.680633, NoOp Chain Depth 64 Size 0 Mode ref, Ref Stage 45, run, start, 9199870518692137
1787080804.680653, NoOp Chain Depth 64 Size 0 Mode ref, Ref Stage 45, run, end, 9199870518711833
1787080804.680667, NoOp Chain Depth 64 Size 0 Mode ref, Ref Stage 46, run, start, 9199870518726201
1787080804.680686, NoOp Chain Depth 64 Size 0 Mode ref, Ref Stage 46, run, end, 9199870518745625
1787080804.680701, NoOp Chain Depth 64 Size 0 Mode ref, Ref Stage 47, run, start, 9199870518760169
1787080804.680722, NoOp Chain Depth 64 Size 0 Mode ref, Ref Stage 47, run, end, 9199870518781129
1787080804.680736, NoOp Chain Depth 64 Size 0 Mode ref, Ref Stage 48, run, start, 9199870518795753
1787080804.680758, NoOp Chain Depth 64 Size 0 Mode ref, Ref Stage 48, run, end, 9199870518817097
1787080804.680772, NoOp Chain Depth 64 Size 0 Mode ref, Ref Stage 49, run, start, 9199870518831673
1787080804.680792, NoOp Chain Depth 64 Size 0 Mode ref, Ref Stage 49, run, end, 9199870518851289
1787080804.680809, NoOp Chain Depth 64 Size 0 Mode ref, Ref Stage 50, run, start, 9199870518867785
1787080804.680830, NoOp Chain Depth 64 Size 0 Mode ref, Ref Stage 50, run, end, 9199870518888745
1787080804.680842, NoOp Chain Depth 64 Size 0 Mode ref, Ref Stage 51, run, start, 9199870518901753
1787080804.680872, NoOp Chain Depth 64 Size 0 Mode ref, Ref Stage 51, run, end, 9199870518931369
1787080804.680887, NoOp Chain Depth 64 Size 0 Mode ref, Ref Stage 52, run, start, 9199870518946921
1787080804.680908, NoOp Chain Depth 64 Size 0 Mode ref, Ref Stage 52, run, end, 9199870518967769
1787080804.680924, NoOp Chain Depth 64 Size 0 Mode ref, Ref Stage 53, run, start, 9199870518983529
1787080804.680950, NoOp Chain Depth 64 Size 0 Mode ref, Ref Stage 53, run, end, 9199870519009129
1787080804.680961, NoOp Chain Depth 64 Size 0 Mode ref, Ref Stage 54, run, start, 9199870519020697
1787080804.680991, NoOp Chain Depth 64 Size 0 Mode ref, Ref Stage 54, run, end, 9199870519050809
1787080804.681006, NoOp Chain Depth 64 Size 0 Mode ref, Ref Stage 55, run, start, 9199870519065161
1787080804.681026, NoOp Chain Depth 64 Size 0 Mode ref, Ref Stage 55, run, end, 9199870519084665
1787080804.681040, NoOp Chain Depth 64 Size 0 Mode ref, Ref Stage 56, run, start, 9199870519098937
1787080804.681059, NoOp Chain Depth 64 Size 0 Mode ref, Ref Stage 56, run, end, 9199870519118697
1787080804.681074, NoOp Chain Depth 64 Size 0 Mode ref, Ref Stage 57, run, start, 9199870519132921
1787080804.681093, NoOp Chain Depth 64 Size 0 Mode ref, Ref Stage 57, run, end, 9199870519152697
1787080804.681109, NoOp Chain Depth 64 Size 0 Mode ref, Ref Stage 58, run, start, 9199870519168521
1787080804.681130, NoOp Chain Depth 64 Size 0 Mode ref, Ref Stage 58, run, end, 9199870519189401
1787080804.681144, NoOp Chain Depth 64 Size 0 Mode ref, Ref Stage 59, run, start, 9199870519203737
1787080804.681164, NoOp Chain Depth 64 Size 0 Mode ref, Ref Stage 59, run, end, 9199870519223305
1787080804.681178, NoOp Chain Depth 64 Size 0 Mode ref, Ref Stage 60, run, start, 9199870519237609
1787080804.681198, NoOp Chain Depth 64 Size 0 Mode ref, Ref Stage 60, run, end, 9199870519257049
1787080804.681212, NoOp Chain Depth 64 Size 0 Mode ref, Ref Stage 61, run, start, 9199870519271337
1787080804.681231, NoOp Chain Depth 64 Size 0 Mode ref, Ref Stage 61, run, end, 9199870519290729
1787080804.681246, NoOp Chain Depth 64 Size 0 Mode ref, Ref Stage 62, run, start, 9199870519305145
1787080804.681265, NoOp Chain Depth 64 Size 0 Mode ref, Ref Stage 62, run, end, 9199870519324553
1787080804.681280, NoOp Chain Depth 64 Size 0 Mode ref, Ref Stage 63, run, start, 9199870519338921
1787080804.681300, NoOp Chain Depth 64 Size 0 Mode ref, Ref Stage 63, run, end, 9199870519359001
1787080804.681314, NoOp Chain Depth 64 Size 0 Mode ref, pipeline - train, run, end, 305746206303285781365093363411563325866, 1787080804.678393, 68, 1, 9199870519373465
1787080804.681355, NoOp Chain Depth 64 Size 0 Mode ref, pipeline - train, run, start, 89323232922399595127148711742224345072, 1787080804.681344, 69, 1, 9199870519414041
1787080804.681378, NoOp Chain Depth 64 Size 0 Mode ref, Ref Stage 0, run, start, 9199870519437017
1787080804.681398, NoOp Chain Depth 64 Size 0 Mode ref, Ref Stage 0, run, end, 9199870519457097
1787080804.681412, NoOp Chain Depth 64 Size 0 Mode ref, Ref Stage 1, run, start, 9199870519471561
1787080804.681432, NoOp Chain Depth 64 Size 0 Mode ref, Ref Stage 1, run, end, 9199870519491465
1787080804.681448, NoOp Chain Depth 64 Size 0 Mode ref, Ref Stage 2, run, start, 9199870519506793
1787080804.681467, NoOp Chain Depth 64 Size 0 Mode ref, Ref Stage 2, run, end, 9199870519526569
1787080804.681481, NoOp Chain Depth 64 Size 0 Mode ref, Ref Stage 3, run, start, 9199870519540921
1787080804.681502, NoOp Chain Depth 64 Size 0 Mode ref, Ref Stage 3, run, end, 9199870519561641
1787080804.681518, NoOp Chain Depth 64 Size 0 Mode ref, Ref Stage 4, run, start, 9199870519577065
1787080804.681539, NoOp Chain Depth 64 Size 0 Mode ref, Ref Stage 4, run, end, 9199870519597865
1787080804.681553, NoOp Chain Depth 64 Size 0 Mode ref, Ref Stage 5, run, start, 9199870519612073
1787080804.681572, NoOp Chain Depth 64 Size 0 Mode ref, Ref Stage 5, run, end, 9199870519631417
1787080804.681587, NoOp Chain Depth 64 Size 0 Mode ref, Ref Stage 6, run, start, 9199870519645785
1787080804.681606, NoOp Chain Depth 64 Size 0 Mode ref, Ref Stage 6, run, end, 9199870519665145
1787080804.681621, NoOp Chain Depth 64 Size 0 Mode ref, Ref Stage 7, run, start, 9199870519680521
1787080804.681641, NoOp Chain Depth 64 Size 0 Mode ref, Ref Stage 7, run, end, 9199870519699977
1787080804.681656, NoOp Chain Depth 64 Size 0 Mode ref, Ref Stage 8, run, start, 9199870519715385
1787080804.681677, NoOp Chain Depth 64 Size 0 Mode ref, Ref Stage 8, run, end, 9199870519736409
1787080804.681692, NoOp Chain Depth 64 Size 0 Mode ref, Ref Stage 9, run, start, 9199870519751097
1787080804.684955, NoOp Chain Depth 64 Size 0 Mode ref, Ref Stage 9, run, end, 9199870523016345
1787080804.685874, NoOp Chain Depth 64 Size 0 Mode ref, Ref Stage 10, run, start, 9199870523933625
1787080804.685899, NoOp Chain Depth 64 Size 0 Mode ref, Ref Stage 10, run, end, 9199870523958489
1787080804.685915, NoOp Chain Depth 64 Size 0 Mode ref, Ref Stage 11, run, start, 9199870523974041
1787080804.685935, NoOp Chain Depth 64 Size 0 Mode ref, Ref Stage 11, run, end, 9199870523994649
1787080804.685952, NoOp Chain Depth 64 Size 0 Mode ref, Ref Stage 12, run, start, 9199870524011401
1787080804.685973, NoOp Chain Depth 64 Size 0 Mode ref, Ref Stage 12, run, end, 9199870524032505
1787080804.685988, NoOp Chain Depth 64 Size 0 Mode ref, Ref Stage 13, run, start, 9199870524047129
1787080804.686008, NoOp Chain Depth 64 Size 0 Mode ref, Ref Stage 13, run, end, 9199870524067145
1787080804.686022, NoOp Chain Depth 64 Size 0 Mode ref, Ref Stage 14, run, start, 9199870524081705
1787080804.686042, NoOp Chain Depth 64 Size 0 Mode ref, Ref Stage 14, run, end, 9199870524101497
1787080804.686057, NoOp Chain Depth 64 Size 0 Mode ref, Ref Stage 15, run, start, 9199870524115881
1787080804.686077, NoOp Chain Depth 64 Size 0 Mode ref, Ref Stage 15, run, end, 9199870524135945
1787080804.686091, NoOp Chain Depth 64 Size 0 Mode ref, Ref Stage 16, run, start, 9199870524150345
1787080804.686111, NoOp Chain Depth 64 Size 0 Mode ref, Ref Stage 16, run, end, 9199870524170105
1787080804.686125, NoOp Chain Depth 64 Size 0 Mode ref, Ref Stage 17, run, start, 9199870524184537
1787080804.686145, NoOp Chain Depth 64 Size 0 Mode ref, Ref Stage 17, run, end, 9199870524204313
1787080804.686159, NoOp Chain Depth 64 Size 0 Mode ref, Ref Stage 18, run, start, 9199870524218729
1787080804.686181, NoOp Chain Depth 64 Size 0 Mode ref, Ref Stage 18, run, end, 9199870524240313
1787080804.686193, NoOp Chain Depth 64 Size 0 Mode ref, Ref Stage 19, run, start, 9199870524252057
1787080804.686222, NoOp Chain Depth 64 Size 0 Mode ref, Ref Stage 19, run, end, 9199870524281657
1787080804.686237, NoOp Chain Depth 64 Size 0 Mode ref, Ref Stage 20, run, start, 9199870524295977
1787080804.686256, NoOp Chain Depth 64 Size 0 Mode ref, Ref Stage 20, run, end, 9199870524315593
1787080804.686271, NoOp Chain Depth 64 Size 0 Mode ref, Ref Stage 21, run, start, 9199870524329897
1787080804.686291, NoOp Chain Depth 64 Size 0 Mode ref, Ref Stage 21, run, end, 9199870524349721
1787080804.686305, NoOp Chain Depth 64 Size 0 Mode ref, Ref Stage 22, run, start, 9199870524364265
1787080804.686325, NoOp Chain Depth 64 Size 0 Mode ref, Ref Stage 22, run, end, 9199870524383945
1787080804.686339, NoOp Chain Depth 64 Size 0 Mode ref, Ref Stage 23, run, start, 9199870524398521
1787080804.686358, NoOp Chain Depth 64 Size 0 Mode ref, Ref Stage 23, run, end, 9199870524417849
1787080804.686373, NoOp Chain Depth 64 Size 0 Mode ref, Ref Stage 24, run, start, 9199870524431929
1787080804.686392, NoOp Chain Depth 64 Size 0 Mode ref, Ref Stage 24, run, end, 9199870524451433
1787080804.686406, NoOp Chain Depth 64 Size 0 Mode ref, Ref Stage 25, run, start, 9199870524465801
1787080804.686426, NoOp Chain Depth 64 Size 0 Mode ref, Ref Stage 25, run, end, 9199870524485049
1787080804.686440, NoOp Chain Depth 64 Size 0 Mode ref, Ref Stage 26, run, start, 9199870524499545
1787080804.686460, NoOp Chain Depth 64 Size 0 Mode ref, Ref Stage 26, run, end, 9199870524519113
1787080804.686474, NoOp Chain Depth 64 Size 0 Mode ref, Ref Stage 27, run, start, 9199870524533641
1787080804.686496, NoOp Chain Depth 64 Size 0 Mode ref, Ref Stage 27, run, end, 9199870524555049
1787080804.686507, NoOp Chain Depth 64 Size 0 Mode ref, Ref Stage 28, run, start, 9199870524566762
1787080804.686537, NoOp Chain Depth 64 Size 0 Mode ref, Ref Stage 28, run, end, 9199870524596490
1787080804.686552, NoOp Chain Depth 64 Size 0 Mode ref, Ref Stage 29, run, start, 9199870524611130
1787080804.686574, NoOp Chain Depth 64 Size 0 Mode ref, Ref Stage 29, run, end, 9199870524633402
1787080804.686589, NoOp Chain Depth 64 Size 0 Mode ref, Ref Stage 30, run, start, 9199870524647994
1787080804.686609, NoOp Chain Depth 64 Size 0 Mode ref, Ref Stage 30, run, end, 9199870524667914
1787080804.686623, NoOp Chain Depth 64 Size 0 Mode ref, Ref Stage 31, run, start, 9199870524682346
1787080804.686643, NoOp Chain Depth 64 Size 0 Mode ref, Ref Stage 31, run, end, 9199870524702250
1787080804.686657, NoOp Chain Depth 64 Size 0 Mode ref, Ref Stage 32, run, start, 9199870524716698
1787080804.686677, NoOp Chain Depth 64 Size 0 Mode ref, Ref Stage 32, run, end, 9199870524736570
1787080804.686692, NoOp Chain Depth 64 Size 0 Mode ref, Ref Stage 33, run, start, 9199870524751050
1787080804.686712, NoOp Chain Depth 64 Size 0 Mode ref, Ref Stage 33, run, end, 9199870524771002
1787080804.686726, NoOp Chain Depth 64 Size 0 Mode ref, Ref Stage 34, run, start, 9199870524785162
1787080804.686746, NoOp Chain Depth 64 Size 0 Mode ref, Ref Stage 34, run, end, 9199870524804922
1787080804.686760, NoOp Chain Depth 64 Size 0 Mode ref, Ref Stage 35, run, start, 9199870524819306
1787080804.686779, NoOp Chain Depth 64 Size 0 Mode ref, Ref Stage 35, run, end, 9199870524838618
1787080804.686794, NoOp Chain Depth 64 Size 0 Mode ref, Ref Stage 36, run, start, 9199870524852778
1787080804.686813, NoOp Chain Depth 64 Size 0 Mode ref, Ref Stage 36, run, end, 9199870524872458
1787080804.686828, NoOp Chain Depth 64 Size 0 Mode ref, Ref Stage 37, run, start, 9199870524887626
1787080804.686848, NoOp Chain Depth 64 Size 0 Mode ref, Ref Stage 37, run, end, 9199870524907418
1787080804.686862, NoOp Chain Depth 64 Size 0 Mode ref, Ref Stage 38, run, start, 9199870524921802
1787080804.686882, NoOp Chain Depth 64 Size 0 Mode ref, Ref Stage 38, run, end, 9199870524941306
1787080804.686896, NoOp Chain Depth 64 Size 0 Mode ref, Ref Stage 39, run, start, 9199870524955450
1787080804.686918, NoOp Chain Depth 64 Size 0 Mode ref, Ref Stage 39, run, end, 9199870524976954
1787080804.686930, NoOp Chain Depth 64 Size 0 Mode ref, Ref Stage 40, run, start, 9199870524989450
1787080804.687532, NoOp Chain Depth 64 Size 0 Mode ref, Ref Stage 40, run, end, 9199870525592954
1787080804.687549, NoOp Chain Depth 64 Size 0 Mode ref, Ref Stage 41, run, start, 9199870525608794
1787080804.687570, NoOp Chain Depth 64 Size 0 Mode ref, Ref Stage 41, run, end, 9199870525629274
1787080804.687584, NoOp Chain Depth 64 Size 0 Mode ref, Ref Stage 42, run, start, 9199870525643642
1787080804.687604, NoOp Chain Depth 64 Size 0 Mode ref, Ref Stage 42, run, end, 9199870525663530
1787080804.687619, NoOp Chain Depth 64 Size 0 Mode ref, Ref Stage 43, run, start, 9199870525678266
1787080804.687639, NoOp Chain Depth 64 Size 0 Mode ref, Ref Stage 43, run, end, 9199870525698650
1787080804.687654, NoOp Chain Depth 64 Size 0 Mode ref, Ref Stage 44, run, start, 9199870525713322
1787080804.687674, NoOp Chain Depth 64 Size 0 Mode ref, Ref Stage 44, run, end, 9199870525733290
1787080804.687688, NoOp Chain Depth 64 Size 0 Mode ref, Ref Stage 45, run, start, 9199870525747946
1787080804.687708, NoOp Chain Depth 64 Size 0 Mode ref, Ref Stage 45, run, end, 9199870525767802
1787080804.687723, NoOp Chain Depth 64 Size 0 Mode ref, Ref Stage 46, run, start, 9199870525782362
1787080804.687745, NoOp Chain Depth 64 Size 0 Mode ref, Ref Stage 46, run, end, 9199870525803866
1787080804.687756, NoOp Chain Depth 64 Size 0 Mode ref, Ref Stage 47, run, start, 9199870525815658
1787080804.687786, NoOp Chain Depth 64 Size 0 Mode ref, Ref Stage 47, run, end, 9199870525844970
1787080804.687800, NoOp Chain Depth 64 Size 0 Mode ref, Ref Stage 48, run, start, 9199870525859402
1787080804.687820, NoOp Chain Depth 64 Size 0 Mode ref, Ref Stage 48, run, end, 9199870525879370
1787080804.687834, NoOp Chain Depth 64 Size 0 Mode ref, Ref Stage 49, run, start, 9199870525893850
1787080804.687855, NoOp Chain Depth 64 Size 0 Mode ref, Ref Stage 49, run, end, 9199870525913818
1787080804.687870, NoOp Chain Depth 64 Size 0 Mode ref, Ref Stage 50, run, start, 9199870525929162
1787080804.687894, NoOp Chain Depth 64 Size 0 Mode ref, Ref Stage 50, run, end, 9199870525953018
1787080804.687905, NoOp Chain Depth 64 Size 0 Mode ref, Ref Stage 51, run, start, 9199870525964554
1787080804.688421, NoOp Chain Depth 64 Size 0 Mode ref, Ref Stage 51, run, end, 9199870526480730
1787080804.688436, NoOp Chain Depth 64 Size 0 Mode ref, Ref Stage 52, run, start, 9199870526495546
1787080804.688456, NoOp Chain Depth 64 Size 0 Mode ref, Ref Stage 52, run, end, 9199870526515290
1787080804.688471, NoOp Chain Depth 64 Size 0 Mode ref, Ref Stage 53, run, start, 9199870526530202
1787080804.688490, NoOp Chain Depth 64 Size 0 Mode ref, Ref Stage 53, run, end, 9199870526549722
1787080804.688505, NoOp Chain Depth 64 Size 0 Mode ref, Ref Stage 54, run, start, 9199870526564314
1787080804.688526, NoOp Chain Depth 64 Size 0 Mode ref, Ref Stage 54, run, end, 9199870526585530
1787080804.688538, NoOp Chain Depth 64 Size 0 Mode ref, Ref Stage 55, run, start, 9199870526597194
1787080804.688568, NoOp Chain Depth 64 Size 0 Mode ref, Ref Stage 55, run, end, 9199870526626778
1787080804.688583, NoOp Chain Depth 64 Size 0 Mode ref, Ref Stage 56, run, start, 9199870526642138
1787080804.688602, NoOp Chain Depth 64 Size 0 Mode ref, Ref Stage 56, run, end, 9199870526661754
1787080804.688617, NoOp Chain Depth 64 Size 0 Mode ref, Ref Stage 57, run, start, 9199870526676266
1787080804.688639, NoOp Chain Depth 64 Size 0 Mode ref, Ref Stage 57, run, end, 9199870526697962
1787080804.688650, NoOp Chain Depth 64 Size 0 Mode ref, Ref Stage 58, run, start, 9199870526709642
1787080804.688680, NoOp Chain Depth 64 Size 0 Mode ref, Ref Stage 58, run, end, 9199870526739098
1787080804.688694, NoOp Chain Depth 64 Size 0 Mode ref, Ref Stage 59, run, start, 9199870526753546
1787080804.688715, NoOp Chain Depth 64 Size 0 Mode ref, Ref Stage 59, run, end, 9199870526774442
1787080804.688726, NoOp Chain Depth 64 Size 0 Mode ref, Ref Stage 60, run, start, 9199870526785898
1787080804.688756, NoOp Chain Depth 64 Size 0 Mode ref, Ref Stage 60, run, end, 9199870526815466
1787080804.688770, NoOp Chain Depth 64 Size 0 Mode ref, Ref Stage 61, run, start, 9199870526829626
1787080804.688790, NoOp Chain Depth 64 Size 0 Mode ref, Ref Stage 61, run, end, 9199870526849354
1787080804.688805, NoOp Chain Depth 64 Size 0 Mode ref, Ref Stage 62, run, start, 9199870526863962
1787080804.688825, NoOp Chain Depth 64 Size 0 Mode ref, Ref Stage 62, run, end, 9199870526884378
1787080804.688840, NoOp Chain Depth 64 Size 0 Mode ref, Ref Stage 63, run, start, 9199870526899482
1787080804.688860, NoOp Chain Depth 64 Size 0 Mode ref, Ref Stage 63, run, end, 9199870526919242
1787080804.688875, NoOp Chain Depth 64 Size 0 Mode ref, pipeline - train, run, end, 89323232922399595127148711742224345072, 1787080804.681344, 69, 1, 9199870526934554
1787080804.688917, NoOp Chain Depth 64 Size 0 Mode ref, pipeline - train, run, start, 90643644949584294499377258763164265996, 1787080804.688902, 70, 1, 9199870526977082
1787080804.688940, NoOp Chain Depth 64 Size 0 Mode ref, Ref Stage 0, run, start, 9199870526999338
1787080804.688964, NoOp Chain Depth 64 Size 0 Mode ref, Ref Stage 0, run, end, 9199870527023610
1787080804.688979, NoOp Chain Depth 64 Size 0 Mode ref, Ref Stage 1, run, start, 9199870527038522
1787080804.688999, NoOp Chain Depth 64 Size 0 Mode ref, Ref Stage 1, run, end, 9199870527058730
1787080804.689014, NoOp Chain Depth 64 Size 0 Mode ref, Ref Stage 2, run, start, 9199870527073578
1787080804.689034, NoOp Chain Depth 64 Size 0 Mode ref, Ref Stage 2, run, end, 9199870527093658
1787080804.689049, NoOp Chain Depth 64 Size 0 Mode ref, Ref Stage 3, run, start, 9199870527108298
1787080804.689069, NoOp Chain Depth 64 Size 0 Mode ref, Ref Stage 3, run, end, 9199870527127898
1787080804.689083, NoOp Chain Depth 64 Size 0 Mode ref, Ref Stage 4, run, start, 9199870527142202
1787080804.689103, NoOp Chain Depth 64 Size 0 Mode ref, Ref Stage 4, run, end, 9199870527161866
1787080804.689117, NoOp Chain Depth 64 Size 0 Mode ref, Ref Stage 5, run, start, 9199870527176442
1787080804.689139, NoOp Chain Depth 64 Size 0 Mode ref, Ref Stage 5, run, end, 9199870527197898
1787080804.689153, NoOp Chain Depth 64 Size 0 Mode ref, Ref Stage 6, run, start, 9199870527212218
1787080804.689173, NoOp Chain Depth 64 Size 0 Mode ref, Ref Stage 6, run, end, 9199870527231546
1787080804.689187, NoOp Chain Depth 64 Size 0 Mode ref, Ref Stage 7, run, start, 9199870527246650
1787080804.689207, NoOp Chain Depth 64 Size 0 Mode ref, Ref Stage 7, run, end, 9199870527266202
1787080804.689222, NoOp Chain Depth 64 Size 0 Mode ref, Ref Stage 8, run, start, 9199870527281866
1787080804.689689, NoOp Chain Depth 64 Size 0 Mode ref, Ref Stage 8, run, end, 9199870527748794
1787080804.689703, NoOp Chain Depth 64 Size 0 Mode ref, Ref Stage 9, run, start, 9199870527762170
1787080804.689847, NoOp Chain Depth 64 Size 0 Mode ref, Ref Stage 9, run, end, 9199870527907050
1787080804.689862, NoOp Chain Depth 64 Size 0 Mode ref, Ref Stage 10, run, start, 9199870527921546
1787080804.689883, NoOp Chain Depth 64 Size 0 Mode ref, Ref Stage 10, run, end, 9199870527941786
1787080804.689897, NoOp Chain Depth 64 Size 0 Mode ref, Ref Stage 11, run, start, 9199870527956410
1787080804.689917, NoOp Chain Depth 64 Size 0 Mode ref, Ref Stage 11, run, end, 9199870527976314
1787080804.689932, NoOp Chain Depth 64 Size 0 Mode ref, Ref Stage 12, run, start, 9199870527991050
1787080804.689954, NoOp Chain Depth 64 Size 0 Mode ref, Ref Stage 12, run, end, 9199870528012682
1787080804.689969, NoOp Chain Depth 64 Size 0 Mode ref, Ref Stage 13, run, start, 9199870528028154
1787080804.689989, NoOp Chain Depth 64 Size 0 Mode ref, Ref Stage 13, run, end, 9199870528048074
1787080804.690003, NoOp Chain Depth 64 Size 0 Mode ref, Ref Stage 14, run, start, 9199870528062298
1787080804.690023, NoOp Chain Depth 64 Size 0 Mode ref, Ref Stage 14, run, end, 9199870528081962
1787080804.690038, NoOp Chain Depth 64 Size 0 Mode ref, Ref Stage 15, run, start, 9199870528097050
1787080804.690058, NoOp Chain Depth 64 Size 0 Mode ref, Ref Stage 15, run, end, 9199870528117482
1787080804.690073, NoOp Chain Depth 64 Size 0 Mode ref, Ref Stage 16, run, start, 9199870528131882
1787080804.690093, NoOp Chain Depth 64 Size 0 Mode ref, Ref Stage 16, run, end, 9199870528152186
1787080804.690107, NoOp Chain Depth 64 Size 0 Mode ref, Ref Stage 17, run, start, 9199870528166426
1787080804.690127, NoOp Chain Depth 64 Size 0 Mode ref, Ref Stage 17, run, end, 9199870528186282
1787080804.690213, NoOp Chain Depth 64 Size 0 Mode ref, Ref Stage 18, run, start, 9199870528272554
1787080804.690238, NoOp Chain Depth 64 Size 0 Mode ref, Ref Stage 18, run, end, 9199870528297194
1787080804.690250, NoOp Chain Depth 64 Size 0 Mode ref, Ref Stage 19, run, start, 9199870528309482
1787080804.690284, NoOp Chain Depth 64 Size 0 Mode ref, Ref Stage 19, run, end, 9199870528343786
1787080804.690300, NoOp Chain Depth 64 Size 0 Mode ref, Ref Stage 20, run, start, 9199870528358730
1787080804.690321, NoOp Chain Depth 64 Size 0 Mode ref, Ref Stage 20, run, end, 9199870528380090
1787080804.690335, NoOp Chain Depth 64 Size 0 Mode ref, Ref Stage 21, run, start, 9199870528394490
1787080804.690357, NoOp Chain Depth 64 Size 0 Mode ref, Ref Stage 21, run, end, 9199870528416202
1787080804.690369, NoOp Chain Depth 64 Size 0 Mode ref, Ref Stage 22, run, start, 9199870528428394
1787080804.690399, NoOp Chain Depth 64 Size 0 Mode ref, Ref Stage 22, run, end, 9199870528458682
1787080804.690414, NoOp Chain Depth 64 Size 0 Mode ref, Ref Stage 23, run, start, 9199870528473482
1787080804.690434, NoOp Chain Depth 64 Size 0 Mode ref, Ref Stage 23, run, end, 9199870528493114
1787080804.690448, NoOp Chain Depth 64 Size 0 Mode ref, Ref Stage 24, run, start, 9199870528507386
1787080804.690468, NoOp Chain Depth 64 Size 0 Mode ref, Ref Stage 24, run, end, 9199870528527018
1787080804.690482, NoOp Chain Depth 64 Size 0 Mode ref, Ref Stage 25, run, start, 9199870528541178
1787080804.690502, NoOp Chain Depth 64 Size 0 Mode ref, Ref Stage 25, run, end, 9199870528561722
1787080804.690517, NoOp Chain Depth 64 Size 0 Mode ref, Ref Stage 26, run, start, 9199870528576154
1787080804.690538, NoOp Chain Depth 64 Size 0 Mode ref, Ref Stage 26, run, end, 9199870528597594
1787080804.690552, NoOp Chain Depth 64 Size 0 Mode ref, Ref Stage 27, run, start, 9199870528611978
1787080804.690574, NoOp Chain Depth 64 Size 0 Mode ref, Ref Stage 27, run, end, 9199870528632986
1787080804.690588, NoOp Chain Depth 64 Size 0 Mode ref, Ref Stage 28, run, start, 9199870528647434
1787080804.690608, NoOp Chain Depth 64 Size 0 Mode ref, Ref Stage 28, run, end, 9199870528667418
1787080804.690623, NoOp Chain Depth 64 Size 0 Mode ref, Ref Stage 29, run, start, 9199870528681850
1787080804.690643, NoOp Chain Depth 64 Size 0 Mode ref, Ref Stage 29, run, end, 9199870528701850
1787080804.690658, NoOp Chain Depth 64 Size 0 Mode ref, Ref Stage 30, run, start, 9199870528717306
1787080804.690679, NoOp Chain Depth 64 Size 0 Mode ref, Ref Stage 30, run, end, 9199870528738330
1787080804.690693, NoOp Chain Depth 64 Size 0 Mode ref, Ref Stage 31, run, start, 9199870528752698
1787080804.690713, NoOp Chain Depth 64 Size 0 Mode ref, Ref Stage 31, run, end, 9199870528772682
1787080804.690728, NoOp Chain Depth 64 Size 0 Mode ref, Ref Stage 32, run, start, 9199870528787098
1787080804.690748, NoOp Chain Depth 64 Size 0 Mode ref, Ref Stage 32, run, end, 9199870528806858
1787080804.690762, NoOp Chain Depth 64 Size 0 Mode ref, Ref Stage 33, run, start, 9199870528821210
1787080804.690783, NoOp Chain Depth 64 Size 0 Mode ref, Ref Stage 33, run, end, 9199870528842282
1787080804.690797, NoOp Chain Depth 64 Size 0 Mode ref, Ref Stage 34, run, start, 9199870528856714
1787080804.690817, NoOp Chain Depth 64 Size 0 Mode ref, Ref Stage 34, run, end, 9199870528876714
1787080804.690832, NoOp Chain Depth 64 Size 0 Mode ref, Ref Stage 35, run, start, 9199870528891082
1787080804.690853, NoOp Chain Depth 64 Size 0 Mode ref, Ref Stage 35, run, end, 9199870528912266
1787080804.690867, NoOp Chain Depth 64 Size 0 Mode ref, Ref Stage 36, run, start, 9199870528926810
1787080804.690892, NoOp Chain Depth 64 Size 0 Mode ref, Ref Stage 36, run, end, 9199870528951194
1787080804.690907, NoOp Chain Depth 64 Size 0 Mode ref, Ref Stage 37, run, start, 9199870528965962
1787080804.690926, NoOp Chain Depth 64 Size 0 Mode ref, Ref Stage 37, run, end, 9199870528985738
1787080804.690941, NoOp Chain Depth 64 Size 0 Mode ref, Ref Stage 38, run, start, 9199870528999930
1787080804.690963, NoOp Chain Depth 64 Size 0 Mode ref, Ref Stage 38, run, end, 9199870529022586
1787080804.690978, NoOp Chain Depth 64 Size 0 Mode ref, Ref Stage 39, run, start, 9199870529036954
1787080804.690998, NoOp Chain Depth 64 Size 0 Mode ref, Ref Stage 39, run, end, 9199870529057018
1787080804.691012, NoOp Chain Depth 64 Size 0 Mode ref, Ref Stage 40, run, start, 9199870529071466
1787080804.691034, NoOp Chain Depth 64 Size 0 Mode ref, Ref Stage 40, run, end, 9199870529093050
1787080804.691048, NoOp Chain Depth 64 Size 0 Mode ref, Ref Stage 41, run, start, 9199870529107290
1787080804.691069, NoOp Chain Depth 64 Size 0 Mode ref, Ref Stage 41, run, end, 9199870529128506
1787080804.691084, NoOp Chain Depth 64 Size 0 Mode ref, Ref Stage 42, run, start, 9199870529143370
1787080804.691104, NoOp Chain Depth 64 Size 0 Mode ref, Ref Stage 42, run, end, 9199870529163338
1787080804.691118, NoOp Chain Depth 64 Size 0 Mode ref, Ref Stage 43, run, start, 9199870529177850
1787080804.691138, NoOp Chain Depth 64 Size 0 Mode ref, Ref Stage 43, run, end, 9199870529197498
1787080804.691154, NoOp Chain Depth 64 Size 0 Mode ref, Ref Stage 44, run, start, 9199870529212810
1787080804.691176, NoOp Chain Depth 64 Size 0 Mode ref, Ref Stage 44, run, end, 9199870529235818
1787080804.691188, NoOp Chain Depth 64 Size 0 Mode ref, Ref Stage 45, run, start, 9199870529247642
1787080804.691739, NoOp Chain Depth 64 Size 0 Mode ref, Ref Stage 45, run, end, 9199870529799114
1787080804.691755, NoOp Chain Depth 64 Size 0 Mode ref, Ref Stage 46, run, start, 9199870529814586
1787080804.691776, NoOp Chain Depth 64 Size 0 Mode ref, Ref Stage 46, run, end, 9199870529835114
1787080804.691790, NoOp Chain Depth 64 Size 0 Mode ref, Ref Stage 47, run, start, 9199870529849738
1787080804.691812, NoOp Chain Depth 64 Size 0 Mode ref, Ref Stage 47, run, end, 9199870529871626
1787080804.691827, NoOp Chain Depth 64 Size 0 Mode ref, Ref Stage 48, run, start, 9199870529886282
1787080804.691847, NoOp Chain Depth 64 Size 0 Mode ref, Ref Stage 48, run, end, 9199870529906330
1787080804.691862, NoOp Chain Depth 64 Size 0 Mode ref, Ref Stage 49, run, start, 9199870529921002
1787080804.691883, NoOp Chain Depth 64 Size 0 Mode ref, Ref Stage 49, run, end, 9199870529942426
1787080804.691895, NoOp Chain Depth 64 Size 0 Mode ref, Ref Stage 50, run, start, 9199870529954074
1787080804.691924, NoOp Chain Depth 64 Size 0 Mode ref, Ref Stage 50, run, end, 9199870529983674
1787080804.691939, NoOp Chain Depth 64 Size 0 Mode ref, Ref Stage 51, run, start, 9199870529998554
1787080804.691962, NoOp Chain Depth 64 Size 0 Mode ref, Ref Stage 51, run, end, 9199870530021498
1787080804.691977, NoOp Chain Depth 64 Size 0 Mode ref, Ref Stage 52, run, start, 9199870530036250
1787080804.691998, NoOp Chain Depth 64 Size 0 Mode ref, Ref Stage 52, run, end, 9199870530057562
1787080804.692013, NoOp Chain Depth 64 Size 0 Mode ref, Ref Stage 53, run, start, 9199870530072058
1787080804.692034, NoOp Chain Depth 64 Size 0 Mode ref, Ref Stage 53, run, end, 9199870530093066
1787080804.692048, NoOp Chain Depth 64 Size 0 Mode ref, Ref Stage 54, run, start, 9199870530107610
1787080804.692072, NoOp Chain Depth 64 Size 0 Mode ref, Ref Stage 54, run, end, 9199870530131178
1787080804.692539, NoOp Chain Depth 64 Size 0 Mode ref, Ref Stage 55, run, start, 9199870530599050
1787080804.692682, NoOp Chain Depth 64 Size 0 Mode ref, Ref Stage 55, run, end, 9199870530741210
1787080804.692697, NoOp Chain Depth 64 Size 0 Mode ref, Ref Stage 56, run, start, 9199870530755978
1787080804.692717, NoOp Chain Depth 64 Size 0 Mode ref, Ref Stage 56, run, end, 9199870530776058
1787080804.692731, NoOp Chain Depth 64 Size 0 Mode ref, Ref Stage 57, run, start, 9199870530790794
1787080804.692752, NoOp Chain Depth 64 Size 0 Mode ref, Ref Stage 57, run, end, 9199870530810810
1787080804.692766, NoOp Chain Depth 64 Size 0 Mode ref, Ref Stage 58, run, start, 9199870530825146
1787080804.692786, NoOp Chain Depth 64 Size 0 Mode ref, Ref Stage 58, run, end, 9199870530844634
1787080804.692800, NoOp Chain Depth 64 Size 0 Mode ref, Ref Stage 59, run, start, 9199870530859290
1787080804.693185, NoOp Chain Depth 64 Size 0 Mode ref, Ref Stage 59, run, end, 9199870531244554
1787080804.693321, NoOp Chain Depth 64 Size 0 Mode ref, Ref Stage 60, run, start, 9199870531380362
1787080804.693342, NoOp Chain Depth 64 Size 0 Mode ref, Ref Stage 60, run, end, 9199870531401354
1787080804.693357, NoOp Chain Depth 64 Size 0 Mode ref, Ref Stage 61, run, start, 9199870531415850
1787080804.693376, NoOp Chain Depth 64 Size 0 Mode ref, Ref Stage 61, run, end, 9199870531435626
1787080804.693391, NoOp Chain Depth 64 Size 0 Mode ref, Ref Stage 62, run, start, 9199870531450074
1787080804.693410, NoOp Chain Depth 64 Size 0 Mode ref, Ref Stage 62, run, end, 9199870531469546
1787080804.693425, NoOp Chain Depth 64 Size 0 Mode ref, Ref Stage 63, run, start, 9199870531483930
1787080804.693444, NoOp Chain Depth 64 Size 0 Mode ref, Ref Stage 63, run, end, 9199870531503274
1787080804.693459, NoOp Chain Depth 64 Size 0 Mode ref, pipeline - train, run, end, 90643644949584294499377258763164265996, 1787080804.688902, 70, 1, 9199870531518010
1787080804.693497, NoOp Chain Depth 64 Size 0 Mode ref, pipeline - train, run, start, 47327481564582250664368036367351969231, 1787080804.693484, 71, 1, 9199870531556426
1787080804.693519, NoOp Chain Depth 64 Size 0 Mode ref, Ref Stage 0, run, start, 9199870531578602
1787080804.693540, NoOp Chain Depth 64 Size 0 Mode ref, Ref Stage 0, run, end, 9199870531598778
1787080804.693554, NoOp Chain Depth 64 Size 0 Mode ref, Ref Stage 1, run, start, 9199870531613802
1787080804.693575, NoOp Chain Depth 64 Size 0 Mode ref, Ref Stage 1, run, end, 9199870531633818
1787080804.693589, NoOp Chain Depth 64 Size 0 Mode ref, Ref Stage 2, run, start, 9199870531648314
1787080804.693611, NoOp Chain Depth 64 Size 0 Mode ref, Ref Stage 2, run, end, 9199870531670362
1787080804.693626, NoOp Chain Depth 64 Size 0 Mode ref, Ref Stage 3, run, start, 9199870531685242
1787080804.693645, NoOp Chain Depth 64 Size 0 Mode ref, Ref Stage 3, run, end, 9199870531704906
1787080804.693660, NoOp Chain Depth 64 Size 0 Mode ref, Ref Stage 4, run, start, 9199870531719402
1787080804.693680, NoOp Chain Depth 64 Size 0 Mode ref, Ref Stage 4, run, end, 9199870531739402
1787080804.693695, NoOp Chain Depth 64 Size 0 Mode ref, Ref Stage 5, run, start, 9199870531754250
1787080804.693715, NoOp Chain Depth 64 Size 0 Mode ref, Ref Stage 5, run, end, 9199870531774474
1787080804.693730, NoOp Chain Depth 64 Size 0 Mode ref, Ref Stage 6, run, start, 9199870531788874
1787080804.693751, NoOp Chain Depth 64 Size 0 Mode ref, Ref Stage 6, run, end, 9199870531809978
1787080804.693765, NoOp Chain Depth 64 Size 0 Mode ref, Ref Stage 7, run, start, 9199870531824618
1787080804.693787, NoOp Chain Depth 64 Size 0 Mode ref, Ref Stage 7, run, end, 9199870531846138
1787080804.693798, NoOp Chain Depth 64 Size 0 Mode ref, Ref Stage 8, run, start, 9199870531857802
1787080804.693830, NoOp Chain Depth 64 Size 0 Mode ref, Ref Stage 8, run, end, 9199870531889530
1787080804.693842, NoOp Chain Depth 64 Size 0 Mode ref, Ref Stage 9, run, start, 9199870531901258
1787080804.693872, NoOp Chain Depth 64 Size 0 Mode ref, Ref Stage 9, run, end, 9199870531931194
1787080804.693887, NoOp Chain Depth 64 Size 0 Mode ref, Ref Stage 10, run, start, 9199870531945850
1787080804.693908, NoOp Chain Depth 64 Size 0 Mode ref, Ref Stage 10, run, end, 9199870531967146
1787080804.693923, NoOp Chain Depth 64 Size 0 Mode ref, Ref Stage 11, run, start, 9199870531981898
1787080804.693947, NoOp Chain Depth 64 Size 0 Mode ref, Ref Stage 11, run, end, 9199870532006202
1787080804.693962, NoOp Chain Depth 64 Size 0 Mode ref, Ref Stage 12, run, start, 9199870532021306
1787080804.693983, NoOp Chain Depth 64 Size 0 Mode ref, Ref Stage 12, run, end, 9199870532042634
1787080804.693998, NoOp Chain Depth 64 Size 0 Mode ref, Ref Stage 13, run, start, 9199870532056826
1787080804.694018, NoOp Chain Depth 64 Size 0 Mode ref, Ref Stage 13, run, end, 9199870532076778
1787080804.694032, NoOp Chain Depth 64 Size 0 Mode ref, Ref Stage 14, run, start, 9199870532091178
1787080804.694052, NoOp Chain Depth 64 Size 0 Mode ref, Ref Stage 14, run, end, 9199870532110954
1787080804.694066, NoOp Chain Depth 64 Size 0 Mode ref, Ref Stage 15, run, start, 9199870532125386
1787080804.694086, NoOp Chain Depth 64 Size 0 Mode ref, Ref Stage 15, run, end, 9199870532145194
1787080804.694100, NoOp Chain Depth 64 Size 0 Mode ref, Ref Stage 16, run, start, 9199870532159706
1787080804.694121, NoOp Chain Depth 64 Size 0 Mode ref, Ref Stage 16, run, end, 9199870532180634
1787080804.694138, NoOp Chain Depth 64 Size 0 Mode ref, Ref Stage 17, run, start, 9199870532197130
1787080804.694158, NoOp Chain Depth 64 Size 0 Mode ref, Ref Stage 17, run, end, 9199870532217226
1787080804.694174, NoOp Chain Depth 64 Size 0 Mode ref, Ref Stage 18, run, start, 9199870532233290
1787080804.694195, NoOp Chain Depth 64 Size 0 Mode ref, Ref Stage 18, run, end, 9199870532254394
1787080804.694207, NoOp Chain Depth 64 Size 0 Mode ref, Ref Stage 19, run, start, 9199870532266122
1787080804.694238, NoOp Chain Depth 64 Size 0 Mode ref, Ref Stage 19, run, end, 9199870532297402
1787080804.694720, NoOp Chain Depth 64 Size 0 Mode ref, Ref Stage 20, run, start, 9199870532779802
1787080804.694862, NoOp Chain Depth 64 Size 0 Mode ref, Ref Stage 20, run, end, 9199870532921834
1787080804.694878, NoOp Chain Depth 64 Size 0 Mode ref, Ref Stage 21, run, start, 9199870532937498
1787080804.694899, NoOp Chain Depth 64 Size 0 Mode ref, Ref Stage 21, run, end, 9199870532958043
1787080804.694914, NoOp Chain Depth 64 Size 0 Mode ref, Ref Stage 22, run, start, 9199870532972955
1787080804.694935, NoOp Chain Depth 64 Size 0 Mode ref, Ref Stage 22, run, end, 9199870532994731
1787080804.694952, NoOp Chain Depth 64 Size 0 Mode ref, Ref Stage 23, run, start, 9199870533011147
1787080804.694986, NoOp Chain Depth 64 Size 0 Mode ref, Ref Stage 23, run, end, 9199870533045259
1787080804.695001, NoOp Chain Depth 64 Size 0 Mode ref, Ref Stage 24, run, start, 9199870533060075
1787080804.695020, NoOp Chain Depth 64 Size 0 Mode ref, Ref Stage 24, run, end, 9199870533079947
1787080804.695035, NoOp Chain Depth 64 Size 0 Mode ref, Ref Stage 25, run, start, 9199870533094427
1787080804.695055, NoOp Chain Depth 64 Size 0 Mode ref, Ref Stage 25, run, end, 9199870533114187
1787080804.695070, NoOp Chain Depth 64 Size 0 Mode ref, Ref Stage 26, run, start, 9199870533128843
1787080804.695090, NoOp Chain Depth 64 Size 0 Mode ref, Ref Stage 26, run, end, 9199870533148859
1787080804.695104, NoOp Chain Depth 64 Size 0 Mode ref, Ref Stage 27, run, start, 9199870533163387
1787080804.695127, NoOp Chain Depth 64 Size 0 Mode ref, Ref Stage 27, run, end, 9199870533186955
1787080804.695139, NoOp Chain Depth 64 Size 0 Mode ref, Ref Stage 28, run, start, 9199870533198731
1787080804.695172, NoOp Chain Depth 64 Size 0 Mode ref, Ref Stage 28, run, end, 9199870533231243
1787080804.695187, NoOp Chain Depth 64 Size 0 Mode ref, Ref Stage 29, run, start, 9199870533246299
1787080804.695207, NoOp Chain Depth 64 Size 0 Mode ref, Ref Stage 29, run, end, 9199870533266267
1787080804.695221, NoOp Chain Depth 64 Size 0 Mode ref, Ref Stage 30, run, start, 9199870533280699
1787080804.695241, NoOp Chain Depth 64 Size 0 Mode ref, Ref Stage 30, run, end, 9199870533300347
1787080804.695256, NoOp Chain Depth 64 Size 0 Mode ref, Ref Stage 31, run, start, 9199870533314891
1787080804.695275, NoOp Chain Depth 64 Size 0 Mode ref, Ref Stage 31, run, end, 9199870533334683
1787080804.695290, NoOp Chain Depth 64 Size 0 Mode ref, Ref Stage 32, run, start, 9199870533349083
1787080804.695311, NoOp Chain Depth 64 Size 0 Mode ref, Ref Stage 32, run, end, 9199870533370059
1787080804.695325, NoOp Chain Depth 64 Size 0 Mode ref, Ref Stage 33, run, start, 9199870533384427
1787080804.695346, NoOp Chain Depth 64 Size 0 Mode ref, Ref Stage 33, run, end, 9199870533405195
1787080804.695360, NoOp Chain Depth 64 Size 0 Mode ref, Ref Stage 34, run, start, 9199870533419931
1787080804.695381, NoOp Chain Depth 64 Size 0 Mode ref, Ref Stage 34, run, end, 9199870533440075
1787080804.695395, NoOp Chain Depth 64 Size 0 Mode ref, Ref Stage 35, run, start, 9199870533454635
1787080804.695415, NoOp Chain Depth 64 Size 0 Mode ref, Ref Stage 35, run, end, 9199870533474875
1787080804.695430, NoOp Chain Depth 64 Size 0 Mode ref, Ref Stage 36, run, start, 9199870533489467
1787080804.695451, NoOp Chain Depth 64 Size 0 Mode ref, Ref Stage 36, run, end, 9199870533510731
1787080804.695466, NoOp Chain Depth 64 Size 0 Mode ref, Ref Stage 37, run, start, 9199870533525195
1787080804.695486, NoOp Chain Depth 64 Size 0 Mode ref, Ref Stage 37, run, end, 9199870533545275
1787080804.695501, NoOp Chain Depth 64 Size 0 Mode ref, Ref Stage 38, run, start, 9199870533560363
1787080804.695524, NoOp Chain Depth 64 Size 0 Mode ref, Ref Stage 38, run, end, 9199870533582827
1787080804.695535, NoOp Chain Depth 64 Size 0 Mode ref, Ref Stage 39, run, start, 9199870533594811
1787080804.695567, NoOp Chain Depth 64 Size 0 Mode ref, Ref Stage 39, run, end, 9199870533626315
1787080804.695582, NoOp Chain Depth 64 Size 0 Mode ref, Ref Stage 40, run, start, 9199870533640987
1787080804.695602, NoOp Chain Depth 64 Size 0 Mode ref, Ref Stage 40, run, end, 9199870533661035
1787080804.695617, NoOp Chain Depth 64 Size 0 Mode ref, Ref Stage 41, run, start, 9199870533676139
1787080804.695637, NoOp Chain Depth 64 Size 0 Mode ref, Ref Stage 41, run, end, 9199870533696267
1787080804.695652, NoOp Chain Depth 64 Size 0 Mode ref, Ref Stage 42, run, start, 9199870533711755
1787080804.695673, NoOp Chain Depth 64 Size 0 Mode ref, Ref Stage 42, run, end, 9199870533732107
1787080804.695688, NoOp Chain Depth 64 Size 0 Mode ref, Ref Stage 43, run, start, 9199870533747451
1787080804.695747, NoOp Chain Depth 64 Size 0 Mode ref, Ref Stage 43, run, end, 9199870533807067
1787080804.695761, NoOp Chain Depth 64 Size 0 Mode ref, Ref Stage 44, run, start, 9199870533820299
1787080804.695797, NoOp Chain Depth 64 Size 0 Mode ref, Ref Stage 44, run, end, 9199870533856123
1787080804.695812, NoOp Chain Depth 64 Size 0 Mode ref, Ref Stage 45, run, start, 9199870533871019
1787080804.695833, NoOp Chain Depth 64 Size 0 Mode ref, Ref Stage 45, run, end, 9199870533892107
1787080804.695847, NoOp Chain Depth 64 Size 0 Mode ref, Ref Stage 46, run, start, 9199870533906667
1787080804.695867, NoOp Chain Depth 64 Size 0 Mode ref, Ref Stage 46, run, end, 9199870533926443
1787080804.695882, NoOp Chain Depth 64 Size 0 Mode ref, Ref Stage 47, run, start, 9199870533941019
1787080804.695901, NoOp Chain Depth 64 Size 0 Mode ref, Ref Stage 47, run, end, 9199870533960667
1787080804.695916, NoOp Chain Depth 64 Size 0 Mode ref, Ref Stage 48, run, start, 9199870533975387
1787080804.696285, NoOp Chain Depth 64 Size 0 Mode ref, Ref Stage 48, run, end, 9199870534345051
1787080804.696428, NoOp Chain Depth 64 Size 0 Mode ref, Ref Stage 49, run, start, 9199870534487387
1787080804.696450, NoOp Chain Depth 64 Size 0 Mode ref, Ref Stage 49, run, end, 9199870534509099
1787080804.696465, NoOp Chain Depth 64 Size 0 Mode ref, Ref Stage 50, run, start, 9199870534523915
1787080804.696485, NoOp Chain Depth 64 Size 0 Mode ref, Ref Stage 50, run, end, 9199870534543867
1787080804.696499, NoOp Chain Depth 64 Size 0 Mode ref, Ref Stage 51, run, start, 9199870534558443
1787080804.696519, NoOp Chain Depth 64 Size 0 Mode ref, Ref Stage 51, run, end, 9199870534578171
1787080804.696533, NoOp Chain Depth 64 Size 0 Mode ref, Ref Stage 52, run, start, 9199870534592619
1787080804.696553, NoOp Chain Depth 64 Size 0 Mode ref, Ref Stage 52, run, end, 9199870534612203
1787080804.696567, NoOp Chain Depth 64 Size 0 Mode ref, Ref Stage 53, run, start, 9199870534626475
1787080804.696589, NoOp Chain Depth 64 Size 0 Mode ref, Ref Stage 53, run, end, 9199870534647867
1787080804.696600, NoOp Chain Depth 64 Size 0 Mode ref, Ref Stage 54, run, start, 9199870534659419
1787080804.696630, NoOp Chain Depth 64 Size 0 Mode ref, Ref Stage 54, run, end, 9199870534689099
1787080804.696644, NoOp Chain Depth 64 Size 0 Mode ref, Ref Stage 55, run, start, 9199870534703931
1787080804.696665, NoOp Chain Depth 64 Size 0 Mode ref, Ref Stage 55, run, end, 9199870534724411
1787080804.696680, NoOp Chain Depth 64 Size 0 Mode ref, Ref Stage 56, run, start, 9199870534739051
1787080804.696701, NoOp Chain Depth 64 Size 0 Mode ref, Ref Stage 56, run, end, 9199870534760315
1787080804.696718, NoOp Chain Depth 64 Size 0 Mode ref, Ref Stage 57, run, start, 9199870534777387
1787080804.696739, NoOp Chain Depth 64 Size 0 Mode ref, Ref Stage 57, run, end, 9199870534798475
1787080804.696754, NoOp Chain Depth 64 Size 0 Mode ref, Ref Stage 58, run, start, 9199870534813019
1787080804.696775, NoOp Chain Depth 64 Size 0 Mode ref, Ref Stage 58, run, end, 9199870534834443
1787080804.696787, NoOp Chain Depth 64 Size 0 Mode ref, Ref Stage 59, run, start, 9199870534846027
1787080804.696816, NoOp Chain Depth 64 Size 0 Mode ref, Ref Stage 59, run, end, 9199870534875659
1787080804.696831, NoOp Chain Depth 64 Size 0 Mode ref, Ref Stage 60, run, start, 9199870534890187
1787080804.696853, NoOp Chain Depth 64 Size 0 Mode ref, Ref Stage 60, run, end, 9199870534911931
1787080804.696867, NoOp Chain Depth 64 Size 0 Mode ref, Ref Stage 61, run, start, 9199870534925963
1787080804.696889, NoOp Chain Depth 64 Size 0 Mode ref, Ref Stage 61, run, end, 9199870534948299
1787080804.696901, NoOp Chain Depth 64 Size 0 Mode ref, Ref Stage 62, run, start, 9199870534959963
1787080804.696990, NoOp Chain Depth 64 Size 0 Mode ref, Ref Stage 62, run, end, 9199870535049211
1787080804.697006, NoOp Chain Depth 64 Size 0 Mode ref, Ref Stage 63, run, start, 9199870535065339
1787080804.697026, NoOp Chain Depth 64 Size 0 Mode ref, Ref Stage 63, run, end, 9199870535085147
1787080804.697040, NoOp Chain Depth 64 Size 0 Mode ref, pipeline - train, run, end, 47327481564582250664368036367351969231, 1787080804.693484, 71, 1, 9199870535099899
1787080804.697078, NoOp Chain Depth 64 Size 0 Mode ref, pipeline - train, run, start, 232742018276722497103120274355613321576, 1787080804.697067, 72, 1, 9199870535136923
1787080804.697115, NoOp Chain Depth 64 Size 0 Mode ref, Ref Stage 0, run, start, 9199870535174459
1787080804.697136, NoOp Chain Depth 64 Size 0 Mode ref, Ref Stage 0, run, end, 9199870535195227
1787080804.697151, NoOp Chain Depth 64 Size 0 Mode ref, Ref Stage 1, run, start, 9199870535209979
1787080804.697171, NoOp Chain Depth 64 Size 0 Mode ref, Ref Stage 1, run, end, 9199870535230235
1787080804.697185, NoOp Chain Depth 64 Size 0 Mode ref, Ref Stage 2, run, start, 9199870535244603
1787080804.697205, NoOp Chain Depth 64 Size 0 Mode ref, Ref Stage 2, run, end, 9199870535264507
1787080804.697219, NoOp Chain Depth 64 Size 0 Mode ref, Ref Stage 3, run, start, 9199870535278635
1787080804.697239, NoOp Chain Depth 64 Size 0 Mode ref, Ref Stage 3, run, end, 9199870535298507
1787080804.697253, NoOp Chain Depth 64 Size 0 Mode ref, Ref Stage 4, run, start, 9199870535312731
1787080804.697273, NoOp Chain Depth 64 Size 0 Mode ref, Ref Stage 4, run, end, 9199870535332747
1787080804.697288, NoOp Chain Depth 64 Size 0 Mode ref, Ref Stage 5, run, start, 9199870535346939
1787080804.697309, NoOp Chain Depth 64 Size 0 Mode ref, Ref Stage 5, run, end, 9199870535368059
1787080804.697323, NoOp Chain Depth 64 Size 0 Mode ref, Ref Stage 6, run, start, 9199870535382315
1787080804.697344, NoOp Chain Depth 64 Size 0 Mode ref, Ref Stage 6, run, end, 9199870535403323
1787080804.697361, NoOp Chain Depth 64 Size 0 Mode ref, Ref Stage 7, run, start, 9199870535419803
1787080804.697382, NoOp Chain Depth 64 Size 0 Mode ref, Ref Stage 7, run, end, 9199870535441419
1787080804.697394, NoOp Chain Depth 64 Size 0 Mode ref, Ref Stage 8, run, start, 9199870535453019
1787080804.697424, NoOp Chain Depth 64 Size 0 Mode ref, Ref Stage 8, run, end, 9199870535482795
1787080804.697438, NoOp Chain Depth 64 Size 0 Mode ref, Ref Stage 9, run, start, 9199870535497291
1787080804.697459, NoOp Chain Depth 64 Size 0 Mode ref, Ref Stage 9, run, end, 9199870535518507
1787080804.697474, NoOp Chain Depth 64 Size 0 Mode ref, Ref Stage 10, run, start, 9199870535532891
1787080804.697494, NoOp Chain Depth 64 Size 0 Mode ref, Ref Stage 10, run, end, 9199870535552923
1787080804.697508, NoOp Chain Depth 64 Size 0 Mode ref, Ref Stage 11, run, start, 9199870535567579
1787080804.697528, NoOp Chain Depth 64 Size 0 Mode ref, Ref Stage 11, run, end, 9199870535587451
1787080804.697542, NoOp Chain Depth 64 Size 0 Mode ref, Ref Stage 12, run, start, 9199870535601723
1787080804.697565, NoOp Chain Depth 64 Size 0 Mode ref, Ref Stage 12, run, end, 9199870535624171
1787080804.697579, NoOp Chain Depth 64 Size 0 Mode ref, Ref Stage 13, run, start, 9199870535638651
1787080804.697599, NoOp Chain Depth 64 Size 0 Mode ref, Ref Stage 13, run, end, 9199870535658331
1787080804.697613, NoOp Chain Depth 64 Size 0 Mode ref, Ref Stage 14, run, start, 9199870535672667
1787080804.697633, NoOp Chain Depth 64 Size 0 Mode ref, Ref Stage 14, run, end, 9199870535692475
1787080804.697647, NoOp Chain Depth 64 Size 0 Mode ref, Ref Stage 15, run, start, 9199870535706843
1787080804.697667, NoOp Chain Depth 64 Size 0 Mode ref, Ref Stage 15, run, end, 9199870535726475
1787080804.697681, NoOp Chain Depth 64 Size 0 Mode ref, Ref Stage 16, run, start, 9199870535740667
1787080804.697701, NoOp Chain Depth 64 Size 0 Mode ref, Ref Stage 16, run, end, 9199870535760475
1787080804.697716, NoOp Chain Depth 64 Size 0 Mode ref, Ref Stage 17, run, start, 9199870535774747
1787080804.697738, NoOp Chain Depth 64 Size 0 Mode ref, Ref Stage 17, run, end, 9199870535797403
1787080804.697750, NoOp Chain Depth 64 Size 0 Mode ref, Ref Stage 18, run, start, 9199870535809131
1787080804.697779, NoOp Chain Depth 64 Size 0 Mode ref, Ref Stage 18, run, end, 9199870535838587
1787080804.697794, NoOp Chain Depth 64 Size 0 Mode ref, Ref Stage 19, run, start, 9199870535853019
1787080804.697814, NoOp Chain Depth 64 Size 0 Mode ref, Ref Stage 19, run, end, 9199870535872811
1787080804.697828, NoOp Chain Depth 64 Size 0 Mode ref, Ref Stage 20, run, start, 9199870535887115
1787080804.697850, NoOp Chain Depth 64 Size 0 Mode ref, Ref Stage 20, run, end, 9199870535909227
1787080804.697864, NoOp Chain Depth 64 Size 0 Mode ref, Ref Stage 21, run, start, 9199870535923515
1787080804.697884, NoOp Chain Depth 64 Size 0 Mode ref, Ref Stage 21, run, end, 9199870535944539
1787080804.697902, NoOp Chain Depth 64 Size 0 Mode ref, Ref Stage 22, run, start, 9199870535961595
1787080804.697924, NoOp Chain Depth 64 Size 0 Mode ref, Ref Stage 22, run, end, 9199870535983115
1787080804.697937, NoOp Chain Depth 64 Size 0 Mode ref, Ref Stage 23, run, start, 9199870535995979
1787080804.698568, NoOp Chain Depth 64 Size 0 Mode ref, Ref Stage 23, run, end, 9199870536628395
1787080804.698585, NoOp Chain Depth 64 Size 0 Mode ref, Ref Stage 24, run, start, 9199870536644027
1787080804.698607, NoOp Chain Depth 64 Size 0 Mode ref, Ref Stage 24, run, end, 9199870536666235
1787080804.698619, NoOp Chain Depth 64 Size 0 Mode ref, Ref Stage 25, run, start, 9199870536678043
1787080804.698649, NoOp Chain Depth 64 Size 0 Mode ref, Ref Stage 25, run, end, 9199870536707835
1787080804.698663, NoOp Chain Depth 64 Size 0 Mode ref, Ref Stage 26, run, start, 9199870536722395
1787080804.698683, NoOp Chain Depth 64 Size 0 Mode ref, Ref Stage 26, run, end, 9199870536742315
1787080804.698699, NoOp Chain Depth 64 Size 0 Mode ref, Ref Stage 27, run, start, 9199870536758699
1787080804.698720, NoOp Chain Depth 64 Size 0 Mode ref, Ref Stage 27, run, end, 9199870536778699
1787080804.698735, NoOp Chain Depth 64 Size 0 Mode ref, Ref Stage 28, run, start, 9199870536794395
1787080804.698757, NoOp Chain Depth 64 Size 0 Mode ref, Ref Stage 28, run, end, 9199870536816123
1787080804.698769, NoOp Chain Depth 64 Size 0 Mode ref, Ref Stage 29, run, start, 9199870536827883
1787080804.698799, NoOp Chain Depth 64 Size 0 Mode ref, Ref Stage 29, run, end, 9199870536858187
1787080804.698813, NoOp Chain Depth 64 Size 0 Mode ref, Ref Stage 30, run, start, 9199870536872539
1787080804.698833, NoOp Chain Depth 64 Size 0 Mode ref, Ref Stage 30, run, end, 9199870536892395
1787080804.698848, NoOp Chain Depth 64 Size 0 Mode ref, Ref Stage 31, run, start, 9199870536906763
1787080804.698867, NoOp Chain Depth 64 Size 0 Mode ref, Ref Stage 31, run, end, 9199870536926395
1787080804.698882, NoOp Chain Depth 64 Size 0 Mode ref, Ref Stage 32, run, start, 9199870536940763
1787080804.698901, NoOp Chain Depth 64 Size 0 Mode ref, Ref Stage 32, run, end, 9199870536960091
1787080804.698915, NoOp Chain Depth 64 Size 0 Mode ref, Ref Stage 33, run, start, 9199870536974203
1787080804.698936, NoOp Chain Depth 64 Size 0 Mode ref, Ref Stage 33, run, end, 9199870536995019
1787080804.698952, NoOp Chain Depth 64 Size 0 Mode ref, Ref Stage 34, run, start, 9199870537011515
1787080804.698974, NoOp Chain Depth 64 Size 0 Mode ref, Ref Stage 34, run, end, 9199870537033243
1787080804.698988, NoOp Chain Depth 64 Size 0 Mode ref, Ref Stage 35, run, start, 9199870537047819
1787080804.699008, NoOp Chain Depth 64 Size 0 Mode ref, Ref Stage 35, run, end, 9199870537067771
1787080804.699023, NoOp Chain Depth 64 Size 0 Mode ref, Ref Stage 36, run, start, 9199870537082155
1787080804.699043, NoOp Chain Depth 64 Size 0 Mode ref, Ref Stage 36, run, end, 9199870537101835
1787080804.699057, NoOp Chain Depth 64 Size 0 Mode ref, Ref Stage 37, run, start, 9199870537116171
1787080804.699078, NoOp Chain Depth 64 Size 0 Mode ref, Ref Stage 37, run, end, 9199870537137387
1787080804.699094, NoOp Chain Depth 64 Size 0 Mode ref, Ref Stage 38, run, start, 9199870537153403
1787080804.699115, NoOp Chain Depth 64 Size 0 Mode ref, Ref Stage 38, run, end, 9199870537174683
1787080804.699130, NoOp Chain Depth 64 Size 0 Mode ref, Ref Stage 39, run, start, 9199870537189147
1787080804.699151, NoOp Chain Depth 64 Size 0 Mode ref, Ref Stage 39, run, end, 9199870537210635
1787080804.699164, NoOp Chain Depth 64 Size 0 Mode ref, Ref Stage 40, run, start, 9199870537223467
1787080804.699194, NoOp Chain Depth 64 Size 0 Mode ref, Ref Stage 40, run, end, 9199870537253291
1787080804.699210, NoOp Chain Depth 64 Size 0 Mode ref, Ref Stage 41, run, start, 9199870537269003
1787080804.699231, NoOp Chain Depth 64 Size 0 Mode ref, Ref Stage 41, run, end, 9199870537290875
1787080804.699247, NoOp Chain Depth 64 Size 0 Mode ref, Ref Stage 42, run, start, 9199870537306107
1787080804.699267, NoOp Chain Depth 64 Size 0 Mode ref, Ref Stage 42, run, end, 9199870537326123
1787080804.699281, NoOp Chain Depth 64 Size 0 Mode ref, Ref Stage 43, run, start, 9199870537340539
1787080804.699303, NoOp Chain Depth 64 Size 0 Mode ref, Ref Stage 43, run, end, 9199870537361915
1787080804.699680, NoOp Chain Depth 64 Size 0 Mode ref, Ref Stage 44, run, start, 9199870537740283
1787080804.699703, NoOp Chain Depth 64 Size 0 Mode ref, Ref Stage 44, run, end, 9199870537761947
1787080804.699833, NoOp Chain Depth 64 Size 0 Mode ref, Ref Stage 45, run, start, 9199870537892475
1787080804.699854, NoOp Chain Depth 64 Size 0 Mode ref, Ref Stage 45, run, end, 9199870537913627
1787080804.699869, NoOp Chain Depth 64 Size 0 Mode ref, Ref Stage 46, run, start, 9199870537928587
1787080804.699889, NoOp Chain Depth 64 Size 0 Mode ref, Ref Stage 46, run, end, 9199870537948379
1787080804.699903, NoOp Chain Depth 64 Size 0 Mode ref, Ref Stage 47, run, start, 9199870537962907
1787080804.699925, NoOp Chain Depth 64 Size 0 Mode ref, Ref Stage 47, run, end, 9199870537984891
1787080804.699937, NoOp Chain Depth 64 Size 0 Mode ref, Ref Stage 48, run, start, 9199870537996411
1787080804.699970, NoOp Chain Depth 64 Size 0 Mode ref, Ref Stage 48, run, end, 9199870538029499
1787080804.699987, NoOp Chain Depth 64 Size 0 Mode ref, Ref Stage 49, run, start, 9199870538046027
1787080804.700007, NoOp Chain Depth 64 Size 0 Mode ref, Ref Stage 49, run, end, 9199870538065979
1787080804.700021, NoOp Chain Depth 64 Size 0 Mode ref, Ref Stage 50, run, start, 9199870538080555
1787080804.700041, NoOp Chain Depth 64 Size 0 Mode ref, Ref Stage 50, run, end, 9199870538100827
1787080804.700056, NoOp Chain Depth 64 Size 0 Mode ref, Ref Stage 51, run, start, 9199870538115403
1787080804.700077, NoOp Chain Depth 64 Size 0 Mode ref, Ref Stage 51, run, end, 9199870538136587
1787080804.700092, NoOp Chain Depth 64 Size 0 Mode ref, Ref Stage 52, run, start, 9199870538151163
1787080804.700113, NoOp Chain Depth 64 Size 0 Mode ref, Ref Stage 52, run, end, 9199870538172379
1787080804.700128, NoOp Chain Depth 64 Size 0 Mode ref, Ref Stage 53, run, start, 9199870538186747
1787080804.700149, NoOp Chain Depth 64 Size 0 Mode ref, Ref Stage 53, run, end, 9199870538208267
1787080804.700161, NoOp Chain Depth 64 Size 0 Mode ref, Ref Stage 54, run, start, 9199870538219723
1787080804.700190, NoOp Chain Depth 64 Size 0 Mode ref, Ref Stage 54, run, end, 9199870538248955
1787080804.700204, NoOp Chain Depth 64 Size 0 Mode ref, Ref Stage 55, run, start, 9199870538263467
1787080804.700224, NoOp Chain Depth 64 Size 0 Mode ref, Ref Stage 55, run, end, 9199870538283275
1787080804.700239, NoOp Chain Depth 64 Size 0 Mode ref, Ref Stage 56, run, start, 9199870538297979
1787080804.700260, NoOp Chain Depth 64 Size 0 Mode ref, Ref Stage 56, run, end, 9199870538318971
1787080804.700275, NoOp Chain Depth 64 Size 0 Mode ref, Ref Stage 57, run, start, 9199870538334603
1787080804.700295, NoOp Chain Depth 64 Size 0 Mode ref, Ref Stage 57, run, end, 9199870538354427
1787080804.700310, NoOp Chain Depth 64 Size 0 Mode ref, Ref Stage 58, run, start, 9199870538369723
1787080804.700332, NoOp Chain Depth 64 Size 0 Mode ref, Ref Stage 58, run, end, 9199870538391067
1787080804.700344, NoOp Chain Depth 64 Size 0 Mode ref, Ref Stage 59, run, start, 9199870538402811
1787080804.700373, NoOp Chain Depth 64 Size 0 Mode ref, Ref Stage 59, run, end, 9199870538432043
1787080804.700387, NoOp Chain Depth 64 Size 0 Mode ref, Ref Stage 60, run, start, 9199870538446427
1787080804.700407, NoOp Chain Depth 64 Size 0 Mode ref, Ref Stage 60, run, end, 9199870538466203
1787080804.700421, NoOp Chain Depth 64 Size 0 Mode ref, Ref Stage 61, run, start, 9199870538480651
1787080804.700444, NoOp Chain Depth 64 Size 0 Mode ref, Ref Stage 61, run, end, 9199870538503771
1787080804.700459, NoOp Chain Depth 64 Size 0 Mode ref, Ref Stage 62, run, start, 9199870538518155
1787080804.700484, NoOp Chain Depth 64 Size 0 Mode ref, Ref Stage 62, run, end, 9199870538543195
1787080804.700969, NoOp Chain Depth 64 Size 0 Mode ref, Ref Stage 63, run, start, 9199870539028939
1787080804.700992, NoOp Chain Depth 64 Size 0 Mode ref, Ref Stage 63, run, end, 9199870539051243
1787080804.701129, NoOp Chain Depth 64 Size 0 Mode ref, pipeline - train, run, end, 232742018276722497103120274355613321576, 1787080804.697067, 72, 1, 9199870539189195
1787080804.701167, NoOp Chain Depth 64 Size 0 Mode ref, pipeline - train, run, start, 292774425670449511573964868312133107831, 1787080804.701156, 73, 1, 9199870539226635
1787080804.701193, NoOp Chain Depth 64 Size 0 Mode ref, Ref Stage 0, run, start, 9199870539252107
1787080804.701215, NoOp Chain Depth 64 Size 0 Mode ref, Ref Stage 0, run, end, 9199870539274523
1787080804.701227, NoOp Chain Depth 64 Size 0 Mode ref, Ref Stage 1, run, start, 9199870539286699
1787080804.701258, NoOp Chain Depth 64 Size 0 Mode ref, Ref Stage 1, run, end, 9199870539317115
1787080804.701272, NoOp Chain Depth 64 Size 0 Mode ref, Ref Stage 2, run, start, 9199870539331659
1787080804.701293, NoOp Chain Depth 64 Size 0 Mode ref, Ref Stage 2, run, end, 9199870539351883
1787080804.701307, NoOp Chain Depth 64 Size 0 Mode ref, Ref Stage 3, run, start, 9199870539366091
1787080804.701327, NoOp Chain Depth 64 Size 0 Mode ref, Ref Stage 3, run, end, 9199870539386315
1787080804.701341, NoOp Chain Depth 64 Size 0 Mode ref, Ref Stage 4, run, start, 9199870539400779
1787080804.701361, NoOp Chain Depth 64 Size 0 Mode ref, Ref Stage 4, run, end, 9199870539420715
1787080804.701376, NoOp Chain Depth 64 Size 0 Mode ref, Ref Stage 5, run, start, 9199870539435243
1787080804.701396, NoOp Chain Depth 64 Size 0 Mode ref, Ref Stage 5, run, end, 9199870539455419
1787080804.701411, NoOp Chain Depth 64 Size 0 Mode ref, Ref Stage 6, run, start, 9199870539469787
1787080804.701432, NoOp Chain Depth 64 Size 0 Mode ref, Ref Stage 6, run, end, 9199870539491051
1787080804.701448, NoOp Chain Depth 64 Size 0 Mode ref, Ref Stage 7, run, start, 9199870539507643
1787080804.701468, NoOp Chain Depth 64 Size 0 Mode ref, Ref Stage 7, run, end, 9199870539527755
1787080804.701483, NoOp Chain Depth 64 Size 0 Mode ref, Ref Stage 8, run, start, 9199870539542795
1787080804.701504, NoOp Chain Depth 64 Size 0 Mode ref, Ref Stage 8, run, end, 9199870539563595
1787080804.701519, NoOp Chain Depth 64 Size 0 Mode ref, Ref Stage 9, run, start, 9199870539577883
1787080804.701540, NoOp Chain Depth 64 Size 0 Mode ref, Ref Stage 9, run, end, 9199870539599547
1787080804.701552, NoOp Chain Depth 64 Size 0 Mode ref, Ref Stage 10, run, start, 9199870539611387
1787080804.701582, NoOp Chain Depth 64 Size 0 Mode ref, Ref Stage 10, run, end, 9199870539641179
1787080804.701596, NoOp Chain Depth 64 Size 0 Mode ref, Ref Stage 11, run, start, 9199870539655355
1787080804.701616, NoOp Chain Depth 64 Size 0 Mode ref, Ref Stage 11, run, end, 9199870539674971
1787080804.701631, NoOp Chain Depth 64 Size 0 Mode ref, Ref Stage 12, run, start, 9199870539690123
1787080804.701651, NoOp Chain Depth 64 Size 0 Mode ref, Ref Stage 12, run, end, 9199870539710155
1787080804.701665, NoOp Chain Depth 64 Size 0 Mode ref, Ref Stage 13, run, start, 9199870539724651
1787080804.701685, NoOp Chain Depth 64 Size 0 Mode ref, Ref Stage 13, run, end, 9199870539744347
1787080804.701701, NoOp Chain Depth 64 Size 0 Mode ref, Ref Stage 14, run, start, 9199870539759851
1787080804.701720, NoOp Chain Depth 64 Size 0 Mode ref, Ref Stage 14, run, end, 9199870539779419
1787080804.701735, NoOp Chain Depth 64 Size 0 Mode ref, Ref Stage 15, run, start, 9199870539794107
1787080804.701755, NoOp Chain Depth 64 Size 0 Mode ref, Ref Stage 15, run, end, 9199870539814107
1787080804.701769, NoOp Chain Depth 64 Size 0 Mode ref, Ref Stage 16, run, start, 9199870539828491
1787080804.701789, NoOp Chain Depth 64 Size 0 Mode ref, Ref Stage 16, run, end, 9199870539848155
1787080804.701803, NoOp Chain Depth 64 Size 0 Mode ref, Ref Stage 17, run, start, 9199870539862715
1787080804.701823, NoOp Chain Depth 64 Size 0 Mode ref, Ref Stage 17, run, end, 9199870539882635
1787080804.701841, NoOp Chain Depth 64 Size 0 Mode ref, Ref Stage 18, run, start, 9199870539900107
1787080804.701861, NoOp Chain Depth 64 Size 0 Mode ref, Ref Stage 18, run, end, 9199870539920091
1787080804.701875, NoOp Chain Depth 64 Size 0 Mode ref, Ref Stage 19, run, start, 9199870539934571
1787080804.701897, NoOp Chain Depth 64 Size 0 Mode ref, Ref Stage 19, run, end, 9199870539956763
1787080804.701912, NoOp Chain Depth 64 Size 0 Mode ref, Ref Stage 20, run, start, 9199870539971195
1787080804.701932, NoOp Chain Depth 64 Size 0 Mode ref, Ref Stage 20, run, end, 9199870539991163
1787080804.701948, NoOp Chain Depth 64 Size 0 Mode ref, Ref Stage 21, run, start, 9199870540007675
1787080804.701971, NoOp Chain Depth 64 Size 0 Mode ref, Ref Stage 21, run, end, 9199870540029899
1787080804.701982, NoOp Chain Depth 64 Size 0 Mode ref, Ref Stage 22, run, start, 9199870540041851
1787080804.702012, NoOp Chain Depth 64 Size 0 Mode ref, Ref Stage 22, run, end, 9199870540071691
1787080804.702027, NoOp Chain Depth 64 Size 0 Mode ref, Ref Stage 23, run, start, 9199870540086235
1787080804.702047, NoOp Chain Depth 64 Size 0 Mode ref, Ref Stage 23, run, end, 9199870540105995
1787080804.702061, NoOp Chain Depth 64 Size 0 Mode ref, Ref Stage 24, run, start, 9199870540120443
1787080804.702082, NoOp Chain Depth 64 Size 0 Mode ref, Ref Stage 24, run, end, 9199870540141035
1787080804.702096, NoOp Chain Depth 64 Size 0 Mode ref, Ref Stage 25, run, start, 9199870540155467
1787080804.702116, NoOp Chain Depth 64 Size 0 Mode ref, Ref Stage 25, run, end, 9199870540175083
1787080804.702130, NoOp Chain Depth 64 Size 0 Mode ref, Ref Stage 26, run, start, 9199870540189515
1787080804.702150, NoOp Chain Depth 64 Size 0 Mode ref, Ref Stage 26, run, end, 9199870540209451
1787080804.702166, NoOp Chain Depth 64 Size 0 Mode ref, Ref Stage 27, run, start, 9199870540225019
1787080804.702186, NoOp Chain Depth 64 Size 0 Mode ref, Ref Stage 27, run, end, 9199870540245099
1787080804.702200, NoOp Chain Depth 64 Size 0 Mode ref, Ref Stage 28, run, start, 9199870540259675
1787080804.703956, NoOp Chain Depth 64 Size 0 Mode ref, Ref Stage 28, run, end, 9199870542018171
1787080804.703976, NoOp Chain Depth 64 Size 0 Mode ref, Ref Stage 29, run, start, 9199870542035595
1787080804.704016, NoOp Chain Depth 64 Size 0 Mode ref, Ref Stage 29, run, end, 9199870542075803
1787080804.704032, NoOp Chain Depth 64 Size 0 Mode ref, Ref Stage 30, run, start, 9199870542091851
1787080804.704053, NoOp Chain Depth 64 Size 0 Mode ref, Ref Stage 30, run, end, 9199870542112315
1787080804.704069, NoOp Chain Depth 64 Size 0 Mode ref, Ref Stage 31, run, start, 9199870542128251
1787080804.704089, NoOp Chain Depth 64 Size 0 Mode ref, Ref Stage 31, run, end, 9199870542148523
1787080804.704104, NoOp Chain Depth 64 Size 0 Mode ref, Ref Stage 32, run, start, 9199870542163019
1787080804.704124, NoOp Chain Depth 64 Size 0 Mode ref, Ref Stage 32, run, end, 9199870542182987
1787080804.704138, NoOp Chain Depth 64 Size 0 Mode ref, Ref Stage 33, run, start, 9199870542197387
1787080804.704159, NoOp Chain Depth 64 Size 0 Mode ref, Ref Stage 33, run, end, 9199870542218747
1787080804.704174, NoOp Chain Depth 64 Size 0 Mode ref, Ref Stage 34, run, start, 9199870542233483
1787080804.704194, NoOp Chain Depth 64 Size 0 Mode ref, Ref Stage 34, run, end, 9199870542253275
1787080804.704545, NoOp Chain Depth 64 Size 0 Mode ref, Ref Stage 35, run, start, 9199870542604684
1787080804.704566, NoOp Chain Depth 64 Size 0 Mode ref, Ref Stage 35, run, end, 9199870542625452
1787080804.704581, NoOp Chain Depth 64 Size 0 Mode ref, Ref Stage 36, run, start, 9199870542640412
1787080804.704601, NoOp Chain Depth 64 Size 0 Mode ref, Ref Stage 36, run, end, 9199870542660252
1787080804.704616, NoOp Chain Depth 64 Size 0 Mode ref, Ref Stage 37, run, start, 9199870542674988
1787080804.704635, NoOp Chain Depth 64 Size 0 Mode ref, Ref Stage 37, run, end, 9199870542694876
1787080804.704650, NoOp Chain Depth 64 Size 0 Mode ref, Ref Stage 38, run, start, 9199870542709708
1787080804.704673, NoOp Chain Depth 64 Size 0 Mode ref, Ref Stage 38, run, end, 9199870542731788
1787080804.704687, NoOp Chain Depth 64 Size 0 Mode ref, Ref Stage 39, run, start, 9199870542746540
1787080804.704708, NoOp Chain Depth 64 Size 0 Mode ref, Ref Stage 39, run, end, 9199870542766828
1787080804.704722, NoOp Chain Depth 64 Size 0 Mode ref, Ref Stage 40, run, start, 9199870542781452
1787080804.704742, NoOp Chain Depth 64 Size 0 Mode ref, Ref Stage 40, run, end, 9199870542801404
1787080804.704756, NoOp Chain Depth 64 Size 0 Mode ref, Ref Stage 41, run, start, 9199870542815788
1787080804.704776, NoOp Chain Depth 64 Size 0 Mode ref, Ref Stage 41, run, end, 9199870542835484
1787080804.704791, NoOp Chain Depth 64 Size 0 Mode ref, Ref Stage 42, run, start, 9199870542849948
1787080804.704812, NoOp Chain Depth 64 Size 0 Mode ref, Ref Stage 42, run, end, 9199870542871532
1787080804.704824, NoOp Chain Depth 64 Size 0 Mode ref, Ref Stage 43, run, start, 9199870542883004
1787080804.704854, NoOp Chain Depth 64 Size 0 Mode ref, Ref Stage 43, run, end, 9199870542912652
1787080804.704869, NoOp Chain Depth 64 Size 0 Mode ref, Ref Stage 44, run, start, 9199870542928204
1787080804.704890, NoOp Chain Depth 64 Size 0 Mode ref, Ref Stage 44, run, end, 9199870542949532
1787080804.704902, NoOp Chain Depth 64 Size 0 Mode ref, Ref Stage 45, run, start, 9199870542961052
1787080804.704931, NoOp Chain Depth 64 Size 0 Mode ref, Ref Stage 45, run, end, 9199870542990364
1787080804.704947, NoOp Chain Depth 64 Size 0 Mode ref, Ref Stage 46, run, start, 9199870543006892
1787080804.704968, NoOp Chain Depth 64 Size 0 Mode ref, Ref Stage 46, run, end, 9199870543027596
1787080804.704985, NoOp Chain Depth 64 Size 0 Mode ref, Ref Stage 47, run, start, 9199870543044220
1787080804.705005, NoOp Chain Depth 64 Size 0 Mode ref, Ref Stage 47, run, end, 9199870543064124
1787080804.705020, NoOp Chain Depth 64 Size 0 Mode ref, Ref Stage 48, run, start, 9199870543079036
1787080804.705040, NoOp Chain Depth 64 Size 0 Mode ref, Ref Stage 48, run, end, 9199870543099692
1787080804.705055, NoOp Chain Depth 64 Size 0 Mode ref, Ref Stage 49, run, start, 9199870543114412
1787080804.705076, NoOp Chain Depth 64 Size 0 Mode ref, Ref Stage 49, run, end, 9199870543135164
1787080804.705091, NoOp Chain Depth 64 Size 0 Mode ref, Ref Stage 50, run, start, 9199870543151052
1787080804.705112, NoOp Chain Depth 64 Size 0 Mode ref, Ref Stage 50, run, end, 9199870543171516
1787080804.705127, NoOp Chain Depth 64 Size 0 Mode ref, Ref Stage 51, run, start, 9199870543186364
1787080804.705149, NoOp Chain Depth 64 Size 0 Mode ref, Ref Stage 51, run, end, 9199870543208252
1787080804.705160, NoOp Chain Depth 64 Size 0 Mode ref, Ref Stage 52, run, start, 9199870543219804
1787080804.710070, NoOp Chain Depth 64 Size 0 Mode ref, Ref Stage 52, run, end, 9199870548131068
1787080804.710088, NoOp Chain Depth 64 Size 0 Mode ref, Ref Stage 53, run, start, 9199870548147244
1787080804.710109, NoOp Chain Depth 64 Size 0 Mode ref, Ref Stage 53, run, end, 9199870548167868
1787080804.710123, NoOp Chain Depth 64 Size 0 Mode ref, Ref Stage 54, run, start, 9199870548182220
1787080804.710143, NoOp Chain Depth 64 Size 0 Mode ref, Ref Stage 54, run, end, 9199870548202364
1787080804.710157, NoOp Chain Depth 64 Size 0 Mode ref, Ref Stage 55, run, start, 9199870548216780
1787080804.710177, NoOp Chain Depth 64 Size 0 Mode ref, Ref Stage 55, run, end, 9199870548236956
1787080804.710192, NoOp Chain Depth 64 Size 0 Mode ref, Ref Stage 56, run, start, 9199870548251388
1787080804.710213, NoOp Chain Depth 64 Size 0 Mode ref, Ref Stage 56, run, end, 9199870548272060
1787080804.710227, NoOp Chain Depth 64 Size 0 Mode ref, Ref Stage 57, run, start, 9199870548286812
1787080804.710248, NoOp Chain Depth 64 Size 0 Mode ref, Ref Stage 57, run, end, 9199870548307164
1787080804.710263, NoOp Chain Depth 64 Size 0 Mode ref, Ref Stage 58, run, start, 9199870548321852
1787080804.710284, NoOp Chain Depth 64 Size 0 Mode ref, Ref Stage 58, run, end, 9199870548343996
1787080804.710297, NoOp Chain Depth 64 Size 0 Mode ref, Ref Stage 59, run, start, 9199870548356620
1787080804.710330, NoOp Chain Depth 64 Size 0 Mode ref, Ref Stage 59, run, end, 9199870548389580
1787080804.710345, NoOp Chain Depth 64 Size 0 Mode ref, Ref Stage 60, run, start, 9199870548404268
1787080804.710365, NoOp Chain Depth 64 Size 0 Mode ref, Ref Stage 60, run, end, 9199870548424572
1787080804.710381, NoOp Chain Depth 64 Size 0 Mode ref, Ref Stage 61, run, start, 9199870548439964
1787080804.710402, NoOp Chain Depth 64 Size 0 Mode ref, Ref Stage 61, run, end, 9199870548461900
1787080804.710414, NoOp Chain Depth 64 Size 0 Mode ref, Ref Stage 62, run, start, 9199870548473516
1787080804.710443, NoOp Chain Depth 64 Size 0 Mode ref, Ref Stage 62, run, end, 9199870548502972
1787080804.710458, NoOp Chain Depth 64 Size 0 Mode ref, Ref Stage 63, run, start, 9199870548517836
1787080804.710478, NoOp Chain Depth 64 Size 0 Mode ref, Ref Stage 63, run, end, 9199870548537228
1787080804.710493, NoOp Chain Depth 64 Size 0 Mode ref, pipeline - train, run, end, 292774425670449511573964868312133107831, 1787080804.701156, 73, 1, 9199870548552076
1787080804.710529, NoOp Chain Depth 64 Size 0 Mode ref, pipeline - train, run, start, 45415901932763199747048563432868872819, 1787080804.710518, 74, 1, 9199870548588332
1787080804.710551, NoOp Chain Depth 64 Size 0 Mode ref, Ref Stage 0, run, start, 9199870548610140
1787080804.710572, NoOp Chain Depth 64 Size 0 Mode ref, Ref Stage 0, run, end, 9199870548631836
1787080804.710584, NoOp Chain Depth 64 Size 0 Mode ref, Ref Stage 1, run, start, 9199870548643772
1787080804.710614, NoOp Chain Depth 64 Size 0 Mode ref, Ref Stage 1, run, end, 9199870548673404
1787080804.710629, NoOp Chain Depth 64 Size 0 Mode ref, Ref Stage 2, run, start, 9199870548687948
1787080804.710649, NoOp Chain Depth 64 Size 0 Mode ref, Ref Stage 2, run, end, 9199870548707964
1787080804.710663, NoOp Chain Depth 64 Size 0 Mode ref, Ref Stage 3, run, start, 9199870548722732
1787080804.710683, NoOp Chain Depth 64 Size 0 Mode ref, Ref Stage 3, run, end, 9199870548742716
1787080804.710698, NoOp Chain Depth 64 Size 0 Mode ref, Ref Stage 4, run, start, 9199870548757340
1787080804.710718, NoOp Chain Depth 64 Size 0 Mode ref, Ref Stage 4, run, end, 9199870548777196
1787080804.710732, NoOp Chain Depth 64 Size 0 Mode ref, Ref Stage 5, run, start, 9199870548791628
1787080804.710752, NoOp Chain Depth 64 Size 0 Mode ref, Ref Stage 5, run, end, 9199870548811436
1787080804.710767, NoOp Chain Depth 64 Size 0 Mode ref, Ref Stage 6, run, start, 9199870548825884
1787080804.710786, NoOp Chain Depth 64 Size 0 Mode ref, Ref Stage 6, run, end, 9199870548845580
1787080804.710801, NoOp Chain Depth 64 Size 0 Mode ref, Ref Stage 7, run, start, 9199870548860236
1787080804.710821, NoOp Chain Depth 64 Size 0 Mode ref, Ref Stage 7, run, end, 9199870548880012
1787080804.710837, NoOp Chain Depth 64 Size 0 Mode ref, Ref Stage 8, run, start, 9199870548896252
1787080804.710858, NoOp Chain Depth 64 Size 0 Mode ref, Ref Stage 8, run, end, 9199870548917628
1787080804.711243, NoOp Chain Depth 64 Size 0 Mode ref, Ref Stage 9, run, start, 9199870549303692
1787080804.711391, NoOp Chain Depth 64 Size 0 Mode ref, Ref Stage 9, run, end, 9199870549450876
1787080804.711404, NoOp Chain Depth 64 Size 0 Mode ref, Ref Stage 10, run, start, 9199870549462892
1787080804.711434, NoOp Chain Depth 64 Size 0 Mode ref, Ref Stage 10, run, end, 9199870549492892
1787080804.711448, NoOp Chain Depth 64 Size 0 Mode ref, Ref Stage 11, run, start, 9199870549507660
1787080804.711468, NoOp Chain Depth 64 Size 0 Mode ref, Ref Stage 11, run, end, 9199870549527452
1787080804.711483, NoOp Chain Depth 64 Size 0 Mode ref, Ref Stage 12, run, start, 9199870549542380
1787080804.711503, NoOp Chain Depth 64 Size 0 Mode ref, Ref Stage 12, run, end, 9199870549562540
1787080804.711518, NoOp Chain Depth 64 Size 0 Mode ref, Ref Stage 13, run, start, 9199870549577292
1787080804.711538, NoOp Chain Depth 64 Size 0 Mode ref, Ref Stage 13, run, end, 9199870549597116
1787080804.711552, NoOp Chain Depth 64 Size 0 Mode ref, Ref Stage 14, run, start, 9199870549611500
1787080804.711572, NoOp Chain Depth 64 Size 0 Mode ref, Ref Stage 14, run, end, 9199870549631212
1787080804.711589, NoOp Chain Depth 64 Size 0 Mode ref, Ref Stage 15, run, start, 9199870549648108
1787080804.711609, NoOp Chain Depth 64 Size 0 Mode ref, Ref Stage 15, run, end, 9199870549668364
1787080804.711624, NoOp Chain Depth 64 Size 0 Mode ref, Ref Stage 16, run, start, 9199870549683052
1787080804.711644, NoOp Chain Depth 64 Size 0 Mode ref, Ref Stage 16, run, end, 9199870549703004
1787080804.711659, NoOp Chain Depth 64 Size 0 Mode ref, Ref Stage 17, run, start, 9199870549718636
1787080804.711679, NoOp Chain Depth 64 Size 0 Mode ref, Ref Stage 17, run, end, 9199870549738748
1787080804.711694, NoOp Chain Depth 64 Size 0 Mode ref, Ref Stage 18, run, start, 9199870549753500
1787080804.711716, NoOp Chain Depth 64 Size 0 Mode ref, Ref Stage 18, run, end, 9199870549775244
1787080804.711728, NoOp Chain Depth 64 Size 0 Mode ref, Ref Stage 19, run, start, 9199870549787164
1787080804.711758, NoOp Chain Depth 64 Size 0 Mode ref, Ref Stage 19, run, end, 9199870549817436
1787080804.711773, NoOp Chain Depth 64 Size 0 Mode ref, Ref Stage 20, run, start, 9199870549832028
1787080804.711793, NoOp Chain Depth 64 Size 0 Mode ref, Ref Stage 20, run, end, 9199870549852060
1787080804.711807, NoOp Chain Depth 64 Size 0 Mode ref, Ref Stage 21, run, start, 9199870549866540
1787080804.711828, NoOp Chain Depth 64 Size 0 Mode ref, Ref Stage 21, run, end, 9199870549886796
1787080804.711842, NoOp Chain Depth 64 Size 0 Mode ref, Ref Stage 22, run, start, 9199870549901324
1787080804.711862, NoOp Chain Depth 64 Size 0 Mode ref, Ref Stage 22, run, end, 9199870549921356
1787080804.711877, NoOp Chain Depth 64 Size 0 Mode ref, Ref Stage 23, run, start, 9199870549936060
1787080804.711897, NoOp Chain Depth 64 Size 0 Mode ref, Ref Stage 23, run, end, 9199870549956124
1787080804.711912, NoOp Chain Depth 64 Size 0 Mode ref, Ref Stage 24, run, start, 9199870549971468
1787080804.711935, NoOp Chain Depth 64 Size 0 Mode ref, Ref Stage 24, run, end, 9199870549994028
1787080804.711950, NoOp Chain Depth 64 Size 0 Mode ref, Ref Stage 25, run, start, 9199870550009132
1787080804.711981, NoOp Chain Depth 64 Size 0 Mode ref, Ref Stage 25, run, end, 9199870550040252
1787080804.711996, NoOp Chain Depth 64 Size 0 Mode ref, Ref Stage 26, run, start, 9199870550054972
1787080804.712016, NoOp Chain Depth 64 Size 0 Mode ref, Ref Stage 26, run, end, 9199870550075036
1787080804.712030, NoOp Chain Depth 64 Size 0 Mode ref, Ref Stage 27, run, start, 9199870550089644
1787080804.712050, NoOp Chain Depth 64 Size 0 Mode ref, Ref Stage 27, run, end, 9199870550109820
1787080804.712065, NoOp Chain Depth 64 Size 0 Mode ref, Ref Stage 28, run, start, 9199870550124380
1787080804.712087, NoOp Chain Depth 64 Size 0 Mode ref, Ref Stage 28, run, end, 9199870550146124
1787080804.712099, NoOp Chain Depth 64 Size 0 Mode ref, Ref Stage 29, run, start, 9199870550157916
1787080804.712128, NoOp Chain Depth 64 Size 0 Mode ref, Ref Stage 29, run, end, 9199870550187740
1787080804.712143, NoOp Chain Depth 64 Size 0 Mode ref, Ref Stage 30, run, start, 9199870550202396
1787080804.712163, NoOp Chain Depth 64 Size 0 Mode ref, Ref Stage 30, run, end, 9199870550222092
1787080804.712178, NoOp Chain Depth 64 Size 0 Mode ref, Ref Stage 31, run, start, 9199870550236732
1787080804.712197, NoOp Chain Depth 64 Size 0 Mode ref, Ref Stage 31, run, end, 9199870550256508
1787080804.712212, NoOp Chain Depth 64 Size 0 Mode ref, Ref Stage 32, run, start, 9199870550271036
1787080804.712231, NoOp Chain Depth 64 Size 0 Mode ref, Ref Stage 32, run, end, 9199870550290460
1787080804.712245, NoOp Chain Depth 64 Size 0 Mode ref, Ref Stage 33, run, start, 9199870550304844
1787080804.712265, NoOp Chain Depth 64 Size 0 Mode ref, Ref Stage 33, run, end, 9199870550324428
1787080804.712280, NoOp Chain Depth 64 Size 0 Mode ref, Ref Stage 34, run, start, 9199870550338812
1787080804.712299, NoOp Chain Depth 64 Size 0 Mode ref, Ref Stage 34, run, end, 9199870550358524
1787080804.712314, NoOp Chain Depth 64 Size 0 Mode ref, Ref Stage 35, run, start, 9199870550373036
1787080804.712336, NoOp Chain Depth 64 Size 0 Mode ref, Ref Stage 35, run, end, 9199870550394860
1787080804.712350, NoOp Chain Depth 64 Size 0 Mode ref, Ref Stage 36, run, start, 9199870550409228
1787080804.712370, NoOp Chain Depth 64 Size 0 Mode ref, Ref Stage 36, run, end, 9199870550428940
1787080804.712384, NoOp Chain Depth 64 Size 0 Mode ref, Ref Stage 37, run, start, 9199870550443212
1787080804.712404, NoOp Chain Depth 64 Size 0 Mode ref, Ref Stage 37, run, end, 9199870550462908
1787080804.712418, NoOp Chain Depth 64 Size 0 Mode ref, Ref Stage 38, run, start, 9199870550477372
1787080804.712438, NoOp Chain Depth 64 Size 0 Mode ref, Ref Stage 38, run, end, 9199870550497164
1787080804.712452, NoOp Chain Depth 64 Size 0 Mode ref, Ref Stage 39, run, start, 9199870550511692
1787080804.712472, NoOp Chain Depth 64 Size 0 Mode ref, Ref Stage 39, run, end, 9199870550531676
1787080804.712487, NoOp Chain Depth 64 Size 0 Mode ref, Ref Stage 40, run, start, 9199870550546284
1787080804.712507, NoOp Chain Depth 64 Size 0 Mode ref, Ref Stage 40, run, end, 9199870550565948
1787080804.712521, NoOp Chain Depth 64 Size 0 Mode ref, Ref Stage 41, run, start, 9199870550580268
1787080804.712540, NoOp Chain Depth 64 Size 0 Mode ref, Ref Stage 41, run, end, 9199870550599756
1787080804.712556, NoOp Chain Depth 64 Size 0 Mode ref, Ref Stage 42, run, start, 9199870550615772
1787080804.712578, NoOp Chain Depth 64 Size 0 Mode ref, Ref Stage 42, run, end, 9199870550637212
1787080804.712590, NoOp Chain Depth 64 Size 0 Mode ref, Ref Stage 43, run, start, 9199870550648860
1787080804.712619, NoOp Chain Depth 64 Size 0 Mode ref, Ref Stage 43, run, end, 9199870550678396
1787080804.712634, NoOp Chain Depth 64 Size 0 Mode ref, Ref Stage 44, run, start, 9199870550693612
1787080804.712656, NoOp Chain Depth 64 Size 0 Mode ref, Ref Stage 44, run, end, 9199870550715084
1787080804.712667, NoOp Chain Depth 64 Size 0 Mode ref, Ref Stage 45, run, start, 9199870550726572
1787080804.712697, NoOp Chain Depth 64 Size 0 Mode ref, Ref Stage 45, run, end, 9199870550756317
1787080804.712711, NoOp Chain Depth 64 Size 0 Mode ref, Ref Stage 46, run, start, 9199870550770909
1787080804.712731, NoOp Chain Depth 64 Size 0 Mode ref, Ref Stage 46, run, end, 9199870550790669
1787080804.712746, NoOp Chain Depth 64 Size 0 Mode ref, Ref Stage 47, run, start, 9199870550804973
1787080804.712767, NoOp Chain Depth 64 Size 0 Mode ref, Ref Stage 47, run, end, 9199870550826477
1787080804.712779, NoOp Chain Depth 64 Size 0 Mode ref, Ref Stage 48, run, start, 9199870550838125
1787080804.712808, NoOp Chain Depth 64 Size 0 Mode ref, Ref Stage 48, run, end, 9199870550867741
1787080804.712823, NoOp Chain Depth 64 Size 0 Mode ref, Ref Stage 49, run, start, 9199870550882221
1787080804.712843, NoOp Chain Depth 64 Size 0 Mode ref, Ref Stage 49, run, end, 9199870550902189
1787080804.712859, NoOp Chain Depth 64 Size 0 Mode ref, Ref Stage 50, run, start, 9199870550917965
1787080804.712880, NoOp Chain Depth 64 Size 0 Mode ref, Ref Stage 50, run, end, 9199870550939309
1787080804.712892, NoOp Chain Depth 64 Size 0 Mode ref, Ref Stage 51, run, start, 9199870550951053
1787080804.712922, NoOp Chain Depth 64 Size 0 Mode ref, Ref Stage 51, run, end, 9199870550980877
1787080804.712936, NoOp Chain Depth 64 Size 0 Mode ref, Ref Stage 52, run, start, 9199870550995437
1787080804.712961, NoOp Chain Depth 64 Size 0 Mode ref, Ref Stage 52, run, end, 9199870551020893
1787080804.712976, NoOp Chain Depth 64 Size 0 Mode ref, Ref Stage 53, run, start, 9199870551035901
1787080804.712996, NoOp Chain Depth 64 Size 0 Mode ref, Ref Stage 53, run, end, 9199870551055709
1787080804.713011, NoOp Chain Depth 64 Size 0 Mode ref, Ref Stage 54, run, start, 9199870551070141
1787080804.713031, NoOp Chain Depth 64 Size 0 Mode ref, Ref Stage 54, run, end, 9199870551090109
1787080804.713045, NoOp Chain Depth 64 Size 0 Mode ref, Ref Stage 55, run, start, 9199870551104573
1787080804.713065, NoOp Chain Depth 64 Size 0 Mode ref, Ref Stage 55, run, end, 9199870551124253
1787080804.713079, NoOp Chain Depth 64 Size 0 Mode ref, Ref Stage 56, run, start, 9199870551138621
1787080804.713101, NoOp Chain Depth 64 Size 0 Mode ref, Ref Stage 56, run, end, 9199870551160221
1787080804.713115, NoOp Chain Depth 64 Size 0 Mode ref, Ref Stage 57, run, start, 9199870551174557
1787080804.713135, NoOp Chain Depth 64 Size 0 Mode ref, Ref Stage 57, run, end, 9199870551194365
1787080804.713150, NoOp Chain Depth 64 Size 0 Mode ref, Ref Stage 58, run, start, 9199870551208829
1787080804.713170, NoOp Chain Depth 64 Size 0 Mode ref, Ref Stage 58, run, end, 9199870551228925
1787080804.713184, NoOp Chain Depth 64 Size 0 Mode ref, Ref Stage 59, run, start, 9199870551243421
1787080804.713204, NoOp Chain Depth 64 Size 0 Mode ref, Ref Stage 59, run, end, 9199870551263453
1787080804.713218, NoOp Chain Depth 64 Size 0 Mode ref, Ref Stage 60, run, start, 9199870551278013
1787080804.713243, NoOp Chain Depth 64 Size 0 Mode ref, Ref Stage 60, run, end, 9199870551302253
1787080804.713258, NoOp Chain Depth 64 Size 0 Mode ref, Ref Stage 61, run, start, 9199870551317549
1787080804.713279, NoOp Chain Depth 64 Size 0 Mode ref, Ref Stage 61, run, end, 9199870551338845
1787080804.713291, NoOp Chain Depth 64 Size 0 Mode ref, Ref Stage 62, run, start, 9199870551350541
1787080804.713836, NoOp Chain Depth 64 Size 0 Mode ref, Ref Stage 62, run, end, 9199870551896925
1787080804.713853, NoOp Chain Depth 64 Size 0 Mode ref, Ref Stage 63, run, start, 9199870551913101
1787080804.713874, NoOp Chain Depth 64 Size 0 Mode ref, Ref Stage 63, run, end, 9199870551933357
1787080804.713889, NoOp Chain Depth 64 Size 0 Mode ref, pipeline - train, run, end, 45415901932763199747048563432868872819, 1787080804.710518, 74, 1, 9199870551948285
1787080804.713923, NoOp Chain Depth 64 Size 0 Mode ref, pipeline - train, run, start, 197763426129670494041659144868664130865, 1787080804.713912, 75, 1, 9199870551982925
1787080804.713948, NoOp Chain Depth 64 Size 0 Mode ref, Ref Stage 0, run, start, 9199870552007469
1787080804.713971, NoOp Chain Depth 64 Size 0 Mode ref, Ref Stage 0, run, end, 9199870552030253
1787080804.713983, NoOp Chain Depth 64 Size 0 Mode ref, Ref Stage 1, run, start, 9199870552042093
1787080804.714013, NoOp Chain Depth 64 Size 0 Mode ref, Ref Stage 1, run, end, 9199870552072381
1787080804.714028, NoOp Chain Depth 64 Size 0 Mode ref, Ref Stage 2, run, start, 9199870552087021
1787080804.714048, NoOp Chain Depth 64 Size 0 Mode ref, Ref Stage 2, run, end, 9199870552107069
1787080804.714062, NoOp Chain Depth 64 Size 0 Mode ref, Ref Stage 3, run, start, 9199870552121581
1787080804.714082, NoOp Chain Depth 64 Size 0 Mode ref, Ref Stage 3, run, end, 9199870552141757
1787080804.714097, NoOp Chain Depth 64 Size 0 Mode ref, Ref Stage 4, run, start, 9199870552156141
1787080804.714117, NoOp Chain Depth 64 Size 0 Mode ref, Ref Stage 4, run, end, 9199870552176109
1787080804.714131, NoOp Chain Depth 64 Size 0 Mode ref, Ref Stage 5, run, start, 9199870552190813
1787080804.714151, NoOp Chain Depth 64 Size 0 Mode ref, Ref Stage 5, run, end, 9199870552210653
1787080804.714168, NoOp Chain Depth 64 Size 0 Mode ref, Ref Stage 6, run, start, 9199870552226973
1787080804.714188, NoOp Chain Depth 64 Size 0 Mode ref, Ref Stage 6, run, end, 9199870552247005
1787080804.714203, NoOp Chain Depth 64 Size 0 Mode ref, Ref Stage 7, run, start, 9199870552261933
1787080804.714223, NoOp Chain Depth 64 Size 0 Mode ref, Ref Stage 7, run, end, 9199870552282125
1787080804.714237, NoOp Chain Depth 64 Size 0 Mode ref, Ref Stage 8, run, start, 9199870552296669
1787080804.714257, NoOp Chain Depth 64 Size 0 Mode ref, Ref Stage 8, run, end, 9199870552316285
1787080804.714272, NoOp Chain Depth 64 Size 0 Mode ref, Ref Stage 9, run, start, 9199870552331101
1787080804.714292, NoOp Chain Depth 64 Size 0 Mode ref, Ref Stage 9, run, end, 9199870552351053
1787080804.714306, NoOp Chain Depth 64 Size 0 Mode ref, Ref Stage 10, run, start, 9199870552365533
1787080804.714326, NoOp Chain Depth 64 Size 0 Mode ref, Ref Stage 10, run, end, 9199870552385709
1787080804.714341, NoOp Chain Depth 64 Size 0 Mode ref, Ref Stage 11, run, start, 9199870552400077
1787080804.714368, NoOp Chain Depth 64 Size 0 Mode ref, Ref Stage 11, run, end, 9199870552427549
1787080804.714385, NoOp Chain Depth 64 Size 0 Mode ref, Ref Stage 12, run, start, 9199870552443917
1787080804.714407, NoOp Chain Depth 64 Size 0 Mode ref, Ref Stage 12, run, end, 9199870552466541
1787080804.714422, NoOp Chain Depth 64 Size 0 Mode ref, Ref Stage 13, run, start, 9199870552480957
1787080804.714442, NoOp Chain Depth 64 Size 0 Mode ref, Ref Stage 13, run, end, 9199870552500893
1787080804.714456, NoOp Chain Depth 64 Size 0 Mode ref, Ref Stage 14, run, start, 9199870552514989
1787080804.714476, NoOp Chain Depth 64 Size 0 Mode ref, Ref Stage 14, run, end, 9199870552534957
1787080804.714490, NoOp Chain Depth 64 Size 0 Mode ref, Ref Stage 15, run, start, 9199870552549341
1787080804.714510, NoOp Chain Depth 64 Size 0 Mode ref, Ref Stage 15, run, end, 9199870552569069
1787080804.714524, NoOp Chain Depth 64 Size 0 Mode ref, Ref Stage 16, run, start, 9199870552583485
1787080804.714544, NoOp Chain Depth 64 Size 0 Mode ref, Ref Stage 16, run, end, 9199870552603085
1787080804.714558, NoOp Chain Depth 64 Size 0 Mode ref, Ref Stage 17, run, start, 9199870552617485
1787080804.714580, NoOp Chain Depth 64 Size 0 Mode ref, Ref Stage 17, run, end, 9199870552639373
1787080804.714595, NoOp Chain Depth 64 Size 0 Mode ref, Ref Stage 18, run, start, 9199870552654269
1787080804.714615, NoOp Chain Depth 64 Size 0 Mode ref, Ref Stage 18, run, end, 9199870552674269
1787080804.714629, NoOp Chain Depth 64 Size 0 Mode ref, Ref Stage 19, run, start, 9199870552688845
1787080804.714649, NoOp Chain Depth 64 Size 0 Mode ref, Ref Stage 19, run, end, 9199870552708605
1787080804.714664, NoOp Chain Depth 64 Size 0 Mode ref, Ref Stage 20, run, start, 9199870552722973
1787080804.714686, NoOp Chain Depth 64 Size 0 Mode ref, Ref Stage 20, run, end, 9199870552745293
1787080804.714697, NoOp Chain Depth 64 Size 0 Mode ref, Ref Stage 21, run, start, 9199870552756941
1787080804.714728, NoOp Chain Depth 64 Size 0 Mode ref, Ref Stage 21, run, end, 9199870552786845
1787080804.714742, NoOp Chain Depth 64 Size 0 Mode ref, Ref Stage 22, run, start, 9199870552801005
1787080804.714761, NoOp Chain Depth 64 Size 0 Mode ref, Ref Stage 22, run, end, 9199870552820557
1787080804.714777, NoOp Chain Depth 64 Size 0 Mode ref, Ref Stage 23, run, start, 9199870552836301
1787080804.714797, NoOp Chain Depth 64 Size 0 Mode ref, Ref Stage 23, run, end, 9199870552856045
1787080804.714811, NoOp Chain Depth 64 Size 0 Mode ref, Ref Stage 24, run, start, 9199870552870445
1787080804.714831, NoOp Chain Depth 64 Size 0 Mode ref, Ref Stage 24, run, end, 9199870552889965
1787080804.714845, NoOp Chain Depth 64 Size 0 Mode ref, Ref Stage 25, run, start, 9199870552904253
1787080804.714865, NoOp Chain Depth 64 Size 0 Mode ref, Ref Stage 25, run, end, 9199870552924717
1787080804.714881, NoOp Chain Depth 64 Size 0 Mode ref, Ref Stage 26, run, start, 9199870552940141
1787080804.714900, NoOp Chain Depth 64 Size 0 Mode ref, Ref Stage 26, run, end, 9199870552959821
1787080804.714915, NoOp Chain Depth 64 Size 0 Mode ref, Ref Stage 27, run, start, 9199870552974205
1787080804.714936, NoOp Chain Depth 64 Size 0 Mode ref, Ref Stage 27, run, end, 9199870552995117
1787080804.714952, NoOp Chain Depth 64 Size 0 Mode ref, Ref Stage 28, run, start, 9199870553010797
1787080804.714973, NoOp Chain Depth 64 Size 0 Mode ref, Ref Stage 28, run, end, 9199870553032429
1787080804.714988, NoOp Chain Depth 64 Size 0 Mode ref, Ref Stage 29, run, start, 9199870553046813
1787080804.715009, NoOp Chain Depth 64 Size 0 Mode ref, Ref Stage 29, run, end, 9199870553068093
1787080804.715021, NoOp Chain Depth 64 Size 0 Mode ref, Ref Stage 30, run, start, 9199870553079789
1787080804.715050, NoOp Chain Depth 64 Size 0 Mode ref, Ref Stage 30, run, end, 9199870553109181
1787080804.715064, NoOp Chain Depth 64 Size 0 Mode ref, Ref Stage 31, run, start, 9199870553123661
1787080804.715084, NoOp Chain Depth 64 Size 0 Mode ref, Ref Stage 31, run, end, 9199870553143277
1787080804.715098, NoOp Chain Depth 64 Size 0 Mode ref, Ref Stage 32, run, start, 9199870553157661
1787080804.715118, NoOp Chain Depth 64 Size 0 Mode ref, Ref Stage 32, run, end, 9199870553177277
1787080804.715135, NoOp Chain Depth 64 Size 0 Mode ref, Ref Stage 33, run, start, 9199870553194589
1787080804.715156, NoOp Chain Depth 64 Size 0 Mode ref, Ref Stage 33, run, end, 9199870553215357
1787080804.715170, NoOp Chain Depth 64 Size 0 Mode ref, Ref Stage 34, run, start, 9199870553229677
1787080804.715192, NoOp Chain Depth 64 Size 0 Mode ref, Ref Stage 34, run, end, 9199870553251229
1787080804.715207, NoOp Chain Depth 64 Size 0 Mode ref, Ref Stage 35, run, start, 9199870553265949
1787080804.715227, NoOp Chain Depth 64 Size 0 Mode ref, Ref Stage 35, run, end, 9199870553286317
1787080804.715241, NoOp Chain Depth 64 Size 0 Mode ref, Ref Stage 36, run, start, 9199870553300621
1787080804.715261, NoOp Chain Depth 64 Size 0 Mode ref, Ref Stage 36, run, end, 9199870553320413
1787080804.715276, NoOp Chain Depth 64 Size 0 Mode ref, Ref Stage 37, run, start, 9199870553334861
1787080804.715296, NoOp Chain Depth 64 Size 0 Mode ref, Ref Stage 37, run, end, 9199870553354797
1787080804.715310, NoOp Chain Depth 64 Size 0 Mode ref, Ref Stage 38, run, start, 9199870553369197
1787080804.715331, NoOp Chain Depth 64 Size 0 Mode ref, Ref Stage 38, run, end, 9199870553390189
1787080804.715347, NoOp Chain Depth 64 Size 0 Mode ref, Ref Stage 39, run, start, 9199870553406509
1787080804.715367, NoOp Chain Depth 64 Size 0 Mode ref, Ref Stage 39, run, end, 9199870553426413
1787080804.715382, NoOp Chain Depth 64 Size 0 Mode ref, Ref Stage 40, run, start, 9199870553440957
1787080804.715403, NoOp Chain Depth 64 Size 0 Mode ref, Ref Stage 40, run, end, 9199870553462029
1787080804.715418, NoOp Chain Depth 64 Size 0 Mode ref, Ref Stage 41, run, start, 9199870553477741
1787080804.715438, NoOp Chain Depth 64 Size 0 Mode ref, Ref Stage 41, run, end, 9199870553497261
1787080804.715452, NoOp Chain Depth 64 Size 0 Mode ref, Ref Stage 42, run, start, 9199870553511741
1787080804.715475, NoOp Chain Depth 64 Size 0 Mode ref, Ref Stage 42, run, end, 9199870553534493
1787080804.715873, NoOp Chain Depth 64 Size 0 Mode ref, Ref Stage 43, run, start, 9199870553933709
1787080804.716018, NoOp Chain Depth 64 Size 0 Mode ref, Ref Stage 43, run, end, 9199870554077613
1787080804.716033, NoOp Chain Depth 64 Size 0 Mode ref, Ref Stage 44, run, start, 9199870554092557
1787080804.716053, NoOp Chain Depth 64 Size 0 Mode ref, Ref Stage 44, run, end, 9199870554112685
1787080804.716068, NoOp Chain Depth 64 Size 0 Mode ref, Ref Stage 45, run, start, 9199870554127229
1787080804.716088, NoOp Chain Depth 64 Size 0 Mode ref, Ref Stage 45, run, end, 9199870554147517
1787080804.716103, NoOp Chain Depth 64 Size 0 Mode ref, Ref Stage 46, run, start, 9199870554162285
1787080804.716123, NoOp Chain Depth 64 Size 0 Mode ref, Ref Stage 46, run, end, 9199870554182141
1787080804.716137, NoOp Chain Depth 64 Size 0 Mode ref, Ref Stage 47, run, start, 9199870554196861
1787080804.716157, NoOp Chain Depth 64 Size 0 Mode ref, Ref Stage 47, run, end, 9199870554216605
1787080804.716172, NoOp Chain Depth 64 Size 0 Mode ref, Ref Stage 48, run, start, 9199870554231037
1787080804.716192, NoOp Chain Depth 64 Size 0 Mode ref, Ref Stage 48, run, end, 9199870554250861
1787080804.716206, NoOp Chain Depth 64 Size 0 Mode ref, Ref Stage 49, run, start, 9199870554265325
1787080804.716226, NoOp Chain Depth 64 Size 0 Mode ref, Ref Stage 49, run, end, 9199870554285229
1787080804.716240, NoOp Chain Depth 64 Size 0 Mode ref, Ref Stage 50, run, start, 9199870554299645
1787080804.716263, NoOp Chain Depth 64 Size 0 Mode ref, Ref Stage 50, run, end, 9199870554322493
1787080804.716275, NoOp Chain Depth 64 Size 0 Mode ref, Ref Stage 51, run, start, 9199870554334253
1787080804.716305, NoOp Chain Depth 64 Size 0 Mode ref, Ref Stage 51, run, end, 9199870554364477
1787080804.716320, NoOp Chain Depth 64 Size 0 Mode ref, Ref Stage 52, run, start, 9199870554378973
1787080804.716340, NoOp Chain Depth 64 Size 0 Mode ref, Ref Stage 52, run, end, 9199870554399053
1787080804.716354, NoOp Chain Depth 64 Size 0 Mode ref, Ref Stage 53, run, start, 9199870554413517
1787080804.716376, NoOp Chain Depth 64 Size 0 Mode ref, Ref Stage 53, run, end, 9199870554434989
1787080804.716390, NoOp Chain Depth 64 Size 0 Mode ref, Ref Stage 54, run, start, 9199870554449565
1787080804.716410, NoOp Chain Depth 64 Size 0 Mode ref, Ref Stage 54, run, end, 9199870554469453
1787080804.716427, NoOp Chain Depth 64 Size 0 Mode ref, Ref Stage 55, run, start, 9199870554485965
1787080804.716446, NoOp Chain Depth 64 Size 0 Mode ref, Ref Stage 55, run, end, 9199870554507053
1787080804.716463, NoOp Chain Depth 64 Size 0 Mode ref, Ref Stage 56, run, start, 9199870554522637
1787080804.716483, NoOp Chain Depth 64 Size 0 Mode ref, Ref Stage 56, run, end, 9199870554542397
1787080804.716497, NoOp Chain Depth 64 Size 0 Mode ref, Ref Stage 57, run, start, 9199870554556685
1787080804.716518, NoOp Chain Depth 64 Size 0 Mode ref, Ref Stage 57, run, end, 9199870554577741
1787080804.716533, NoOp Chain Depth 64 Size 0 Mode ref, Ref Stage 58, run, start, 9199870554592605
1787080804.716554, NoOp Chain Depth 64 Size 0 Mode ref, Ref Stage 58, run, end, 9199870554613501
1787080804.716568, NoOp Chain Depth 64 Size 0 Mode ref, Ref Stage 59, run, start, 9199870554627917
1787080804.716588, NoOp Chain Depth 64 Size 0 Mode ref, Ref Stage 59, run, end, 9199870554647773
1787080804.716604, NoOp Chain Depth 64 Size 0 Mode ref, Ref Stage 60, run, start, 9199870554663293
1787080804.716630, NoOp Chain Depth 64 Size 0 Mode ref, Ref Stage 60, run, end, 9199870554688861
1787080804.716641, NoOp Chain Depth 64 Size 0 Mode ref, Ref Stage 61, run, start, 9199870554700429
1787080804.716672, NoOp Chain Depth 64 Size 0 Mode ref, Ref Stage 61, run, end, 9199870554730989
1787080804.716686, NoOp Chain Depth 64 Size 0 Mode ref, Ref Stage 62, run, start, 9199870554745485
1787080804.716706, NoOp Chain Depth 64 Size 0 Mode ref, Ref Stage 62, run, end, 9199870554765357
1787080804.716721, NoOp Chain Depth 64 Size 0 Mode ref, Ref Stage 63, run, start, 9199870554779869
1787080804.716740, NoOp Chain Depth 64 Size 0 Mode ref, Ref Stage 63, run, end, 9199870554799533
1787080804.716754, NoOp Chain Depth 64 Size 0 Mode ref, pipeline - train, run, end, 197763426129670494041659144868664130865, 1787080804.713912, 75, 1, 9199870554813997
1787080804.716789, NoOp Chain Depth 64 Size 0 Mode ref, pipeline - train, run, start, 223148984788115110466972006932355907896, 1787080804.716779, 76, 1, 9199870554849021
1787080804.716811, NoOp Chain Depth 64 Size 0 Mode ref, Ref Stage 0, run, start, 9199870554870749
1787080804.716832, NoOp Chain Depth 64 Size 0 Mode ref, Ref Stage 0, run, end, 9199870554891197
1787080804.717573, NoOp Chain Depth 64 Size 0 Mode ref, Ref Stage 1, run, start, 9199870555633869
1787080804.717601, NoOp Chain Depth 64 Size 0 Mode ref, Ref Stage 1, run, end, 9199870555660541
1787080804.717617, NoOp Chain Depth 64 Size 0 Mode ref, Ref Stage 2, run, start, 9199870555676413
1787080804.717638, NoOp Chain Depth 64 Size 0 Mode ref, Ref Stage 2, run, end, 9199870555697389
1787080804.717653, NoOp Chain Depth 64 Size 0 Mode ref, Ref Stage 3, run, start, 9199870555712045
1787080804.717673, NoOp Chain Depth 64 Size 0 Mode ref, Ref Stage 3, run, end, 9199870555732269
1787080804.717688, NoOp Chain Depth 64 Size 0 Mode ref, Ref Stage 4, run, start, 9199870555746781
1787080804.717708, NoOp Chain Depth 64 Size 0 Mode ref, Ref Stage 4, run, end, 9199870555766957
1787080804.717722, NoOp Chain Depth 64 Size 0 Mode ref, Ref Stage 5, run, start, 9199870555781421
1787080804.717742, NoOp Chain Depth 64 Size 0 Mode ref, Ref Stage 5, run, end, 9199870555801437
1787080804.717757, NoOp Chain Depth 64 Size 0 Mode ref, Ref Stage 6, run, start, 9199870555815885
1787080804.717776, NoOp Chain Depth 64 Size 0 Mode ref, Ref Stage 6, run, end, 9199870555835757
1787080804.717791, NoOp Chain Depth 64 Size 0 Mode ref, Ref Stage 7, run, start, 9199870555850205
1787080804.717811, NoOp Chain Depth 64 Size 0 Mode ref, Ref Stage 7, run, end, 9199870555870029
1787080804.717825, NoOp Chain Depth 64 Size 0 Mode ref, Ref Stage 8, run, start, 9199870555884397
1787080804.717845, NoOp Chain Depth 64 Size 0 Mode ref, Ref Stage 8, run, end, 9199870555904413
1787080804.717863, NoOp Chain Depth 64 Size 0 Mode ref, Ref Stage 9, run, start, 9199870555922285
1787080804.717883, NoOp Chain Depth 64 Size 0 Mode ref, Ref Stage 9, run, end, 9199870555942381
1787080804.717897, NoOp Chain Depth 64 Size 0 Mode ref, Ref Stage 10, run, start, 9199870555956701
1787080804.717919, NoOp Chain Depth 64 Size 0 Mode ref, Ref Stage 10, run, end, 9199870555978509
1787080804.717931, NoOp Chain Depth 64 Size 0 Mode ref, Ref Stage 11, run, start, 9199870555990445
1787080804.718045, NoOp Chain Depth 64 Size 0 Mode ref, Ref Stage 11, run, end, 9199870556104493
1787080804.718061, NoOp Chain Depth 64 Size 0 Mode ref, Ref Stage 12, run, start, 9199870556120813
1787080804.718083, NoOp Chain Depth 64 Size 0 Mode ref, Ref Stage 12, run, end, 9199870556142109
1787080804.718098, NoOp Chain Depth 64 Size 0 Mode ref, Ref Stage 13, run, start, 9199870556157805
1787080804.718118, NoOp Chain Depth 64 Size 0 Mode ref, Ref Stage 13, run, end, 9199870556177853
1787080804.718133, NoOp Chain Depth 64 Size 0 Mode ref, Ref Stage 14, run, start, 9199870556192029
1787080804.718153, NoOp Chain Depth 64 Size 0 Mode ref, Ref Stage 14, run, end, 9199870556211917
1787080804.718167, NoOp Chain Depth 64 Size 0 Mode ref, Ref Stage 15, run, start, 9199870556226381
1787080804.718186, NoOp Chain Depth 64 Size 0 Mode ref, Ref Stage 15, run, end, 9199870556245933
1787080804.718202, NoOp Chain Depth 64 Size 0 Mode ref, Ref Stage 16, run, start, 9199870556261181
1787080804.718222, NoOp Chain Depth 64 Size 0 Mode ref, Ref Stage 16, run, end, 9199870556281053
1787080804.718236, NoOp Chain Depth 64 Size 0 Mode ref, Ref Stage 17, run, start, 9199870556295293
1787080804.718257, NoOp Chain Depth 64 Size 0 Mode ref, Ref Stage 17, run, end, 9199870556316317
1787080804.718271, NoOp Chain Depth 64 Size 0 Mode ref, Ref Stage 18, run, start, 9199870556330413
1787080804.718292, NoOp Chain Depth 64 Size 0 Mode ref, Ref Stage 18, run, end, 9199870556351357
1787080804.718307, NoOp Chain Depth 64 Size 0 Mode ref, Ref Stage 19, run, start, 9199870556366733
1787080804.718327, NoOp Chain Depth 64 Size 0 Mode ref, Ref Stage 19, run, end, 9199870556386413
1787080804.718342, NoOp Chain Depth 64 Size 0 Mode ref, Ref Stage 20, run, start, 9199870556401325
1787080804.718365, NoOp Chain Depth 64 Size 0 Mode ref, Ref Stage 20, run, end, 9199870556423997
1787080804.718376, NoOp Chain Depth 64 Size 0 Mode ref, Ref Stage 21, run, start, 9199870556435629
1787080804.718408, NoOp Chain Depth 64 Size 0 Mode ref, Ref Stage 21, run, end, 9199870556466909
1787080804.718422, NoOp Chain Depth 64 Size 0 Mode ref, Ref Stage 22, run, start, 9199870556480909
1787080804.718441, NoOp Chain Depth 64 Size 0 Mode ref, Ref Stage 22, run, end, 9199870556500221
1787080804.718455, NoOp Chain Depth 64 Size 0 Mode ref, Ref Stage 23, run, start, 9199870556514221
1787080804.718476, NoOp Chain Depth 64 Size 0 Mode ref, Ref Stage 23, run, end, 9199870556535021
1787080804.718490, NoOp Chain Depth 64 Size 0 Mode ref, Ref Stage 24, run, start, 9199870556548989
1787080804.718509, NoOp Chain Depth 64 Size 0 Mode ref, Ref Stage 24, run, end, 9199870556568509
1787080804.718524, NoOp Chain Depth 64 Size 0 Mode ref, Ref Stage 25, run, start, 9199870556582669
1787080804.718546, NoOp Chain Depth 64 Size 0 Mode ref, Ref Stage 25, run, end, 9199870556605501
1787080804.718558, NoOp Chain Depth 64 Size 0 Mode ref, Ref Stage 26, run, start, 9199870556617197
1787080804.718588, NoOp Chain Depth 64 Size 0 Mode ref, Ref Stage 26, run, end, 9199870556646861
1787080804.718602, NoOp Chain Depth 64 Size 0 Mode ref, Ref Stage 27, run, start, 9199870556661149
1787080804.718621, NoOp Chain Depth 64 Size 0 Mode ref, Ref Stage 27, run, end, 9199870556680861
1787080804.718636, NoOp Chain Depth 64 Size 0 Mode ref, Ref Stage 28, run, start, 9199870556695181
1787080804.718656, NoOp Chain Depth 64 Size 0 Mode ref, Ref Stage 28, run, end, 9199870556714893
1787080804.718671, NoOp Chain Depth 64 Size 0 Mode ref, Ref Stage 29, run, start, 9199870556730381
1787080804.718692, NoOp Chain Depth 64 Size 0 Mode ref, Ref Stage 29, run, end, 9199870556751597
1787080804.718705, NoOp Chain Depth 64 Size 0 Mode ref, Ref Stage 30, run, start, 9199870556764221
1787080804.718736, NoOp Chain Depth 64 Size 0 Mode ref, Ref Stage 30, run, end, 9199870556795661
1787080804.718751, NoOp Chain Depth 64 Size 0 Mode ref, Ref Stage 31, run, start, 9199870556809997
1787080804.718771, NoOp Chain Depth 64 Size 0 Mode ref, Ref Stage 31, run, end, 9199870556829837
1787080804.718785, NoOp Chain Depth 64 Size 0 Mode ref, Ref Stage 32, run, start, 9199870556844237
1787080804.718805, NoOp Chain Depth 64 Size 0 Mode ref, Ref Stage 32, run, end, 9199870556864173
1787080804.718819, NoOp Chain Depth 64 Size 0 Mode ref, Ref Stage 33, run, start, 9199870556878285
1787080804.718839, NoOp Chain Depth 64 Size 0 Mode ref, Ref Stage 33, run, end, 9199870556897965
1787080804.718853, NoOp Chain Depth 64 Size 0 Mode ref, Ref Stage 34, run, start, 9199870556912237
1787080804.718874, NoOp Chain Depth 64 Size 0 Mode ref, Ref Stage 34, run, end, 9199870556933053
1787080804.718889, NoOp Chain Depth 64 Size 0 Mode ref, Ref Stage 35, run, start, 9199870556948717
1787080804.718909, NoOp Chain Depth 64 Size 0 Mode ref, Ref Stage 35, run, end, 9199870556968541
1787080804.718924, NoOp Chain Depth 64 Size 0 Mode ref, Ref Stage 36, run, start, 9199870556983005
1787080804.718945, NoOp Chain Depth 64 Size 0 Mode ref, Ref Stage 36, run, end, 9199870557004189
1787080804.718960, NoOp Chain Depth 64 Size 0 Mode ref, Ref Stage 37, run, start, 9199870557019373
1787080804.718981, NoOp Chain Depth 64 Size 0 Mode ref, Ref Stage 37, run, end, 9199870557040237
1787080804.718995, NoOp Chain Depth 64 Size 0 Mode ref, Ref Stage 38, run, start, 9199870557054573
1787080804.719016, NoOp Chain Depth 64 Size 0 Mode ref, Ref Stage 38, run, end, 9199870557076381
1787080804.719031, NoOp Chain Depth 64 Size 0 Mode ref, Ref Stage 39, run, start, 9199870557090637
1787080804.719053, NoOp Chain Depth 64 Size 0 Mode ref, Ref Stage 39, run, end, 9199870557111757
1787080804.719067, NoOp Chain Depth 64 Size 0 Mode ref, Ref Stage 40, run, start, 9199870557126845
1787080804.719092, NoOp Chain Depth 64 Size 0 Mode ref, Ref Stage 40, run, end, 9199870557150957
1787080804.719107, NoOp Chain Depth 64 Size 0 Mode ref, Ref Stage 41, run, start, 9199870557165869
1787080804.719504, NoOp Chain Depth 64 Size 0 Mode ref, Ref Stage 41, run, end, 9199870557563853
1787080804.719642, NoOp Chain Depth 64 Size 0 Mode ref, Ref Stage 42, run, start, 9199870557701357
1787080804.719665, NoOp Chain Depth 64 Size 0 Mode ref, Ref Stage 42, run, end, 9199870557723885
1787080804.719680, NoOp Chain Depth 64 Size 0 Mode ref, Ref Stage 43, run, start, 9199870557739037
1787080804.719700, NoOp Chain Depth 64 Size 0 Mode ref, Ref Stage 43, run, end, 9199870557759133
1787080804.719715, NoOp Chain Depth 64 Size 0 Mode ref, Ref Stage 44, run, start, 9199870557774237
1787080804.719735, NoOp Chain Depth 64 Size 0 Mode ref, Ref Stage 44, run, end, 9199870557793997
1787080804.719749, NoOp Chain Depth 64 Size 0 Mode ref, Ref Stage 45, run, start, 9199870557808541
1787080804.719769, NoOp Chain Depth 64 Size 0 Mode ref, Ref Stage 45, run, end, 9199870557828445
1787080804.719784, NoOp Chain Depth 64 Size 0 Mode ref, Ref Stage 46, run, start, 9199870557843213
1787080804.719804, NoOp Chain Depth 64 Size 0 Mode ref, Ref Stage 46, run, end, 9199870557863325
1787080804.719819, NoOp Chain Depth 64 Size 0 Mode ref, Ref Stage 47, run, start, 9199870557877965
1787080804.719839, NoOp Chain Depth 64 Size 0 Mode ref, Ref Stage 47, run, end, 9199870557898221
1787080804.719853, NoOp Chain Depth 64 Size 0 Mode ref, Ref Stage 48, run, start, 9199870557912589
1787080804.719873, NoOp Chain Depth 64 Size 0 Mode ref, Ref Stage 48, run, end, 9199870557932765
1787080804.719888, NoOp Chain Depth 64 Size 0 Mode ref, Ref Stage 49, run, start, 9199870557947373
1787080804.719910, NoOp Chain Depth 64 Size 0 Mode ref, Ref Stage 49, run, end, 9199870557968909
1787080804.719921, NoOp Chain Depth 64 Size 0 Mode ref, Ref Stage 50, run, start, 9199870557980669
1787080804.719953, NoOp Chain Depth 64 Size 0 Mode ref, Ref Stage 50, run, end, 9199870558012253
1787080804.719980, NoOp Chain Depth 64 Size 0 Mode ref, Ref Stage 51, run, start, 9199870558039437
1787080804.720003, NoOp Chain Depth 64 Size 0 Mode ref, Ref Stage 51, run, end, 9199870558062285
1787080804.720015, NoOp Chain Depth 64 Size 0 Mode ref, Ref Stage 52, run, start, 9199870558074077
1787080804.720045, NoOp Chain Depth 64 Size 0 Mode ref, Ref Stage 52, run, end, 9199870558103853
1787080804.720059, NoOp Chain Depth 64 Size 0 Mode ref, Ref Stage 53, run, start, 9199870558118333
1787080804.720079, NoOp Chain Depth 64 Size 0 Mode ref, Ref Stage 53, run, end, 9199870558138461
1787080804.720093, NoOp Chain Depth 64 Size 0 Mode ref, Ref Stage 54, run, start, 9199870558152925
1787080804.720114, NoOp Chain Depth 64 Size 0 Mode ref, Ref Stage 54, run, end, 9199870558172701
1787080804.720128, NoOp Chain Depth 64 Size 0 Mode ref, Ref Stage 55, run, start, 9199870558187101
1787080804.720147, NoOp Chain Depth 64 Size 0 Mode ref, Ref Stage 55, run, end, 9199870558206733
1787080804.720161, NoOp Chain Depth 64 Size 0 Mode ref, Ref Stage 56, run, start, 9199870558220861
1787080804.720182, NoOp Chain Depth 64 Size 0 Mode ref, Ref Stage 56, run, end, 9199870558241741
1787080804.720197, NoOp Chain Depth 64 Size 0 Mode ref, Ref Stage 57, run, start, 9199870558256125
1787080804.720217, NoOp Chain Depth 64 Size 0 Mode ref, Ref Stage 57, run, end, 9199870558276109
1787080804.720232, NoOp Chain Depth 64 Size 0 Mode ref, Ref Stage 58, run, start, 9199870558291277
1787080804.720252, NoOp Chain Depth 64 Size 0 Mode ref, Ref Stage 58, run, end, 9199870558311053
1787080804.720266, NoOp Chain Depth 64 Size 0 Mode ref, Ref Stage 59, run, start, 9199870558325373
1787080804.720289, NoOp Chain Depth 64 Size 0 Mode ref, Ref Stage 59, run, end, 9199870558347773
1787080804.720303, NoOp Chain Depth 64 Size 0 Mode ref, Ref Stage 60, run, start, 9199870558362061
1787080804.720323, NoOp Chain Depth 64 Size 0 Mode ref, Ref Stage 60, run, end, 9199870558382029
1787080804.720337, NoOp Chain Depth 64 Size 0 Mode ref, Ref Stage 61, run, start, 9199870558396509
1787080804.720357, NoOp Chain Depth 64 Size 0 Mode ref, Ref Stage 61, run, end, 9199870558416061
1787080804.720372, NoOp Chain Depth 64 Size 0 Mode ref, Ref Stage 62, run, start, 9199870558431741
1787080804.720392, NoOp Chain Depth 64 Size 0 Mode ref, Ref Stage 62, run, end, 9199870558451309
1787080804.720407, NoOp Chain Depth 64 Size 0 Mode ref, Ref Stage 63, run, start, 9199870558465853
1787080804.720426, NoOp Chain Depth 64 Size 0 Mode ref, Ref Stage 63, run, end, 9199870558485341
1787080804.720441, NoOp Chain Depth 64 Size 0 Mode ref, pipeline - train, run, end, 223148984788115110466972006932355907896, 1787080804.716779, 76, 1, 9199870558500029
1787080804.720477, NoOp Chain Depth 64 Size 0 Mode ref, pipeline - train, run, start, 24978722820487686577931098743542201968, 1787080804.720465, 77, 1, 9199870558536413
1787080804.720499, NoOp Chain Depth 64 Size 0 Mode ref, Ref Stage 0, run, start, 9199870558557981
1787080804.720520, NoOp Chain Depth 64 Size 0 Mode ref, Ref Stage 0, run, end, 9199870558579517
1787080804.720534, NoOp Chain Depth 64 Size 0 Mode ref, Ref Stage 1, run, start, 9199870558593165
1787080804.720564, NoOp Chain Depth 64 Size 0 Mode ref, Ref Stage 1, run, end, 9199870558623085
1787080804.720578, NoOp Chain Depth 64 Size 0 Mode ref, Ref Stage 2, run, start, 9199870558637661
1787080804.720600, NoOp Chain Depth 64 Size 0 Mode ref, Ref Stage 2, run, end, 9199870558659373
1787080804.720615, NoOp Chain Depth 64 Size 0 Mode ref, Ref Stage 3, run, start, 9199870558674253
1787080804.720635, NoOp Chain Depth 64 Size 0 Mode ref, Ref Stage 3, run, end, 9199870558694205
1787080804.720649, NoOp Chain Depth 64 Size 0 Mode ref, Ref Stage 4, run, start, 9199870558708797
1787080804.720670, NoOp Chain Depth 64 Size 0 Mode ref, Ref Stage 4, run, end, 9199870558728733
1787080804.720684, NoOp Chain Depth 64 Size 0 Mode ref, Ref Stage 5, run, start, 9199870558743197
1787080804.720704, NoOp Chain Depth 64 Size 0 Mode ref, Ref Stage 5, run, end, 9199870558763133
1787080804.720720, NoOp Chain Depth 64 Size 0 Mode ref, Ref Stage 6, run, start, 9199870558779037
1787080804.720741, NoOp Chain Depth 64 Size 0 Mode ref, Ref Stage 6, run, end, 9199870558800589
1787080804.720756, NoOp Chain Depth 64 Size 0 Mode ref, Ref Stage 7, run, start, 9199870558815037
1787080804.720777, NoOp Chain Depth 64 Size 0 Mode ref, Ref Stage 7, run, end, 9199870558836061
1787080804.720791, NoOp Chain Depth 64 Size 0 Mode ref, Ref Stage 8, run, start, 9199870558850381
1787080804.720811, NoOp Chain Depth 64 Size 0 Mode ref, Ref Stage 8, run, end, 9199870558870109
1787080804.720825, NoOp Chain Depth 64 Size 0 Mode ref, Ref Stage 9, run, start, 9199870558884269
1787080804.720847, NoOp Chain Depth 64 Size 0 Mode ref, Ref Stage 9, run, end, 9199870558905901
1787080804.720861, NoOp Chain Depth 64 Size 0 Mode ref, Ref Stage 10, run, start, 9199870558920365
1787080804.720885, NoOp Chain Depth 64 Size 0 Mode ref, Ref Stage 10, run, end, 9199870558944333
1787080804.720897, NoOp Chain Depth 64 Size 0 Mode ref, Ref Stage 11, run, start, 9199870558956253
1787080804.720927, NoOp Chain Depth 64 Size 0 Mode ref, Ref Stage 11, run, end, 9199870558986749
1787080804.720942, NoOp Chain Depth 64 Size 0 Mode ref, Ref Stage 12, run, start, 9199870559004429
1787080804.720967, NoOp Chain Depth 64 Size 0 Mode ref, Ref Stage 12, run, end, 9199870559026557
1787080804.720982, NoOp Chain Depth 64 Size 0 Mode ref, Ref Stage 13, run, start, 9199870559041533
1787080804.721004, NoOp Chain Depth 64 Size 0 Mode ref, Ref Stage 13, run, end, 9199870559062957
1787080804.721018, NoOp Chain Depth 64 Size 0 Mode ref, Ref Stage 14, run, start, 9199870559077645
1787080804.721039, NoOp Chain Depth 64 Size 0 Mode ref, Ref Stage 14, run, end, 9199870559098029
1787080804.721053, NoOp Chain Depth 64 Size 0 Mode ref, Ref Stage 15, run, start, 9199870559112477
1787080804.721075, NoOp Chain Depth 64 Size 0 Mode ref, Ref Stage 15, run, end, 9199870559134013
1787080804.721089, NoOp Chain Depth 64 Size 0 Mode ref, Ref Stage 16, run, start, 9199870559148429
1787080804.721109, NoOp Chain Depth 64 Size 0 Mode ref, Ref Stage 16, run, end, 9199870559168013
1787080804.721123, NoOp Chain Depth 64 Size 0 Mode ref, Ref Stage 17, run, start, 9199870559182381
1787080804.721144, NoOp Chain Depth 64 Size 0 Mode ref, Ref Stage 17, run, end, 9199870559203149
1787080804.721158, NoOp Chain Depth 64 Size 0 Mode ref, Ref Stage 18, run, start, 9199870559217517
1787080804.721178, NoOp Chain Depth 64 Size 0 Mode ref, Ref Stage 18, run, end, 9199870559237101
1787080804.721192, NoOp Chain Depth 64 Size 0 Mode ref, Ref Stage 19, run, start, 9199870559251517
1787080804.721213, NoOp Chain Depth 64 Size 0 Mode ref, Ref Stage 19, run, end, 9199870559272557
1787080804.721229, NoOp Chain Depth 64 Size 0 Mode ref, Ref Stage 20, run, start, 9199870559287789
1787080804.721252, NoOp Chain Depth 64 Size 0 Mode ref, Ref Stage 20, run, end, 9199870559311197
1787080804.721263, NoOp Chain Depth 64 Size 0 Mode ref, Ref Stage 21, run, start, 9199870559322765
1787080804.721869, NoOp Chain Depth 64 Size 0 Mode ref, Ref Stage 21, run, end, 9199870559929757
1787080804.721886, NoOp Chain Depth 64 Size 0 Mode ref, Ref Stage 22, run, start, 9199870559945405
1787080804.721906, NoOp Chain Depth 64 Size 0 Mode ref, Ref Stage 22, run, end, 9199870559965485
1787080804.721921, NoOp Chain Depth 64 Size 0 Mode ref, Ref Stage 23, run, start, 9199870559980013
1787080804.721941, NoOp Chain Depth 64 Size 0 Mode ref, Ref Stage 23, run, end, 9199870560001901
1787080804.721958, NoOp Chain Depth 64 Size 0 Mode ref, Ref Stage 24, run, start, 9199870560017517
1787080804.721978, NoOp Chain Depth 64 Size 0 Mode ref, Ref Stage 24, run, end, 9199870560037613
1787080804.721993, NoOp Chain Depth 64 Size 0 Mode ref, Ref Stage 25, run, start, 9199870560052445
1787080804.722013, NoOp Chain Depth 64 Size 0 Mode ref, Ref Stage 25, run, end, 9199870560072429
1787080804.722028, NoOp Chain Depth 64 Size 0 Mode ref, Ref Stage 26, run, start, 9199870560087085
1787080804.722048, NoOp Chain Depth 64 Size 0 Mode ref, Ref Stage 26, run, end, 9199870560106877
1787080804.722064, NoOp Chain Depth 64 Size 0 Mode ref, Ref Stage 27, run, start, 9199870560123022
1787080804.722084, NoOp Chain Depth 64 Size 0 Mode ref, Ref Stage 27, run, end, 9199870560143006
1787080804.722098, NoOp Chain Depth 64 Size 0 Mode ref, Ref Stage 28, run, start, 9199870560157470
1787080804.722118, NoOp Chain Depth 64 Size 0 Mode ref, Ref Stage 28, run, end, 9199870560177454
1787080804.722133, NoOp Chain Depth 64 Size 0 Mode ref, Ref Stage 29, run, start, 9199870560192094
1787080804.722157, NoOp Chain Depth 64 Size 0 Mode ref, Ref Stage 29, run, end, 9199870560216222
1787080804.722169, NoOp Chain Depth 64 Size 0 Mode ref, Ref Stage 30, run, start, 9199870560227886
1787080804.722200, NoOp Chain Depth 64 Size 0 Mode ref, Ref Stage 30, run, end, 9199870560259374
1787080804.722212, NoOp Chain Depth 64 Size 0 Mode ref, Ref Stage 31, run, start, 9199870560271134
1787080804.722242, NoOp Chain Depth 64 Size 0 Mode ref, Ref Stage 31, run, end, 9199870560300702
1787080804.722256, NoOp Chain Depth 64 Size 0 Mode ref, Ref Stage 32, run, start, 9199870560315070
1787080804.722275, NoOp Chain Depth 64 Size 0 Mode ref, Ref Stage 32, run, end, 9199870560334862
1787080804.722290, NoOp Chain Depth 64 Size 0 Mode ref, Ref Stage 33, run, start, 9199870560349406
1787080804.722310, NoOp Chain Depth 64 Size 0 Mode ref, Ref Stage 33, run, end, 9199870560369294
1787080804.722324, NoOp Chain Depth 64 Size 0 Mode ref, Ref Stage 34, run, start, 9199870560383646
1787080804.722348, NoOp Chain Depth 64 Size 0 Mode ref, Ref Stage 34, run, end, 9199870560407694
1787080804.722363, NoOp Chain Depth 64 Size 0 Mode ref, Ref Stage 35, run, start, 9199870560421934
1787080804.722382, NoOp Chain Depth 64 Size 0 Mode ref, Ref Stage 35, run, end, 9199870560441662
1787080804.722447, NoOp Chain Depth 64 Size 0 Mode ref, Ref Stage 36, run, start, 9199870560506622
1787080804.722468, NoOp Chain Depth 64 Size 0 Mode ref, Ref Stage 36, run, end, 9199870560527454
1787080804.722483, NoOp Chain Depth 64 Size 0 Mode ref, Ref Stage 37, run, start, 9199870560542174
1787080804.722502, NoOp Chain Depth 64 Size 0 Mode ref, Ref Stage 37, run, end, 9199870560561774
1787080804.722517, NoOp Chain Depth 64 Size 0 Mode ref, Ref Stage 38, run, start, 9199870560576046
1787080804.722538, NoOp Chain Depth 64 Size 0 Mode ref, Ref Stage 38, run, end, 9199870560597070
1787080804.722552, NoOp Chain Depth 64 Size 0 Mode ref, Ref Stage 39, run, start, 9199870560611518
1787080804.722572, NoOp Chain Depth 64 Size 0 Mode ref, Ref Stage 39, run, end, 9199870560630990
1787080804.722588, NoOp Chain Depth 64 Size 0 Mode ref, Ref Stage 40, run, start, 9199870560647310
1787080804.722609, NoOp Chain Depth 64 Size 0 Mode ref, Ref Stage 40, run, end, 9199870560668382
1787080804.722620, NoOp Chain Depth 64 Size 0 Mode ref, Ref Stage 41, run, start, 9199870560679726
1787080804.722650, NoOp Chain Depth 64 Size 0 Mode ref, Ref Stage 41, run, end, 9199870560709566
1787080804.722665, NoOp Chain Depth 64 Size 0 Mode ref, Ref Stage 42, run, start, 9199870560724126
1787080804.722685, NoOp Chain Depth 64 Size 0 Mode ref, Ref Stage 42, run, end, 9199870560744718
1787080804.722700, NoOp Chain Depth 64 Size 0 Mode ref, Ref Stage 43, run, start, 9199870560759470
1787080804.722720, NoOp Chain Depth 64 Size 0 Mode ref, Ref Stage 43, run, end, 9199870560779422
1787080804.722734, NoOp Chain Depth 64 Size 0 Mode ref, Ref Stage 44, run, start, 9199870560793806
1787080804.722754, NoOp Chain Depth 64 Size 0 Mode ref, Ref Stage 44, run, end, 9199870560813726
1787080804.722769, NoOp Chain Depth 64 Size 0 Mode ref, Ref Stage 45, run, start, 9199870560828382
1787080804.722790, NoOp Chain Depth 64 Size 0 Mode ref, Ref Stage 45, run, end, 9199870560849694
1787080804.722805, NoOp Chain Depth 64 Size 0 Mode ref, Ref Stage 46, run, start, 9199870560864462
1787080804.722825, NoOp Chain Depth 64 Size 0 Mode ref, Ref Stage 46, run, end, 9199870560884478
1787080804.722841, NoOp Chain Depth 64 Size 0 Mode ref, Ref Stage 47, run, start, 9199870560900750
1787080804.722862, NoOp Chain Depth 64 Size 0 Mode ref, Ref Stage 47, run, end, 9199870560920974
1787080804.722878, NoOp Chain Depth 64 Size 0 Mode ref, Ref Stage 48, run, start, 9199870560937246
1787080804.722900, NoOp Chain Depth 64 Size 0 Mode ref, Ref Stage 48, run, end, 9199870560959038
1787080804.722914, NoOp Chain Depth 64 Size 0 Mode ref, Ref Stage 49, run, start, 9199870560973614
1787080804.722934, NoOp Chain Depth 64 Size 0 Mode ref, Ref Stage 49, run, end, 9199870560993454
1787080804.723448, NoOp Chain Depth 64 Size 0 Mode ref, Ref Stage 50, run, start, 9199870561508622
1787080804.723474, NoOp Chain Depth 64 Size 0 Mode ref, Ref Stage 50, run, end, 9199870561533438
1787080804.723489, NoOp Chain Depth 64 Size 0 Mode ref, Ref Stage 51, run, start, 9199870561548414
1787080804.723511, NoOp Chain Depth 64 Size 0 Mode ref, Ref Stage 51, run, end, 9199870561570318
1787080804.723523, NoOp Chain Depth 64 Size 0 Mode ref, Ref Stage 52, run, start, 9199870561581742
1787080804.723552, NoOp Chain Depth 64 Size 0 Mode ref, Ref Stage 52, run, end, 9199870561611662
1787080804.723567, NoOp Chain Depth 64 Size 0 Mode ref, Ref Stage 53, run, start, 9199870561626190
1787080804.723587, NoOp Chain Depth 64 Size 0 Mode ref, Ref Stage 53, run, end, 9199870561645950
1787080804.723601, NoOp Chain Depth 64 Size 0 Mode ref, Ref Stage 54, run, start, 9199870561660254
1787080804.723621, NoOp Chain Depth 64 Size 0 Mode ref, Ref Stage 54, run, end, 9199870561680078
1787080804.723635, NoOp Chain Depth 64 Size 0 Mode ref, Ref Stage 55, run, start, 9199870561694718
1787080804.723655, NoOp Chain Depth 64 Size 0 Mode ref, Ref Stage 55, run, end, 9199870561714606
1787080804.723670, NoOp Chain Depth 64 Size 0 Mode ref, Ref Stage 56, run, start, 9199870561728974
1787080804.723691, NoOp Chain Depth 64 Size 0 Mode ref, Ref Stage 56, run, end, 9199870561749902
1787080804.723705, NoOp Chain Depth 64 Size 0 Mode ref, Ref Stage 57, run, start, 9199870561764174
1787080804.723726, NoOp Chain Depth 64 Size 0 Mode ref, Ref Stage 57, run, end, 9199870561785182
1787080804.723740, NoOp Chain Depth 64 Size 0 Mode ref, Ref Stage 58, run, start, 9199870561799742
1787080804.723760, NoOp Chain Depth 64 Size 0 Mode ref, Ref Stage 58, run, end, 9199870561819758
1787080804.723775, NoOp Chain Depth 64 Size 0 Mode ref, Ref Stage 59, run, start, 9199870561834894
1787080804.723798, NoOp Chain Depth 64 Size 0 Mode ref, Ref Stage 59, run, end, 9199870561857102
1787080804.723812, NoOp Chain Depth 64 Size 0 Mode ref, Ref Stage 60, run, start, 9199870561871710
1787080804.723832, NoOp Chain Depth 64 Size 0 Mode ref, Ref Stage 60, run, end, 9199870561891390
1787080804.723847, NoOp Chain Depth 64 Size 0 Mode ref, Ref Stage 61, run, start, 9199870561905838
1787080804.723866, NoOp Chain Depth 64 Size 0 Mode ref, Ref Stage 61, run, end, 9199870561925566
1787080804.723881, NoOp Chain Depth 64 Size 0 Mode ref, Ref Stage 62, run, start, 9199870561940078
1787080804.723902, NoOp Chain Depth 64 Size 0 Mode ref, Ref Stage 62, run, end, 9199870561960670
1787080804.723918, NoOp Chain Depth 64 Size 0 Mode ref, Ref Stage 63, run, start, 9199870561977166
1787080804.723938, NoOp Chain Depth 64 Size 0 Mode ref, Ref Stage 63, run, end, 9199870561996910
1787080804.723954, NoOp Chain Depth 64 Size 0 Mode ref, pipeline - train, run, end, 24978722820487686577931098743542201968, 1787080804.720465, 77, 1, 9199870562013582
1787080804.723990, NoOp Chain Depth 64 Size 0 Mode ref, pipeline - train, run, start, 273674103618865916469516474426710612355, 1787080804.723979, 78, 1, 9199870562049342
1787080804.724011, NoOp Chain Depth 64 Size 0 Mode ref, Ref Stage 0, run, start, 9199870562071038
1787080804.724034, NoOp Chain Depth 64 Size 0 Mode ref, Ref Stage 0, run, end, 9199870562092814
1787080804.724045, NoOp Chain Depth 64 Size 0 Mode ref, Ref Stage 1, run, start, 9199870562104430
1787080804.724075, NoOp Chain Depth 64 Size 0 Mode ref, Ref Stage 1, run, end, 9199870562133982
1787080804.724089, NoOp Chain Depth 64 Size 0 Mode ref, Ref Stage 2, run, start, 9199870562148366
1787080804.724110, NoOp Chain Depth 64 Size 0 Mode ref, Ref Stage 2, run, end, 9199870562169678
1787080804.724127, NoOp Chain Depth 64 Size 0 Mode ref, Ref Stage 3, run, start, 9199870562185774
1787080804.724148, NoOp Chain Depth 64 Size 0 Mode ref, Ref Stage 3, run, end, 9199870562206734
1787080804.724162, NoOp Chain Depth 64 Size 0 Mode ref, Ref Stage 4, run, start, 9199870562221310
1787080804.724182, NoOp Chain Depth 64 Size 0 Mode ref, Ref Stage 4, run, end, 9199870562241470
1787080804.724196, NoOp Chain Depth 64 Size 0 Mode ref, Ref Stage 5, run, start, 9199870562255806
1787080804.724216, NoOp Chain Depth 64 Size 0 Mode ref, Ref Stage 5, run, end, 9199870562275710
1787080804.724231, NoOp Chain Depth 64 Size 0 Mode ref, Ref Stage 6, run, start, 9199870562290158
1787080804.724251, NoOp Chain Depth 64 Size 0 Mode ref, Ref Stage 6, run, end, 9199870562309998
1787080804.724265, NoOp Chain Depth 64 Size 0 Mode ref, Ref Stage 7, run, start, 9199870562324366
1787080804.724286, NoOp Chain Depth 64 Size 0 Mode ref, Ref Stage 7, run, end, 9199870562345038
1787080804.724300, NoOp Chain Depth 64 Size 0 Mode ref, Ref Stage 8, run, start, 9199870562359358
1787080804.724319, NoOp Chain Depth 64 Size 0 Mode ref, Ref Stage 8, run, end, 9199870562378830
1787080804.724334, NoOp Chain Depth 64 Size 0 Mode ref, Ref Stage 9, run, start, 9199870562393278
1787080804.724354, NoOp Chain Depth 64 Size 0 Mode ref, Ref Stage 9, run, end, 9199870562412990
1787080804.724369, NoOp Chain Depth 64 Size 0 Mode ref, Ref Stage 10, run, start, 9199870562428238
1787080804.724390, NoOp Chain Depth 64 Size 0 Mode ref, Ref Stage 10, run, end, 9199870562449294
1787080804.724404, NoOp Chain Depth 64 Size 0 Mode ref, Ref Stage 11, run, start, 9199870562463742
1787080804.724426, NoOp Chain Depth 64 Size 0 Mode ref, Ref Stage 11, run, end, 9199870562485198
1787080804.724438, NoOp Chain Depth 64 Size 0 Mode ref, Ref Stage 12, run, start, 9199870562497998
1787080804.724931, NoOp Chain Depth 64 Size 0 Mode ref, Ref Stage 12, run, end, 9199870562991118
1787080804.724950, NoOp Chain Depth 64 Size 0 Mode ref, Ref Stage 13, run, start, 9199870563009454
1787080804.724973, NoOp Chain Depth 64 Size 0 Mode ref, Ref Stage 13, run, end, 9199870563032622
1787080804.724988, NoOp Chain Depth 64 Size 0 Mode ref, Ref Stage 14, run, start, 9199870563047502
1787080804.725008, NoOp Chain Depth 64 Size 0 Mode ref, Ref Stage 14, run, end, 9199870563067710
1787080804.725023, NoOp Chain Depth 64 Size 0 Mode ref, Ref Stage 15, run, start, 9199870563082302
1787080804.725043, NoOp Chain Depth 64 Size 0 Mode ref, Ref Stage 15, run, end, 9199870563102254
1787080804.725059, NoOp Chain Depth 64 Size 0 Mode ref, Ref Stage 16, run, start, 9199870563118078
1787080804.725080, NoOp Chain Depth 64 Size 0 Mode ref, Ref Stage 16, run, end, 9199870563139582
1787080804.725207, NoOp Chain Depth 64 Size 0 Mode ref, Ref Stage 17, run, start, 9199870563266398
1787080804.725228, NoOp Chain Depth 64 Size 0 Mode ref, Ref Stage 17, run, end, 9199870563286766
1787080804.725242, NoOp Chain Depth 64 Size 0 Mode ref, Ref Stage 18, run, start, 9199870563301470
1787080804.725262, NoOp Chain Depth 64 Size 0 Mode ref, Ref Stage 18, run, end, 9199870563321326
1787080804.725276, NoOp Chain Depth 64 Size 0 Mode ref, Ref Stage 19, run, start, 9199870563335742
1787080804.725296, NoOp Chain Depth 64 Size 0 Mode ref, Ref Stage 19, run, end, 9199870563355358
1787080804.725311, NoOp Chain Depth 64 Size 0 Mode ref, Ref Stage 20, run, start, 9199870563369870
1787080804.725330, NoOp Chain Depth 64 Size 0 Mode ref, Ref Stage 20, run, end, 9199870563389614
1787080804.725345, NoOp Chain Depth 64 Size 0 Mode ref, Ref Stage 21, run, start, 9199870563404366
1787080804.725365, NoOp Chain Depth 64 Size 0 Mode ref, Ref Stage 21, run, end, 9199870563424142
1787080804.725379, NoOp Chain Depth 64 Size 0 Mode ref, Ref Stage 22, run, start, 9199870563438750
1787080804.725399, NoOp Chain Depth 64 Size 0 Mode ref, Ref Stage 22, run, end, 9199870563458638
1787080804.725414, NoOp Chain Depth 64 Size 0 Mode ref, Ref Stage 23, run, start, 9199870563473038
1787080804.725434, NoOp Chain Depth 64 Size 0 Mode ref, Ref Stage 23, run, end, 9199870563493134
1787080804.725451, NoOp Chain Depth 64 Size 0 Mode ref, Ref Stage 24, run, start, 9199870563510510
1787080804.725472, NoOp Chain Depth 64 Size 0 Mode ref, Ref Stage 24, run, end, 9199870563531518
1787080804.725487, NoOp Chain Depth 64 Size 0 Mode ref, Ref Stage 25, run, start, 9199870563546174
1787080804.725511, NoOp Chain Depth 64 Size 0 Mode ref, Ref Stage 25, run, end, 9199870563570526
1787080804.725526, NoOp Chain Depth 64 Size 0 Mode ref, Ref Stage 26, run, start, 9199870563585246
1787080804.725547, NoOp Chain Depth 64 Size 0 Mode ref, Ref Stage 26, run, end, 9199870563606382
1787080804.725559, NoOp Chain Depth 64 Size 0 Mode ref, Ref Stage 27, run, start, 9199870563617918
1787080804.725588, NoOp Chain Depth 64 Size 0 Mode ref, Ref Stage 27, run, end, 9199870563647598
1787080804.725602, NoOp Chain Depth 64 Size 0 Mode ref, Ref Stage 28, run, start, 9199870563661758
1787080804.725622, NoOp Chain Depth 64 Size 0 Mode ref, Ref Stage 28, run, end, 9199870563681358
1787080804.725637, NoOp Chain Depth 64 Size 0 Mode ref, Ref Stage 29, run, start, 9199870563696766
1787080804.725659, NoOp Chain Depth 64 Size 0 Mode ref, Ref Stage 29, run, end, 9199870563718174
1787080804.725672, NoOp Chain Depth 64 Size 0 Mode ref, Ref Stage 30, run, start, 9199870563731038
1787080804.725703, NoOp Chain Depth 64 Size 0 Mode ref, Ref Stage 30, run, end, 9199870563761854
1787080804.725714, NoOp Chain Depth 64 Size 0 Mode ref, Ref Stage 31, run, start, 9199870563773502
1787080804.725744, NoOp Chain Depth 64 Size 0 Mode ref, Ref Stage 31, run, end, 9199870563803134
1787080804.725759, NoOp Chain Depth 64 Size 0 Mode ref, Ref Stage 32, run, start, 9199870563817774
1787080804.725778, NoOp Chain Depth 64 Size 0 Mode ref, Ref Stage 32, run, end, 9199870563837470
1787080804.725792, NoOp Chain Depth 64 Size 0 Mode ref, Ref Stage 33, run, start, 9199870563851678
1787080804.725812, NoOp Chain Depth 64 Size 0 Mode ref, Ref Stage 33, run, end, 9199870563871230
1787080804.725826, NoOp Chain Depth 64 Size 0 Mode ref, Ref Stage 34, run, start, 9199870563885758
1787080804.725846, NoOp Chain Depth 64 Size 0 Mode ref, Ref Stage 34, run, end, 9199870563905358
1787080804.725860, NoOp Chain Depth 64 Size 0 Mode ref, Ref Stage 35, run, start, 9199870563919726
1787080804.725882, NoOp Chain Depth 64 Size 0 Mode ref, Ref Stage 35, run, end, 9199870563941054
1787080804.725896, NoOp Chain Depth 64 Size 0 Mode ref, Ref Stage 36, run, start, 9199870563955838
1787080804.725917, NoOp Chain Depth 64 Size 0 Mode ref, Ref Stage 36, run, end, 9199870563976110
1787080804.725931, NoOp Chain Depth 64 Size 0 Mode ref, Ref Stage 37, run, start, 9199870563990942
1787080804.725953, NoOp Chain Depth 64 Size 0 Mode ref, Ref Stage 37, run, end, 9199870564012510
1787080804.725970, NoOp Chain Depth 64 Size 0 Mode ref, Ref Stage 38, run, start, 9199870564029166
1787080804.725992, NoOp Chain Depth 64 Size 0 Mode ref, Ref Stage 38, run, end, 9199870564051598
1787080804.726007, NoOp Chain Depth 64 Size 0 Mode ref, Ref Stage 39, run, start, 9199870564066366
1787080804.726028, NoOp Chain Depth 64 Size 0 Mode ref, Ref Stage 39, run, end, 9199870564087982
1787080804.726043, NoOp Chain Depth 64 Size 0 Mode ref, Ref Stage 40, run, start, 9199870564102558
1787080804.726065, NoOp Chain Depth 64 Size 0 Mode ref, Ref Stage 40, run, end, 9199870564125038
1787080804.726080, NoOp Chain Depth 64 Size 0 Mode ref, Ref Stage 41, run, start, 9199870564139758
1787080804.726103, NoOp Chain Depth 64 Size 0 Mode ref, Ref Stage 41, run, end, 9199870564161854
1787080804.726114, NoOp Chain Depth 64 Size 0 Mode ref, Ref Stage 42, run, start, 9199870564173854
1787080804.726145, NoOp Chain Depth 64 Size 0 Mode ref, Ref Stage 42, run, end, 9199870564204398
1787080804.726160, NoOp Chain Depth 64 Size 0 Mode ref, Ref Stage 43, run, start, 9199870564218942
1787080804.726180, NoOp Chain Depth 64 Size 0 Mode ref, Ref Stage 43, run, end, 9199870564239278
1787080804.726194, NoOp Chain Depth 64 Size 0 Mode ref, Ref Stage 44, run, start, 9199870564253758
1787080804.726215, NoOp Chain Depth 64 Size 0 Mode ref, Ref Stage 44, run, end, 9199870564274142
1787080804.726233, NoOp Chain Depth 64 Size 0 Mode ref, Ref Stage 45, run, start, 9199870564292030
1787080804.726253, NoOp Chain Depth 64 Size 0 Mode ref, Ref Stage 45, run, end, 9199870564312558
1787080804.726269, NoOp Chain Depth 64 Size 0 Mode ref, Ref Stage 46, run, start, 9199870564328126
1787080804.726289, NoOp Chain Depth 64 Size 0 Mode ref, Ref Stage 46, run, end, 9199870564348238
1787080804.726305, NoOp Chain Depth 64 Size 0 Mode ref, Ref Stage 47, run, start, 9199870564364046
1787080804.726325, NoOp Chain Depth 64 Size 0 Mode ref, Ref Stage 47, run, end, 9199870564384078
1787080804.726339, NoOp Chain Depth 64 Size 0 Mode ref, Ref Stage 48, run, start, 9199870564398686
1787080804.726359, NoOp Chain Depth 64 Size 0 Mode ref, Ref Stage 48, run, end, 9199870564418542
1787080804.726864, NoOp Chain Depth 64 Size 0 Mode ref, Ref Stage 49, run, start, 9199870564923822
1787080804.726887, NoOp Chain Depth 64 Size 0 Mode ref, Ref Stage 49, run, end, 9199870564946830
1787080804.726902, NoOp Chain Depth 64 Size 0 Mode ref, Ref Stage 50, run, start, 9199870564961822
1787080804.726925, NoOp Chain Depth 64 Size 0 Mode ref, Ref Stage 50, run, end, 9199870564983758
1787080804.726936, NoOp Chain Depth 64 Size 0 Mode ref, Ref Stage 51, run, start, 9199870564995438
1787080804.726969, NoOp Chain Depth 64 Size 0 Mode ref, Ref Stage 51, run, end, 9199870565028142
1787080804.726983, NoOp Chain Depth 64 Size 0 Mode ref, Ref Stage 52, run, start, 9199870565042798
1787080804.727003, NoOp Chain Depth 64 Size 0 Mode ref, Ref Stage 52, run, end, 9199870565062494
1787080804.727018, NoOp Chain Depth 64 Size 0 Mode ref, Ref Stage 53, run, start, 9199870565076942
1787080804.727037, NoOp Chain Depth 64 Size 0 Mode ref, Ref Stage 53, run, end, 9199870565096590
1787080804.727051, NoOp Chain Depth 64 Size 0 Mode ref, Ref Stage 54, run, start, 9199870565110974
1787080804.727072, NoOp Chain Depth 64 Size 0 Mode ref, Ref Stage 54, run, end, 9199870565130750
1787080804.727086, NoOp Chain Depth 64 Size 0 Mode ref, Ref Stage 55, run, start, 9199870565145438
1787080804.727106, NoOp Chain Depth 64 Size 0 Mode ref, Ref Stage 55, run, end, 9199870565165518
1787080804.727121, NoOp Chain Depth 64 Size 0 Mode ref, Ref Stage 56, run, start, 9199870565179934
1787080804.727140, NoOp Chain Depth 64 Size 0 Mode ref, Ref Stage 56, run, end, 9199870565199726
1787080804.727155, NoOp Chain Depth 64 Size 0 Mode ref, Ref Stage 57, run, start, 9199870565214094
1787080804.727175, NoOp Chain Depth 64 Size 0 Mode ref, Ref Stage 57, run, end, 9199870565233998
1787080804.727190, NoOp Chain Depth 64 Size 0 Mode ref, Ref Stage 58, run, start, 9199870565249870
1787080804.727210, NoOp Chain Depth 64 Size 0 Mode ref, Ref Stage 58, run, end, 9199870565269678
1787080804.727225, NoOp Chain Depth 64 Size 0 Mode ref, Ref Stage 59, run, start, 9199870565284430
1787080804.727248, NoOp Chain Depth 64 Size 0 Mode ref, Ref Stage 59, run, end, 9199870565306830
1787080804.727262, NoOp Chain Depth 64 Size 0 Mode ref, Ref Stage 60, run, start, 9199870565321470
1787080804.727282, NoOp Chain Depth 64 Size 0 Mode ref, Ref Stage 60, run, end, 9199870565341086
1787080804.727297, NoOp Chain Depth 64 Size 0 Mode ref, Ref Stage 61, run, start, 9199870565356014
1787080804.727316, NoOp Chain Depth 64 Size 0 Mode ref, Ref Stage 61, run, end, 9199870565375742
1787080804.727331, NoOp Chain Depth 64 Size 0 Mode ref, Ref Stage 62, run, start, 9199870565390270
1787080804.727350, NoOp Chain Depth 64 Size 0 Mode ref, Ref Stage 62, run, end, 9199870565409886
1787080804.727367, NoOp Chain Depth 64 Size 0 Mode ref, Ref Stage 63, run, start, 9199870565425838
1787080804.727387, NoOp Chain Depth 64 Size 0 Mode ref, Ref Stage 63, run, end, 9199870565446142
1787080804.727401, NoOp Chain Depth 64 Size 0 Mode ref, pipeline - train, run, end, 273674103618865916469516474426710612355, 1787080804.723979, 78, 1, 9199870565461038
1787080804.727437, NoOp Chain Depth 64 Size 0 Mode ref, pipeline - train, run, start, 89668078491450884121895494954992298753, 1787080804.727426, 79, 1, 9199870565496734
1787080804.727461, NoOp Chain Depth 64 Size 0 Mode ref, Ref Stage 0, run, start, 9199870565520158
1787080804.727483, NoOp Chain Depth 64 Size 0 Mode ref, Ref Stage 0, run, end, 9199870565542014
1787080804.727494, NoOp Chain Depth 64 Size 0 Mode ref, Ref Stage 1, run, start, 9199870565553646
1787080804.727576, NoOp Chain Depth 64 Size 0 Mode ref, Ref Stage 1, run, end, 9199870565635582
1787080804.727588, NoOp Chain Depth 64 Size 0 Mode ref, Ref Stage 2, run, start, 9199870565647678
1787080804.727620, NoOp Chain Depth 64 Size 0 Mode ref, Ref Stage 2, run, end, 9199870565679326
1787080804.727634, NoOp Chain Depth 64 Size 0 Mode ref, Ref Stage 3, run, start, 9199870565693662
1787080804.727655, NoOp Chain Depth 64 Size 0 Mode ref, Ref Stage 3, run, end, 9199870565714766
1787080804.727669, NoOp Chain Depth 64 Size 0 Mode ref, Ref Stage 4, run, start, 9199870565728942
1787080804.727690, NoOp Chain Depth 64 Size 0 Mode ref, Ref Stage 4, run, end, 9199870565748750
1787080804.727704, NoOp Chain Depth 64 Size 0 Mode ref, Ref Stage 5, run, start, 9199870565763230
1787080804.727725, NoOp Chain Depth 64 Size 0 Mode ref, Ref Stage 5, run, end, 9199870565784670
1787080804.727737, NoOp Chain Depth 64 Size 0 Mode ref, Ref Stage 6, run, start, 9199870565796270
1787080804.727767, NoOp Chain Depth 64 Size 0 Mode ref, Ref Stage 6, run, end, 9199870565826878
1787080804.727782, NoOp Chain Depth 64 Size 0 Mode ref, Ref Stage 7, run, start, 9199870565841198
1787080804.727803, NoOp Chain Depth 64 Size 0 Mode ref, Ref Stage 7, run, end, 9199870565862462
1787080804.727817, NoOp Chain Depth 64 Size 0 Mode ref, Ref Stage 8, run, start, 9199870565876638
1787080804.727839, NoOp Chain Depth 64 Size 0 Mode ref, Ref Stage 8, run, end, 9199870565897758
1787080804.727853, NoOp Chain Depth 64 Size 0 Mode ref, Ref Stage 9, run, start, 9199870565912526
1787080804.727873, NoOp Chain Depth 64 Size 0 Mode ref, Ref Stage 9, run, end, 9199870565932174
1787080804.727888, NoOp Chain Depth 64 Size 0 Mode ref, Ref Stage 10, run, start, 9199870565947230
1787080804.728372, NoOp Chain Depth 64 Size 0 Mode ref, Ref Stage 10, run, end, 9199870566432382
1787080804.728513, NoOp Chain Depth 64 Size 0 Mode ref, Ref Stage 11, run, start, 9199870566572814
1787080804.728536, NoOp Chain Depth 64 Size 0 Mode ref, Ref Stage 11, run, end, 9199870566595438
1787080804.728551, NoOp Chain Depth 64 Size 0 Mode ref, Ref Stage 12, run, start, 9199870566610222
1787080804.728573, NoOp Chain Depth 64 Size 0 Mode ref, Ref Stage 12, run, end, 9199870566632478
1787080804.728585, NoOp Chain Depth 64 Size 0 Mode ref, Ref Stage 13, run, start, 9199870566644190
1787080804.728615, NoOp Chain Depth 64 Size 0 Mode ref, Ref Stage 13, run, end, 9199870566674110
1787080804.728630, NoOp Chain Depth 64 Size 0 Mode ref, Ref Stage 14, run, start, 9199870566688734
1787080804.728649, NoOp Chain Depth 64 Size 0 Mode ref, Ref Stage 14, run, end, 9199870566708462
1787080804.728663, NoOp Chain Depth 64 Size 0 Mode ref, Ref Stage 15, run, start, 9199870566722910
1787080804.728683, NoOp Chain Depth 64 Size 0 Mode ref, Ref Stage 15, run, end, 9199870566742654
1787080804.728698, NoOp Chain Depth 64 Size 0 Mode ref, Ref Stage 16, run, start, 9199870566756974
1787080804.728718, NoOp Chain Depth 64 Size 0 Mode ref, Ref Stage 16, run, end, 9199870566776942
1787080804.728732, NoOp Chain Depth 64 Size 0 Mode ref, Ref Stage 17, run, start, 9199870566791742
1787080804.728753, NoOp Chain Depth 64 Size 0 Mode ref, Ref Stage 17, run, end, 9199870566812174
1787080804.728767, NoOp Chain Depth 64 Size 0 Mode ref, Ref Stage 18, run, start, 9199870566826734
1787080804.728787, NoOp Chain Depth 64 Size 0 Mode ref, Ref Stage 18, run, end, 9199870566846398
1787080804.728801, NoOp Chain Depth 64 Size 0 Mode ref, Ref Stage 19, run, start, 9199870566860814
1787080804.728822, NoOp Chain Depth 64 Size 0 Mode ref, Ref Stage 19, run, end, 9199870566880766
1787080804.728837, NoOp Chain Depth 64 Size 0 Mode ref, Ref Stage 20, run, start, 9199870566896766
1787080804.728857, NoOp Chain Depth 64 Size 0 Mode ref, Ref Stage 20, run, end, 9199870566916702
1787080804.728874, NoOp Chain Depth 64 Size 0 Mode ref, Ref Stage 21, run, start, 9199870566933022
1787080804.728894, NoOp Chain Depth 64 Size 0 Mode ref, Ref Stage 21, run, end, 9199870566952846
1787080804.728909, NoOp Chain Depth 64 Size 0 Mode ref, Ref Stage 22, run, start, 9199870566968046
1787080804.728929, NoOp Chain Depth 64 Size 0 Mode ref, Ref Stage 22, run, end, 9199870566987838
1787080804.728943, NoOp Chain Depth 64 Size 0 Mode ref, Ref Stage 23, run, start, 9199870567004622
1787080804.728966, NoOp Chain Depth 64 Size 0 Mode ref, Ref Stage 23, run, end, 9199870567024942
1787080804.728980, NoOp Chain Depth 64 Size 0 Mode ref, Ref Stage 24, run, start, 9199870567039678
1787080804.729002, NoOp Chain Depth 64 Size 0 Mode ref, Ref Stage 24, run, end, 9199870567061070
1787080804.729016, NoOp Chain Depth 64 Size 0 Mode ref, Ref Stage 25, run, start, 9199870567075662
1787080804.729042, NoOp Chain Depth 64 Size 0 Mode ref, Ref Stage 25, run, end, 9199870567101022
1787080804.729057, NoOp Chain Depth 64 Size 0 Mode ref, Ref Stage 26, run, start, 9199870567115790
1787080804.729076, NoOp Chain Depth 64 Size 0 Mode ref, Ref Stage 26, run, end, 9199870567135630
1787080804.729090, NoOp Chain Depth 64 Size 0 Mode ref, Ref Stage 27, run, start, 9199870567149742
1787080804.729110, NoOp Chain Depth 64 Size 0 Mode ref, Ref Stage 27, run, end, 9199870567169406
1787080804.729124, NoOp Chain Depth 64 Size 0 Mode ref, Ref Stage 28, run, start, 9199870567183614
1787080804.729146, NoOp Chain Depth 64 Size 0 Mode ref, Ref Stage 28, run, end, 9199870567204910
1787080804.729160, NoOp Chain Depth 64 Size 0 Mode ref, Ref Stage 29, run, start, 9199870567219182
1787080804.729180, NoOp Chain Depth 64 Size 0 Mode ref, Ref Stage 29, run, end, 9199870567239006
1787080804.729194, NoOp Chain Depth 64 Size 0 Mode ref, Ref Stage 30, run, start, 9199870567253486
1787080804.729217, NoOp Chain Depth 64 Size 0 Mode ref, Ref Stage 30, run, end, 9199870567277070
1787080804.731411, NoOp Chain Depth 64 Size 0 Mode ref, Ref Stage 31, run, start, 9199870569471903
1787080804.731436, NoOp Chain Depth 64 Size 0 Mode ref, Ref Stage 31, run, end, 9199870569496111
1787080804.731452, NoOp Chain Depth 64 Size 0 Mode ref, Ref Stage 32, run, start, 9199870569511071
1787080804.731472, NoOp Chain Depth 64 Size 0 Mode ref, Ref Stage 32, run, end, 9199870569531263
1787080804.731486, NoOp Chain Depth 64 Size 0 Mode ref, Ref Stage 33, run, start, 9199870569545695
1787080804.731507, NoOp Chain Depth 64 Size 0 Mode ref, Ref Stage 33, run, end, 9199870569566511
1787080804.731522, NoOp Chain Depth 64 Size 0 Mode ref, Ref Stage 34, run, start, 9199870569581535
1787080804.731543, NoOp Chain Depth 64 Size 0 Mode ref, Ref Stage 34, run, end, 9199870569601967
1787080804.731557, NoOp Chain Depth 64 Size 0 Mode ref, Ref Stage 35, run, start, 9199870569616543
1787080804.731577, NoOp Chain Depth 64 Size 0 Mode ref, Ref Stage 35, run, end, 9199870569636735
1787080804.731592, NoOp Chain Depth 64 Size 0 Mode ref, Ref Stage 36, run, start, 9199870569651327
1787080804.731612, NoOp Chain Depth 64 Size 0 Mode ref, Ref Stage 36, run, end, 9199870569671343
1787080804.731627, NoOp Chain Depth 64 Size 0 Mode ref, Ref Stage 37, run, start, 9199870569685983
1787080804.731647, NoOp Chain Depth 64 Size 0 Mode ref, Ref Stage 37, run, end, 9199870569706367
1787080804.731662, NoOp Chain Depth 64 Size 0 Mode ref, Ref Stage 38, run, start, 9199870569721375
1787080804.731683, NoOp Chain Depth 64 Size 0 Mode ref, Ref Stage 38, run, end, 9199870569741887
1787080804.731697, NoOp Chain Depth 64 Size 0 Mode ref, Ref Stage 39, run, start, 9199870569756655
1787080804.731717, NoOp Chain Depth 64 Size 0 Mode ref, Ref Stage 39, run, end, 9199870569776767
1787080804.731732, NoOp Chain Depth 64 Size 0 Mode ref, Ref Stage 40, run, start, 9199870569791407
1787080804.731752, NoOp Chain Depth 64 Size 0 Mode ref, Ref Stage 40, run, end, 9199870569811023
1787080804.731766, NoOp Chain Depth 64 Size 0 Mode ref, Ref Stage 41, run, start, 9199870569825359
1787080804.731786, NoOp Chain Depth 64 Size 0 Mode ref, Ref Stage 41, run, end, 9199870569845279
1787080804.731802, NoOp Chain Depth 64 Size 0 Mode ref, Ref Stage 42, run, start, 9199870569861679
1787080804.731822, NoOp Chain Depth 64 Size 0 Mode ref, Ref Stage 42, run, end, 9199870569881775
1787080804.731837, NoOp Chain Depth 64 Size 0 Mode ref, Ref Stage 43, run, start, 9199870569896367
1787080804.731857, NoOp Chain Depth 64 Size 0 Mode ref, Ref Stage 43, run, end, 9199870569916271
1787080804.731871, NoOp Chain Depth 64 Size 0 Mode ref, Ref Stage 44, run, start, 9199870569930559
1787080804.731891, NoOp Chain Depth 64 Size 0 Mode ref, Ref Stage 44, run, end, 9199870569950383
1787080804.731905, NoOp Chain Depth 64 Size 0 Mode ref, Ref Stage 45, run, start, 9199870569964847
1787080804.731925, NoOp Chain Depth 64 Size 0 Mode ref, Ref Stage 45, run, end, 9199870569984767
1787080804.731940, NoOp Chain Depth 64 Size 0 Mode ref, Ref Stage 46, run, start, 9199870569999311
1787080804.731963, NoOp Chain Depth 64 Size 0 Mode ref, Ref Stage 46, run, end, 9199870570022095
1787080804.731977, NoOp Chain Depth 64 Size 0 Mode ref, Ref Stage 47, run, start, 9199870570036719
1787080804.731997, NoOp Chain Depth 64 Size 0 Mode ref, Ref Stage 47, run, end, 9199870570056431
1787080804.732011, NoOp Chain Depth 64 Size 0 Mode ref, Ref Stage 48, run, start, 9199870570070703
1787080804.732248, NoOp Chain Depth 64 Size 0 Mode ref, Ref Stage 48, run, end, 9199870570308111
1787080804.732384, NoOp Chain Depth 64 Size 0 Mode ref, Ref Stage 49, run, start, 9199870570443887
1787080804.732406, NoOp Chain Depth 64 Size 0 Mode ref, Ref Stage 49, run, end, 9199870570465231
1787080804.732421, NoOp Chain Depth 64 Size 0 Mode ref, Ref Stage 50, run, start, 9199870570480047
1787080804.732441, NoOp Chain Depth 64 Size 0 Mode ref, Ref Stage 50, run, end, 9199870570500047
1787080804.732455, NoOp Chain Depth 64 Size 0 Mode ref, Ref Stage 51, run, start, 9199870570514751
1787080804.732475, NoOp Chain Depth 64 Size 0 Mode ref, Ref Stage 51, run, end, 9199870570534431
1787080804.732490, NoOp Chain Depth 64 Size 0 Mode ref, Ref Stage 52, run, start, 9199870570548943
1787080804.732511, NoOp Chain Depth 64 Size 0 Mode ref, Ref Stage 52, run, end, 9199870570570367
1787080804.732523, NoOp Chain Depth 64 Size 0 Mode ref, Ref Stage 53, run, start, 9199870570582031
1787080804.732553, NoOp Chain Depth 64 Size 0 Mode ref, Ref Stage 53, run, end, 9199870570611919
1787080804.732567, NoOp Chain Depth 64 Size 0 Mode ref, Ref Stage 54, run, start, 9199870570626687
1787080804.732587, NoOp Chain Depth 64 Size 0 Mode ref, Ref Stage 54, run, end, 9199870570646591
1787080804.732602, NoOp Chain Depth 64 Size 0 Mode ref, Ref Stage 55, run, start, 9199870570661151
1787080804.732622, NoOp Chain Depth 64 Size 0 Mode ref, Ref Stage 55, run, end, 9199870570680991
1787080804.732636, NoOp Chain Depth 64 Size 0 Mode ref, Ref Stage 56, run, start, 9199870570695551
1787080804.732656, NoOp Chain Depth 64 Size 0 Mode ref, Ref Stage 56, run, end, 9199870570715231
1787080804.732671, NoOp Chain Depth 64 Size 0 Mode ref, Ref Stage 57, run, start, 9199870570729807
1787080804.732690, NoOp Chain Depth 64 Size 0 Mode ref, Ref Stage 57, run, end, 9199870570749663
1787080804.732705, NoOp Chain Depth 64 Size 0 Mode ref, Ref Stage 58, run, start, 9199870570764143
1787080804.732725, NoOp Chain Depth 64 Size 0 Mode ref, Ref Stage 58, run, end, 9199870570783871
1787080804.732739, NoOp Chain Depth 64 Size 0 Mode ref, Ref Stage 59, run, start, 9199870570798335
1787080804.732759, NoOp Chain Depth 64 Size 0 Mode ref, Ref Stage 59, run, end, 9199870570818079
1787080804.732773, NoOp Chain Depth 64 Size 0 Mode ref, Ref Stage 60, run, start, 9199870570832191
1787080804.732793, NoOp Chain Depth 64 Size 0 Mode ref, Ref Stage 60, run, end, 9199870570851743
1787080804.732807, NoOp Chain Depth 64 Size 0 Mode ref, Ref Stage 61, run, start, 9199870570865983
1787080804.732826, NoOp Chain Depth 64 Size 0 Mode ref, Ref Stage 61, run, end, 9199870570885583
1787080804.732841, NoOp Chain Depth 64 Size 0 Mode ref, Ref Stage 62, run, start, 9199870570900543
1787080804.732861, NoOp Chain Depth 64 Size 0 Mode ref, Ref Stage 62, run, end, 9199870570920527
1787080804.732878, NoOp Chain Depth 64 Size 0 Mode ref, Ref Stage 63, run, start, 9199870570937551
1787080804.732898, NoOp Chain Depth 64 Size 0 Mode ref, Ref Stage 63, run, end, 9199870570957407
1787080804.732913, NoOp Chain Depth 64 Size 0 Mode ref, pipeline - train, run, end, 89668078491450884121895494954992298753, 1787080804.727426, 79, 1, 9199870570972239
1787080804.732953, NoOp Chain Depth 64 Size 0 Mode ref, pipeline - train, run, start, 81277269261221169311316199918971670015, 1787080804.732938, 80, 1, 9199870571012335
1787080804.732976, NoOp Chain Depth 64 Size 0 Mode ref, Ref Stage 0, run, start, 9199870571035263
1787080804.732997, NoOp Chain Depth 64 Size 0 Mode ref, Ref Stage 0, run, end, 9199870571055791
1787080804.733012, NoOp Chain Depth 64 Size 0 Mode ref, Ref Stage 1, run, start, 9199870571071407
1787080804.733033, NoOp Chain Depth 64 Size 0 Mode ref, Ref Stage 1, run, end, 9199870571092751
1787080804.733511, NoOp Chain Depth 64 Size 0 Mode ref, Ref Stage 2, run, start, 9199870571570735
1787080804.733533, NoOp Chain Depth 64 Size 0 Mode ref, Ref Stage 2, run, end, 9199870571592703
1787080804.733672, NoOp Chain Depth 64 Size 0 Mode ref, Ref Stage 3, run, start, 9199870571731375
1787080804.733693, NoOp Chain Depth 64 Size 0 Mode ref, Ref Stage 3, run, end, 9199870571752607
1787080804.733708, NoOp Chain Depth 64 Size 0 Mode ref, Ref Stage 4, run, start, 9199870571767551
1787080804.733729, NoOp Chain Depth 64 Size 0 Mode ref, Ref Stage 4, run, end, 9199870571788335
1787080804.733744, NoOp Chain Depth 64 Size 0 Mode ref, Ref Stage 5, run, start, 9199870571803263
1787080804.733765, NoOp Chain Depth 64 Size 0 Mode ref, Ref Stage 5, run, end, 9199870571824079
1787080804.733779, NoOp Chain Depth 64 Size 0 Mode ref, Ref Stage 6, run, start, 9199870571838911
1787080804.733800, NoOp Chain Depth 64 Size 0 Mode ref, Ref Stage 6, run, end, 9199870571859055
1787080804.733814, NoOp Chain Depth 64 Size 0 Mode ref, Ref Stage 7, run, start, 9199870571873951
1787080804.733835, NoOp Chain Depth 64 Size 0 Mode ref, Ref Stage 7, run, end, 9199870571894191
1787080804.733850, NoOp Chain Depth 64 Size 0 Mode ref, Ref Stage 8, run, start, 9199870571909007
1787080804.733870, NoOp Chain Depth 64 Size 0 Mode ref, Ref Stage 8, run, end, 9199870571929135
1787080804.733884, NoOp Chain Depth 64 Size 0 Mode ref, Ref Stage 9, run, start, 9199870571943903
1787080804.733907, NoOp Chain Depth 64 Size 0 Mode ref, Ref Stage 9, run, end, 9199870571966495
1787080804.734284, NoOp Chain Depth 64 Size 0 Mode ref, Ref Stage 10, run, start, 9199870572343903
1787080804.734307, NoOp Chain Depth 64 Size 0 Mode ref, Ref Stage 10, run, end, 9199870572365759
1787080804.734321, NoOp Chain Depth 64 Size 0 Mode ref, Ref Stage 11, run, start, 9199870572380591
1787080804.734342, NoOp Chain Depth 64 Size 0 Mode ref, Ref Stage 11, run, end, 9199870572401199
1787080804.734468, NoOp Chain Depth 64 Size 0 Mode ref, Ref Stage 12, run, start, 9199870572527839
1787080804.734489, NoOp Chain Depth 64 Size 0 Mode ref, Ref Stage 12, run, end, 9199870572548063
1787080804.734503, NoOp Chain Depth 64 Size 0 Mode ref, Ref Stage 13, run, start, 9199870572562511
1787080804.734525, NoOp Chain Depth 64 Size 0 Mode ref, Ref Stage 13, run, end, 9199870572583887
1787080804.734536, NoOp Chain Depth 64 Size 0 Mode ref, Ref Stage 14, run, start, 9199870572595423
1787080804.734566, NoOp Chain Depth 64 Size 0 Mode ref, Ref Stage 14, run, end, 9199870572624863
1787080804.734580, NoOp Chain Depth 64 Size 0 Mode ref, Ref Stage 15, run, start, 9199870572639439
1787080804.734600, NoOp Chain Depth 64 Size 0 Mode ref, Ref Stage 15, run, end, 9199870572659039
1787080804.734614, NoOp Chain Depth 64 Size 0 Mode ref, Ref Stage 16, run, start, 9199870572673391
1787080804.734634, NoOp Chain Depth 64 Size 0 Mode ref, Ref Stage 16, run, end, 9199870572693231
1787080804.734648, NoOp Chain Depth 64 Size 0 Mode ref, Ref Stage 17, run, start, 9199870572707887
1787080804.734668, NoOp Chain Depth 64 Size 0 Mode ref, Ref Stage 17, run, end, 9199870572727551
1787080804.734685, NoOp Chain Depth 64 Size 0 Mode ref, Ref Stage 18, run, start, 9199870572744255
1787080804.734706, NoOp Chain Depth 64 Size 0 Mode ref, Ref Stage 18, run, end, 9199870572765455
1787080804.734720, NoOp Chain Depth 64 Size 0 Mode ref, Ref Stage 19, run, start, 9199870572779775
1787080804.734740, NoOp Chain Depth 64 Size 0 Mode ref, Ref Stage 19, run, end, 9199870572799599
1787080804.734755, NoOp Chain Depth 64 Size 0 Mode ref, Ref Stage 20, run, start, 9199870572814031
1787080804.734775, NoOp Chain Depth 64 Size 0 Mode ref, Ref Stage 20, run, end, 9199870572833887
1787080804.734789, NoOp Chain Depth 64 Size 0 Mode ref, Ref Stage 21, run, start, 9199870572848399
1787080804.734811, NoOp Chain Depth 64 Size 0 Mode ref, Ref Stage 21, run, end, 9199870572869919
1787080804.734826, NoOp Chain Depth 64 Size 0 Mode ref, Ref Stage 22, run, start, 9199870572885263
1787080804.734848, NoOp Chain Depth 64 Size 0 Mode ref, Ref Stage 22, run, end, 9199870572907759
1787080804.734863, NoOp Chain Depth 64 Size 0 Mode ref, Ref Stage 23, run, start, 9199870572922175
1787080804.734884, NoOp Chain Depth 64 Size 0 Mode ref, Ref Stage 23, run, end, 9199870572943199
1787080804.734895, NoOp Chain Depth 64 Size 0 Mode ref, Ref Stage 24, run, start, 9199870572954767
1787080804.734924, NoOp Chain Depth 64 Size 0 Mode ref, Ref Stage 24, run, end, 9199870572983535
1787080804.734939, NoOp Chain Depth 64 Size 0 Mode ref, Ref Stage 25, run, start, 9199870572997951
1787080804.734961, NoOp Chain Depth 64 Size 0 Mode ref, Ref Stage 25, run, end, 9199870573019887
1787080804.734977, NoOp Chain Depth 64 Size 0 Mode ref, Ref Stage 26, run, start, 9199870573036319
1787080804.734998, NoOp Chain Depth 64 Size 0 Mode ref, Ref Stage 26, run, end, 9199870573057423
1787080804.735013, NoOp Chain Depth 64 Size 0 Mode ref, Ref Stage 27, run, start, 9199870573072335
1787080804.735033, NoOp Chain Depth 64 Size 0 Mode ref, Ref Stage 27, run, end, 9199870573091935
1787080804.735047, NoOp Chain Depth 64 Size 0 Mode ref, Ref Stage 28, run, start, 9199870573106399
1787080804.735067, NoOp Chain Depth 64 Size 0 Mode ref, Ref Stage 28, run, end, 9199870573125903
1787080804.735081, NoOp Chain Depth 64 Size 0 Mode ref, Ref Stage 29, run, start, 9199870573140207
1787080804.735102, NoOp Chain Depth 64 Size 0 Mode ref, Ref Stage 29, run, end, 9199870573161551
1787080804.735114, NoOp Chain Depth 64 Size 0 Mode ref, Ref Stage 30, run, start, 9199870573173199
1787080804.736973, NoOp Chain Depth 64 Size 0 Mode ref, Ref Stage 30, run, end, 9199870575033055
1787080804.736989, NoOp Chain Depth 64 Size 0 Mode ref, Ref Stage 31, run, start, 9199870575048911
1787080804.737010, NoOp Chain Depth 64 Size 0 Mode ref, Ref Stage 31, run, end, 9199870575069839
1787080804.737464, NoOp Chain Depth 64 Size 0 Mode ref, Ref Stage 32, run, start, 9199870575523535
1787080804.737486, NoOp Chain Depth 64 Size 0 Mode ref, Ref Stage 32, run, end, 9199870575545023
1787080804.737500, NoOp Chain Depth 64 Size 0 Mode ref, Ref Stage 33, run, start, 9199870575559615
1787080804.737520, NoOp Chain Depth 64 Size 0 Mode ref, Ref Stage 33, run, end, 9199870575579663
1787080804.737535, NoOp Chain Depth 64 Size 0 Mode ref, Ref Stage 34, run, start, 9199870575594287
1787080804.737555, NoOp Chain Depth 64 Size 0 Mode ref, Ref Stage 34, run, end, 9199870575614287
1787080804.737570, NoOp Chain Depth 64 Size 0 Mode ref, Ref Stage 35, run, start, 9199870575628991
1787080804.737590, NoOp Chain Depth 64 Size 0 Mode ref, Ref Stage 35, run, end, 9199870575648799
1787080804.737604, NoOp Chain Depth 64 Size 0 Mode ref, Ref Stage 36, run, start, 9199870575662943
1787080804.737623, NoOp Chain Depth 64 Size 0 Mode ref, Ref Stage 36, run, end, 9199870575682527
1787080804.737638, NoOp Chain Depth 64 Size 0 Mode ref, Ref Stage 37, run, start, 9199870575696863
1787080804.737657, NoOp Chain Depth 64 Size 0 Mode ref, Ref Stage 37, run, end, 9199870575716559
1787080804.737672, NoOp Chain Depth 64 Size 0 Mode ref, Ref Stage 38, run, start, 9199870575731151
1787080804.737692, NoOp Chain Depth 64 Size 0 Mode ref, Ref Stage 38, run, end, 9199870575750847
1787080804.737708, NoOp Chain Depth 64 Size 0 Mode ref, Ref Stage 39, run, start, 9199870575767087
1787080804.737728, NoOp Chain Depth 64 Size 0 Mode ref, Ref Stage 39, run, end, 9199870575787087
1787080804.737743, NoOp Chain Depth 64 Size 0 Mode ref, Ref Stage 40, run, start, 9199870575801791
1787080804.737762, NoOp Chain Depth 64 Size 0 Mode ref, Ref Stage 40, run, end, 9199870575821583
1787080804.737776, NoOp Chain Depth 64 Size 0 Mode ref, Ref Stage 41, run, start, 9199870575835839
1787080804.737796, NoOp Chain Depth 64 Size 0 Mode ref, Ref Stage 41, run, end, 9199870575855487
1787080804.737810, NoOp Chain Depth 64 Size 0 Mode ref, Ref Stage 42, run, start, 9199870575869855
1787080804.737831, NoOp Chain Depth 64 Size 0 Mode ref, Ref Stage 42, run, end, 9199870575889759
1787080804.737845, NoOp Chain Depth 64 Size 0 Mode ref, Ref Stage 43, run, start, 9199870575904367
1787080804.737864, NoOp Chain Depth 64 Size 0 Mode ref, Ref Stage 43, run, end, 9199870575923807
1787080804.737879, NoOp Chain Depth 64 Size 0 Mode ref, Ref Stage 44, run, start, 9199870575938287
1787080804.737899, NoOp Chain Depth 64 Size 0 Mode ref, Ref Stage 44, run, end, 9199870575957695
1787080804.737913, NoOp Chain Depth 64 Size 0 Mode ref, Ref Stage 45, run, start, 9199870575971855
1787080804.737932, NoOp Chain Depth 64 Size 0 Mode ref, Ref Stage 45, run, end, 9199870575991407
1787080804.737949, NoOp Chain Depth 64 Size 0 Mode ref, Ref Stage 46, run, start, 9199870576007919
1787080804.737969, NoOp Chain Depth 64 Size 0 Mode ref, Ref Stage 46, run, end, 9199870576028223
1787080804.737983, NoOp Chain Depth 64 Size 0 Mode ref, Ref Stage 47, run, start, 9199870576042479
1787080804.738003, NoOp Chain Depth 64 Size 0 Mode ref, Ref Stage 47, run, end, 9199870576062351
1787080804.738018, NoOp Chain Depth 64 Size 0 Mode ref, Ref Stage 48, run, start, 9199870576076815
1787080804.738039, NoOp Chain Depth 64 Size 0 Mode ref, Ref Stage 48, run, end, 9199870576097919
1787080804.738050, NoOp Chain Depth 64 Size 0 Mode ref, Ref Stage 49, run, start, 9199870576109471
1787080804.738080, NoOp Chain Depth 64 Size 0 Mode ref, Ref Stage 49, run, end, 9199870576138671
1787080804.738094, NoOp Chain Depth 64 Size 0 Mode ref, Ref Stage 50, run, start, 9199870576153295
1787080804.738114, NoOp Chain Depth 64 Size 0 Mode ref, Ref Stage 50, run, end, 9199870576173375
1787080804.738128, NoOp Chain Depth 64 Size 0 Mode ref, Ref Stage 51, run, start, 9199870576187823
1787080804.738148, NoOp Chain Depth 64 Size 0 Mode ref, Ref Stage 51, run, end, 9199870576207519
1787080804.738163, NoOp Chain Depth 64 Size 0 Mode ref, Ref Stage 52, run, start, 9199870576221887
1787080804.738184, NoOp Chain Depth 64 Size 0 Mode ref, Ref Stage 52, run, end, 9199870576243359
1787080804.738196, NoOp Chain Depth 64 Size 0 Mode ref, Ref Stage 53, run, start, 9199870576254895
1787080804.738225, NoOp Chain Depth 64 Size 0 Mode ref, Ref Stage 53, run, end, 9199870576284191
1787080804.738239, NoOp Chain Depth 64 Size 0 Mode ref, Ref Stage 54, run, start, 9199870576298527
1787080804.738259, NoOp Chain Depth 64 Size 0 Mode ref, Ref Stage 54, run, end, 9199870576318063
1787080804.738273, NoOp Chain Depth 64 Size 0 Mode ref, Ref Stage 55, run, start, 9199870576332351
1787080804.738293, NoOp Chain Depth 64 Size 0 Mode ref, Ref Stage 55, run, end, 9199870576351935
1787080804.738307, NoOp Chain Depth 64 Size 0 Mode ref, Ref Stage 56, run, start, 9199870576366447
1787080804.738327, NoOp Chain Depth 64 Size 0 Mode ref, Ref Stage 56, run, end, 9199870576385967
1787080804.738341, NoOp Chain Depth 64 Size 0 Mode ref, Ref Stage 57, run, start, 9199870576400319
1787080804.738361, NoOp Chain Depth 64 Size 0 Mode ref, Ref Stage 57, run, end, 9199870576419823
1787080804.738376, NoOp Chain Depth 64 Size 0 Mode ref, Ref Stage 58, run, start, 9199870576435807
1787080804.738397, NoOp Chain Depth 64 Size 0 Mode ref, Ref Stage 58, run, end, 9199870576456607
1787080804.738411, NoOp Chain Depth 64 Size 0 Mode ref, Ref Stage 59, run, start, 9199870576470911
1787080804.738431, NoOp Chain Depth 64 Size 0 Mode ref, Ref Stage 59, run, end, 9199870576490479
1787080804.738447, NoOp Chain Depth 64 Size 0 Mode ref, Ref Stage 60, run, start, 9199870576506047
1787080804.738466, NoOp Chain Depth 64 Size 0 Mode ref, Ref Stage 60, run, end, 9199870576525775
1787080804.738480, NoOp Chain Depth 64 Size 0 Mode ref, Ref Stage 61, run, start, 9199870576539807
1787080804.738500, NoOp Chain Depth 64 Size 0 Mode ref, Ref Stage 61, run, end, 9199870576559183
1787080804.738514, NoOp Chain Depth 64 Size 0 Mode ref, Ref Stage 62, run, start, 9199870576573199
1787080804.738535, NoOp Chain Depth 64 Size 0 Mode ref, Ref Stage 62, run, end, 9199870576593839
1787080804.738549, NoOp Chain Depth 64 Size 0 Mode ref, Ref Stage 63, run, start, 9199870576608591
1787080804.738569, NoOp Chain Depth 64 Size 0 Mode ref, Ref Stage 63, run, end, 9199870576628847
1787080804.738585, NoOp Chain Depth 64 Size 0 Mode ref, pipeline - train, run, end, 81277269261221169311316199918971670015, 1787080804.732938, 80, 1, 9199870576644687
1787080804.738620, NoOp Chain Depth 64 Size 0 Mode ref, pipeline - train, run, start, 329894766238573706961857304362629587674, 1787080804.738610, 81, 1, 9199870576679615
1787080804.738642, NoOp Chain Depth 64 Size 0 Mode ref, Ref Stage 0, run, start, 9199870576701119
1787080804.738663, NoOp Chain Depth 64 Size 0 Mode ref, Ref Stage 0, run, end, 9199870576722623
1787080804.738907, NoOp Chain Depth 64 Size 0 Mode ref, Ref Stage 1, run, start, 9199870576967343
1787080804.738930, NoOp Chain Depth 64 Size 0 Mode ref, Ref Stage 1, run, end, 9199870576989439
1787080804.739069, NoOp Chain Depth 64 Size 0 Mode ref, Ref Stage 2, run, start, 9199870577127935
1787080804.739091, NoOp Chain Depth 64 Size 0 Mode ref, Ref Stage 2, run, end, 9199870577150543
1787080804.739106, NoOp Chain Depth 64 Size 0 Mode ref, Ref Stage 3, run, start, 9199870577165631
1787080804.739126, NoOp Chain Depth 64 Size 0 Mode ref, Ref Stage 3, run, end, 9199870577185967
1787080804.739141, NoOp Chain Depth 64 Size 0 Mode ref, Ref Stage 4, run, start, 9199870577200751
1787080804.739162, NoOp Chain Depth 64 Size 0 Mode ref, Ref Stage 4, run, end, 9199870577221567
1787080804.739177, NoOp Chain Depth 64 Size 0 Mode ref, Ref Stage 5, run, start, 9199870577236191
1787080804.739197, NoOp Chain Depth 64 Size 0 Mode ref, Ref Stage 5, run, end, 9199870577256687
1787080804.739212, NoOp Chain Depth 64 Size 0 Mode ref, Ref Stage 6, run, start, 9199870577271375
1787080804.739233, NoOp Chain Depth 64 Size 0 Mode ref, Ref Stage 6, run, end, 9199870577291775
1787080804.739247, NoOp Chain Depth 64 Size 0 Mode ref, Ref Stage 7, run, start, 9199870577306175
1787080804.739267, NoOp Chain Depth 64 Size 0 Mode ref, Ref Stage 7, run, end, 9199870577326527
1787080804.739282, NoOp Chain Depth 64 Size 0 Mode ref, Ref Stage 8, run, start, 9199870577341135
1787080804.739304, NoOp Chain Depth 64 Size 0 Mode ref, Ref Stage 8, run, end, 9199870577363039
1787080804.739316, NoOp Chain Depth 64 Size 0 Mode ref, Ref Stage 9, run, start, 9199870577375343
1787080804.739348, NoOp Chain Depth 64 Size 0 Mode ref, Ref Stage 9, run, end, 9199870577407695
1787080804.739364, NoOp Chain Depth 64 Size 0 Mode ref, Ref Stage 10, run, start, 9199870577423199
1787080804.739386, NoOp Chain Depth 64 Size 0 Mode ref, Ref Stage 10, run, end, 9199870577445503
1787080804.739398, NoOp Chain Depth 64 Size 0 Mode ref, Ref Stage 11, run, start, 9199870577457455
1787080804.739430, NoOp Chain Depth 64 Size 0 Mode ref, Ref Stage 11, run, end, 9199870577489279
1787080804.739445, NoOp Chain Depth 64 Size 0 Mode ref, Ref Stage 12, run, start, 9199870577504351
1787080804.739466, NoOp Chain Depth 64 Size 0 Mode ref, Ref Stage 12, run, end, 9199870577525487
1787080804.739480, NoOp Chain Depth 64 Size 0 Mode ref, Ref Stage 13, run, start, 9199870577539935
1787080804.739501, NoOp Chain Depth 64 Size 0 Mode ref, Ref Stage 13, run, end, 9199870577559903
1787080804.739515, NoOp Chain Depth 64 Size 0 Mode ref, Ref Stage 14, run, start, 9199870577574239
1787080804.739535, NoOp Chain Depth 64 Size 0 Mode ref, Ref Stage 14, run, end, 9199870577593855
1787080804.739553, NoOp Chain Depth 64 Size 0 Mode ref, Ref Stage 15, run, start, 9199870577612671
1787080804.739575, NoOp Chain Depth 64 Size 0 Mode ref, Ref Stage 15, run, end, 9199870577634399
1787080804.739589, NoOp Chain Depth 64 Size 0 Mode ref, Ref Stage 16, run, start, 9199870577648479
1787080804.739609, NoOp Chain Depth 64 Size 0 Mode ref, Ref Stage 16, run, end, 9199870577668271
1787080804.739623, NoOp Chain Depth 64 Size 0 Mode ref, Ref Stage 17, run, start, 9199870577682735
1787080804.739643, NoOp Chain Depth 64 Size 0 Mode ref, Ref Stage 17, run, end, 9199870577702495
1787080804.739659, NoOp Chain Depth 64 Size 0 Mode ref, Ref Stage 18, run, start, 9199870577717967
1787080804.739678, NoOp Chain Depth 64 Size 0 Mode ref, Ref Stage 18, run, end, 9199870577737487
1787080804.739692, NoOp Chain Depth 64 Size 0 Mode ref, Ref Stage 19, run, start, 9199870577751599
1787080804.739712, NoOp Chain Depth 64 Size 0 Mode ref, Ref Stage 19, run, end, 9199870577771119
1787080804.739727, NoOp Chain Depth 64 Size 0 Mode ref, Ref Stage 20, run, start, 9199870577786863
1787080804.739748, NoOp Chain Depth 64 Size 0 Mode ref, Ref Stage 20, run, end, 9199870577807583
1787080804.739763, NoOp Chain Depth 64 Size 0 Mode ref, Ref Stage 21, run, start, 9199870577821967
1787080804.739782, NoOp Chain Depth 64 Size 0 Mode ref, Ref Stage 21, run, end, 9199870577841503
1787080804.739796, NoOp Chain Depth 64 Size 0 Mode ref, Ref Stage 22, run, start, 9199870577855823
1787080804.739816, NoOp Chain Depth 64 Size 0 Mode ref, Ref Stage 22, run, end, 9199870577875071
1787080804.739830, NoOp Chain Depth 64 Size 0 Mode ref, Ref Stage 23, run, start, 9199870577889359
1787080804.739850, NoOp Chain Depth 64 Size 0 Mode ref, Ref Stage 23, run, end, 9199870577908912
1787080804.739864, NoOp Chain Depth 64 Size 0 Mode ref, Ref Stage 24, run, start, 9199870577923168
1787080804.739883, NoOp Chain Depth 64 Size 0 Mode ref, Ref Stage 24, run, end, 9199870577942752
1787080804.739898, NoOp Chain Depth 64 Size 0 Mode ref, Ref Stage 25, run, start, 9199870577957168
1787080804.739924, NoOp Chain Depth 64 Size 0 Mode ref, Ref Stage 25, run, end, 9199870577983008
1787080804.739939, NoOp Chain Depth 64 Size 0 Mode ref, Ref Stage 26, run, start, 9199870577998000
1787080804.739961, NoOp Chain Depth 64 Size 0 Mode ref, Ref Stage 26, run, end, 9199870578019840
1787080804.739975, NoOp Chain Depth 64 Size 0 Mode ref, Ref Stage 27, run, start, 9199870578034352
1787080804.739996, NoOp Chain Depth 64 Size 0 Mode ref, Ref Stage 27, run, end, 9199870578055472
1787080804.740379, NoOp Chain Depth 64 Size 0 Mode ref, Ref Stage 28, run, start, 9199870578439536
1787080804.740517, NoOp Chain Depth 64 Size 0 Mode ref, Ref Stage 28, run, end, 9199870578576912
1787080804.740530, NoOp Chain Depth 64 Size 0 Mode ref, Ref Stage 29, run, start, 9199870578589136
1787080804.740560, NoOp Chain Depth 64 Size 0 Mode ref, Ref Stage 29, run, end, 9199870578618976
1787080804.740574, NoOp Chain Depth 64 Size 0 Mode ref, Ref Stage 30, run, start, 9199870578633408
1787080804.740594, NoOp Chain Depth 64 Size 0 Mode ref, Ref Stage 30, run, end, 9199870578653200
1787080804.740608, NoOp Chain Depth 64 Size 0 Mode ref, Ref Stage 31, run, start, 9199870578667632
1787080804.740628, NoOp Chain Depth 64 Size 0 Mode ref, Ref Stage 31, run, end, 9199870578687504
1787080804.740643, NoOp Chain Depth 64 Size 0 Mode ref, Ref Stage 32, run, start, 9199870578701968
1787080804.740662, NoOp Chain Depth 64 Size 0 Mode ref, Ref Stage 32, run, end, 9199870578721312
1787080804.740676, NoOp Chain Depth 64 Size 0 Mode ref, Ref Stage 33, run, start, 9199870578735792
1787080804.740697, NoOp Chain Depth 64 Size 0 Mode ref, Ref Stage 33, run, end, 9199870578755712
1787080804.740711, NoOp Chain Depth 64 Size 0 Mode ref, Ref Stage 34, run, start, 9199870578770048
1787080804.740731, NoOp Chain Depth 64 Size 0 Mode ref, Ref Stage 34, run, end, 9199870578789904
1787080804.740746, NoOp Chain Depth 64 Size 0 Mode ref, Ref Stage 35, run, start, 9199870578805488
1787080804.740766, NoOp Chain Depth 64 Size 0 Mode ref, Ref Stage 35, run, end, 9199870578825664
1787080804.740782, NoOp Chain Depth 64 Size 0 Mode ref, Ref Stage 36, run, start, 9199870578841712
1787080804.740804, NoOp Chain Depth 64 Size 0 Mode ref, Ref Stage 36, run, end, 9199870578863344
1787080804.740819, NoOp Chain Depth 64 Size 0 Mode ref, Ref Stage 37, run, start, 9199870578877792
1787080804.740839, NoOp Chain Depth 64 Size 0 Mode ref, Ref Stage 37, run, end, 9199870578898688
1787080804.740855, NoOp Chain Depth 64 Size 0 Mode ref, Ref Stage 38, run, start, 9199870578914512
1787080804.740953, NoOp Chain Depth 64 Size 0 Mode ref, Ref Stage 38, run, end, 9199870579013248
1787080804.740971, NoOp Chain Depth 64 Size 0 Mode ref, Ref Stage 39, run, start, 9199870579030624
1787080804.740993, NoOp Chain Depth 64 Size 0 Mode ref, Ref Stage 39, run, end, 9199870579051776
1787080804.741007, NoOp Chain Depth 64 Size 0 Mode ref, Ref Stage 40, run, start, 9199870579066176
1787080804.741027, NoOp Chain Depth 64 Size 0 Mode ref, Ref Stage 40, run, end, 9199870579086496
1787080804.741041, NoOp Chain Depth 64 Size 0 Mode ref, Ref Stage 41, run, start, 9199870579100752
1787080804.741061, NoOp Chain Depth 64 Size 0 Mode ref, Ref Stage 41, run, end, 9199870579120656
1787080804.741076, NoOp Chain Depth 64 Size 0 Mode ref, Ref Stage 42, run, start, 9199870579134736
1787080804.741097, NoOp Chain Depth 64 Size 0 Mode ref, Ref Stage 42, run, end, 9199870579156528
1787080804.741112, NoOp Chain Depth 64 Size 0 Mode ref, Ref Stage 43, run, start, 9199870579171856
1787080804.741132, NoOp Chain Depth 64 Size 0 Mode ref, Ref Stage 43, run, end, 9199870579191616
1787080804.741147, NoOp Chain Depth 64 Size 0 Mode ref, Ref Stage 44, run, start, 9199870579205920
1787080804.741167, NoOp Chain Depth 64 Size 0 Mode ref, Ref Stage 44, run, end, 9199870579226736
1787080804.741182, NoOp Chain Depth 64 Size 0 Mode ref, Ref Stage 45, run, start, 9199870579241104
1787080804.741201, NoOp Chain Depth 64 Size 0 Mode ref, Ref Stage 45, run, end, 9199870579260768
1787080804.741216, NoOp Chain Depth 64 Size 0 Mode ref, Ref Stage 46, run, start, 9199870579275056
1787080804.741235, NoOp Chain Depth 64 Size 0 Mode ref, Ref Stage 46, run, end, 9199870579294512
1787080804.741250, NoOp Chain Depth 64 Size 0 Mode ref, Ref Stage 47, run, start, 9199870579309296
1787080804.741270, NoOp Chain Depth 64 Size 0 Mode ref, Ref Stage 47, run, end, 9199870579328960
1787080804.741285, NoOp Chain Depth 64 Size 0 Mode ref, Ref Stage 48, run, start, 9199870579344736
1787080804.741316, NoOp Chain Depth 64 Size 0 Mode ref, Ref Stage 48, run, end, 9199870579374880
1787080804.741327, NoOp Chain Depth 64 Size 0 Mode ref, Ref Stage 49, run, start, 9199870579386496
1787080804.741357, NoOp Chain Depth 64 Size 0 Mode ref, Ref Stage 49, run, end, 9199870579416048
1787080804.741371, NoOp Chain Depth 64 Size 0 Mode ref, Ref Stage 50, run, start, 9199870579429984
1787080804.741390, NoOp Chain Depth 64 Size 0 Mode ref, Ref Stage 50, run, end, 9199870579449616
1787080804.741405, NoOp Chain Depth 64 Size 0 Mode ref, Ref Stage 51, run, start, 9199870579463888
1787080804.741425, NoOp Chain Depth 64 Size 0 Mode ref, Ref Stage 51, run, end, 9199870579483824
1787080804.741440, NoOp Chain Depth 64 Size 0 Mode ref, Ref Stage 52, run, start, 9199870579499360
1787080804.741464, NoOp Chain Depth 64 Size 0 Mode ref, Ref Stage 52, run, end, 9199870579522976
1787080804.741475, NoOp Chain Depth 64 Size 0 Mode ref, Ref Stage 53, run, start, 9199870579534544
1787080804.741508, NoOp Chain Depth 64 Size 0 Mode ref, Ref Stage 53, run, end, 9199870579566800
1787080804.741519, NoOp Chain Depth 64 Size 0 Mode ref, Ref Stage 54, run, start, 9199870579578480
1787080804.741549, NoOp Chain Depth 64 Size 0 Mode ref, Ref Stage 54, run, end, 9199870579608272
1787080804.741563, NoOp Chain Depth 64 Size 0 Mode ref, Ref Stage 55, run, start, 9199870579622656
1787080804.741583, NoOp Chain Depth 64 Size 0 Mode ref, Ref Stage 55, run, end, 9199870579642560
1787080804.741598, NoOp Chain Depth 64 Size 0 Mode ref, Ref Stage 56, run, start, 9199870579657072
1787080804.741617, NoOp Chain Depth 64 Size 0 Mode ref, Ref Stage 56, run, end, 9199870579676768
1787080804.741634, NoOp Chain Depth 64 Size 0 Mode ref, Ref Stage 57, run, start, 9199870579692752
1787080804.741653, NoOp Chain Depth 64 Size 0 Mode ref, Ref Stage 57, run, end, 9199870579712496
1787080804.741668, NoOp Chain Depth 64 Size 0 Mode ref, Ref Stage 58, run, start, 9199870579726880
1787080804.741690, NoOp Chain Depth 64 Size 0 Mode ref, Ref Stage 58, run, end, 9199870579748944
1787080804.741704, NoOp Chain Depth 64 Size 0 Mode ref, Ref Stage 59, run, start, 9199870579763472
1787080804.741725, NoOp Chain Depth 64 Size 0 Mode ref, Ref Stage 59, run, end, 9199870579784528
1787080804.741740, NoOp Chain Depth 64 Size 0 Mode ref, Ref Stage 60, run, start, 9199870579798992
1787080804.741759, NoOp Chain Depth 64 Size 0 Mode ref, Ref Stage 60, run, end, 9199870579818528
1787080804.741774, NoOp Chain Depth 64 Size 0 Mode ref, Ref Stage 61, run, start, 9199870579832912
1787080804.741793, NoOp Chain Depth 64 Size 0 Mode ref, Ref Stage 61, run, end, 9199870579852512
1787080804.741808, NoOp Chain Depth 64 Size 0 Mode ref, Ref Stage 62, run, start, 9199870579867472
1787080804.741829, NoOp Chain Depth 64 Size 0 Mode ref, Ref Stage 62, run, end, 9199870579888496
1787080804.741844, NoOp Chain Depth 64 Size 0 Mode ref, Ref Stage 63, run, start, 9199870579903104
1787080804.741864, NoOp Chain Depth 64 Size 0 Mode ref, Ref Stage 63, run, end, 9199870579923504
1787080804.741879, NoOp Chain Depth 64 Size 0 Mode ref, pipeline - train, run, end, 329894766238573706961857304362629587674, 1787080804.738610, 81, 1, 9199870579938144
1787080804.741915, NoOp Chain Depth 64 Size 0 Mode ref, pipeline - train, run, start, 171404513084835021451845112268264335368, 1787080804.741904, 82, 1, 9199870579974080
1787080804.741937, NoOp Chain Depth 64 Size 0 Mode ref, Ref Stage 0, run, start, 9199870579996000
1787080804.741961, NoOp Chain Depth 64 Size 0 Mode ref, Ref Stage 0, run, end, 9199870580020416
1787080804.742472, NoOp Chain Depth 64 Size 0 Mode ref, Ref Stage 1, run, start, 9199870580532480
1787080804.742496, NoOp Chain Depth 64 Size 0 Mode ref, Ref Stage 1, run, end, 9199870580555616
1787080804.742511, NoOp Chain Depth 64 Size 0 Mode ref, Ref Stage 2, run, start, 9199870580570784
1787080804.742532, NoOp Chain Depth 64 Size 0 Mode ref, Ref Stage 2, run, end, 9199870580591136
1787080804.742546, NoOp Chain Depth 64 Size 0 Mode ref, Ref Stage 3, run, start, 9199870580605856
1787080804.742567, NoOp Chain Depth 64 Size 0 Mode ref, Ref Stage 3, run, end, 9199870580626112
1787080804.742582, NoOp Chain Depth 64 Size 0 Mode ref, Ref Stage 4, run, start, 9199870580640736
1787080804.742601, NoOp Chain Depth 64 Size 0 Mode ref, Ref Stage 4, run, end, 9199870580660896
1787080804.742616, NoOp Chain Depth 64 Size 0 Mode ref, Ref Stage 5, run, start, 9199870580675648
1787080804.742636, NoOp Chain Depth 64 Size 0 Mode ref, Ref Stage 5, run, end, 9199870580695648
1787080804.742651, NoOp Chain Depth 64 Size 0 Mode ref, Ref Stage 6, run, start, 9199870580710080
1787080804.742671, NoOp Chain Depth 64 Size 0 Mode ref, Ref Stage 6, run, end, 9199870580730112
1787080804.742685, NoOp Chain Depth 64 Size 0 Mode ref, Ref Stage 7, run, start, 9199870580744672
1787080804.742705, NoOp Chain Depth 64 Size 0 Mode ref, Ref Stage 7, run, end, 9199870580764768
1787080804.742722, NoOp Chain Depth 64 Size 0 Mode ref, Ref Stage 8, run, start, 9199870580780832
1787080804.742743, NoOp Chain Depth 64 Size 0 Mode ref, Ref Stage 8, run, end, 9199870580802784
1787080804.742755, NoOp Chain Depth 64 Size 0 Mode ref, Ref Stage 9, run, start, 9199870580814656
1787080804.742785, NoOp Chain Depth 64 Size 0 Mode ref, Ref Stage 9, run, end, 9199870580844608
1787080804.742801, NoOp Chain Depth 64 Size 0 Mode ref, Ref Stage 10, run, start, 9199870580860272
1787080804.742828, NoOp Chain Depth 64 Size 0 Mode ref, Ref Stage 10, run, end, 9199870580887568
1787080804.742840, NoOp Chain Depth 64 Size 0 Mode ref, Ref Stage 11, run, start, 9199870580899344
1787080804.742870, NoOp Chain Depth 64 Size 0 Mode ref, Ref Stage 11, run, end, 9199870580929232
1787080804.742885, NoOp Chain Depth 64 Size 0 Mode ref, Ref Stage 12, run, start, 9199870580944064
1787080804.742908, NoOp Chain Depth 64 Size 0 Mode ref, Ref Stage 12, run, end, 9199870580967104
1787080804.742923, NoOp Chain Depth 64 Size 0 Mode ref, Ref Stage 13, run, start, 9199870580981920
1787080804.742943, NoOp Chain Depth 64 Size 0 Mode ref, Ref Stage 13, run, end, 9199870581004320
1787080804.742960, NoOp Chain Depth 64 Size 0 Mode ref, Ref Stage 14, run, start, 9199870581019648
1787080804.742982, NoOp Chain Depth 64 Size 0 Mode ref, Ref Stage 14, run, end, 9199870581041392
1787080804.742994, NoOp Chain Depth 64 Size 0 Mode ref, Ref Stage 15, run, start, 9199870581053072
1787080804.743026, NoOp Chain Depth 64 Size 0 Mode ref, Ref Stage 15, run, end, 9199870581085440
1787080804.743041, NoOp Chain Depth 64 Size 0 Mode ref, Ref Stage 16, run, start, 9199870581100112
1787080804.743061, NoOp Chain Depth 64 Size 0 Mode ref, Ref Stage 16, run, end, 9199870581120288
1787080804.743075, NoOp Chain Depth 64 Size 0 Mode ref, Ref Stage 17, run, start, 9199870581134768
1787080804.743096, NoOp Chain Depth 64 Size 0 Mode ref, Ref Stage 17, run, end, 9199870581154720
1787080804.743110, NoOp Chain Depth 64 Size 0 Mode ref, Ref Stage 18, run, start, 9199870581169232
1787080804.743131, NoOp Chain Depth 64 Size 0 Mode ref, Ref Stage 18, run, end, 9199870581190064
1787080804.743145, NoOp Chain Depth 64 Size 0 Mode ref, Ref Stage 19, run, start, 9199870581204352
1787080804.743165, NoOp Chain Depth 64 Size 0 Mode ref, Ref Stage 19, run, end, 9199870581224048
1787080804.743179, NoOp Chain Depth 64 Size 0 Mode ref, Ref Stage 20, run, start, 9199870581238512
1787080804.743199, NoOp Chain Depth 64 Size 0 Mode ref, Ref Stage 20, run, end, 9199870581258032
1787080804.743214, NoOp Chain Depth 64 Size 0 Mode ref, Ref Stage 21, run, start, 9199870581273664
1787080804.743234, NoOp Chain Depth 64 Size 0 Mode ref, Ref Stage 21, run, end, 9199870581293168
1787080804.743249, NoOp Chain Depth 64 Size 0 Mode ref, Ref Stage 22, run, start, 9199870581308720
1787080804.743269, NoOp Chain Depth 64 Size 0 Mode ref, Ref Stage 22, run, end, 9199870581328304
1787080804.743284, NoOp Chain Depth 64 Size 0 Mode ref, Ref Stage 23, run, start, 9199870581343536
1787080804.743304, NoOp Chain Depth 64 Size 0 Mode ref, Ref Stage 23, run, end, 9199870581363312
1787080804.743319, NoOp Chain Depth 64 Size 0 Mode ref, Ref Stage 24, run, start, 9199870581378016
1787080804.743342, NoOp Chain Depth 64 Size 0 Mode ref, Ref Stage 24, run, end, 9199870581401552
1787080804.743354, NoOp Chain Depth 64 Size 0 Mode ref, Ref Stage 25, run, start, 9199870581412928
1787080804.743384, NoOp Chain Depth 64 Size 0 Mode ref, Ref Stage 25, run, end, 9199870581443632
1787080804.743399, NoOp Chain Depth 64 Size 0 Mode ref, Ref Stage 26, run, start, 9199870581458736
1787080804.745814, NoOp Chain Depth 64 Size 0 Mode ref, Ref Stage 26, run, end, 9199870583874352
1787080804.746513, NoOp Chain Depth 64 Size 0 Mode ref, Ref Stage 27, run, start, 9199870584573088
1787080804.746539, NoOp Chain Depth 64 Size 0 Mode ref, Ref Stage 27, run, end, 9199870584598400
1787080804.746554, NoOp Chain Depth 64 Size 0 Mode ref, Ref Stage 28, run, start, 9199870584613808
1787080804.746575, NoOp Chain Depth 64 Size 0 Mode ref, Ref Stage 28, run, end, 9199870584634192
1787080804.746589, NoOp Chain Depth 64 Size 0 Mode ref, Ref Stage 29, run, start, 9199870584648880
1787080804.746610, NoOp Chain Depth 64 Size 0 Mode ref, Ref Stage 29, run, end, 9199870584668960
1787080804.746624, NoOp Chain Depth 64 Size 0 Mode ref, Ref Stage 30, run, start, 9199870584683568
1787080804.746644, NoOp Chain Depth 64 Size 0 Mode ref, Ref Stage 30, run, end, 9199870584703680
1787080804.746659, NoOp Chain Depth 64 Size 0 Mode ref, Ref Stage 31, run, start, 9199870584718176
1787080804.746679, NoOp Chain Depth 64 Size 0 Mode ref, Ref Stage 31, run, end, 9199870584738080
1787080804.746694, NoOp Chain Depth 64 Size 0 Mode ref, Ref Stage 32, run, start, 9199870584753088
1787080804.746714, NoOp Chain Depth 64 Size 0 Mode ref, Ref Stage 32, run, end, 9199870584773616
1787080804.746732, NoOp Chain Depth 64 Size 0 Mode ref, Ref Stage 33, run, start, 9199870584790928
1787080804.746752, NoOp Chain Depth 64 Size 0 Mode ref, Ref Stage 33, run, end, 9199870584811344
1787080804.746767, NoOp Chain Depth 64 Size 0 Mode ref, Ref Stage 34, run, start, 9199870584826080
1787080804.746787, NoOp Chain Depth 64 Size 0 Mode ref, Ref Stage 34, run, end, 9199870584846480
1787080804.746802, NoOp Chain Depth 64 Size 0 Mode ref, Ref Stage 35, run, start, 9199870584861040
1787080804.746822, NoOp Chain Depth 64 Size 0 Mode ref, Ref Stage 35, run, end, 9199870584881504
1787080804.746837, NoOp Chain Depth 64 Size 0 Mode ref, Ref Stage 36, run, start, 9199870584896336
1787080804.746857, NoOp Chain Depth 64 Size 0 Mode ref, Ref Stage 36, run, end, 9199870584916432
1787080804.746872, NoOp Chain Depth 64 Size 0 Mode ref, Ref Stage 37, run, start, 9199870584931184
1787080804.746892, NoOp Chain Depth 64 Size 0 Mode ref, Ref Stage 37, run, end, 9199870584951456
1787080804.746907, NoOp Chain Depth 64 Size 0 Mode ref, Ref Stage 38, run, start, 9199870584965904
1787080804.746927, NoOp Chain Depth 64 Size 0 Mode ref, Ref Stage 38, run, end, 9199870584986320
1787080804.746941, NoOp Chain Depth 64 Size 0 Mode ref, Ref Stage 39, run, start, 9199870585002656
1787080804.746964, NoOp Chain Depth 64 Size 0 Mode ref, Ref Stage 39, run, end, 9199870585023712
1787080804.746979, NoOp Chain Depth 64 Size 0 Mode ref, Ref Stage 40, run, start, 9199870585038464
1787080804.747000, NoOp Chain Depth 64 Size 0 Mode ref, Ref Stage 40, run, end, 9199870585058752
1787080804.747014, NoOp Chain Depth 64 Size 0 Mode ref, Ref Stage 41, run, start, 9199870585073776
1787080804.747034, NoOp Chain Depth 64 Size 0 Mode ref, Ref Stage 41, run, end, 9199870585093808
1787080804.747049, NoOp Chain Depth 64 Size 0 Mode ref, Ref Stage 42, run, start, 9199870585108256
1787080804.747069, NoOp Chain Depth 64 Size 0 Mode ref, Ref Stage 42, run, end, 9199870585128688
1787080804.747084, NoOp Chain Depth 64 Size 0 Mode ref, Ref Stage 43, run, start, 9199870585143216
1787080804.747104, NoOp Chain Depth 64 Size 0 Mode ref, Ref Stage 43, run, end, 9199870585163264
1787080804.747118, NoOp Chain Depth 64 Size 0 Mode ref, Ref Stage 44, run, start, 9199870585177920
1787080804.747139, NoOp Chain Depth 64 Size 0 Mode ref, Ref Stage 44, run, end, 9199870585197744
1787080804.747153, NoOp Chain Depth 64 Size 0 Mode ref, Ref Stage 45, run, start, 9199870585212320
1787080804.747173, NoOp Chain Depth 64 Size 0 Mode ref, Ref Stage 45, run, end, 9199870585232256
1787080804.747187, NoOp Chain Depth 64 Size 0 Mode ref, Ref Stage 46, run, start, 9199870585246544
1787080804.747207, NoOp Chain Depth 64 Size 0 Mode ref, Ref Stage 46, run, end, 9199870585266080
1787080804.747221, NoOp Chain Depth 64 Size 0 Mode ref, Ref Stage 47, run, start, 9199870585280672
1787080804.747241, NoOp Chain Depth 64 Size 0 Mode ref, Ref Stage 47, run, end, 9199870585300336
1787080804.747256, NoOp Chain Depth 64 Size 0 Mode ref, Ref Stage 48, run, start, 9199870585315008
1787080804.747277, NoOp Chain Depth 64 Size 0 Mode ref, Ref Stage 48, run, end, 9199870585336592
1787080804.747289, NoOp Chain Depth 64 Size 0 Mode ref, Ref Stage 49, run, start, 9199870585348352
1787080804.747319, NoOp Chain Depth 64 Size 0 Mode ref, Ref Stage 49, run, end, 9199870585378016
1787080804.747333, NoOp Chain Depth 64 Size 0 Mode ref, Ref Stage 50, run, start, 9199870585392208
1787080804.747353, NoOp Chain Depth 64 Size 0 Mode ref, Ref Stage 50, run, end, 9199870585412160
1787080804.747367, NoOp Chain Depth 64 Size 0 Mode ref, Ref Stage 51, run, start, 9199870585426448
1787080804.747387, NoOp Chain Depth 64 Size 0 Mode ref, Ref Stage 51, run, end, 9199870585446256
1787080804.747402, NoOp Chain Depth 64 Size 0 Mode ref, Ref Stage 52, run, start, 9199870585461504
1787080804.747423, NoOp Chain Depth 64 Size 0 Mode ref, Ref Stage 52, run, end, 9199870585482816
1787080804.747435, NoOp Chain Depth 64 Size 0 Mode ref, Ref Stage 53, run, start, 9199870585494384
1787080804.747466, NoOp Chain Depth 64 Size 0 Mode ref, Ref Stage 53, run, end, 9199870585525440
1787080804.747478, NoOp Chain Depth 64 Size 0 Mode ref, Ref Stage 54, run, start, 9199870585536864
1787080804.747509, NoOp Chain Depth 64 Size 0 Mode ref, Ref Stage 54, run, end, 9199870585567824
1787080804.747523, NoOp Chain Depth 64 Size 0 Mode ref, Ref Stage 55, run, start, 9199870585582176
1787080804.747543, NoOp Chain Depth 64 Size 0 Mode ref, Ref Stage 55, run, end, 9199870585602000
1787080804.747557, NoOp Chain Depth 64 Size 0 Mode ref, Ref Stage 56, run, start, 9199870585616224
1787080804.747576, NoOp Chain Depth 64 Size 0 Mode ref, Ref Stage 56, run, end, 9199870585635952
1787080804.747591, NoOp Chain Depth 64 Size 0 Mode ref, Ref Stage 57, run, start, 9199870585650560
1787080804.747611, NoOp Chain Depth 64 Size 0 Mode ref, Ref Stage 57, run, end, 9199870585670048
1787080804.747625, NoOp Chain Depth 64 Size 0 Mode ref, Ref Stage 58, run, start, 9199870585684320
1787080804.747644, NoOp Chain Depth 64 Size 0 Mode ref, Ref Stage 58, run, end, 9199870585703728
1787080804.747659, NoOp Chain Depth 64 Size 0 Mode ref, Ref Stage 59, run, start, 9199870585718016
1787080804.747679, NoOp Chain Depth 64 Size 0 Mode ref, Ref Stage 59, run, end, 9199870585737696
1787080804.747693, NoOp Chain Depth 64 Size 0 Mode ref, Ref Stage 60, run, start, 9199870585751952
1787080804.747713, NoOp Chain Depth 64 Size 0 Mode ref, Ref Stage 60, run, end, 9199870585771904
1787080804.747727, NoOp Chain Depth 64 Size 0 Mode ref, Ref Stage 61, run, start, 9199870585786400
1787080804.747747, NoOp Chain Depth 64 Size 0 Mode ref, Ref Stage 61, run, end, 9199870585806000
1787080804.747761, NoOp Chain Depth 64 Size 0 Mode ref, Ref Stage 62, run, start, 9199870585820128
1787080804.747781, NoOp Chain Depth 64 Size 0 Mode ref, Ref Stage 62, run, end, 9199870585839888
1787080804.747796, NoOp Chain Depth 64 Size 0 Mode ref, Ref Stage 63, run, start, 9199870585855344
1787080804.747816, NoOp Chain Depth 64 Size 0 Mode ref, Ref Stage 63, run, end, 9199870585874896
1787080804.747830, NoOp Chain Depth 64 Size 0 Mode ref, pipeline - train, run, end, 171404513084835021451845112268264335368, 1787080804.741904, 82, 1, 9199870585889232
1787080804.747866, NoOp Chain Depth 64 Size 0 Mode ref, pipeline - train, run, start, 82029365226990818791852548633771727321, 1787080804.747855, 83, 1, 9199870585925024
1787080804.747888, NoOp Chain Depth 64 Size 0 Mode ref, Ref Stage 0, run, start, 9199870585947776
1787080804.748363, NoOp Chain Depth 64 Size 0 Mode ref, Ref Stage 0, run, end, 9199870586423985
1787080804.748509, NoOp Chain Depth 64 Size 0 Mode ref, Ref Stage 1, run, start, 9199870586569137
1787080804.748532, NoOp Chain Depth 64 Size 0 Mode ref, Ref Stage 1, run, end, 9199870586591761
1787080804.748548, NoOp Chain Depth 64 Size 0 Mode ref, Ref Stage 2, run, start, 9199870586606913
1787080804.748568, NoOp Chain Depth 64 Size 0 Mode ref, Ref Stage 2, run, end, 9199870586627409
1787080804.748583, NoOp Chain Depth 64 Size 0 Mode ref, Ref Stage 3, run, start, 9199870586642385
1787080804.748603, NoOp Chain Depth 64 Size 0 Mode ref, Ref Stage 3, run, end, 9199870586662465
1787080804.748617, NoOp Chain Depth 64 Size 0 Mode ref, Ref Stage 4, run, start, 9199870586676881
1787080804.748637, NoOp Chain Depth 64 Size 0 Mode ref, Ref Stage 4, run, end, 9199870586696801
1787080804.748652, NoOp Chain Depth 64 Size 0 Mode ref, Ref Stage 5, run, start, 9199870586711377
1787080804.748672, NoOp Chain Depth 64 Size 0 Mode ref, Ref Stage 5, run, end, 9199870586731249
1787080804.748687, NoOp Chain Depth 64 Size 0 Mode ref, Ref Stage 6, run, start, 9199870586745873
1787080804.748707, NoOp Chain Depth 64 Size 0 Mode ref, Ref Stage 6, run, end, 9199870586765953
1787080804.748721, NoOp Chain Depth 64 Size 0 Mode ref, Ref Stage 7, run, start, 9199870586780497
1787080804.748742, NoOp Chain Depth 64 Size 0 Mode ref, Ref Stage 7, run, end, 9199870586800833
1787080804.748756, NoOp Chain Depth 64 Size 0 Mode ref, Ref Stage 8, run, start, 9199870586815297
1787080804.748778, NoOp Chain Depth 64 Size 0 Mode ref, Ref Stage 8, run, end, 9199870586837009
1787080804.748790, NoOp Chain Depth 64 Size 0 Mode ref, Ref Stage 9, run, start, 9199870586848897
1787080804.748822, NoOp Chain Depth 64 Size 0 Mode ref, Ref Stage 9, run, end, 9199870586881425
1787080804.748837, NoOp Chain Depth 64 Size 0 Mode ref, Ref Stage 10, run, start, 9199870586896513
1787080804.748857, NoOp Chain Depth 64 Size 0 Mode ref, Ref Stage 10, run, end, 9199870586916721
1787080804.749352, NoOp Chain Depth 64 Size 0 Mode ref, Ref Stage 11, run, start, 9199870587412593
1787080804.749377, NoOp Chain Depth 64 Size 0 Mode ref, Ref Stage 11, run, end, 9199870587436257
1787080804.749392, NoOp Chain Depth 64 Size 0 Mode ref, Ref Stage 12, run, start, 9199870587451233
1787080804.749412, NoOp Chain Depth 64 Size 0 Mode ref, Ref Stage 12, run, end, 9199870587471169
1787080804.749426, NoOp Chain Depth 64 Size 0 Mode ref, Ref Stage 13, run, start, 9199870587485745
1787080804.749446, NoOp Chain Depth 64 Size 0 Mode ref, Ref Stage 13, run, end, 9199870587505217
1787080804.749460, NoOp Chain Depth 64 Size 0 Mode ref, Ref Stage 14, run, start, 9199870587519377
1787080804.749481, NoOp Chain Depth 64 Size 0 Mode ref, Ref Stage 14, run, end, 9199870587540593
1787080804.749493, NoOp Chain Depth 64 Size 0 Mode ref, Ref Stage 15, run, start, 9199870587552353
1787080804.749523, NoOp Chain Depth 64 Size 0 Mode ref, Ref Stage 15, run, end, 9199870587582017
1787080804.749537, NoOp Chain Depth 64 Size 0 Mode ref, Ref Stage 16, run, start, 9199870587596625
1787080804.749557, NoOp Chain Depth 64 Size 0 Mode ref, Ref Stage 16, run, end, 9199870587616545
1787080804.749572, NoOp Chain Depth 64 Size 0 Mode ref, Ref Stage 17, run, start, 9199870587631297
1787080804.749592, NoOp Chain Depth 64 Size 0 Mode ref, Ref Stage 17, run, end, 9199870587651281
1787080804.749608, NoOp Chain Depth 64 Size 0 Mode ref, Ref Stage 18, run, start, 9199870587667649
1787080804.749631, NoOp Chain Depth 64 Size 0 Mode ref, Ref Stage 18, run, end, 9199870587689937
1787080804.749645, NoOp Chain Depth 64 Size 0 Mode ref, Ref Stage 19, run, start, 9199870587704385
1787080804.749665, NoOp Chain Depth 64 Size 0 Mode ref, Ref Stage 19, run, end, 9199870587724017
1787080804.749679, NoOp Chain Depth 64 Size 0 Mode ref, Ref Stage 20, run, start, 9199870587738449
1787080804.749699, NoOp Chain Depth 64 Size 0 Mode ref, Ref Stage 20, run, end, 9199870587757953
1787080804.749713, NoOp Chain Depth 64 Size 0 Mode ref, Ref Stage 21, run, start, 9199870587772193
1787080804.749732, NoOp Chain Depth 64 Size 0 Mode ref, Ref Stage 21, run, end, 9199870587791841
1787080804.749747, NoOp Chain Depth 64 Size 0 Mode ref, Ref Stage 22, run, start, 9199870587805969
1787080804.749768, NoOp Chain Depth 64 Size 0 Mode ref, Ref Stage 22, run, end, 9199870587826577
1787080804.749783, NoOp Chain Depth 64 Size 0 Mode ref, Ref Stage 23, run, start, 9199870587842497
1787080804.749804, NoOp Chain Depth 64 Size 0 Mode ref, Ref Stage 23, run, end, 9199870587863073
1787080804.749819, NoOp Chain Depth 64 Size 0 Mode ref, Ref Stage 24, run, start, 9199870587878209
1787080804.749840, NoOp Chain Depth 64 Size 0 Mode ref, Ref Stage 24, run, end, 9199870587898881
1787080804.749854, NoOp Chain Depth 64 Size 0 Mode ref, Ref Stage 25, run, start, 9199870587913233
1787080804.750350, NoOp Chain Depth 64 Size 0 Mode ref, Ref Stage 25, run, end, 9199870588410321
1787080804.750364, NoOp Chain Depth 64 Size 0 Mode ref, Ref Stage 26, run, start, 9199870588423841
1787080804.750519, NoOp Chain Depth 64 Size 0 Mode ref, Ref Stage 26, run, end, 9199870588578801
1787080804.750534, NoOp Chain Depth 64 Size 0 Mode ref, Ref Stage 27, run, start, 9199870588593649
1787080804.750555, NoOp Chain Depth 64 Size 0 Mode ref, Ref Stage 27, run, end, 9199870588613969
1787080804.750569, NoOp Chain Depth 64 Size 0 Mode ref, Ref Stage 28, run, start, 9199870588628481
1787080804.750589, NoOp Chain Depth 64 Size 0 Mode ref, Ref Stage 28, run, end, 9199870588648369
1787080804.750603, NoOp Chain Depth 64 Size 0 Mode ref, Ref Stage 29, run, start, 9199870588662657
1787080804.750623, NoOp Chain Depth 64 Size 0 Mode ref, Ref Stage 29, run, end, 9199870588682289
1787080804.750637, NoOp Chain Depth 64 Size 0 Mode ref, Ref Stage 30, run, start, 9199870588696705
1787080804.750659, NoOp Chain Depth 64 Size 0 Mode ref, Ref Stage 30, run, end, 9199870588718337
1787080804.750673, NoOp Chain Depth 64 Size 0 Mode ref, Ref Stage 31, run, start, 9199870588732769
1787080804.750693, NoOp Chain Depth 64 Size 0 Mode ref, Ref Stage 31, run, end, 9199870588752593
1787080804.750707, NoOp Chain Depth 64 Size 0 Mode ref, Ref Stage 32, run, start, 9199870588766689
1787080804.750727, NoOp Chain Depth 64 Size 0 Mode ref, Ref Stage 32, run, end, 9199870588786673
1787080804.750742, NoOp Chain Depth 64 Size 0 Mode ref, Ref Stage 33, run, start, 9199870588801041
1787080804.750762, NoOp Chain Depth 64 Size 0 Mode ref, Ref Stage 33, run, end, 9199870588820881
1787080804.750776, NoOp Chain Depth 64 Size 0 Mode ref, Ref Stage 34, run, start, 9199870588835393
1787080804.750796, NoOp Chain Depth 64 Size 0 Mode ref, Ref Stage 34, run, end, 9199870588855393
1787080804.750810, NoOp Chain Depth 64 Size 0 Mode ref, Ref Stage 35, run, start, 9199870588869777
1787080804.750831, NoOp Chain Depth 64 Size 0 Mode ref, Ref Stage 35, run, end, 9199870588890737
1787080804.750846, NoOp Chain Depth 64 Size 0 Mode ref, Ref Stage 36, run, start, 9199870588905281
1787080804.750866, NoOp Chain Depth 64 Size 0 Mode ref, Ref Stage 36, run, end, 9199870588925169
1787080804.750880, NoOp Chain Depth 64 Size 0 Mode ref, Ref Stage 37, run, start, 9199870588939649
1787080804.750900, NoOp Chain Depth 64 Size 0 Mode ref, Ref Stage 37, run, end, 9199870588959489
1787080804.750914, NoOp Chain Depth 64 Size 0 Mode ref, Ref Stage 38, run, start, 9199870588973841
1787080804.750934, NoOp Chain Depth 64 Size 0 Mode ref, Ref Stage 38, run, end, 9199870588993473
1787080804.750952, NoOp Chain Depth 64 Size 0 Mode ref, Ref Stage 39, run, start, 9199870589011313
1787080804.750973, NoOp Chain Depth 64 Size 0 Mode ref, Ref Stage 39, run, end, 9199870589031777
1787080804.750987, NoOp Chain Depth 64 Size 0 Mode ref, Ref Stage 40, run, start, 9199870589046257
1787080804.751008, NoOp Chain Depth 64 Size 0 Mode ref, Ref Stage 40, run, end, 9199870589067425
1787080804.751023, NoOp Chain Depth 64 Size 0 Mode ref, Ref Stage 41, run, start, 9199870589081873
1787080804.751042, NoOp Chain Depth 64 Size 0 Mode ref, Ref Stage 41, run, end, 9199870589101665
1787080804.751057, NoOp Chain Depth 64 Size 0 Mode ref, Ref Stage 42, run, start, 9199870589116705
1787080804.751077, NoOp Chain Depth 64 Size 0 Mode ref, Ref Stage 42, run, end, 9199870589136737
1787080804.751092, NoOp Chain Depth 64 Size 0 Mode ref, Ref Stage 43, run, start, 9199870589151281
1787080804.751113, NoOp Chain Depth 64 Size 0 Mode ref, Ref Stage 43, run, end, 9199870589172337
1787080804.751128, NoOp Chain Depth 64 Size 0 Mode ref, Ref Stage 44, run, start, 9199870589187617
1787080804.751153, NoOp Chain Depth 64 Size 0 Mode ref, Ref Stage 44, run, end, 9199870589211921
1787080804.751167, NoOp Chain Depth 64 Size 0 Mode ref, Ref Stage 45, run, start, 9199870589226513
1787080804.751189, NoOp Chain Depth 64 Size 0 Mode ref, Ref Stage 45, run, end, 9199870589248865
1787080804.751205, NoOp Chain Depth 64 Size 0 Mode ref, Ref Stage 46, run, start, 9199870589264225
1787080804.751225, NoOp Chain Depth 64 Size 0 Mode ref, Ref Stage 46, run, end, 9199870589284017
1787080804.751239, NoOp Chain Depth 64 Size 0 Mode ref, Ref Stage 47, run, start, 9199870589298321
1787080804.751259, NoOp Chain Depth 64 Size 0 Mode ref, Ref Stage 47, run, end, 9199870589317793
1787080804.751273, NoOp Chain Depth 64 Size 0 Mode ref, Ref Stage 48, run, start, 9199870589332369
1787080804.751293, NoOp Chain Depth 64 Size 0 Mode ref, Ref Stage 48, run, end, 9199870589351873
1787080804.751307, NoOp Chain Depth 64 Size 0 Mode ref, Ref Stage 49, run, start, 9199870589365937
1787080804.751326, NoOp Chain Depth 64 Size 0 Mode ref, Ref Stage 49, run, end, 9199870589385569
1787080804.751407, NoOp Chain Depth 64 Size 0 Mode ref, Ref Stage 50, run, start, 9199870589466289
1787080804.751428, NoOp Chain Depth 64 Size 0 Mode ref, Ref Stage 50, run, end, 9199870589487089
1787080804.751443, NoOp Chain Depth 64 Size 0 Mode ref, Ref Stage 51, run, start, 9199870589502785
1787080804.751465, NoOp Chain Depth 64 Size 0 Mode ref, Ref Stage 51, run, end, 9199870589524017
1787080804.751479, NoOp Chain Depth 64 Size 0 Mode ref, Ref Stage 52, run, start, 9199870589538641
1787080804.751501, NoOp Chain Depth 64 Size 0 Mode ref, Ref Stage 52, run, end, 9199870589560529
1787080804.751513, NoOp Chain Depth 64 Size 0 Mode ref, Ref Stage 53, run, start, 9199870589572241
1787080804.752039, NoOp Chain Depth 64 Size 0 Mode ref, Ref Stage 53, run, end, 9199870590099601
1787080804.752056, NoOp Chain Depth 64 Size 0 Mode ref, Ref Stage 54, run, start, 9199870590115313
1787080804.752078, NoOp Chain Depth 64 Size 0 Mode ref, Ref Stage 54, run, end, 9199870590137633
1787080804.752091, NoOp Chain Depth 64 Size 0 Mode ref, Ref Stage 55, run, start, 9199870590150769
1787080804.752121, NoOp Chain Depth 64 Size 0 Mode ref, Ref Stage 55, run, end, 9199870590180561
1787080804.752136, NoOp Chain Depth 64 Size 0 Mode ref, Ref Stage 56, run, start, 9199870590194961
1787080804.752155, NoOp Chain Depth 64 Size 0 Mode ref, Ref Stage 56, run, end, 9199870590214641
1787080804.752170, NoOp Chain Depth 64 Size 0 Mode ref, Ref Stage 57, run, start, 9199870590229105
1787080804.752190, NoOp Chain Depth 64 Size 0 Mode ref, Ref Stage 57, run, end, 9199870590248849
1787080804.752204, NoOp Chain Depth 64 Size 0 Mode ref, Ref Stage 58, run, start, 9199870590263073
1787080804.752224, NoOp Chain Depth 64 Size 0 Mode ref, Ref Stage 58, run, end, 9199870590282961
1787080804.752238, NoOp Chain Depth 64 Size 0 Mode ref, Ref Stage 59, run, start, 9199870590297377
1787080804.752258, NoOp Chain Depth 64 Size 0 Mode ref, Ref Stage 59, run, end, 9199870590317521
1787080804.752273, NoOp Chain Depth 64 Size 0 Mode ref, Ref Stage 60, run, start, 9199870590331969
1787080804.752293, NoOp Chain Depth 64 Size 0 Mode ref, Ref Stage 60, run, end, 9199870590351985
1787080804.752307, NoOp Chain Depth 64 Size 0 Mode ref, Ref Stage 61, run, start, 9199870590366369
1787080804.752327, NoOp Chain Depth 64 Size 0 Mode ref, Ref Stage 61, run, end, 9199870590385905
1787080804.752341, NoOp Chain Depth 64 Size 0 Mode ref, Ref Stage 62, run, start, 9199870590400273
1787080804.752362, NoOp Chain Depth 64 Size 0 Mode ref, Ref Stage 62, run, end, 9199870590421057
1787080804.752377, NoOp Chain Depth 64 Size 0 Mode ref, Ref Stage 63, run, start, 9199870590436449
1787080804.752397, NoOp Chain Depth 64 Size 0 Mode ref, Ref Stage 63, run, end, 9199870590455841
1787080804.752411, NoOp Chain Depth 64 Size 0 Mode ref, pipeline - train, run, end, 82029365226990818791852548633771727321, 1787080804.747855, 83, 1, 9199870590470673
1787080804.752448, NoOp Chain Depth 64 Size 0 Mode ref, pipeline - train, run, start, 49666050577193179390401957139081381509, 1787080804.752438, 84, 1, 9199870590507329
1787080804.752920, NoOp Chain Depth 64 Size 0 Mode ref, Ref Stage 0, run, start, 9199870590980641
1787080804.753076, NoOp Chain Depth 64 Size 0 Mode ref, Ref Stage 0, run, end, 9199870591135361
1787080804.753091, NoOp Chain Depth 64 Size 0 Mode ref, Ref Stage 1, run, start, 9199870591150769
1787080804.753112, NoOp Chain Depth 64 Size 0 Mode ref, Ref Stage 1, run, end, 9199870591171249
1787080804.753126, NoOp Chain Depth 64 Size 0 Mode ref, Ref Stage 2, run, start, 9199870591185713
1787080804.753146, NoOp Chain Depth 64 Size 0 Mode ref, Ref Stage 2, run, end, 9199870591205665
1787080804.753161, NoOp Chain Depth 64 Size 0 Mode ref, Ref Stage 3, run, start, 9199870591220321
1787080804.753181, NoOp Chain Depth 64 Size 0 Mode ref, Ref Stage 3, run, end, 9199870591240273
1787080804.753195, NoOp Chain Depth 64 Size 0 Mode ref, Ref Stage 4, run, start, 9199870591254609
1787080804.753216, NoOp Chain Depth 64 Size 0 Mode ref, Ref Stage 4, run, end, 9199870591274673
1787080804.753230, NoOp Chain Depth 64 Size 0 Mode ref, Ref Stage 5, run, start, 9199870591289217
1787080804.753250, NoOp Chain Depth 64 Size 0 Mode ref, Ref Stage 5, run, end, 9199870591309041
1787080804.753264, NoOp Chain Depth 64 Size 0 Mode ref, Ref Stage 6, run, start, 9199870591323393
1787080804.753286, NoOp Chain Depth 64 Size 0 Mode ref, Ref Stage 6, run, end, 9199870591345105
1787080804.753300, NoOp Chain Depth 64 Size 0 Mode ref, Ref Stage 7, run, start, 9199870591359425
1787080804.753320, NoOp Chain Depth 64 Size 0 Mode ref, Ref Stage 7, run, end, 9199870591379521
1787080804.753335, NoOp Chain Depth 64 Size 0 Mode ref, Ref Stage 8, run, start, 9199870591394113
1787080804.753355, NoOp Chain Depth 64 Size 0 Mode ref, Ref Stage 8, run, end, 9199870591413985
1787080804.753369, NoOp Chain Depth 64 Size 0 Mode ref, Ref Stage 9, run, start, 9199870591428577
1787080804.753390, NoOp Chain Depth 64 Size 0 Mode ref, Ref Stage 9, run, end, 9199870591449665
1787080804.753405, NoOp Chain Depth 64 Size 0 Mode ref, Ref Stage 10, run, start, 9199870591464833
1787080804.753794, NoOp Chain Depth 64 Size 0 Mode ref, Ref Stage 10, run, end, 9199870591854161
1787080804.753931, NoOp Chain Depth 64 Size 0 Mode ref, Ref Stage 11, run, start, 9199870591989985
1787080804.753954, NoOp Chain Depth 64 Size 0 Mode ref, Ref Stage 11, run, end, 9199870592013697
1787080804.753970, NoOp Chain Depth 64 Size 0 Mode ref, Ref Stage 12, run, start, 9199870592029105
1787080804.753990, NoOp Chain Depth 64 Size 0 Mode ref, Ref Stage 12, run, end, 9199870592049393
1787080804.754005, NoOp Chain Depth 64 Size 0 Mode ref, Ref Stage 13, run, start, 9199870592063905
1787080804.754025, NoOp Chain Depth 64 Size 0 Mode ref, Ref Stage 13, run, end, 9199870592083713
1787080804.754039, NoOp Chain Depth 64 Size 0 Mode ref, Ref Stage 14, run, start, 9199870592098049
1787080804.754059, NoOp Chain Depth 64 Size 0 Mode ref, Ref Stage 14, run, end, 9199870592117873
1787080804.754073, NoOp Chain Depth 64 Size 0 Mode ref, Ref Stage 15, run, start, 9199870592132545
1787080804.754095, NoOp Chain Depth 64 Size 0 Mode ref, Ref Stage 15, run, end, 9199870592154001
1787080804.754106, NoOp Chain Depth 64 Size 0 Mode ref, Ref Stage 16, run, start, 9199870592165825
1787080804.754136, NoOp Chain Depth 64 Size 0 Mode ref, Ref Stage 16, run, end, 9199870592195649
1787080804.754151, NoOp Chain Depth 64 Size 0 Mode ref, Ref Stage 17, run, start, 9199870592210193
1787080804.754172, NoOp Chain Depth 64 Size 0 Mode ref, Ref Stage 17, run, end, 9199870592231745
1787080804.754184, NoOp Chain Depth 64 Size 0 Mode ref, Ref Stage 18, run, start, 9199870592243361
1787080804.754214, NoOp Chain Depth 64 Size 0 Mode ref, Ref Stage 18, run, end, 9199870592273393
1787080804.754229, NoOp Chain Depth 64 Size 0 Mode ref, Ref Stage 19, run, start, 9199870592287777
1787080804.754248, NoOp Chain Depth 64 Size 0 Mode ref, Ref Stage 19, run, end, 9199870592307329
1787080804.754262, NoOp Chain Depth 64 Size 0 Mode ref, Ref Stage 20, run, start, 9199870592321617
1787080804.754282, NoOp Chain Depth 64 Size 0 Mode ref, Ref Stage 20, run, end, 9199870592341201
1787080804.754296, NoOp Chain Depth 64 Size 0 Mode ref, Ref Stage 21, run, start, 9199870592355521
1787080804.754318, NoOp Chain Depth 64 Size 0 Mode ref, Ref Stage 21, run, end, 9199870592377121
1787080804.754332, NoOp Chain Depth 64 Size 0 Mode ref, Ref Stage 22, run, start, 9199870592391441
1787080804.754351, NoOp Chain Depth 64 Size 0 Mode ref, Ref Stage 22, run, end, 9199870592410753
1787080804.754367, NoOp Chain Depth 64 Size 0 Mode ref, Ref Stage 23, run, start, 9199870592426225
1787080804.754386, NoOp Chain Depth 64 Size 0 Mode ref, Ref Stage 23, run, end, 9199870592445729
1787080804.754401, NoOp Chain Depth 64 Size 0 Mode ref, Ref Stage 24, run, start, 9199870592460849
1787080804.754422, NoOp Chain Depth 64 Size 0 Mode ref, Ref Stage 24, run, end, 9199870592481905
1787080804.754434, NoOp Chain Depth 64 Size 0 Mode ref, Ref Stage 25, run, start, 9199870592493585
1787080804.754466, NoOp Chain Depth 64 Size 0 Mode ref, Ref Stage 25, run, end, 9199870592525073
1787080804.754480, NoOp Chain Depth 64 Size 0 Mode ref, Ref Stage 26, run, start, 9199870592539345
1787080804.754501, NoOp Chain Depth 64 Size 0 Mode ref, Ref Stage 26, run, end, 9199870592560033
1787080804.754515, NoOp Chain Depth 64 Size 0 Mode ref, Ref Stage 27, run, start, 9199870592574257
1787080804.754536, NoOp Chain Depth 64 Size 0 Mode ref, Ref Stage 27, run, end, 9199870592595873
1787080804.754552, NoOp Chain Depth 64 Size 0 Mode ref, Ref Stage 28, run, start, 9199870592611009
1787080804.754571, NoOp Chain Depth 64 Size 0 Mode ref, Ref Stage 28, run, end, 9199870592630913
1787080804.754586, NoOp Chain Depth 64 Size 0 Mode ref, Ref Stage 29, run, start, 9199870592645169
1787080804.754606, NoOp Chain Depth 64 Size 0 Mode ref, Ref Stage 29, run, end, 9199870592664801
1787080804.754620, NoOp Chain Depth 64 Size 0 Mode ref, Ref Stage 30, run, start, 9199870592679185
1787080804.754640, NoOp Chain Depth 64 Size 0 Mode ref, Ref Stage 30, run, end, 9199870592698961
1787080804.754654, NoOp Chain Depth 64 Size 0 Mode ref, Ref Stage 31, run, start, 9199870592713041
1787080804.754676, NoOp Chain Depth 64 Size 0 Mode ref, Ref Stage 31, run, end, 9199870592735153
1787080804.754690, NoOp Chain Depth 64 Size 0 Mode ref, Ref Stage 32, run, start, 9199870592749649
1787080804.754712, NoOp Chain Depth 64 Size 0 Mode ref, Ref Stage 32, run, end, 9199870592771345
1787080804.754726, NoOp Chain Depth 64 Size 0 Mode ref, Ref Stage 33, run, start, 9199870592785473
1787080804.754746, NoOp Chain Depth 64 Size 0 Mode ref, Ref Stage 33, run, end, 9199870592805297
1787080804.754761, NoOp Chain Depth 64 Size 0 Mode ref, Ref Stage 34, run, start, 9199870592819793
1787080804.754780, NoOp Chain Depth 64 Size 0 Mode ref, Ref Stage 34, run, end, 9199870592839489
1787080804.754795, NoOp Chain Depth 64 Size 0 Mode ref, Ref Stage 35, run, start, 9199870592853985
1787080804.754814, NoOp Chain Depth 64 Size 0 Mode ref, Ref Stage 35, run, end, 9199870592873841
1787080804.754829, NoOp Chain Depth 64 Size 0 Mode ref, Ref Stage 36, run, start, 9199870592888193
1787080804.754849, NoOp Chain Depth 64 Size 0 Mode ref, Ref Stage 36, run, end, 9199870592907905
1787080804.754864, NoOp Chain Depth 64 Size 0 Mode ref, Ref Stage 37, run, start, 9199870592923361
1787080804.754884, NoOp Chain Depth 64 Size 0 Mode ref, Ref Stage 37, run, end, 9199870592943153
1787080804.754898, NoOp Chain Depth 64 Size 0 Mode ref, Ref Stage 38, run, start, 9199870592957425
1787080804.754919, NoOp Chain Depth 64 Size 0 Mode ref, Ref Stage 38, run, end, 9199870592978289
1787080804.754933, NoOp Chain Depth 64 Size 0 Mode ref, Ref Stage 39, run, start, 9199870592992689
1787080804.754955, NoOp Chain Depth 64 Size 0 Mode ref, Ref Stage 39, run, end, 9199870593014049
1787080804.754971, NoOp Chain Depth 64 Size 0 Mode ref, Ref Stage 40, run, start, 9199870593030081
1787080804.754991, NoOp Chain Depth 64 Size 0 Mode ref, Ref Stage 40, run, end, 9199870593049905
1787080804.755005, NoOp Chain Depth 64 Size 0 Mode ref, Ref Stage 41, run, start, 9199870593064145
1787080804.755025, NoOp Chain Depth 64 Size 0 Mode ref, Ref Stage 41, run, end, 9199870593084001
1787080804.755040, NoOp Chain Depth 64 Size 0 Mode ref, Ref Stage 42, run, start, 9199870593099521
1787080804.755061, NoOp Chain Depth 64 Size 0 Mode ref, Ref Stage 42, run, end, 9199870593120433
1787080804.755076, NoOp Chain Depth 64 Size 0 Mode ref, Ref Stage 43, run, start, 9199870593134977
1787080804.755095, NoOp Chain Depth 64 Size 0 Mode ref, Ref Stage 43, run, end, 9199870593154497
1787080804.755110, NoOp Chain Depth 64 Size 0 Mode ref, Ref Stage 44, run, start, 9199870593168849
1787080804.755129, NoOp Chain Depth 64 Size 0 Mode ref, Ref Stage 44, run, end, 9199870593188465
1787080804.755143, NoOp Chain Depth 64 Size 0 Mode ref, Ref Stage 45, run, start, 9199870593202897
1787080804.755164, NoOp Chain Depth 64 Size 0 Mode ref, Ref Stage 45, run, end, 9199870593222817
1787080804.755178, NoOp Chain Depth 64 Size 0 Mode ref, Ref Stage 46, run, start, 9199870593237185
1787080804.755198, NoOp Chain Depth 64 Size 0 Mode ref, Ref Stage 46, run, end, 9199870593256721
1787080804.755212, NoOp Chain Depth 64 Size 0 Mode ref, Ref Stage 47, run, start, 9199870593271121
1787080804.755236, NoOp Chain Depth 64 Size 0 Mode ref, Ref Stage 47, run, end, 9199870593295201
1787080804.755252, NoOp Chain Depth 64 Size 0 Mode ref, Ref Stage 48, run, start, 9199870593311249
1787080804.755274, NoOp Chain Depth 64 Size 0 Mode ref, Ref Stage 48, run, end, 9199870593332689
1787080804.755288, NoOp Chain Depth 64 Size 0 Mode ref, Ref Stage 49, run, start, 9199870593346929
1787080804.755310, NoOp Chain Depth 64 Size 0 Mode ref, Ref Stage 49, run, end, 9199870593369249
1787080804.755927, NoOp Chain Depth 64 Size 0 Mode ref, Ref Stage 50, run, start, 9199870593987073
1787080804.755952, NoOp Chain Depth 64 Size 0 Mode ref, Ref Stage 50, run, end, 9199870594011761
1787080804.756088, NoOp Chain Depth 64 Size 0 Mode ref, Ref Stage 51, run, start, 9199870594147489
1787080804.756109, NoOp Chain Depth 64 Size 0 Mode ref, Ref Stage 51, run, end, 9199870594168737
1787080804.756124, NoOp Chain Depth 64 Size 0 Mode ref, Ref Stage 52, run, start, 9199870594183745
1787080804.756145, NoOp Chain Depth 64 Size 0 Mode ref, Ref Stage 52, run, end, 9199870594204097
1787080804.756160, NoOp Chain Depth 64 Size 0 Mode ref, Ref Stage 53, run, start, 9199870594218977
1787080804.756180, NoOp Chain Depth 64 Size 0 Mode ref, Ref Stage 53, run, end, 9199870594238993
1787080804.756194, NoOp Chain Depth 64 Size 0 Mode ref, Ref Stage 54, run, start, 9199870594253329
1787080804.756214, NoOp Chain Depth 64 Size 0 Mode ref, Ref Stage 54, run, end, 9199870594273569
1787080804.756229, NoOp Chain Depth 64 Size 0 Mode ref, Ref Stage 55, run, start, 9199870594288065
1787080804.756250, NoOp Chain Depth 64 Size 0 Mode ref, Ref Stage 55, run, end, 9199870594309777
1787080804.756262, NoOp Chain Depth 64 Size 0 Mode ref, Ref Stage 56, run, start, 9199870594321457
1787080804.756292, NoOp Chain Depth 64 Size 0 Mode ref, Ref Stage 56, run, end, 9199870594351041
1787080804.756306, NoOp Chain Depth 64 Size 0 Mode ref, Ref Stage 57, run, start, 9199870594365569
1787080804.756326, NoOp Chain Depth 64 Size 0 Mode ref, Ref Stage 57, run, end, 9199870594385489
1787080804.756341, NoOp Chain Depth 64 Size 0 Mode ref, Ref Stage 58, run, start, 9199870594400257
1787080804.756362, NoOp Chain Depth 64 Size 0 Mode ref, Ref Stage 58, run, end, 9199870594421521
1787080804.756377, NoOp Chain Depth 64 Size 0 Mode ref, Ref Stage 59, run, start, 9199870594435985
1787080804.756398, NoOp Chain Depth 64 Size 0 Mode ref, Ref Stage 59, run, end, 9199870594457089
1787080804.756412, NoOp Chain Depth 64 Size 0 Mode ref, Ref Stage 60, run, start, 9199870594471313
1787080804.756433, NoOp Chain Depth 64 Size 0 Mode ref, Ref Stage 60, run, end, 9199870594492129
1787080804.756447, NoOp Chain Depth 64 Size 0 Mode ref, Ref Stage 61, run, start, 9199870594506081
1787080804.756466, NoOp Chain Depth 64 Size 0 Mode ref, Ref Stage 61, run, end, 9199870594525761
1787080804.756481, NoOp Chain Depth 64 Size 0 Mode ref, Ref Stage 62, run, start, 9199870594539937
1787080804.756500, NoOp Chain Depth 64 Size 0 Mode ref, Ref Stage 62, run, end, 9199870594559345
1787080804.756515, NoOp Chain Depth 64 Size 0 Mode ref, Ref Stage 63, run, start, 9199870594574609
1787080804.756535, NoOp Chain Depth 64 Size 0 Mode ref, Ref Stage 63, run, end, 9199870594593937
1787080804.756549, NoOp Chain Depth 64 Size 0 Mode ref, pipeline - train, run, end, 49666050577193179390401957139081381509, 1787080804.752438, 84, 1, 9199870594608561
1787080804.756589, NoOp Chain Depth 64 Size 0 Mode ref, pipeline - train, run, start, 245464289239057670247141608777969612228, 1787080804.756576, 85, 1, 9199870594648193
1787080804.756611, NoOp Chain Depth 64 Size 0 Mode ref, Ref Stage 0, run, start, 9199870594670065
1787080804.756631, NoOp Chain Depth 64 Size 0 Mode ref, Ref Stage 0, run, end, 9199870594690513
1787080804.756646, NoOp Chain Depth 64 Size 0 Mode ref, Ref Stage 1, run, start, 9199870594705217
1787080804.756666, NoOp Chain Depth 64 Size 0 Mode ref, Ref Stage 1, run, end, 9199870594725345
1787080804.756680, NoOp Chain Depth 64 Size 0 Mode ref, Ref Stage 2, run, start, 9199870594739761
1787080804.756700, NoOp Chain Depth 64 Size 0 Mode ref, Ref Stage 2, run, end, 9199870594759617
1787080804.756715, NoOp Chain Depth 64 Size 0 Mode ref, Ref Stage 3, run, start, 9199870594774289
1787080804.756737, NoOp Chain Depth 64 Size 0 Mode ref, Ref Stage 3, run, end, 9199870594796145
1787080804.756751, NoOp Chain Depth 64 Size 0 Mode ref, Ref Stage 4, run, start, 9199870594810385
1787080804.756771, NoOp Chain Depth 64 Size 0 Mode ref, Ref Stage 4, run, end, 9199870594830577
1787080804.756787, NoOp Chain Depth 64 Size 0 Mode ref, Ref Stage 5, run, start, 9199870594846145
1787080804.756808, NoOp Chain Depth 64 Size 0 Mode ref, Ref Stage 5, run, end, 9199870594867505
1787080804.756823, NoOp Chain Depth 64 Size 0 Mode ref, Ref Stage 6, run, start, 9199870594881921
1787080804.756843, NoOp Chain Depth 64 Size 0 Mode ref, Ref Stage 6, run, end, 9199870594901761
1787080804.756857, NoOp Chain Depth 64 Size 0 Mode ref, Ref Stage 7, run, start, 9199870594916289
1787080804.756877, NoOp Chain Depth 64 Size 0 Mode ref, Ref Stage 7, run, end, 9199870594936097
1787080804.756892, NoOp Chain Depth 64 Size 0 Mode ref, Ref Stage 8, run, start, 9199870594951281
1787080804.756913, NoOp Chain Depth 64 Size 0 Mode ref, Ref Stage 8, run, end, 9199870594972369
1787080804.756927, NoOp Chain Depth 64 Size 0 Mode ref, Ref Stage 9, run, start, 9199870594986897
1787080804.756955, NoOp Chain Depth 64 Size 0 Mode ref, Ref Stage 9, run, end, 9199870595014529
1787080804.756967, NoOp Chain Depth 64 Size 0 Mode ref, Ref Stage 10, run, start, 9199870595026417
1787080804.757381, NoOp Chain Depth 64 Size 0 Mode ref, Ref Stage 10, run, end, 9199870595441217
1787080804.757518, NoOp Chain Depth 64 Size 0 Mode ref, Ref Stage 11, run, start, 9199870595578081
1787080804.757541, NoOp Chain Depth 64 Size 0 Mode ref, Ref Stage 11, run, end, 9199870595599969
1787080804.757556, NoOp Chain Depth 64 Size 0 Mode ref, Ref Stage 12, run, start, 9199870595615153
1787080804.757577, NoOp Chain Depth 64 Size 0 Mode ref, Ref Stage 12, run, end, 9199870595636081
1787080804.757591, NoOp Chain Depth 64 Size 0 Mode ref, Ref Stage 13, run, start, 9199870595651025
1787080804.757612, NoOp Chain Depth 64 Size 0 Mode ref, Ref Stage 13, run, end, 9199870595671329
1787080804.757627, NoOp Chain Depth 64 Size 0 Mode ref, Ref Stage 14, run, start, 9199870595685954
1787080804.757647, NoOp Chain Depth 64 Size 0 Mode ref, Ref Stage 14, run, end, 9199870595705762
1787080804.757661, NoOp Chain Depth 64 Size 0 Mode ref, Ref Stage 15, run, start, 9199870595720322
1787080804.757681, NoOp Chain Depth 64 Size 0 Mode ref, Ref Stage 15, run, end, 9199870595740290
1787080804.757695, NoOp Chain Depth 64 Size 0 Mode ref, Ref Stage 16, run, start, 9199870595754802
1787080804.757715, NoOp Chain Depth 64 Size 0 Mode ref, Ref Stage 16, run, end, 9199870595774738
1787080804.757730, NoOp Chain Depth 64 Size 0 Mode ref, Ref Stage 17, run, start, 9199870595789010
1787080804.757751, NoOp Chain Depth 64 Size 0 Mode ref, Ref Stage 17, run, end, 9199870595810466
1787080804.757763, NoOp Chain Depth 64 Size 0 Mode ref, Ref Stage 18, run, start, 9199870595822258
1787080804.757793, NoOp Chain Depth 64 Size 0 Mode ref, Ref Stage 18, run, end, 9199870595852322
1787080804.757808, NoOp Chain Depth 64 Size 0 Mode ref, Ref Stage 19, run, start, 9199870595866930
1787080804.757828, NoOp Chain Depth 64 Size 0 Mode ref, Ref Stage 19, run, end, 9199870595887154
1787080804.757843, NoOp Chain Depth 64 Size 0 Mode ref, Ref Stage 20, run, start, 9199870595901890
1787080804.757863, NoOp Chain Depth 64 Size 0 Mode ref, Ref Stage 20, run, end, 9199870595922018
1787080804.757877, NoOp Chain Depth 64 Size 0 Mode ref, Ref Stage 21, run, start, 9199870595936530
1787080804.757899, NoOp Chain Depth 64 Size 0 Mode ref, Ref Stage 21, run, end, 9199870595957778
1787080804.757913, NoOp Chain Depth 64 Size 0 Mode ref, Ref Stage 22, run, start, 9199870595972354
1787080804.757933, NoOp Chain Depth 64 Size 0 Mode ref, Ref Stage 22, run, end, 9199870595992002
1787080804.757949, NoOp Chain Depth 64 Size 0 Mode ref, Ref Stage 23, run, start, 9199870596008802
1787080804.757970, NoOp Chain Depth 64 Size 0 Mode ref, Ref Stage 23, run, end, 9199870596029346
1787080804.757985, NoOp Chain Depth 64 Size 0 Mode ref, Ref Stage 24, run, start, 9199870596044530
1787080804.758007, NoOp Chain Depth 64 Size 0 Mode ref, Ref Stage 24, run, end, 9199870596066306
1787080804.758021, NoOp Chain Depth 64 Size 0 Mode ref, Ref Stage 25, run, start, 9199870596080834
1787080804.758044, NoOp Chain Depth 64 Size 0 Mode ref, Ref Stage 25, run, end, 9199870596103442
1787080804.758056, NoOp Chain Depth 64 Size 0 Mode ref, Ref Stage 26, run, start, 9199870596115170
1787080804.758087, NoOp Chain Depth 64 Size 0 Mode ref, Ref Stage 26, run, end, 9199870596146642
1787080804.758099, NoOp Chain Depth 64 Size 0 Mode ref, Ref Stage 27, run, start, 9199870596158434
1787080804.758130, NoOp Chain Depth 64 Size 0 Mode ref, Ref Stage 27, run, end, 9199870596189346
1787080804.758144, NoOp Chain Depth 64 Size 0 Mode ref, Ref Stage 28, run, start, 9199870596203538
1787080804.758220, NoOp Chain Depth 64 Size 0 Mode ref, Ref Stage 28, run, end, 9199870596279874
1787080804.758236, NoOp Chain Depth 64 Size 0 Mode ref, Ref Stage 29, run, start, 9199870596295218
1787080804.758257, NoOp Chain Depth 64 Size 0 Mode ref, Ref Stage 29, run, end, 9199870596315794
1787080804.758272, NoOp Chain Depth 64 Size 0 Mode ref, Ref Stage 30, run, start, 9199870596331602
1787080804.758292, NoOp Chain Depth 64 Size 0 Mode ref, Ref Stage 30, run, end, 9199870596351586
1787080804.758307, NoOp Chain Depth 64 Size 0 Mode ref, Ref Stage 31, run, start, 9199870596366178
1787080804.758327, NoOp Chain Depth 64 Size 0 Mode ref, Ref Stage 31, run, end, 9199870596386258
1787080804.758341, NoOp Chain Depth 64 Size 0 Mode ref, Ref Stage 32, run, start, 9199870596400562
1787080804.758367, NoOp Chain Depth 64 Size 0 Mode ref, Ref Stage 32, run, end, 9199870596426322
1787080804.758381, NoOp Chain Depth 64 Size 0 Mode ref, Ref Stage 33, run, start, 9199870596440770
1787080804.758403, NoOp Chain Depth 64 Size 0 Mode ref, Ref Stage 33, run, end, 9199870596462002
1787080804.758417, NoOp Chain Depth 64 Size 0 Mode ref, Ref Stage 34, run, start, 9199870596476370
1787080804.758437, NoOp Chain Depth 64 Size 0 Mode ref, Ref Stage 34, run, end, 9199870596495954
1787080804.758451, NoOp Chain Depth 64 Size 0 Mode ref, Ref Stage 35, run, start, 9199870596510082
1787080804.758470, NoOp Chain Depth 64 Size 0 Mode ref, Ref Stage 35, run, end, 9199870596529826
1787080804.758484, NoOp Chain Depth 64 Size 0 Mode ref, Ref Stage 36, run, start, 9199870596543810
1787080804.758504, NoOp Chain Depth 64 Size 0 Mode ref, Ref Stage 36, run, end, 9199870596563410
1787080804.758519, NoOp Chain Depth 64 Size 0 Mode ref, Ref Stage 37, run, start, 9199870596578482
1787080804.758540, NoOp Chain Depth 64 Size 0 Mode ref, Ref Stage 37, run, end, 9199870596599330
1787080804.758554, NoOp Chain Depth 64 Size 0 Mode ref, Ref Stage 38, run, start, 9199870596613666
1787080804.758575, NoOp Chain Depth 64 Size 0 Mode ref, Ref Stage 38, run, end, 9199870596634146
1787080804.758589, NoOp Chain Depth 64 Size 0 Mode ref, Ref Stage 39, run, start, 9199870596648098
1787080804.758609, NoOp Chain Depth 64 Size 0 Mode ref, Ref Stage 39, run, end, 9199870596668050
1787080804.758623, NoOp Chain Depth 64 Size 0 Mode ref, Ref Stage 40, run, start, 9199870596682354
1787080804.758643, NoOp Chain Depth 64 Size 0 Mode ref, Ref Stage 40, run, end, 9199870596702114
1787080804.758657, NoOp Chain Depth 64 Size 0 Mode ref, Ref Stage 41, run, start, 9199870596716370
1787080804.758677, NoOp Chain Depth 64 Size 0 Mode ref, Ref Stage 41, run, end, 9199870596736066
1787080804.758691, NoOp Chain Depth 64 Size 0 Mode ref, Ref Stage 42, run, start, 9199870596750226
1787080804.758711, NoOp Chain Depth 64 Size 0 Mode ref, Ref Stage 42, run, end, 9199870596770098
1787080804.758726, NoOp Chain Depth 64 Size 0 Mode ref, Ref Stage 43, run, start, 9199870596785778
1787080804.758746, NoOp Chain Depth 64 Size 0 Mode ref, Ref Stage 43, run, end, 9199870596805442
1787080804.758762, NoOp Chain Depth 64 Size 0 Mode ref, Ref Stage 44, run, start, 9199870596820978
1787080804.758781, NoOp Chain Depth 64 Size 0 Mode ref, Ref Stage 44, run, end, 9199870596840562
1787080804.758796, NoOp Chain Depth 64 Size 0 Mode ref, Ref Stage 45, run, start, 9199870596855890
1787080804.758818, NoOp Chain Depth 64 Size 0 Mode ref, Ref Stage 45, run, end, 9199870596877202
1787080804.758832, NoOp Chain Depth 64 Size 0 Mode ref, Ref Stage 46, run, start, 9199870596891394
1787080804.758852, NoOp Chain Depth 64 Size 0 Mode ref, Ref Stage 46, run, end, 9199870596911266
1787080804.758866, NoOp Chain Depth 64 Size 0 Mode ref, Ref Stage 47, run, start, 9199870596925410
1787080804.758886, NoOp Chain Depth 64 Size 0 Mode ref, Ref Stage 47, run, end, 9199870596945074
1787080804.758900, NoOp Chain Depth 64 Size 0 Mode ref, Ref Stage 48, run, start, 9199870596959138
1787080804.758932, NoOp Chain Depth 64 Size 0 Mode ref, Ref Stage 48, run, end, 9199870596991282
1787080804.758945, NoOp Chain Depth 64 Size 0 Mode ref, Ref Stage 49, run, start, 9199870597004242
1787080804.758976, NoOp Chain Depth 64 Size 0 Mode ref, Ref Stage 49, run, end, 9199870597034834
1787080804.758990, NoOp Chain Depth 64 Size 0 Mode ref, Ref Stage 50, run, start, 9199870597049266
1787080804.759011, NoOp Chain Depth 64 Size 0 Mode ref, Ref Stage 50, run, end, 9199870597070242
1787080804.759025, NoOp Chain Depth 64 Size 0 Mode ref, Ref Stage 51, run, start, 9199870597084738
1787080804.759046, NoOp Chain Depth 64 Size 0 Mode ref, Ref Stage 51, run, end, 9199870597105026
1787080804.759060, NoOp Chain Depth 64 Size 0 Mode ref, Ref Stage 52, run, start, 9199870597119298
1787080804.759083, NoOp Chain Depth 64 Size 0 Mode ref, Ref Stage 52, run, end, 9199870597142098
1787080804.759097, NoOp Chain Depth 64 Size 0 Mode ref, Ref Stage 53, run, start, 9199870597156642
1787080804.759119, NoOp Chain Depth 64 Size 0 Mode ref, Ref Stage 53, run, end, 9199870597179202
1787080804.759134, NoOp Chain Depth 64 Size 0 Mode ref, Ref Stage 54, run, start, 9199870597193602
1787080804.759156, NoOp Chain Depth 64 Size 0 Mode ref, Ref Stage 54, run, end, 9199870597214978
1787080804.759167, NoOp Chain Depth 64 Size 0 Mode ref, Ref Stage 55, run, start, 9199870597226610
1787080804.759197, NoOp Chain Depth 64 Size 0 Mode ref, Ref Stage 55, run, end, 9199870597256114
1787080804.759212, NoOp Chain Depth 64 Size 0 Mode ref, Ref Stage 56, run, start, 9199870597270850
1787080804.759232, NoOp Chain Depth 64 Size 0 Mode ref, Ref Stage 56, run, end, 9199870597290722
1787080804.759246, NoOp Chain Depth 64 Size 0 Mode ref, Ref Stage 57, run, start, 9199870597305154
1787080804.759266, NoOp Chain Depth 64 Size 0 Mode ref, Ref Stage 57, run, end, 9199870597325218
1787080804.759281, NoOp Chain Depth 64 Size 0 Mode ref, Ref Stage 58, run, start, 9199870597340818
1787080804.759302, NoOp Chain Depth 64 Size 0 Mode ref, Ref Stage 58, run, end, 9199870597361474
1787080804.759317, NoOp Chain Depth 64 Size 0 Mode ref, Ref Stage 59, run, start, 9199870597376962
1787080804.759338, NoOp Chain Depth 64 Size 0 Mode ref, Ref Stage 59, run, end, 9199870597397810
1787080804.759353, NoOp Chain Depth 64 Size 0 Mode ref, Ref Stage 60, run, start, 9199870597411858
1787080804.759372, NoOp Chain Depth 64 Size 0 Mode ref, Ref Stage 60, run, end, 9199870597431826
1787080804.759387, NoOp Chain Depth 64 Size 0 Mode ref, Ref Stage 61, run, start, 9199870597446242
1787080804.759407, NoOp Chain Depth 64 Size 0 Mode ref, Ref Stage 61, run, end, 9199870597466034
1787080804.759421, NoOp Chain Depth 64 Size 0 Mode ref, Ref Stage 62, run, start, 9199870597480306
1787080804.759441, NoOp Chain Depth 64 Size 0 Mode ref, Ref Stage 62, run, end, 9199870597499810
1787080804.759455, NoOp Chain Depth 64 Size 0 Mode ref, Ref Stage 63, run, start, 9199870597514530
1787080804.759475, NoOp Chain Depth 64 Size 0 Mode ref, Ref Stage 63, run, end, 9199870597534050
1787080804.759489, NoOp Chain Depth 64 Size 0 Mode ref, pipeline - train, run, end, 245464289239057670247141608777969612228, 1787080804.756576, 85, 1, 9199870597548578
1787080804.759525, NoOp Chain Depth 64 Size 0 Mode ref, pipeline - train, run, start, 206499581738677517683338961721626676228, 1787080804.759515, 86, 1, 9199870597584834
1787080804.759547, NoOp Chain Depth 64 Size 0 Mode ref, Ref Stage 0, run, start, 9199870597606770
1787080804.759569, NoOp Chain Depth 64 Size 0 Mode ref, Ref Stage 0, run, end, 9199870597628290
1787080804.759583, NoOp Chain Depth 64 Size 0 Mode ref, Ref Stage 1, run, start, 9199870597642802
1787080804.759603, NoOp Chain Depth 64 Size 0 Mode ref, Ref Stage 1, run, end, 9199870597662594
1787080804.759618, NoOp Chain Depth 64 Size 0 Mode ref, Ref Stage 2, run, start, 9199870597676962
1787080804.759637, NoOp Chain Depth 64 Size 0 Mode ref, Ref Stage 2, run, end, 9199870597696642
1787080804.759652, NoOp Chain Depth 64 Size 0 Mode ref, Ref Stage 3, run, start, 9199870597711714
1787080804.759672, NoOp Chain Depth 64 Size 0 Mode ref, Ref Stage 3, run, end, 9199870597731458
1787080804.759688, NoOp Chain Depth 64 Size 0 Mode ref, Ref Stage 4, run, start, 9199870597747154
1787080804.759708, NoOp Chain Depth 64 Size 0 Mode ref, Ref Stage 4, run, end, 9199870597767202
1787080804.759723, NoOp Chain Depth 64 Size 0 Mode ref, Ref Stage 5, run, start, 9199870597782818
1787080804.759743, NoOp Chain Depth 64 Size 0 Mode ref, Ref Stage 5, run, end, 9199870597802162
1787080804.759757, NoOp Chain Depth 64 Size 0 Mode ref, Ref Stage 6, run, start, 9199870597816466
1787080804.759778, NoOp Chain Depth 64 Size 0 Mode ref, Ref Stage 6, run, end, 9199870597836930
1787080804.759794, NoOp Chain Depth 64 Size 0 Mode ref, Ref Stage 7, run, start, 9199870597852738
1787080804.759813, NoOp Chain Depth 64 Size 0 Mode ref, Ref Stage 7, run, end, 9199870597872338
1787080804.759827, NoOp Chain Depth 64 Size 0 Mode ref, Ref Stage 8, run, start, 9199870597886626
1787080804.759850, NoOp Chain Depth 64 Size 0 Mode ref, Ref Stage 8, run, end, 9199870597909058
1787080804.759861, NoOp Chain Depth 64 Size 0 Mode ref, Ref Stage 9, run, start, 9199870597921922
1787080804.759895, NoOp Chain Depth 64 Size 0 Mode ref, Ref Stage 9, run, end, 9199870597954082
1787080804.759909, NoOp Chain Depth 64 Size 0 Mode ref, Ref Stage 10, run, start, 9199870597968594
1787080804.759932, NoOp Chain Depth 64 Size 0 Mode ref, Ref Stage 10, run, end, 9199870597991250
1787080804.759945, NoOp Chain Depth 64 Size 0 Mode ref, Ref Stage 11, run, start, 9199870598003938
1787080804.759975, NoOp Chain Depth 64 Size 0 Mode ref, Ref Stage 11, run, end, 9199870598034322
1787080804.759990, NoOp Chain Depth 64 Size 0 Mode ref, Ref Stage 12, run, start, 9199870598048946
1787080804.760011, NoOp Chain Depth 64 Size 0 Mode ref, Ref Stage 12, run, end, 9199870598070338
1787080804.760026, NoOp Chain Depth 64 Size 0 Mode ref, Ref Stage 13, run, start, 9199870598084770
1787080804.760045, NoOp Chain Depth 64 Size 0 Mode ref, Ref Stage 13, run, end, 9199870598104610
1787080804.760059, NoOp Chain Depth 64 Size 0 Mode ref, Ref Stage 14, run, start, 9199870598118818
1787080804.760080, NoOp Chain Depth 64 Size 0 Mode ref, Ref Stage 14, run, end, 9199870598139746
1787080804.760096, NoOp Chain Depth 64 Size 0 Mode ref, Ref Stage 15, run, start, 9199870598155202
1787080804.760116, NoOp Chain Depth 64 Size 0 Mode ref, Ref Stage 15, run, end, 9199870598174994
1787080804.760130, NoOp Chain Depth 64 Size 0 Mode ref, Ref Stage 16, run, start, 9199870598189314
1787080804.760150, NoOp Chain Depth 64 Size 0 Mode ref, Ref Stage 16, run, end, 9199870598209042
1787080804.760164, NoOp Chain Depth 64 Size 0 Mode ref, Ref Stage 17, run, start, 9199870598223490
1787080804.760184, NoOp Chain Depth 64 Size 0 Mode ref, Ref Stage 17, run, end, 9199870598242930
1787080804.760202, NoOp Chain Depth 64 Size 0 Mode ref, Ref Stage 18, run, start, 9199870598261138
1787080804.760221, NoOp Chain Depth 64 Size 0 Mode ref, Ref Stage 18, run, end, 9199870598280754
1787080804.760237, NoOp Chain Depth 64 Size 0 Mode ref, Ref Stage 19, run, start, 9199870598296690
1787080804.760257, NoOp Chain Depth 64 Size 0 Mode ref, Ref Stage 19, run, end, 9199870598316530
1787080804.760273, NoOp Chain Depth 64 Size 0 Mode ref, Ref Stage 20, run, start, 9199870598332002
1787080804.760293, NoOp Chain Depth 64 Size 0 Mode ref, Ref Stage 20, run, end, 9199870598351794
1787080804.760308, NoOp Chain Depth 64 Size 0 Mode ref, Ref Stage 21, run, start, 9199870598366930
1787080804.760329, NoOp Chain Depth 64 Size 0 Mode ref, Ref Stage 21, run, end, 9199870598388706
1787080804.760344, NoOp Chain Depth 64 Size 0 Mode ref, Ref Stage 22, run, start, 9199870598403138
1787080804.760363, NoOp Chain Depth 64 Size 0 Mode ref, Ref Stage 22, run, end, 9199870598422482
1787080804.760378, NoOp Chain Depth 64 Size 0 Mode ref, Ref Stage 23, run, start, 9199870598436866
1787080804.760398, NoOp Chain Depth 64 Size 0 Mode ref, Ref Stage 23, run, end, 9199870598457666
1787080804.760413, NoOp Chain Depth 64 Size 0 Mode ref, Ref Stage 24, run, start, 9199870598472706
1787080804.760433, NoOp Chain Depth 64 Size 0 Mode ref, Ref Stage 24, run, end, 9199870598492290
1787080804.760448, NoOp Chain Depth 64 Size 0 Mode ref, Ref Stage 25, run, start, 9199870598507010
1787080804.762956, NoOp Chain Depth 64 Size 0 Mode ref, Ref Stage 25, run, end, 9199870601016722
1787080804.763647, NoOp Chain Depth 64 Size 0 Mode ref, Ref Stage 26, run, start, 9199870601706802
1787080804.763672, NoOp Chain Depth 64 Size 0 Mode ref, Ref Stage 26, run, end, 9199870601731602
1787080804.763688, NoOp Chain Depth 64 Size 0 Mode ref, Ref Stage 27, run, start, 9199870601747746
1787080804.763710, NoOp Chain Depth 64 Size 0 Mode ref, Ref Stage 27, run, end, 9199870601768834
1787080804.763725, NoOp Chain Depth 64 Size 0 Mode ref, Ref Stage 28, run, start, 9199870601783890
1787080804.763745, NoOp Chain Depth 64 Size 0 Mode ref, Ref Stage 28, run, end, 9199870601804338
1787080804.763760, NoOp Chain Depth 64 Size 0 Mode ref, Ref Stage 29, run, start, 9199870601818978
1787080804.763780, NoOp Chain Depth 64 Size 0 Mode ref, Ref Stage 29, run, end, 9199870601839074
1787080804.763794, NoOp Chain Depth 64 Size 0 Mode ref, Ref Stage 30, run, start, 9199870601853650
1787080804.763814, NoOp Chain Depth 64 Size 0 Mode ref, Ref Stage 30, run, end, 9199870601873362
1787080804.763828, NoOp Chain Depth 64 Size 0 Mode ref, Ref Stage 31, run, start, 9199870601887570
1787080804.763848, NoOp Chain Depth 64 Size 0 Mode ref, Ref Stage 31, run, end, 9199870601907298
1787080804.763863, NoOp Chain Depth 64 Size 0 Mode ref, Ref Stage 32, run, start, 9199870601921762
1787080804.763882, NoOp Chain Depth 64 Size 0 Mode ref, Ref Stage 32, run, end, 9199870601941762
1787080804.763896, NoOp Chain Depth 64 Size 0 Mode ref, Ref Stage 33, run, start, 9199870601955954
1787080804.763916, NoOp Chain Depth 64 Size 0 Mode ref, Ref Stage 33, run, end, 9199870601975602
1787080804.763930, NoOp Chain Depth 64 Size 0 Mode ref, Ref Stage 34, run, start, 9199870601989762
1787080804.763952, NoOp Chain Depth 64 Size 0 Mode ref, Ref Stage 34, run, end, 9199870602011442
1787080804.763967, NoOp Chain Depth 64 Size 0 Mode ref, Ref Stage 35, run, start, 9199870602026482
1787080804.763987, NoOp Chain Depth 64 Size 0 Mode ref, Ref Stage 35, run, end, 9199870602046306
1787080804.764001, NoOp Chain Depth 64 Size 0 Mode ref, Ref Stage 36, run, start, 9199870602060562
1787080804.764021, NoOp Chain Depth 64 Size 0 Mode ref, Ref Stage 36, run, end, 9199870602080642
1787080804.764036, NoOp Chain Depth 64 Size 0 Mode ref, Ref Stage 37, run, start, 9199870602095122
1787080804.764055, NoOp Chain Depth 64 Size 0 Mode ref, Ref Stage 37, run, end, 9199870602114898
1787080804.764070, NoOp Chain Depth 64 Size 0 Mode ref, Ref Stage 38, run, start, 9199870602129218
1787080804.764089, NoOp Chain Depth 64 Size 0 Mode ref, Ref Stage 38, run, end, 9199870602148498
1787080804.764104, NoOp Chain Depth 64 Size 0 Mode ref, Ref Stage 39, run, start, 9199870602162914
1787080804.764123, NoOp Chain Depth 64 Size 0 Mode ref, Ref Stage 39, run, end, 9199870602182722
1787080804.764138, NoOp Chain Depth 64 Size 0 Mode ref, Ref Stage 40, run, start, 9199870602197282
1787080804.764158, NoOp Chain Depth 64 Size 0 Mode ref, Ref Stage 40, run, end, 9199870602217010
1787080804.764172, NoOp Chain Depth 64 Size 0 Mode ref, Ref Stage 41, run, start, 9199870602231426
1787080804.764192, NoOp Chain Depth 64 Size 0 Mode ref, Ref Stage 41, run, end, 9199870602251202
1787080804.764206, NoOp Chain Depth 64 Size 0 Mode ref, Ref Stage 42, run, start, 9199870602265298
1787080804.764228, NoOp Chain Depth 64 Size 0 Mode ref, Ref Stage 42, run, end, 9199870602286882
1787080804.764242, NoOp Chain Depth 64 Size 0 Mode ref, Ref Stage 43, run, start, 9199870602301154
1787080804.764261, NoOp Chain Depth 64 Size 0 Mode ref, Ref Stage 43, run, end, 9199870602320466
1787080804.764276, NoOp Chain Depth 64 Size 0 Mode ref, Ref Stage 44, run, start, 9199870602334722
1787080804.764295, NoOp Chain Depth 64 Size 0 Mode ref, Ref Stage 44, run, end, 9199870602354226
1787080804.764309, NoOp Chain Depth 64 Size 0 Mode ref, Ref Stage 45, run, start, 9199870602368482
1787080804.764329, NoOp Chain Depth 64 Size 0 Mode ref, Ref Stage 45, run, end, 9199870602388034
1787080804.764343, NoOp Chain Depth 64 Size 0 Mode ref, Ref Stage 46, run, start, 9199870602402498
1787080804.764363, NoOp Chain Depth 64 Size 0 Mode ref, Ref Stage 46, run, end, 9199870602421890
1787080804.764377, NoOp Chain Depth 64 Size 0 Mode ref, Ref Stage 47, run, start, 9199870602436450
1787080804.764397, NoOp Chain Depth 64 Size 0 Mode ref, Ref Stage 47, run, end, 9199870602455922
1787080804.764411, NoOp Chain Depth 64 Size 0 Mode ref, Ref Stage 48, run, start, 9199870602470242
1787080804.764433, NoOp Chain Depth 64 Size 0 Mode ref, Ref Stage 48, run, end, 9199870602492194
1787080804.764445, NoOp Chain Depth 64 Size 0 Mode ref, Ref Stage 49, run, start, 9199870602503858
1787080804.764474, NoOp Chain Depth 64 Size 0 Mode ref, Ref Stage 49, run, end, 9199870602533474
1787080804.764488, NoOp Chain Depth 64 Size 0 Mode ref, Ref Stage 50, run, start, 9199870602547586
1787080804.764508, NoOp Chain Depth 64 Size 0 Mode ref, Ref Stage 50, run, end, 9199870602567106
1787080804.764523, NoOp Chain Depth 64 Size 0 Mode ref, Ref Stage 51, run, start, 9199870602582306
1787080804.764544, NoOp Chain Depth 64 Size 0 Mode ref, Ref Stage 51, run, end, 9199870602603378
1787080804.764555, NoOp Chain Depth 64 Size 0 Mode ref, Ref Stage 52, run, start, 9199870602614946
1787080804.764585, NoOp Chain Depth 64 Size 0 Mode ref, Ref Stage 52, run, end, 9199870602644482
1787080804.764600, NoOp Chain Depth 64 Size 0 Mode ref, Ref Stage 53, run, start, 9199870602658722
1787080804.764619, NoOp Chain Depth 64 Size 0 Mode ref, Ref Stage 53, run, end, 9199870602678354
1787080804.764634, NoOp Chain Depth 64 Size 0 Mode ref, Ref Stage 54, run, start, 9199870602693314
1787080804.764654, NoOp Chain Depth 64 Size 0 Mode ref, Ref Stage 54, run, end, 9199870602713330
1787080804.764668, NoOp Chain Depth 64 Size 0 Mode ref, Ref Stage 55, run, start, 9199870602727810
1787080804.764690, NoOp Chain Depth 64 Size 0 Mode ref, Ref Stage 55, run, end, 9199870602749314
1787080804.764701, NoOp Chain Depth 64 Size 0 Mode ref, Ref Stage 56, run, start, 9199870602760770
1787080804.764731, NoOp Chain Depth 64 Size 0 Mode ref, Ref Stage 56, run, end, 9199870602790098
1787080804.764745, NoOp Chain Depth 64 Size 0 Mode ref, Ref Stage 57, run, start, 9199870602804386
1787080804.764765, NoOp Chain Depth 64 Size 0 Mode ref, Ref Stage 57, run, end, 9199870602823954
1787080804.764779, NoOp Chain Depth 64 Size 0 Mode ref, Ref Stage 58, run, start, 9199870602838322
1787080804.764799, NoOp Chain Depth 64 Size 0 Mode ref, Ref Stage 58, run, end, 9199870602858050
1787080804.764813, NoOp Chain Depth 64 Size 0 Mode ref, Ref Stage 59, run, start, 9199870602872098
1787080804.764832, NoOp Chain Depth 64 Size 0 Mode ref, Ref Stage 59, run, end, 9199870602891586
1787080804.764847, NoOp Chain Depth 64 Size 0 Mode ref, Ref Stage 60, run, start, 9199870602905938
1787080804.764866, NoOp Chain Depth 64 Size 0 Mode ref, Ref Stage 60, run, end, 9199870602925410
1787080804.764880, NoOp Chain Depth 64 Size 0 Mode ref, Ref Stage 61, run, start, 9199870602939570
1787080804.764900, NoOp Chain Depth 64 Size 0 Mode ref, Ref Stage 61, run, end, 9199870602959410
1787080804.764914, NoOp Chain Depth 64 Size 0 Mode ref, Ref Stage 62, run, start, 9199870602973522
1787080804.764933, NoOp Chain Depth 64 Size 0 Mode ref, Ref Stage 62, run, end, 9199870602992706
1787080804.764950, NoOp Chain Depth 64 Size 0 Mode ref, Ref Stage 63, run, start, 9199870603008978
1787080804.764973, NoOp Chain Depth 64 Size 0 Mode ref, Ref Stage 63, run, end, 9199870603032290
1787080804.764988, NoOp Chain Depth 64 Size 0 Mode ref, pipeline - train, run, end, 206499581738677517683338961721626676228, 1787080804.759515, 86, 1, 9199870603047410
1787080804.765023, NoOp Chain Depth 64 Size 0 Mode ref, pipeline - train, run, start, 143940453936580199909519837301688011668, 1787080804.765013, 87, 1, 9199870603082978
1787080804.765046, NoOp Chain Depth 64 Size 0 Mode ref, Ref Stage 0, run, start, 9199870603105202
1787080804.765066, NoOp Chain Depth 64 Size 0 Mode ref, Ref Stage 0, run, end, 9199870603125474
1787080804.765081, NoOp Chain Depth 64 Size 0 Mode ref, Ref Stage 1, run, start, 9199870603140402
1787080804.765101, NoOp Chain Depth 64 Size 0 Mode ref, Ref Stage 1, run, end, 9199870603160722
1787080804.765116, NoOp Chain Depth 64 Size 0 Mode ref, Ref Stage 2, run, start, 9199870603175282
1787080804.765136, NoOp Chain Depth 64 Size 0 Mode ref, Ref Stage 2, run, end, 9199870603195106
1787080804.765151, NoOp Chain Depth 64 Size 0 Mode ref, Ref Stage 3, run, start, 9199870603210450
1787080804.765171, NoOp Chain Depth 64 Size 0 Mode ref, Ref Stage 3, run, end, 9199870603230370
1787080804.765186, NoOp Chain Depth 64 Size 0 Mode ref, Ref Stage 4, run, start, 9199870603244962
1787080804.765210, NoOp Chain Depth 64 Size 0 Mode ref, Ref Stage 4, run, end, 9199870603269154
1787080804.765222, NoOp Chain Depth 64 Size 0 Mode ref, Ref Stage 5, run, start, 9199870603280946
1787080804.765760, NoOp Chain Depth 64 Size 0 Mode ref, Ref Stage 5, run, end, 9199870603820242
1787080804.765777, NoOp Chain Depth 64 Size 0 Mode ref, Ref Stage 6, run, start, 9199870603836066
1787080804.765797, NoOp Chain Depth 64 Size 0 Mode ref, Ref Stage 6, run, end, 9199870603856322
1787080804.765812, NoOp Chain Depth 64 Size 0 Mode ref, Ref Stage 7, run, start, 9199870603871106
1787080804.765834, NoOp Chain Depth 64 Size 0 Mode ref, Ref Stage 7, run, end, 9199870603892978
1787080804.765846, NoOp Chain Depth 64 Size 0 Mode ref, Ref Stage 8, run, start, 9199870603904706
1787080804.765875, NoOp Chain Depth 64 Size 0 Mode ref, Ref Stage 8, run, end, 9199870603934562
1787080804.765890, NoOp Chain Depth 64 Size 0 Mode ref, Ref Stage 9, run, start, 9199870603949298
1787080804.765910, NoOp Chain Depth 64 Size 0 Mode ref, Ref Stage 9, run, end, 9199870603969522
1787080804.765925, NoOp Chain Depth 64 Size 0 Mode ref, Ref Stage 10, run, start, 9199870603984002
1787080804.765946, NoOp Chain Depth 64 Size 0 Mode ref, Ref Stage 10, run, end, 9199870604005762
1787080804.765962, NoOp Chain Depth 64 Size 0 Mode ref, Ref Stage 11, run, start, 9199870604021042
1787080804.765982, NoOp Chain Depth 64 Size 0 Mode ref, Ref Stage 11, run, end, 9199870604041346
1787080804.765996, NoOp Chain Depth 64 Size 0 Mode ref, Ref Stage 12, run, start, 9199870604055890
1787080804.766017, NoOp Chain Depth 64 Size 0 Mode ref, Ref Stage 12, run, end, 9199870604076338
1787080804.766032, NoOp Chain Depth 64 Size 0 Mode ref, Ref Stage 13, run, start, 9199870604090962
1787080804.766052, NoOp Chain Depth 64 Size 0 Mode ref, Ref Stage 13, run, end, 9199870604111010
1787080804.766066, NoOp Chain Depth 64 Size 0 Mode ref, Ref Stage 14, run, start, 9199870604125378
1787080804.766086, NoOp Chain Depth 64 Size 0 Mode ref, Ref Stage 14, run, end, 9199870604145202
1787080804.766100, NoOp Chain Depth 64 Size 0 Mode ref, Ref Stage 15, run, start, 9199870604159650
1787080804.766123, NoOp Chain Depth 64 Size 0 Mode ref, Ref Stage 15, run, end, 9199870604182386
1787080804.766139, NoOp Chain Depth 64 Size 0 Mode ref, Ref Stage 16, run, start, 9199870604197954
1787080804.766159, NoOp Chain Depth 64 Size 0 Mode ref, Ref Stage 16, run, end, 9199870604218290
1787080804.766659, NoOp Chain Depth 64 Size 0 Mode ref, Ref Stage 17, run, start, 9199870604719698
1787080804.766684, NoOp Chain Depth 64 Size 0 Mode ref, Ref Stage 17, run, end, 9199870604743218
1787080804.766699, NoOp Chain Depth 64 Size 0 Mode ref, Ref Stage 18, run, start, 9199870604758274
1787080804.766723, NoOp Chain Depth 64 Size 0 Mode ref, Ref Stage 18, run, end, 9199870604782178
1787080804.766735, NoOp Chain Depth 64 Size 0 Mode ref, Ref Stage 19, run, start, 9199870604793858
1787080804.766765, NoOp Chain Depth 64 Size 0 Mode ref, Ref Stage 19, run, end, 9199870604823938
1787080804.766779, NoOp Chain Depth 64 Size 0 Mode ref, Ref Stage 20, run, start, 9199870604838578
1787080804.766799, NoOp Chain Depth 64 Size 0 Mode ref, Ref Stage 20, run, end, 9199870604858690
1787080804.766814, NoOp Chain Depth 64 Size 0 Mode ref, Ref Stage 21, run, start, 9199870604872946
1787080804.766834, NoOp Chain Depth 64 Size 0 Mode ref, Ref Stage 21, run, end, 9199870604892930
1787080804.766848, NoOp Chain Depth 64 Size 0 Mode ref, Ref Stage 22, run, start, 9199870604907554
1787080804.766868, NoOp Chain Depth 64 Size 0 Mode ref, Ref Stage 22, run, end, 9199870604927154
1787080804.766883, NoOp Chain Depth 64 Size 0 Mode ref, Ref Stage 23, run, start, 9199870604942354
1787080804.766903, NoOp Chain Depth 64 Size 0 Mode ref, Ref Stage 23, run, end, 9199870604962466
1787080804.766918, NoOp Chain Depth 64 Size 0 Mode ref, Ref Stage 24, run, start, 9199870604977106
1787080804.766939, NoOp Chain Depth 64 Size 0 Mode ref, Ref Stage 24, run, end, 9199870604998610
1787080804.766953, NoOp Chain Depth 64 Size 0 Mode ref, Ref Stage 25, run, start, 9199870605011986
1787080804.766985, NoOp Chain Depth 64 Size 0 Mode ref, Ref Stage 25, run, end, 9199870605044226
1787080804.766999, NoOp Chain Depth 64 Size 0 Mode ref, Ref Stage 26, run, start, 9199870605058898
1787080804.767081, NoOp Chain Depth 64 Size 0 Mode ref, Ref Stage 26, run, end, 9199870605140691
1787080804.767097, NoOp Chain Depth 64 Size 0 Mode ref, Ref Stage 27, run, start, 9199870605156643
1787080804.767120, NoOp Chain Depth 64 Size 0 Mode ref, Ref Stage 27, run, end, 9199870605179507
1787080804.767135, NoOp Chain Depth 64 Size 0 Mode ref, Ref Stage 28, run, start, 9199870605194179
1787080804.767155, NoOp Chain Depth 64 Size 0 Mode ref, Ref Stage 28, run, end, 9199870605214579
1787080804.767169, NoOp Chain Depth 64 Size 0 Mode ref, Ref Stage 29, run, start, 9199870605228915
1787080804.767190, NoOp Chain Depth 64 Size 0 Mode ref, Ref Stage 29, run, end, 9199870605248707
1787080804.767204, NoOp Chain Depth 64 Size 0 Mode ref, Ref Stage 30, run, start, 9199870605262835
1787080804.767224, NoOp Chain Depth 64 Size 0 Mode ref, Ref Stage 30, run, end, 9199870605282739
1787080804.767238, NoOp Chain Depth 64 Size 0 Mode ref, Ref Stage 31, run, start, 9199870605297043
1787080804.767258, NoOp Chain Depth 64 Size 0 Mode ref, Ref Stage 31, run, end, 9199870605316931
1787080804.767272, NoOp Chain Depth 64 Size 0 Mode ref, Ref Stage 32, run, start, 9199870605331251
1787080804.767292, NoOp Chain Depth 64 Size 0 Mode ref, Ref Stage 32, run, end, 9199870605351267
1787080804.767308, NoOp Chain Depth 64 Size 0 Mode ref, Ref Stage 33, run, start, 9199870605366819
1787080804.767327, NoOp Chain Depth 64 Size 0 Mode ref, Ref Stage 33, run, end, 9199870605386531
1787080804.767341, NoOp Chain Depth 64 Size 0 Mode ref, Ref Stage 34, run, start, 9199870605400483
1787080804.767361, NoOp Chain Depth 64 Size 0 Mode ref, Ref Stage 34, run, end, 9199870605420099
1787080804.767375, NoOp Chain Depth 64 Size 0 Mode ref, Ref Stage 35, run, start, 9199870605434419
1787080804.767395, NoOp Chain Depth 64 Size 0 Mode ref, Ref Stage 35, run, end, 9199870605454291
1787080804.767411, NoOp Chain Depth 64 Size 0 Mode ref, Ref Stage 36, run, start, 9199870605469667
1787080804.767431, NoOp Chain Depth 64 Size 0 Mode ref, Ref Stage 36, run, end, 9199870605489843
1787080804.767445, NoOp Chain Depth 64 Size 0 Mode ref, Ref Stage 37, run, start, 9199870605504115
1787080804.767465, NoOp Chain Depth 64 Size 0 Mode ref, Ref Stage 37, run, end, 9199870605523939
1787080804.767480, NoOp Chain Depth 64 Size 0 Mode ref, Ref Stage 38, run, start, 9199870605539571
1787080804.767503, NoOp Chain Depth 64 Size 0 Mode ref, Ref Stage 38, run, end, 9199870605561827
1787080804.767519, NoOp Chain Depth 64 Size 0 Mode ref, Ref Stage 39, run, start, 9199870605577715
1787080804.767540, NoOp Chain Depth 64 Size 0 Mode ref, Ref Stage 39, run, end, 9199870605599299
1787080804.767554, NoOp Chain Depth 64 Size 0 Mode ref, Ref Stage 40, run, start, 9199870605613651
1787080804.767574, NoOp Chain Depth 64 Size 0 Mode ref, Ref Stage 40, run, end, 9199870605633267
1787080804.767588, NoOp Chain Depth 64 Size 0 Mode ref, Ref Stage 41, run, start, 9199870605647699
1787080804.767608, NoOp Chain Depth 64 Size 0 Mode ref, Ref Stage 41, run, end, 9199870605667171
1787080804.767622, NoOp Chain Depth 64 Size 0 Mode ref, Ref Stage 42, run, start, 9199870605681747
1787080804.767642, NoOp Chain Depth 64 Size 0 Mode ref, Ref Stage 42, run, end, 9199870605701667
1787080804.767657, NoOp Chain Depth 64 Size 0 Mode ref, Ref Stage 43, run, start, 9199870605716067
1787080804.767678, NoOp Chain Depth 64 Size 0 Mode ref, Ref Stage 43, run, end, 9199870605737667
1787080804.767693, NoOp Chain Depth 64 Size 0 Mode ref, Ref Stage 44, run, start, 9199870605752371
1787080804.767713, NoOp Chain Depth 64 Size 0 Mode ref, Ref Stage 44, run, end, 9199870605772515
1787080804.767732, NoOp Chain Depth 64 Size 0 Mode ref, Ref Stage 45, run, start, 9199870605791971
1787080804.767753, NoOp Chain Depth 64 Size 0 Mode ref, Ref Stage 45, run, end, 9199870605812595
1787080804.767768, NoOp Chain Depth 64 Size 0 Mode ref, Ref Stage 46, run, start, 9199870605827539
1787080804.767788, NoOp Chain Depth 64 Size 0 Mode ref, Ref Stage 46, run, end, 9199870605847715
1787080804.767803, NoOp Chain Depth 64 Size 0 Mode ref, Ref Stage 47, run, start, 9199870605862435
1787080804.767823, NoOp Chain Depth 64 Size 0 Mode ref, Ref Stage 47, run, end, 9199870605882531
1787080804.767838, NoOp Chain Depth 64 Size 0 Mode ref, Ref Stage 48, run, start, 9199870605897187
1787080804.767861, NoOp Chain Depth 64 Size 0 Mode ref, Ref Stage 48, run, end, 9199870605920019
1787080804.767873, NoOp Chain Depth 64 Size 0 Mode ref, Ref Stage 49, run, start, 9199870605932051
1787080804.767903, NoOp Chain Depth 64 Size 0 Mode ref, Ref Stage 49, run, end, 9199870605962643
1787080804.767918, NoOp Chain Depth 64 Size 0 Mode ref, Ref Stage 50, run, start, 9199870605977411
1787080804.767939, NoOp Chain Depth 64 Size 0 Mode ref, Ref Stage 50, run, end, 9199870605998739
1787080804.767958, NoOp Chain Depth 64 Size 0 Mode ref, Ref Stage 51, run, start, 9199870606017155
1787080804.767981, NoOp Chain Depth 64 Size 0 Mode ref, Ref Stage 51, run, end, 9199870606040115
1787080804.767992, NoOp Chain Depth 64 Size 0 Mode ref, Ref Stage 52, run, start, 9199870606051875
1787080804.768023, NoOp Chain Depth 64 Size 0 Mode ref, Ref Stage 52, run, end, 9199870606082755
1787080804.768038, NoOp Chain Depth 64 Size 0 Mode ref, Ref Stage 53, run, start, 9199870606097443
1787080804.768058, NoOp Chain Depth 64 Size 0 Mode ref, Ref Stage 53, run, end, 9199870606117475
1787080804.768073, NoOp Chain Depth 64 Size 0 Mode ref, Ref Stage 54, run, start, 9199870606132483
1787080804.768094, NoOp Chain Depth 64 Size 0 Mode ref, Ref Stage 54, run, end, 9199870606153539
1787080804.768109, NoOp Chain Depth 64 Size 0 Mode ref, Ref Stage 55, run, start, 9199870606168115
1787080804.768130, NoOp Chain Depth 64 Size 0 Mode ref, Ref Stage 55, run, end, 9199870606189699
1787080804.768615, NoOp Chain Depth 64 Size 0 Mode ref, Ref Stage 56, run, start, 9199870606675043
1787080804.768764, NoOp Chain Depth 64 Size 0 Mode ref, Ref Stage 56, run, end, 9199870606823587
1787080804.768779, NoOp Chain Depth 64 Size 0 Mode ref, Ref Stage 57, run, start, 9199870606838787
1787080804.768801, NoOp Chain Depth 64 Size 0 Mode ref, Ref Stage 57, run, end, 9199870606860547
1787080804.768813, NoOp Chain Depth 64 Size 0 Mode ref, Ref Stage 58, run, start, 9199870606872099
1787080804.768843, NoOp Chain Depth 64 Size 0 Mode ref, Ref Stage 58, run, end, 9199870606902099
1787080804.768857, NoOp Chain Depth 64 Size 0 Mode ref, Ref Stage 59, run, start, 9199870606916691
1787080804.768877, NoOp Chain Depth 64 Size 0 Mode ref, Ref Stage 59, run, end, 9199870606936355
1787080804.768891, NoOp Chain Depth 64 Size 0 Mode ref, Ref Stage 60, run, start, 9199870606950435
1787080804.768912, NoOp Chain Depth 64 Size 0 Mode ref, Ref Stage 60, run, end, 9199870606971491
1787080804.768927, NoOp Chain Depth 64 Size 0 Mode ref, Ref Stage 61, run, start, 9199870606985923
1787080804.768953, NoOp Chain Depth 64 Size 0 Mode ref, Ref Stage 61, run, end, 9199870607011907
1787080804.768968, NoOp Chain Depth 64 Size 0 Mode ref, Ref Stage 62, run, start, 9199870607027347
1787080804.768988, NoOp Chain Depth 64 Size 0 Mode ref, Ref Stage 62, run, end, 9199870607047459
1787080804.769003, NoOp Chain Depth 64 Size 0 Mode ref, Ref Stage 63, run, start, 9199870607062307
1787080804.769023, NoOp Chain Depth 64 Size 0 Mode ref, Ref Stage 63, run, end, 9199870607082067
1787080804.769037, NoOp Chain Depth 64 Size 0 Mode ref, pipeline - train, run, end, 143940453936580199909519837301688011668, 1787080804.765013, 87, 1, 9199870607096579
1787080804.769073, NoOp Chain Depth 64 Size 0 Mode ref, pipeline - train, run, start, 107936356112050027830983460989099497456, 1787080804.769063, 88, 1, 9199870607132771
1787080804.769097, NoOp Chain Depth 64 Size 0 Mode ref, Ref Stage 0, run, start, 9199870607156099
1787080804.769117, NoOp Chain Depth 64 Size 0 Mode ref, Ref Stage 0, run, end, 9199870607176691
1787080804.769133, NoOp Chain Depth 64 Size 0 Mode ref, Ref Stage 1, run, start, 9199870607192883
1787080804.769155, NoOp Chain Depth 64 Size 0 Mode ref, Ref Stage 1, run, end, 9199870607214403
1787080804.769167, NoOp Chain Depth 64 Size 0 Mode ref, Ref Stage 2, run, start, 9199870607225971
1787080804.769197, NoOp Chain Depth 64 Size 0 Mode ref, Ref Stage 2, run, end, 9199870607256083
1787080804.769212, NoOp Chain Depth 64 Size 0 Mode ref, Ref Stage 3, run, start, 9199870607271443
1787080804.769234, NoOp Chain Depth 64 Size 0 Mode ref, Ref Stage 3, run, end, 9199870607293043
1787080804.769245, NoOp Chain Depth 64 Size 0 Mode ref, Ref Stage 4, run, start, 9199870607304627
1787080804.769275, NoOp Chain Depth 64 Size 0 Mode ref, Ref Stage 4, run, end, 9199870607333955
1787080804.769289, NoOp Chain Depth 64 Size 0 Mode ref, Ref Stage 5, run, start, 9199870607348499
1787080804.769312, NoOp Chain Depth 64 Size 0 Mode ref, Ref Stage 5, run, end, 9199870607371651
1787080804.769328, NoOp Chain Depth 64 Size 0 Mode ref, Ref Stage 6, run, start, 9199870607387459
1787080804.769348, NoOp Chain Depth 64 Size 0 Mode ref, Ref Stage 6, run, end, 9199870607407427
1787080804.769363, NoOp Chain Depth 64 Size 0 Mode ref, Ref Stage 7, run, start, 9199870607422771
1787080804.769385, NoOp Chain Depth 64 Size 0 Mode ref, Ref Stage 7, run, end, 9199870607444275
1787080804.769397, NoOp Chain Depth 64 Size 0 Mode ref, Ref Stage 8, run, start, 9199870607455875
1787080804.769426, NoOp Chain Depth 64 Size 0 Mode ref, Ref Stage 8, run, end, 9199870607485475
1787080804.769441, NoOp Chain Depth 64 Size 0 Mode ref, Ref Stage 9, run, start, 9199870607500195
1787080804.769461, NoOp Chain Depth 64 Size 0 Mode ref, Ref Stage 9, run, end, 9199870607519907
1787080804.769475, NoOp Chain Depth 64 Size 0 Mode ref, Ref Stage 10, run, start, 9199870607534291
1787080804.769495, NoOp Chain Depth 64 Size 0 Mode ref, Ref Stage 10, run, end, 9199870607553763
1787080804.769509, NoOp Chain Depth 64 Size 0 Mode ref, Ref Stage 11, run, start, 9199870607568195
1787080804.769530, NoOp Chain Depth 64 Size 0 Mode ref, Ref Stage 11, run, end, 9199870607589123
1787080804.769544, NoOp Chain Depth 64 Size 0 Mode ref, Ref Stage 12, run, start, 9199870607603763
1787080804.769566, NoOp Chain Depth 64 Size 0 Mode ref, Ref Stage 12, run, end, 9199870607625347
1787080804.769578, NoOp Chain Depth 64 Size 0 Mode ref, Ref Stage 13, run, start, 9199870607637043
1787080804.769607, NoOp Chain Depth 64 Size 0 Mode ref, Ref Stage 13, run, end, 9199870607666835
1787080804.769622, NoOp Chain Depth 64 Size 0 Mode ref, Ref Stage 14, run, start, 9199870607681235
1787080804.769642, NoOp Chain Depth 64 Size 0 Mode ref, Ref Stage 14, run, end, 9199870607701107
1787080804.769657, NoOp Chain Depth 64 Size 0 Mode ref, Ref Stage 15, run, start, 9199870607716259
1787080804.769679, NoOp Chain Depth 64 Size 0 Mode ref, Ref Stage 15, run, end, 9199870607737971
1787080804.770173, NoOp Chain Depth 64 Size 0 Mode ref, Ref Stage 16, run, start, 9199870608233267
1787080804.770198, NoOp Chain Depth 64 Size 0 Mode ref, Ref Stage 16, run, end, 9199870608257203
1787080804.770213, NoOp Chain Depth 64 Size 0 Mode ref, Ref Stage 17, run, start, 9199870608272067
1787080804.770233, NoOp Chain Depth 64 Size 0 Mode ref, Ref Stage 17, run, end, 9199870608292563
1787080804.770248, NoOp Chain Depth 64 Size 0 Mode ref, Ref Stage 18, run, start, 9199870608307267
1787080804.770268, NoOp Chain Depth 64 Size 0 Mode ref, Ref Stage 18, run, end, 9199870608326931
1787080804.770282, NoOp Chain Depth 64 Size 0 Mode ref, Ref Stage 19, run, start, 9199870608341491
1787080804.770302, NoOp Chain Depth 64 Size 0 Mode ref, Ref Stage 19, run, end, 9199870608361155
1787080804.770316, NoOp Chain Depth 64 Size 0 Mode ref, Ref Stage 20, run, start, 9199870608375475
1787080804.770336, NoOp Chain Depth 64 Size 0 Mode ref, Ref Stage 20, run, end, 9199870608395059
1787080804.770350, NoOp Chain Depth 64 Size 0 Mode ref, Ref Stage 21, run, start, 9199870608409507
1787080804.770370, NoOp Chain Depth 64 Size 0 Mode ref, Ref Stage 21, run, end, 9199870608429491
1787080804.770385, NoOp Chain Depth 64 Size 0 Mode ref, Ref Stage 22, run, start, 9199870608443939
1787080804.770405, NoOp Chain Depth 64 Size 0 Mode ref, Ref Stage 22, run, end, 9199870608464899
1787080804.770420, NoOp Chain Depth 64 Size 0 Mode ref, Ref Stage 23, run, start, 9199870608479443
1787080804.770440, NoOp Chain Depth 64 Size 0 Mode ref, Ref Stage 23, run, end, 9199870608499539
1787080804.770455, NoOp Chain Depth 64 Size 0 Mode ref, Ref Stage 24, run, start, 9199870608514163
1787080804.770476, NoOp Chain Depth 64 Size 0 Mode ref, Ref Stage 24, run, end, 9199870608535747
1787080804.770488, NoOp Chain Depth 64 Size 0 Mode ref, Ref Stage 25, run, start, 9199870608547571
1787080804.770522, NoOp Chain Depth 64 Size 0 Mode ref, Ref Stage 25, run, end, 9199870608581107
1787080804.770536, NoOp Chain Depth 64 Size 0 Mode ref, Ref Stage 26, run, start, 9199870608595779
1787080804.770556, NoOp Chain Depth 64 Size 0 Mode ref, Ref Stage 26, run, end, 9199870608615491
1787080804.770571, NoOp Chain Depth 64 Size 0 Mode ref, Ref Stage 27, run, start, 9199870608630227
1787080804.770591, NoOp Chain Depth 64 Size 0 Mode ref, Ref Stage 27, run, end, 9199870608650195
1787080804.770605, NoOp Chain Depth 64 Size 0 Mode ref, Ref Stage 28, run, start, 9199870608664723
1787080804.770627, NoOp Chain Depth 64 Size 0 Mode ref, Ref Stage 28, run, end, 9199870608685843
1787080804.770642, NoOp Chain Depth 64 Size 0 Mode ref, Ref Stage 29, run, start, 9199870608701315
1787080804.770662, NoOp Chain Depth 64 Size 0 Mode ref, Ref Stage 29, run, end, 9199870608720787
1787080804.770676, NoOp Chain Depth 64 Size 0 Mode ref, Ref Stage 30, run, start, 9199870608735235
1787080804.770696, NoOp Chain Depth 64 Size 0 Mode ref, Ref Stage 30, run, end, 9199870608755747
1787080804.770711, NoOp Chain Depth 64 Size 0 Mode ref, Ref Stage 31, run, start, 9199870608770099
1787080804.770730, NoOp Chain Depth 64 Size 0 Mode ref, Ref Stage 31, run, end, 9199870608789763
1787080804.770745, NoOp Chain Depth 64 Size 0 Mode ref, Ref Stage 32, run, start, 9199870608804163
1787080804.770764, NoOp Chain Depth 64 Size 0 Mode ref, Ref Stage 32, run, end, 9199870608823635
1787080804.770779, NoOp Chain Depth 64 Size 0 Mode ref, Ref Stage 33, run, start, 9199870608837875
1787080804.770800, NoOp Chain Depth 64 Size 0 Mode ref, Ref Stage 33, run, end, 9199870608858755
1787080804.770814, NoOp Chain Depth 64 Size 0 Mode ref, Ref Stage 34, run, start, 9199870608873187
1787080804.770834, NoOp Chain Depth 64 Size 0 Mode ref, Ref Stage 34, run, end, 9199870608892931
1787080804.770848, NoOp Chain Depth 64 Size 0 Mode ref, Ref Stage 35, run, start, 9199870608907235
1787080804.770868, NoOp Chain Depth 64 Size 0 Mode ref, Ref Stage 35, run, end, 9199870608926883
1787080804.770882, NoOp Chain Depth 64 Size 0 Mode ref, Ref Stage 36, run, start, 9199870608941027
1787080804.770903, NoOp Chain Depth 64 Size 0 Mode ref, Ref Stage 36, run, end, 9199870608962627
1787080804.770918, NoOp Chain Depth 64 Size 0 Mode ref, Ref Stage 37, run, start, 9199870608977219
1787080804.770938, NoOp Chain Depth 64 Size 0 Mode ref, Ref Stage 37, run, end, 9199870608997155
1787080804.770955, NoOp Chain Depth 64 Size 0 Mode ref, Ref Stage 38, run, start, 9199870609013843
1787080804.770977, NoOp Chain Depth 64 Size 0 Mode ref, Ref Stage 38, run, end, 9199870609036227
1787080804.770991, NoOp Chain Depth 64 Size 0 Mode ref, Ref Stage 39, run, start, 9199870609050707
1787080804.771012, NoOp Chain Depth 64 Size 0 Mode ref, Ref Stage 39, run, end, 9199870609070771
1787080804.771027, NoOp Chain Depth 64 Size 0 Mode ref, Ref Stage 40, run, start, 9199870609086515
1787080804.771047, NoOp Chain Depth 64 Size 0 Mode ref, Ref Stage 40, run, end, 9199870609106307
1787080804.771061, NoOp Chain Depth 64 Size 0 Mode ref, Ref Stage 41, run, start, 9199870609120835
1787080804.771081, NoOp Chain Depth 64 Size 0 Mode ref, Ref Stage 41, run, end, 9199870609140659
1787080804.771096, NoOp Chain Depth 64 Size 0 Mode ref, Ref Stage 42, run, start, 9199870609155043
1787080804.771116, NoOp Chain Depth 64 Size 0 Mode ref, Ref Stage 42, run, end, 9199870609174995
1787080804.771130, NoOp Chain Depth 64 Size 0 Mode ref, Ref Stage 43, run, start, 9199870609189475
1787080804.771150, NoOp Chain Depth 64 Size 0 Mode ref, Ref Stage 43, run, end, 9199870609209347
1787080804.771165, NoOp Chain Depth 64 Size 0 Mode ref, Ref Stage 44, run, start, 9199870609224883
1787080804.771189, NoOp Chain Depth 64 Size 0 Mode ref, Ref Stage 44, run, end, 9199870609248611
1787080804.771204, NoOp Chain Depth 64 Size 0 Mode ref, Ref Stage 45, run, start, 9199870609262963
1787080804.771223, NoOp Chain Depth 64 Size 0 Mode ref, Ref Stage 45, run, end, 9199870609282467
1787080804.771237, NoOp Chain Depth 64 Size 0 Mode ref, Ref Stage 46, run, start, 9199870609296627
1787080804.771257, NoOp Chain Depth 64 Size 0 Mode ref, Ref Stage 46, run, end, 9199870609316179
1787080804.771272, NoOp Chain Depth 64 Size 0 Mode ref, Ref Stage 47, run, start, 9199870609331907
1787080804.771294, NoOp Chain Depth 64 Size 0 Mode ref, Ref Stage 47, run, end, 9199870609352835
1787080804.771308, NoOp Chain Depth 64 Size 0 Mode ref, Ref Stage 48, run, start, 9199870609367251
1787080804.771330, NoOp Chain Depth 64 Size 0 Mode ref, Ref Stage 48, run, end, 9199870609388803
1787080804.771341, NoOp Chain Depth 64 Size 0 Mode ref, Ref Stage 49, run, start, 9199870609400659
1787080804.771372, NoOp Chain Depth 64 Size 0 Mode ref, Ref Stage 49, run, end, 9199870609431731
1787080804.771387, NoOp Chain Depth 64 Size 0 Mode ref, Ref Stage 50, run, start, 9199870609446307
1787080804.771408, NoOp Chain Depth 64 Size 0 Mode ref, Ref Stage 50, run, end, 9199870609467395
1787080804.771472, NoOp Chain Depth 64 Size 0 Mode ref, Ref Stage 51, run, start, 9199870609531347
1787080804.771494, NoOp Chain Depth 64 Size 0 Mode ref, Ref Stage 51, run, end, 9199870609553139
1787080804.771508, NoOp Chain Depth 64 Size 0 Mode ref, Ref Stage 52, run, start, 9199870609567571
1787080804.771530, NoOp Chain Depth 64 Size 0 Mode ref, Ref Stage 52, run, end, 9199870609589139
1787080804.771541, NoOp Chain Depth 64 Size 0 Mode ref, Ref Stage 53, run, start, 9199870609600531
1787080804.772061, NoOp Chain Depth 64 Size 0 Mode ref, Ref Stage 53, run, end, 9199870610121411
1787080804.772203, NoOp Chain Depth 64 Size 0 Mode ref, Ref Stage 54, run, start, 9199870610262595
1787080804.772224, NoOp Chain Depth 64 Size 0 Mode ref, Ref Stage 54, run, end, 9199870610283747
1787080804.772239, NoOp Chain Depth 64 Size 0 Mode ref, Ref Stage 55, run, start, 9199870610298243
1787080804.772259, NoOp Chain Depth 64 Size 0 Mode ref, Ref Stage 55, run, end, 9199870610318307
1787080804.772274, NoOp Chain Depth 64 Size 0 Mode ref, Ref Stage 56, run, start, 9199870610333171
1787080804.772294, NoOp Chain Depth 64 Size 0 Mode ref, Ref Stage 56, run, end, 9199870610352963
1787080804.772308, NoOp Chain Depth 64 Size 0 Mode ref, Ref Stage 57, run, start, 9199870610367683
1787080804.772330, NoOp Chain Depth 64 Size 0 Mode ref, Ref Stage 57, run, end, 9199870610389091
1787080804.772344, NoOp Chain Depth 64 Size 0 Mode ref, Ref Stage 58, run, start, 9199870610403427
1787080804.772364, NoOp Chain Depth 64 Size 0 Mode ref, Ref Stage 58, run, end, 9199870610423299
1787080804.772380, NoOp Chain Depth 64 Size 0 Mode ref, Ref Stage 59, run, start, 9199870610439075
1787080804.772400, NoOp Chain Depth 64 Size 0 Mode ref, Ref Stage 59, run, end, 9199870610458803
1787080804.772413, NoOp Chain Depth 64 Size 0 Mode ref, Ref Stage 60, run, start, 9199870610472787
1787080804.772434, NoOp Chain Depth 64 Size 0 Mode ref, Ref Stage 60, run, end, 9199870610492691
1787080804.772449, NoOp Chain Depth 64 Size 0 Mode ref, Ref Stage 61, run, start, 9199870610508515
1787080804.772470, NoOp Chain Depth 64 Size 0 Mode ref, Ref Stage 61, run, end, 9199870610529603
1787080804.772485, NoOp Chain Depth 64 Size 0 Mode ref, Ref Stage 62, run, start, 9199870610544275
1787080804.772505, NoOp Chain Depth 64 Size 0 Mode ref, Ref Stage 62, run, end, 9199870610564339
1787080804.772520, NoOp Chain Depth 64 Size 0 Mode ref, Ref Stage 63, run, start, 9199870610579059
1787080804.772539, NoOp Chain Depth 64 Size 0 Mode ref, Ref Stage 63, run, end, 9199870610598275
1787080804.772554, NoOp Chain Depth 64 Size 0 Mode ref, pipeline - train, run, end, 107936356112050027830983460989099497456, 1787080804.769063, 88, 1, 9199870610613107
1787080804.772589, NoOp Chain Depth 64 Size 0 Mode ref, pipeline - train, run, start, 223575035650963854214382279165387826520, 1787080804.772578, 89, 1, 9199870610648339
1787080804.772611, NoOp Chain Depth 64 Size 0 Mode ref, Ref Stage 0, run, start, 9199870610670211
1787080804.772631, NoOp Chain Depth 64 Size 0 Mode ref, Ref Stage 0, run, end, 9199870610690307
1787080804.772645, NoOp Chain Depth 64 Size 0 Mode ref, Ref Stage 1, run, start, 9199870610704755
1787080804.772667, NoOp Chain Depth 64 Size 0 Mode ref, Ref Stage 1, run, end, 9199870610725875
1787080804.772681, NoOp Chain Depth 64 Size 0 Mode ref, Ref Stage 2, run, start, 9199870610740163
1787080804.772701, NoOp Chain Depth 64 Size 0 Mode ref, Ref Stage 2, run, end, 9199870610760147
1787080804.772715, NoOp Chain Depth 64 Size 0 Mode ref, Ref Stage 3, run, start, 9199870610774707
1787080804.772737, NoOp Chain Depth 64 Size 0 Mode ref, Ref Stage 3, run, end, 9199870610795811
1787080804.772748, NoOp Chain Depth 64 Size 0 Mode ref, Ref Stage 4, run, start, 9199870610807363
1787080804.772778, NoOp Chain Depth 64 Size 0 Mode ref, Ref Stage 4, run, end, 9199870610837331
1787080804.772793, NoOp Chain Depth 64 Size 0 Mode ref, Ref Stage 5, run, start, 9199870610851859
1787080804.772814, NoOp Chain Depth 64 Size 0 Mode ref, Ref Stage 5, run, end, 9199870610872851
1787080804.772828, NoOp Chain Depth 64 Size 0 Mode ref, Ref Stage 6, run, start, 9199870610887203
1787080804.772849, NoOp Chain Depth 64 Size 0 Mode ref, Ref Stage 6, run, end, 9199870610907923
1787080804.772865, NoOp Chain Depth 64 Size 0 Mode ref, Ref Stage 7, run, start, 9199870610924179
1787080804.772886, NoOp Chain Depth 64 Size 0 Mode ref, Ref Stage 7, run, end, 9199870610945619
1787080804.772898, NoOp Chain Depth 64 Size 0 Mode ref, Ref Stage 8, run, start, 9199870610957107
1787080804.772927, NoOp Chain Depth 64 Size 0 Mode ref, Ref Stage 8, run, end, 9199870610986611
1787080804.772942, NoOp Chain Depth 64 Size 0 Mode ref, Ref Stage 9, run, start, 9199870611003331
1787080804.772966, NoOp Chain Depth 64 Size 0 Mode ref, Ref Stage 9, run, end, 9199870611025283
1787080804.772980, NoOp Chain Depth 64 Size 0 Mode ref, Ref Stage 10, run, start, 9199870611039715
1787080804.773001, NoOp Chain Depth 64 Size 0 Mode ref, Ref Stage 10, run, end, 9199870611060051
1787080804.773015, NoOp Chain Depth 64 Size 0 Mode ref, Ref Stage 11, run, start, 9199870611074755
1787080804.773036, NoOp Chain Depth 64 Size 0 Mode ref, Ref Stage 11, run, end, 9199870611094899
1787080804.773051, NoOp Chain Depth 64 Size 0 Mode ref, Ref Stage 12, run, start, 9199870611110499
1787080804.773072, NoOp Chain Depth 64 Size 0 Mode ref, Ref Stage 12, run, end, 9199870611131523
1787080804.773088, NoOp Chain Depth 64 Size 0 Mode ref, Ref Stage 13, run, start, 9199870611147635
1787080804.773108, NoOp Chain Depth 64 Size 0 Mode ref, Ref Stage 13, run, end, 9199870611167379
1787080804.773123, NoOp Chain Depth 64 Size 0 Mode ref, Ref Stage 14, run, start, 9199870611181875
1787080804.773142, NoOp Chain Depth 64 Size 0 Mode ref, Ref Stage 14, run, end, 9199870611201619
1787080804.773158, NoOp Chain Depth 64 Size 0 Mode ref, Ref Stage 15, run, start, 9199870611217587
1787080804.773180, NoOp Chain Depth 64 Size 0 Mode ref, Ref Stage 15, run, end, 9199870611239779
1787080804.773557, NoOp Chain Depth 64 Size 0 Mode ref, Ref Stage 16, run, start, 9199870611617507
1787080804.773583, NoOp Chain Depth 64 Size 0 Mode ref, Ref Stage 16, run, end, 9199870611641891
1787080804.773716, NoOp Chain Depth 64 Size 0 Mode ref, Ref Stage 17, run, start, 9199870611775379
1787080804.773737, NoOp Chain Depth 64 Size 0 Mode ref, Ref Stage 17, run, end, 9199870611796403
1787080804.773752, NoOp Chain Depth 64 Size 0 Mode ref, Ref Stage 18, run, start, 9199870611811203
1787080804.773772, NoOp Chain Depth 64 Size 0 Mode ref, Ref Stage 18, run, end, 9199870611831107
1787080804.773786, NoOp Chain Depth 64 Size 0 Mode ref, Ref Stage 19, run, start, 9199870611845443
1787080804.773806, NoOp Chain Depth 64 Size 0 Mode ref, Ref Stage 19, run, end, 9199870611865267
1787080804.773821, NoOp Chain Depth 64 Size 0 Mode ref, Ref Stage 20, run, start, 9199870611879971
1787080804.773840, NoOp Chain Depth 64 Size 0 Mode ref, Ref Stage 20, run, end, 9199870611899539
1787080804.773855, NoOp Chain Depth 64 Size 0 Mode ref, Ref Stage 21, run, start, 9199870611914051
1787080804.773875, NoOp Chain Depth 64 Size 0 Mode ref, Ref Stage 21, run, end, 9199870611933955
1787080804.773889, NoOp Chain Depth 64 Size 0 Mode ref, Ref Stage 22, run, start, 9199870611948659
1787080804.773909, NoOp Chain Depth 64 Size 0 Mode ref, Ref Stage 22, run, end, 9199870611968579
1787080804.773924, NoOp Chain Depth 64 Size 0 Mode ref, Ref Stage 23, run, start, 9199870611983091
1787080804.773948, NoOp Chain Depth 64 Size 0 Mode ref, Ref Stage 23, run, end, 9199870612007347
1787080804.773963, NoOp Chain Depth 64 Size 0 Mode ref, Ref Stage 24, run, start, 9199870612022707
1787080804.773985, NoOp Chain Depth 64 Size 0 Mode ref, Ref Stage 24, run, end, 9199870612044611
1787080804.773997, NoOp Chain Depth 64 Size 0 Mode ref, Ref Stage 25, run, start, 9199870612056403
1787080804.774028, NoOp Chain Depth 64 Size 0 Mode ref, Ref Stage 25, run, end, 9199870612087539
1787080804.774043, NoOp Chain Depth 64 Size 0 Mode ref, Ref Stage 26, run, start, 9199870612102259
1787080804.774063, NoOp Chain Depth 64 Size 0 Mode ref, Ref Stage 26, run, end, 9199870612121923
1787080804.774077, NoOp Chain Depth 64 Size 0 Mode ref, Ref Stage 27, run, start, 9199870612136451
1787080804.774097, NoOp Chain Depth 64 Size 0 Mode ref, Ref Stage 27, run, end, 9199870612156323
1787080804.774111, NoOp Chain Depth 64 Size 0 Mode ref, Ref Stage 28, run, start, 9199870612170547
1787080804.774132, NoOp Chain Depth 64 Size 0 Mode ref, Ref Stage 28, run, end, 9199870612191427
1787080804.774147, NoOp Chain Depth 64 Size 0 Mode ref, Ref Stage 29, run, start, 9199870612205891
1787080804.774167, NoOp Chain Depth 64 Size 0 Mode ref, Ref Stage 29, run, end, 9199870612225683
1787080804.774182, NoOp Chain Depth 64 Size 0 Mode ref, Ref Stage 30, run, start, 9199870612241139
1787080804.774201, NoOp Chain Depth 64 Size 0 Mode ref, Ref Stage 30, run, end, 9199870612260659
1787080804.774215, NoOp Chain Depth 64 Size 0 Mode ref, Ref Stage 31, run, start, 9199870612274819
1787080804.774235, NoOp Chain Depth 64 Size 0 Mode ref, Ref Stage 31, run, end, 9199870612294467
1787080804.774250, NoOp Chain Depth 64 Size 0 Mode ref, Ref Stage 32, run, start, 9199870612308995
1787080804.774270, NoOp Chain Depth 64 Size 0 Mode ref, Ref Stage 32, run, end, 9199870612329395
1787080804.774285, NoOp Chain Depth 64 Size 0 Mode ref, Ref Stage 33, run, start, 9199870612344051
1787080804.774308, NoOp Chain Depth 64 Size 0 Mode ref, Ref Stage 33, run, end, 9199870612367667
1787080804.774327, NoOp Chain Depth 64 Size 0 Mode ref, Ref Stage 34, run, start, 9199870612386611
1787080804.774347, NoOp Chain Depth 64 Size 0 Mode ref, Ref Stage 34, run, end, 9199870612406515
1787080804.774361, NoOp Chain Depth 64 Size 0 Mode ref, Ref Stage 35, run, start, 9199870612420787
1787080804.774382, NoOp Chain Depth 64 Size 0 Mode ref, Ref Stage 35, run, end, 9199870612441443
1787080804.774397, NoOp Chain Depth 64 Size 0 Mode ref, Ref Stage 36, run, start, 9199870612456003
1787080804.774417, NoOp Chain Depth 64 Size 0 Mode ref, Ref Stage 36, run, end, 9199870612476323
1787080804.774431, NoOp Chain Depth 64 Size 0 Mode ref, Ref Stage 37, run, start, 9199870612490771
1787080804.774451, NoOp Chain Depth 64 Size 0 Mode ref, Ref Stage 37, run, end, 9199870612510483
1787080804.774466, NoOp Chain Depth 64 Size 0 Mode ref, Ref Stage 38, run, start, 9199870612524963
1787080804.774487, NoOp Chain Depth 64 Size 0 Mode ref, Ref Stage 38, run, end, 9199870612545763
1787080804.774501, NoOp Chain Depth 64 Size 0 Mode ref, Ref Stage 39, run, start, 9199870612560355
1787080804.774522, NoOp Chain Depth 64 Size 0 Mode ref, Ref Stage 39, run, end, 9199870612581411
1787080804.774537, NoOp Chain Depth 64 Size 0 Mode ref, Ref Stage 40, run, start, 9199870612596067
1787080804.774556, NoOp Chain Depth 64 Size 0 Mode ref, Ref Stage 40, run, end, 9199870612616995
1787080804.774572, NoOp Chain Depth 64 Size 0 Mode ref, Ref Stage 41, run, start, 9199870612631427
1787080804.774592, NoOp Chain Depth 64 Size 0 Mode ref, Ref Stage 41, run, end, 9199870612650915
1787080804.774606, NoOp Chain Depth 64 Size 0 Mode ref, Ref Stage 42, run, start, 9199870612665011
1787080804.774626, NoOp Chain Depth 64 Size 0 Mode ref, Ref Stage 42, run, end, 9199870612684771
1787080804.774640, NoOp Chain Depth 64 Size 0 Mode ref, Ref Stage 43, run, start, 9199870612699235
1787080804.774659, NoOp Chain Depth 64 Size 0 Mode ref, Ref Stage 43, run, end, 9199870612718659
1787080804.774674, NoOp Chain Depth 64 Size 0 Mode ref, Ref Stage 44, run, start, 9199870612733843
1787080804.774695, NoOp Chain Depth 64 Size 0 Mode ref, Ref Stage 44, run, end, 9199870612754275
1787080804.774709, NoOp Chain Depth 64 Size 0 Mode ref, Ref Stage 45, run, start, 9199870612768643
1787080804.774729, NoOp Chain Depth 64 Size 0 Mode ref, Ref Stage 45, run, end, 9199870612788451
1787080804.774743, NoOp Chain Depth 64 Size 0 Mode ref, Ref Stage 46, run, start, 9199870612802579
1787080804.774763, NoOp Chain Depth 64 Size 0 Mode ref, Ref Stage 46, run, end, 9199870612822451
1787080804.774778, NoOp Chain Depth 64 Size 0 Mode ref, Ref Stage 47, run, start, 9199870612836995
1787080804.774797, NoOp Chain Depth 64 Size 0 Mode ref, Ref Stage 47, run, end, 9199870612856691
1787080804.774812, NoOp Chain Depth 64 Size 0 Mode ref, Ref Stage 48, run, start, 9199870612871203
1787080804.774832, NoOp Chain Depth 64 Size 0 Mode ref, Ref Stage 48, run, end, 9199870612891123
1787080804.774846, NoOp Chain Depth 64 Size 0 Mode ref, Ref Stage 49, run, start, 9199870612905507
1787080804.774866, NoOp Chain Depth 64 Size 0 Mode ref, Ref Stage 49, run, end, 9199870612924947
1787080804.774883, NoOp Chain Depth 64 Size 0 Mode ref, Ref Stage 50, run, start, 9199870612942531
1787080804.774904, NoOp Chain Depth 64 Size 0 Mode ref, Ref Stage 50, run, end, 9199870612963267
1787080804.774918, NoOp Chain Depth 64 Size 0 Mode ref, Ref Stage 51, run, start, 9199870612977859
1787080804.774941, NoOp Chain Depth 64 Size 0 Mode ref, Ref Stage 51, run, end, 9199870613001939
1787080804.774955, NoOp Chain Depth 64 Size 0 Mode ref, Ref Stage 52, run, start, 9199870613013779
1787080804.774985, NoOp Chain Depth 64 Size 0 Mode ref, Ref Stage 52, run, end, 9199870613044051
1787080804.774999, NoOp Chain Depth 64 Size 0 Mode ref, Ref Stage 53, run, start, 9199870613058435
1787080804.775019, NoOp Chain Depth 64 Size 0 Mode ref, Ref Stage 53, run, end, 9199870613078131
1787080804.775033, NoOp Chain Depth 64 Size 0 Mode ref, Ref Stage 54, run, start, 9199870613092499
1787080804.775060, NoOp Chain Depth 64 Size 0 Mode ref, Ref Stage 54, run, end, 9199870613119395
1787080804.775071, NoOp Chain Depth 64 Size 0 Mode ref, Ref Stage 55, run, start, 9199870613130883
1787080804.775104, NoOp Chain Depth 64 Size 0 Mode ref, Ref Stage 55, run, end, 9199870613163011
1787080804.775119, NoOp Chain Depth 64 Size 0 Mode ref, Ref Stage 56, run, start, 9199870613177859
1787080804.775139, NoOp Chain Depth 64 Size 0 Mode ref, Ref Stage 56, run, end, 9199870613197939
1787080804.775154, NoOp Chain Depth 64 Size 0 Mode ref, Ref Stage 57, run, start, 9199870613213667
1787080804.775176, NoOp Chain Depth 64 Size 0 Mode ref, Ref Stage 57, run, end, 9199870613235443
1787080804.775187, NoOp Chain Depth 64 Size 0 Mode ref, Ref Stage 58, run, start, 9199870613246835
1787080804.776099, NoOp Chain Depth 64 Size 0 Mode ref, Ref Stage 58, run, end, 9199870614159188
1787080804.776115, NoOp Chain Depth 64 Size 0 Mode ref, Ref Stage 59, run, start, 9199870614174836
1787080804.776136, NoOp Chain Depth 64 Size 0 Mode ref, Ref Stage 59, run, end, 9199870614195188
1787080804.776150, NoOp Chain Depth 64 Size 0 Mode ref, Ref Stage 60, run, start, 9199870614209716
1787080804.776170, NoOp Chain Depth 64 Size 0 Mode ref, Ref Stage 60, run, end, 9199870614229444
1787080804.776184, NoOp Chain Depth 64 Size 0 Mode ref, Ref Stage 61, run, start, 9199870614243780
1787080804.776205, NoOp Chain Depth 64 Size 0 Mode ref, Ref Stage 61, run, end, 9199870614263764
1787080804.776219, NoOp Chain Depth 64 Size 0 Mode ref, Ref Stage 62, run, start, 9199870614278228
1787080804.776239, NoOp Chain Depth 64 Size 0 Mode ref, Ref Stage 62, run, end, 9199870614297764
1787080804.776253, NoOp Chain Depth 64 Size 0 Mode ref, Ref Stage 63, run, start, 9199870614312692
1787080804.776273, NoOp Chain Depth 64 Size 0 Mode ref, Ref Stage 63, run, end, 9199870614332228
1787080804.776288, NoOp Chain Depth 64 Size 0 Mode ref, pipeline - train, run, end, 223575035650963854214382279165387826520, 1787080804.772578, 89, 1, 9199870614346916
1787080804.776321, NoOp Chain Depth 64 Size 0 Mode ref, pipeline - train, run, start, 234339259179684680817492013126200889526, 1787080804.776311, 90, 1, 9199870614380900
1787080804.776345, NoOp Chain Depth 64 Size 0 Mode ref, Ref Stage 0, run, start, 9199870614404068
1787080804.776365, NoOp Chain Depth 64 Size 0 Mode ref, Ref Stage 0, run, end, 9199870614424436
1787080804.776380, NoOp Chain Depth 64 Size 0 Mode ref, Ref Stage 1, run, start, 9199870614439140
1787080804.776400, NoOp Chain Depth 64 Size 0 Mode ref, Ref Stage 1, run, end, 9199870614458964
1787080804.776414, NoOp Chain Depth 64 Size 0 Mode ref, Ref Stage 2, run, start, 9199870614473588
1787080804.776435, NoOp Chain Depth 64 Size 0 Mode ref, Ref Stage 2, run, end, 9199870614494820
1787080804.776450, NoOp Chain Depth 64 Size 0 Mode ref, Ref Stage 3, run, start, 9199870614509748
1787080804.776472, NoOp Chain Depth 64 Size 0 Mode ref, Ref Stage 3, run, end, 9199870614531236
1787080804.776484, NoOp Chain Depth 64 Size 0 Mode ref, Ref Stage 4, run, start, 9199870614543044
1787080804.776513, NoOp Chain Depth 64 Size 0 Mode ref, Ref Stage 4, run, end, 9199870614572532
1787080804.776528, NoOp Chain Depth 64 Size 0 Mode ref, Ref Stage 5, run, start, 9199870614586852
1787080804.776548, NoOp Chain Depth 64 Size 0 Mode ref, Ref Stage 5, run, end, 9199870614607652
1787080804.776563, NoOp Chain Depth 64 Size 0 Mode ref, Ref Stage 6, run, start, 9199870614622372
1787080804.776583, NoOp Chain Depth 64 Size 0 Mode ref, Ref Stage 6, run, end, 9199870614641876
1787080804.776598, NoOp Chain Depth 64 Size 0 Mode ref, Ref Stage 7, run, start, 9199870614657172
1787080804.776620, NoOp Chain Depth 64 Size 0 Mode ref, Ref Stage 7, run, end, 9199870614679572
1787080804.776632, NoOp Chain Depth 64 Size 0 Mode ref, Ref Stage 8, run, start, 9199870614691076
1787080804.776661, NoOp Chain Depth 64 Size 0 Mode ref, Ref Stage 8, run, end, 9199870614720340
1787080804.776675, NoOp Chain Depth 64 Size 0 Mode ref, Ref Stage 9, run, start, 9199870614734708
1787080804.776695, NoOp Chain Depth 64 Size 0 Mode ref, Ref Stage 9, run, end, 9199870614754612
1787080804.776712, NoOp Chain Depth 64 Size 0 Mode ref, Ref Stage 10, run, start, 9199870614771188
1787080804.776732, NoOp Chain Depth 64 Size 0 Mode ref, Ref Stage 10, run, end, 9199870614791348
1787080804.776747, NoOp Chain Depth 64 Size 0 Mode ref, Ref Stage 11, run, start, 9199870614806148
1787080804.776767, NoOp Chain Depth 64 Size 0 Mode ref, Ref Stage 11, run, end, 9199870614825988
1787080804.776781, NoOp Chain Depth 64 Size 0 Mode ref, Ref Stage 12, run, start, 9199870614840308
1787080804.776802, NoOp Chain Depth 64 Size 0 Mode ref, Ref Stage 12, run, end, 9199870614861172
1787080804.776816, NoOp Chain Depth 64 Size 0 Mode ref, Ref Stage 13, run, start, 9199870614875716
1787080804.776839, NoOp Chain Depth 64 Size 0 Mode ref, Ref Stage 13, run, end, 9199870614898148
1787080804.776855, NoOp Chain Depth 64 Size 0 Mode ref, Ref Stage 14, run, start, 9199870614914084
1787080804.776877, NoOp Chain Depth 64 Size 0 Mode ref, Ref Stage 14, run, end, 9199870614936420
1787080804.776889, NoOp Chain Depth 64 Size 0 Mode ref, Ref Stage 15, run, start, 9199870614948388
1787080804.776919, NoOp Chain Depth 64 Size 0 Mode ref, Ref Stage 15, run, end, 9199870614978020
1787080804.776933, NoOp Chain Depth 64 Size 0 Mode ref, Ref Stage 16, run, start, 9199870614992612
1787080804.776957, NoOp Chain Depth 64 Size 0 Mode ref, Ref Stage 16, run, end, 9199870615016420
1787080804.776969, NoOp Chain Depth 64 Size 0 Mode ref, Ref Stage 17, run, start, 9199870615028132
1787080804.777052, NoOp Chain Depth 64 Size 0 Mode ref, Ref Stage 17, run, end, 9199870615111604
1787080804.777067, NoOp Chain Depth 64 Size 0 Mode ref, Ref Stage 18, run, start, 9199870615126964
1787080804.777088, NoOp Chain Depth 64 Size 0 Mode ref, Ref Stage 18, run, end, 9199870615147620
1787080804.777104, NoOp Chain Depth 64 Size 0 Mode ref, Ref Stage 19, run, start, 9199870615163300
1787080804.777125, NoOp Chain Depth 64 Size 0 Mode ref, Ref Stage 19, run, end, 9199870615184580
1787080804.777140, NoOp Chain Depth 64 Size 0 Mode ref, Ref Stage 20, run, start, 9199870615199124
1787080804.777160, NoOp Chain Depth 64 Size 0 Mode ref, Ref Stage 20, run, end, 9199870615219156
1787080804.777174, NoOp Chain Depth 64 Size 0 Mode ref, Ref Stage 21, run, start, 9199870615233812
1787080804.777195, NoOp Chain Depth 64 Size 0 Mode ref, Ref Stage 21, run, end, 9199870615254212
1787080804.777210, NoOp Chain Depth 64 Size 0 Mode ref, Ref Stage 22, run, start, 9199870615269188
1787080804.777230, NoOp Chain Depth 64 Size 0 Mode ref, Ref Stage 22, run, end, 9199870615289332
1787080804.777245, NoOp Chain Depth 64 Size 0 Mode ref, Ref Stage 23, run, start, 9199870615304020
1787080804.777267, NoOp Chain Depth 64 Size 0 Mode ref, Ref Stage 23, run, end, 9199870615327172
1787080804.777282, NoOp Chain Depth 64 Size 0 Mode ref, Ref Stage 24, run, start, 9199870615341780
1787080804.777305, NoOp Chain Depth 64 Size 0 Mode ref, Ref Stage 24, run, end, 9199870615364260
1787080804.777317, NoOp Chain Depth 64 Size 0 Mode ref, Ref Stage 25, run, start, 9199870615376020
1787080804.777347, NoOp Chain Depth 64 Size 0 Mode ref, Ref Stage 25, run, end, 9199870615406228
1787080804.777363, NoOp Chain Depth 64 Size 0 Mode ref, Ref Stage 26, run, start, 9199870615422180
1787080804.777383, NoOp Chain Depth 64 Size 0 Mode ref, Ref Stage 26, run, end, 9199870615442788
1787080804.777398, NoOp Chain Depth 64 Size 0 Mode ref, Ref Stage 27, run, start, 9199870615457588
1787080804.777420, NoOp Chain Depth 64 Size 0 Mode ref, Ref Stage 27, run, end, 9199870615478820
1787080804.777434, NoOp Chain Depth 64 Size 0 Mode ref, Ref Stage 28, run, start, 9199870615493332
1787080804.777458, NoOp Chain Depth 64 Size 0 Mode ref, Ref Stage 28, run, end, 9199870615517892
1787080804.777473, NoOp Chain Depth 64 Size 0 Mode ref, Ref Stage 29, run, start, 9199870615532292
1787080804.777493, NoOp Chain Depth 64 Size 0 Mode ref, Ref Stage 29, run, end, 9199870615552340
1787080804.777507, NoOp Chain Depth 64 Size 0 Mode ref, Ref Stage 30, run, start, 9199870615566804
1787080804.777529, NoOp Chain Depth 64 Size 0 Mode ref, Ref Stage 30, run, end, 9199870615588212
1787080804.777545, NoOp Chain Depth 64 Size 0 Mode ref, Ref Stage 31, run, start, 9199870615604068
1787080804.777565, NoOp Chain Depth 64 Size 0 Mode ref, Ref Stage 31, run, end, 9199870615624164
1787080804.777580, NoOp Chain Depth 64 Size 0 Mode ref, Ref Stage 32, run, start, 9199870615638964
1787080804.777601, NoOp Chain Depth 64 Size 0 Mode ref, Ref Stage 32, run, end, 9199870615659844
1787080804.777615, NoOp Chain Depth 64 Size 0 Mode ref, Ref Stage 33, run, start, 9199870615674196
1787080804.777636, NoOp Chain Depth 64 Size 0 Mode ref, Ref Stage 33, run, end, 9199870615695508
1787080804.777650, NoOp Chain Depth 64 Size 0 Mode ref, Ref Stage 34, run, start, 9199870615709940
1787080804.777671, NoOp Chain Depth 64 Size 0 Mode ref, Ref Stage 34, run, end, 9199870615729972
1787080804.777686, NoOp Chain Depth 64 Size 0 Mode ref, Ref Stage 35, run, start, 9199870615745732
1787080804.777706, NoOp Chain Depth 64 Size 0 Mode ref, Ref Stage 35, run, end, 9199870615765460
1787080804.777720, NoOp Chain Depth 64 Size 0 Mode ref, Ref Stage 36, run, start, 9199870615779428
1787080804.777740, NoOp Chain Depth 64 Size 0 Mode ref, Ref Stage 36, run, end, 9199870615798932
1787080804.777755, NoOp Chain Depth 64 Size 0 Mode ref, Ref Stage 37, run, start, 9199870615813924
1787080804.777778, NoOp Chain Depth 64 Size 0 Mode ref, Ref Stage 37, run, end, 9199870615837108
1787080804.777879, NoOp Chain Depth 64 Size 0 Mode ref, Ref Stage 38, run, start, 9199870615938964
1787080804.778032, NoOp Chain Depth 64 Size 0 Mode ref, Ref Stage 38, run, end, 9199870616091396
1787080804.778047, NoOp Chain Depth 64 Size 0 Mode ref, Ref Stage 39, run, start, 9199870616106228
1787080804.778067, NoOp Chain Depth 64 Size 0 Mode ref, Ref Stage 39, run, end, 9199870616126676
1787080804.778082, NoOp Chain Depth 64 Size 0 Mode ref, Ref Stage 40, run, start, 9199870616141444
1787080804.778103, NoOp Chain Depth 64 Size 0 Mode ref, Ref Stage 40, run, end, 9199870616161988
1787080804.778117, NoOp Chain Depth 64 Size 0 Mode ref, Ref Stage 41, run, start, 9199870616176596
1787080804.778138, NoOp Chain Depth 64 Size 0 Mode ref, Ref Stage 41, run, end, 9199870616197076
1787080804.778153, NoOp Chain Depth 64 Size 0 Mode ref, Ref Stage 42, run, start, 9199870616211972
1787080804.778173, NoOp Chain Depth 64 Size 0 Mode ref, Ref Stage 42, run, end, 9199870616232644
1787080804.778188, NoOp Chain Depth 64 Size 0 Mode ref, Ref Stage 43, run, start, 9199870616247572
1787080804.778208, NoOp Chain Depth 64 Size 0 Mode ref, Ref Stage 43, run, end, 9199870616267972
1787080804.778224, NoOp Chain Depth 64 Size 0 Mode ref, Ref Stage 44, run, start, 9199870616282948
1787080804.778244, NoOp Chain Depth 64 Size 0 Mode ref, Ref Stage 44, run, end, 9199870616303252
1787080804.778259, NoOp Chain Depth 64 Size 0 Mode ref, Ref Stage 45, run, start, 9199870616318148
1787080804.778280, NoOp Chain Depth 64 Size 0 Mode ref, Ref Stage 45, run, end, 9199870616339844
1787080804.778295, NoOp Chain Depth 64 Size 0 Mode ref, Ref Stage 46, run, start, 9199870616354644
1787080804.778316, NoOp Chain Depth 64 Size 0 Mode ref, Ref Stage 46, run, end, 9199870616374996
1787080804.778330, NoOp Chain Depth 64 Size 0 Mode ref, Ref Stage 47, run, start, 9199870616389524
1787080804.778350, NoOp Chain Depth 64 Size 0 Mode ref, Ref Stage 47, run, end, 9199870616409620
1787080804.778366, NoOp Chain Depth 64 Size 0 Mode ref, Ref Stage 48, run, start, 9199870616425204
1787080804.778387, NoOp Chain Depth 64 Size 0 Mode ref, Ref Stage 48, run, end, 9199870616446612
1787080804.778402, NoOp Chain Depth 64 Size 0 Mode ref, Ref Stage 49, run, start, 9199870616461412
1787080804.778422, NoOp Chain Depth 64 Size 0 Mode ref, Ref Stage 49, run, end, 9199870616481236
1787080804.778437, NoOp Chain Depth 64 Size 0 Mode ref, Ref Stage 50, run, start, 9199870616495972
1787080804.778458, NoOp Chain Depth 64 Size 0 Mode ref, Ref Stage 50, run, end, 9199870616517188
1787080804.778472, NoOp Chain Depth 64 Size 0 Mode ref, Ref Stage 51, run, start, 9199870616531908
1787080804.778497, NoOp Chain Depth 64 Size 0 Mode ref, Ref Stage 51, run, end, 9199870616556260
1787080804.778510, NoOp Chain Depth 64 Size 0 Mode ref, Ref Stage 52, run, start, 9199870616568996
1787080804.778539, NoOp Chain Depth 64 Size 0 Mode ref, Ref Stage 52, run, end, 9199870616598868
1787080804.778554, NoOp Chain Depth 64 Size 0 Mode ref, Ref Stage 53, run, start, 9199870616613668
1787080804.778575, NoOp Chain Depth 64 Size 0 Mode ref, Ref Stage 53, run, end, 9199870616634084
1787080804.778590, NoOp Chain Depth 64 Size 0 Mode ref, Ref Stage 54, run, start, 9199870616649940
1787080804.778613, NoOp Chain Depth 64 Size 0 Mode ref, Ref Stage 54, run, end, 9199870616672500
1787080804.778626, NoOp Chain Depth 64 Size 0 Mode ref, Ref Stage 55, run, start, 9199870616685364
1787080804.778656, NoOp Chain Depth 64 Size 0 Mode ref, Ref Stage 55, run, end, 9199870616715364
1787080804.778672, NoOp Chain Depth 64 Size 0 Mode ref, Ref Stage 56, run, start, 9199870616730996
1787080804.778693, NoOp Chain Depth 64 Size 0 Mode ref, Ref Stage 56, run, end, 9199870616752868
1787080804.778705, NoOp Chain Depth 64 Size 0 Mode ref, Ref Stage 57, run, start, 9199870616764548
1787080804.778735, NoOp Chain Depth 64 Size 0 Mode ref, Ref Stage 57, run, end, 9199870616794388
1787080804.778750, NoOp Chain Depth 64 Size 0 Mode ref, Ref Stage 58, run, start, 9199870616808980
1787080804.778770, NoOp Chain Depth 64 Size 0 Mode ref, Ref Stage 58, run, end, 9199870616828788
1787080804.778784, NoOp Chain Depth 64 Size 0 Mode ref, Ref Stage 59, run, start, 9199870616842964
1787080804.778803, NoOp Chain Depth 64 Size 0 Mode ref, Ref Stage 59, run, end, 9199870616862788
1787080804.778818, NoOp Chain Depth 64 Size 0 Mode ref, Ref Stage 60, run, start, 9199870616876916
1787080804.778837, NoOp Chain Depth 64 Size 0 Mode ref, Ref Stage 60, run, end, 9199870616896500
1787080804.778852, NoOp Chain Depth 64 Size 0 Mode ref, Ref Stage 61, run, start, 9199870616910996
1787080804.778873, NoOp Chain Depth 64 Size 0 Mode ref, Ref Stage 61, run, end, 9199870616932212
1787080804.778887, NoOp Chain Depth 64 Size 0 Mode ref, Ref Stage 62, run, start, 9199870616946452
1787080804.778909, NoOp Chain Depth 64 Size 0 Mode ref, Ref Stage 62, run, end, 9199870616968788
1787080804.778924, NoOp Chain Depth 64 Size 0 Mode ref, Ref Stage 63, run, start, 9199870616983508
1787080804.778945, NoOp Chain Depth 64 Size 0 Mode ref, Ref Stage 63, run, end, 9199870617004468
1787080804.778960, NoOp Chain Depth 64 Size 0 Mode ref, pipeline - train, run, end, 234339259179684680817492013126200889526, 1787080804.776311, 90, 1, 9199870617019796
1787080804.778996, NoOp Chain Depth 64 Size 0 Mode ref, pipeline - train, run, start, 86382047333374427453167825509955612714, 1787080804.778986, 91, 1, 9199870617055844
1787080804.779018, NoOp Chain Depth 64 Size 0 Mode ref, Ref Stage 0, run, start, 9199870617077316
1787080804.779038, NoOp Chain Depth 64 Size 0 Mode ref, Ref Stage 0, run, end, 9199870617097460
1787080804.779053, NoOp Chain Depth 64 Size 0 Mode ref, Ref Stage 1, run, start, 9199870617113028
1787080804.779073, NoOp Chain Depth 64 Size 0 Mode ref, Ref Stage 1, run, end, 9199870617132756
1787080804.779089, NoOp Chain Depth 64 Size 0 Mode ref, Ref Stage 2, run, start, 9199870617148404
1787080804.779109, NoOp Chain Depth 64 Size 0 Mode ref, Ref Stage 2, run, end, 9199870617168308
1787080804.779124, NoOp Chain Depth 64 Size 0 Mode ref, Ref Stage 3, run, start, 9199870617183636
1787080804.779144, NoOp Chain Depth 64 Size 0 Mode ref, Ref Stage 3, run, end, 9199870617203204
1787080804.779158, NoOp Chain Depth 64 Size 0 Mode ref, Ref Stage 4, run, start, 9199870617217476
1787080804.779180, NoOp Chain Depth 64 Size 0 Mode ref, Ref Stage 4, run, end, 9199870617239556
1787080804.782726, NoOp Chain Depth 64 Size 0 Mode ref, Ref Stage 5, run, start, 9199870620787428
1787080804.782753, NoOp Chain Depth 64 Size 0 Mode ref, Ref Stage 5, run, end, 9199870620812916
1787080804.782769, NoOp Chain Depth 64 Size 0 Mode ref, Ref Stage 6, run, start, 9199870620828436
1787080804.782790, NoOp Chain Depth 64 Size 0 Mode ref, Ref Stage 6, run, end, 9199870620849492
1787080804.782807, NoOp Chain Depth 64 Size 0 Mode ref, Ref Stage 7, run, start, 9199870620866596
1787080804.782828, NoOp Chain Depth 64 Size 0 Mode ref, Ref Stage 7, run, end, 9199870620886964
1787080804.782842, NoOp Chain Depth 64 Size 0 Mode ref, Ref Stage 8, run, start, 9199870620901732
1787080804.782863, NoOp Chain Depth 64 Size 0 Mode ref, Ref Stage 8, run, end, 9199870620922052
1787080804.782877, NoOp Chain Depth 64 Size 0 Mode ref, Ref Stage 9, run, start, 9199870620936740
1787080804.782898, NoOp Chain Depth 64 Size 0 Mode ref, Ref Stage 9, run, end, 9199870620957140
1787080804.782912, NoOp Chain Depth 64 Size 0 Mode ref, Ref Stage 10, run, start, 9199870620971748
1787080804.782933, NoOp Chain Depth 64 Size 0 Mode ref, Ref Stage 10, run, end, 9199870620992036
1787080804.782949, NoOp Chain Depth 64 Size 0 Mode ref, Ref Stage 11, run, start, 9199870621008244
1787080804.782970, NoOp Chain Depth 64 Size 0 Mode ref, Ref Stage 11, run, end, 9199870621029668
1787080804.782985, NoOp Chain Depth 64 Size 0 Mode ref, Ref Stage 12, run, start, 9199870621044180
1787080804.783005, NoOp Chain Depth 64 Size 0 Mode ref, Ref Stage 12, run, end, 9199870621064676
1787080804.783020, NoOp Chain Depth 64 Size 0 Mode ref, Ref Stage 13, run, start, 9199870621080004
1787080804.783041, NoOp Chain Depth 64 Size 0 Mode ref, Ref Stage 13, run, end, 9199870621100724
1787080804.783056, NoOp Chain Depth 64 Size 0 Mode ref, Ref Stage 14, run, start, 9199870621115492
1787080804.783079, NoOp Chain Depth 64 Size 0 Mode ref, Ref Stage 14, run, end, 9199870621138548
1787080804.783091, NoOp Chain Depth 64 Size 0 Mode ref, Ref Stage 15, run, start, 9199870621150644
1787080804.783122, NoOp Chain Depth 64 Size 0 Mode ref, Ref Stage 15, run, end, 9199870621181124
1787080804.783136, NoOp Chain Depth 64 Size 0 Mode ref, Ref Stage 16, run, start, 9199870621195700
1787080804.783156, NoOp Chain Depth 64 Size 0 Mode ref, Ref Stage 16, run, end, 9199870621215684
1787080804.783171, NoOp Chain Depth 64 Size 0 Mode ref, Ref Stage 17, run, start, 9199870621230244
1787080804.783190, NoOp Chain Depth 64 Size 0 Mode ref, Ref Stage 17, run, end, 9199870621249892
1787080804.783205, NoOp Chain Depth 64 Size 0 Mode ref, Ref Stage 18, run, start, 9199870621264452
1787080804.783225, NoOp Chain Depth 64 Size 0 Mode ref, Ref Stage 18, run, end, 9199870621284244
1787080804.783239, NoOp Chain Depth 64 Size 0 Mode ref, Ref Stage 19, run, start, 9199870621298772
1787080804.783259, NoOp Chain Depth 64 Size 0 Mode ref, Ref Stage 19, run, end, 9199870621318676
1787080804.783274, NoOp Chain Depth 64 Size 0 Mode ref, Ref Stage 20, run, start, 9199870621333908
1787080804.783295, NoOp Chain Depth 64 Size 0 Mode ref, Ref Stage 20, run, end, 9199870621354324
1787080804.783309, NoOp Chain Depth 64 Size 0 Mode ref, Ref Stage 21, run, start, 9199870621368548
1787080804.783329, NoOp Chain Depth 64 Size 0 Mode ref, Ref Stage 21, run, end, 9199870621388500
1787080804.783344, NoOp Chain Depth 64 Size 0 Mode ref, Ref Stage 22, run, start, 9199870621403188
1787080804.783365, NoOp Chain Depth 64 Size 0 Mode ref, Ref Stage 22, run, end, 9199870621424516
1787080804.783377, NoOp Chain Depth 64 Size 0 Mode ref, Ref Stage 23, run, start, 9199870621436292
1787080804.783916, NoOp Chain Depth 64 Size 0 Mode ref, Ref Stage 23, run, end, 9199870621976932
1787080804.783933, NoOp Chain Depth 64 Size 0 Mode ref, Ref Stage 24, run, start, 9199870621992180
1787080804.783956, NoOp Chain Depth 64 Size 0 Mode ref, Ref Stage 24, run, end, 9199870622014820
1787080804.783971, NoOp Chain Depth 64 Size 0 Mode ref, Ref Stage 25, run, start, 9199870622030404
1787080804.783993, NoOp Chain Depth 64 Size 0 Mode ref, Ref Stage 25, run, end, 9199870622052164
1787080804.784005, NoOp Chain Depth 64 Size 0 Mode ref, Ref Stage 26, run, start, 9199870622063940
1787080804.784035, NoOp Chain Depth 64 Size 0 Mode ref, Ref Stage 26, run, end, 9199870622094132
1787080804.784050, NoOp Chain Depth 64 Size 0 Mode ref, Ref Stage 27, run, start, 9199870622108804
1787080804.784070, NoOp Chain Depth 64 Size 0 Mode ref, Ref Stage 27, run, end, 9199870622128884
1787080804.784086, NoOp Chain Depth 64 Size 0 Mode ref, Ref Stage 28, run, start, 9199870622145748
1787080804.784107, NoOp Chain Depth 64 Size 0 Mode ref, Ref Stage 28, run, end, 9199870622166228
1787080804.784122, NoOp Chain Depth 64 Size 0 Mode ref, Ref Stage 29, run, start, 9199870622181028
1787080804.784142, NoOp Chain Depth 64 Size 0 Mode ref, Ref Stage 29, run, end, 9199870622200756
1787080804.784156, NoOp Chain Depth 64 Size 0 Mode ref, Ref Stage 30, run, start, 9199870622215236
1787080804.784176, NoOp Chain Depth 64 Size 0 Mode ref, Ref Stage 30, run, end, 9199870622235124
1787080804.784190, NoOp Chain Depth 64 Size 0 Mode ref, Ref Stage 31, run, start, 9199870622249300
1787080804.784210, NoOp Chain Depth 64 Size 0 Mode ref, Ref Stage 31, run, end, 9199870622269172
1787080804.784224, NoOp Chain Depth 64 Size 0 Mode ref, Ref Stage 32, run, start, 9199870622283540
1787080804.784244, NoOp Chain Depth 64 Size 0 Mode ref, Ref Stage 32, run, end, 9199870622303316
1787080804.784259, NoOp Chain Depth 64 Size 0 Mode ref, Ref Stage 33, run, start, 9199870622317764
1787080804.784278, NoOp Chain Depth 64 Size 0 Mode ref, Ref Stage 33, run, end, 9199870622337556
1787080804.784293, NoOp Chain Depth 64 Size 0 Mode ref, Ref Stage 34, run, start, 9199870622352084
1787080804.784313, NoOp Chain Depth 64 Size 0 Mode ref, Ref Stage 34, run, end, 9199870622372180
1787080804.784328, NoOp Chain Depth 64 Size 0 Mode ref, Ref Stage 35, run, start, 9199870622386900
1787080804.784348, NoOp Chain Depth 64 Size 0 Mode ref, Ref Stage 35, run, end, 9199870622407364
1787080804.784363, NoOp Chain Depth 64 Size 0 Mode ref, Ref Stage 36, run, start, 9199870622421940
1787080804.784383, NoOp Chain Depth 64 Size 0 Mode ref, Ref Stage 36, run, end, 9199870622441844
1787080804.784398, NoOp Chain Depth 64 Size 0 Mode ref, Ref Stage 37, run, start, 9199870622457044
1787080804.784418, NoOp Chain Depth 64 Size 0 Mode ref, Ref Stage 37, run, end, 9199870622476980
1787080804.784432, NoOp Chain Depth 64 Size 0 Mode ref, Ref Stage 38, run, start, 9199870622491460
1787080804.784453, NoOp Chain Depth 64 Size 0 Mode ref, Ref Stage 38, run, end, 9199870622512708
1787080804.784465, NoOp Chain Depth 64 Size 0 Mode ref, Ref Stage 39, run, start, 9199870622524308
1787080804.784998, NoOp Chain Depth 64 Size 0 Mode ref, Ref Stage 39, run, end, 9199870623058357
1787080804.785014, NoOp Chain Depth 64 Size 0 Mode ref, Ref Stage 40, run, start, 9199870623073941
1787080804.785035, NoOp Chain Depth 64 Size 0 Mode ref, Ref Stage 40, run, end, 9199870623094741
1787080804.785051, NoOp Chain Depth 64 Size 0 Mode ref, Ref Stage 41, run, start, 9199870623110117
1787080804.785071, NoOp Chain Depth 64 Size 0 Mode ref, Ref Stage 41, run, end, 9199870623130533
1787080804.785086, NoOp Chain Depth 64 Size 0 Mode ref, Ref Stage 42, run, start, 9199870623145253
1787080804.785106, NoOp Chain Depth 64 Size 0 Mode ref, Ref Stage 42, run, end, 9199870623165669
1787080804.785121, NoOp Chain Depth 64 Size 0 Mode ref, Ref Stage 43, run, start, 9199870623180229
1787080804.785141, NoOp Chain Depth 64 Size 0 Mode ref, Ref Stage 43, run, end, 9199870623200389
1787080804.785156, NoOp Chain Depth 64 Size 0 Mode ref, Ref Stage 44, run, start, 9199870623214917
1787080804.785176, NoOp Chain Depth 64 Size 0 Mode ref, Ref Stage 44, run, end, 9199870623234949
1787080804.785190, NoOp Chain Depth 64 Size 0 Mode ref, Ref Stage 45, run, start, 9199870623249781
1787080804.785210, NoOp Chain Depth 64 Size 0 Mode ref, Ref Stage 45, run, end, 9199870623269477
1787080804.785225, NoOp Chain Depth 64 Size 0 Mode ref, Ref Stage 46, run, start, 9199870623284005
1787080804.785245, NoOp Chain Depth 64 Size 0 Mode ref, Ref Stage 46, run, end, 9199870623303957
1787080804.785259, NoOp Chain Depth 64 Size 0 Mode ref, Ref Stage 47, run, start, 9199870623318309
1787080804.785279, NoOp Chain Depth 64 Size 0 Mode ref, Ref Stage 47, run, end, 9199870623337861
1787080804.785293, NoOp Chain Depth 64 Size 0 Mode ref, Ref Stage 48, run, start, 9199870623352341
1787080804.785315, NoOp Chain Depth 64 Size 0 Mode ref, Ref Stage 48, run, end, 9199870623373669
1787080804.785329, NoOp Chain Depth 64 Size 0 Mode ref, Ref Stage 49, run, start, 9199870623388037
1787080804.785348, NoOp Chain Depth 64 Size 0 Mode ref, Ref Stage 49, run, end, 9199870623407445
1787080804.785363, NoOp Chain Depth 64 Size 0 Mode ref, Ref Stage 50, run, start, 9199870623421877
1787080804.785383, NoOp Chain Depth 64 Size 0 Mode ref, Ref Stage 50, run, end, 9199870623441621
1787080804.785397, NoOp Chain Depth 64 Size 0 Mode ref, Ref Stage 51, run, start, 9199870623456021
1787080804.785418, NoOp Chain Depth 64 Size 0 Mode ref, Ref Stage 51, run, end, 9199870623477477
1787080804.785430, NoOp Chain Depth 64 Size 0 Mode ref, Ref Stage 52, run, start, 9199870623488981
1787080804.786042, NoOp Chain Depth 64 Size 0 Mode ref, Ref Stage 52, run, end, 9199870624101909
1787080804.786058, NoOp Chain Depth 64 Size 0 Mode ref, Ref Stage 53, run, start, 9199870624117413
1787080804.786078, NoOp Chain Depth 64 Size 0 Mode ref, Ref Stage 53, run, end, 9199870624137653
1787080804.786093, NoOp Chain Depth 64 Size 0 Mode ref, Ref Stage 54, run, start, 9199870624152213
1787080804.786113, NoOp Chain Depth 64 Size 0 Mode ref, Ref Stage 54, run, end, 9199870624172485
1787080804.786128, NoOp Chain Depth 64 Size 0 Mode ref, Ref Stage 55, run, start, 9199870624187413
1787080804.786148, NoOp Chain Depth 64 Size 0 Mode ref, Ref Stage 55, run, end, 9199870624207253
1787080804.786162, NoOp Chain Depth 64 Size 0 Mode ref, Ref Stage 56, run, start, 9199870624221701
1787080804.786184, NoOp Chain Depth 64 Size 0 Mode ref, Ref Stage 56, run, end, 9199870624243381
1787080804.786196, NoOp Chain Depth 64 Size 0 Mode ref, Ref Stage 57, run, start, 9199870624255029
1787080804.786225, NoOp Chain Depth 64 Size 0 Mode ref, Ref Stage 57, run, end, 9199870624284821
1787080804.786240, NoOp Chain Depth 64 Size 0 Mode ref, Ref Stage 58, run, start, 9199870624299397
1787080804.786260, NoOp Chain Depth 64 Size 0 Mode ref, Ref Stage 58, run, end, 9199870624319333
1787080804.786275, NoOp Chain Depth 64 Size 0 Mode ref, Ref Stage 59, run, start, 9199870624333909
1787080804.786294, NoOp Chain Depth 64 Size 0 Mode ref, Ref Stage 59, run, end, 9199870624353877
1787080804.786309, NoOp Chain Depth 64 Size 0 Mode ref, Ref Stage 60, run, start, 9199870624368213
1787080804.786328, NoOp Chain Depth 64 Size 0 Mode ref, Ref Stage 60, run, end, 9199870624387637
1787080804.786343, NoOp Chain Depth 64 Size 0 Mode ref, Ref Stage 61, run, start, 9199870624402085
1787080804.786362, NoOp Chain Depth 64 Size 0 Mode ref, Ref Stage 61, run, end, 9199870624421765
1787080804.786377, NoOp Chain Depth 64 Size 0 Mode ref, Ref Stage 62, run, start, 9199870624436053
1787080804.786397, NoOp Chain Depth 64 Size 0 Mode ref, Ref Stage 62, run, end, 9199870624455589
1787080804.786411, NoOp Chain Depth 64 Size 0 Mode ref, Ref Stage 63, run, start, 9199870624469941
1787080804.786430, NoOp Chain Depth 64 Size 0 Mode ref, Ref Stage 63, run, end, 9199870624489829
1787080804.786445, NoOp Chain Depth 64 Size 0 Mode ref, pipeline - train, run, end, 86382047333374427453167825509955612714, 1787080804.778986, 91, 1, 9199870624504725
1787080804.786482, NoOp Chain Depth 64 Size 0 Mode ref, pipeline - train, run, start, 39897166512317946366268228994076168035, 1787080804.786471, 92, 1, 9199870624541109
1787080804.786503, NoOp Chain Depth 64 Size 0 Mode ref, Ref Stage 0, run, start, 9199870624562917
1787080804.786525, NoOp Chain Depth 64 Size 0 Mode ref, Ref Stage 0, run, end, 9199870624583669
1787080804.786539, NoOp Chain Depth 64 Size 0 Mode ref, Ref Stage 1, run, start, 9199870624598245
1787080804.786559, NoOp Chain Depth 64 Size 0 Mode ref, Ref Stage 1, run, end, 9199870624618117
1787080804.786573, NoOp Chain Depth 64 Size 0 Mode ref, Ref Stage 2, run, start, 9199870624632453
1787080804.786593, NoOp Chain Depth 64 Size 0 Mode ref, Ref Stage 2, run, end, 9199870624652229
1787080804.786608, NoOp Chain Depth 64 Size 0 Mode ref, Ref Stage 3, run, start, 9199870624667333
1787080804.786629, NoOp Chain Depth 64 Size 0 Mode ref, Ref Stage 3, run, end, 9199870624688597
1787080804.786641, NoOp Chain Depth 64 Size 0 Mode ref, Ref Stage 4, run, start, 9199870624700133
1787080804.786672, NoOp Chain Depth 64 Size 0 Mode ref, Ref Stage 4, run, end, 9199870624731685
1787080804.786687, NoOp Chain Depth 64 Size 0 Mode ref, Ref Stage 5, run, start, 9199870624746341
1787080804.786707, NoOp Chain Depth 64 Size 0 Mode ref, Ref Stage 5, run, end, 9199870624766501
1787080804.786722, NoOp Chain Depth 64 Size 0 Mode ref, Ref Stage 6, run, start, 9199870624781125
1787080804.786742, NoOp Chain Depth 64 Size 0 Mode ref, Ref Stage 6, run, end, 9199870624801061
1787080804.786757, NoOp Chain Depth 64 Size 0 Mode ref, Ref Stage 7, run, start, 9199870624816965
1787080804.786778, NoOp Chain Depth 64 Size 0 Mode ref, Ref Stage 7, run, end, 9199870624837045
1787080804.786793, NoOp Chain Depth 64 Size 0 Mode ref, Ref Stage 8, run, start, 9199870624851685
1787080804.786812, NoOp Chain Depth 64 Size 0 Mode ref, Ref Stage 8, run, end, 9199870624871477
1787080804.786827, NoOp Chain Depth 64 Size 0 Mode ref, Ref Stage 9, run, start, 9199870624885845
1787080804.786846, NoOp Chain Depth 64 Size 0 Mode ref, Ref Stage 9, run, end, 9199870624905893
1787080804.786862, NoOp Chain Depth 64 Size 0 Mode ref, Ref Stage 10, run, start, 9199870624921509
1787080804.786886, NoOp Chain Depth 64 Size 0 Mode ref, Ref Stage 10, run, end, 9199870624944981
1787080804.786901, NoOp Chain Depth 64 Size 0 Mode ref, Ref Stage 11, run, start, 9199870624959733
1787080804.786922, NoOp Chain Depth 64 Size 0 Mode ref, Ref Stage 11, run, end, 9199870624980805
1787080804.786936, NoOp Chain Depth 64 Size 0 Mode ref, Ref Stage 12, run, start, 9199870624995189
1787080804.786959, NoOp Chain Depth 64 Size 0 Mode ref, Ref Stage 12, run, end, 9199870625018005
1787080804.786974, NoOp Chain Depth 64 Size 0 Mode ref, Ref Stage 13, run, start, 9199870625033157
1787080804.786994, NoOp Chain Depth 64 Size 0 Mode ref, Ref Stage 13, run, end, 9199870625053029
1787080804.787008, NoOp Chain Depth 64 Size 0 Mode ref, Ref Stage 14, run, start, 9199870625067557
1787080804.787030, NoOp Chain Depth 64 Size 0 Mode ref, Ref Stage 14, run, end, 9199870625088885
1787080804.787044, NoOp Chain Depth 64 Size 0 Mode ref, Ref Stage 15, run, start, 9199870625103493
1787080804.787064, NoOp Chain Depth 64 Size 0 Mode ref, Ref Stage 15, run, end, 9199870625123173
1787080804.787079, NoOp Chain Depth 64 Size 0 Mode ref, Ref Stage 16, run, start, 9199870625138261
1787080804.787100, NoOp Chain Depth 64 Size 0 Mode ref, Ref Stage 16, run, end, 9199870625159141
1787080804.787114, NoOp Chain Depth 64 Size 0 Mode ref, Ref Stage 17, run, start, 9199870625173781
1787080804.787136, NoOp Chain Depth 64 Size 0 Mode ref, Ref Stage 17, run, end, 9199870625195045
1787080804.787147, NoOp Chain Depth 64 Size 0 Mode ref, Ref Stage 18, run, start, 9199870625206469
1787080804.787177, NoOp Chain Depth 64 Size 0 Mode ref, Ref Stage 18, run, end, 9199870625235861
1787080804.787191, NoOp Chain Depth 64 Size 0 Mode ref, Ref Stage 19, run, start, 9199870625250501
1787080804.787211, NoOp Chain Depth 64 Size 0 Mode ref, Ref Stage 19, run, end, 9199870625270181
1787080804.787225, NoOp Chain Depth 64 Size 0 Mode ref, Ref Stage 20, run, start, 9199870625284741
1787080804.787245, NoOp Chain Depth 64 Size 0 Mode ref, Ref Stage 20, run, end, 9199870625304565
1787080804.787743, NoOp Chain Depth 64 Size 0 Mode ref, Ref Stage 21, run, start, 9199870625803381
1787080804.787767, NoOp Chain Depth 64 Size 0 Mode ref, Ref Stage 21, run, end, 9199870625826565
1787080804.787782, NoOp Chain Depth 64 Size 0 Mode ref, Ref Stage 22, run, start, 9199870625841685
1787080804.787802, NoOp Chain Depth 64 Size 0 Mode ref, Ref Stage 22, run, end, 9199870625861653
1787080804.787817, NoOp Chain Depth 64 Size 0 Mode ref, Ref Stage 23, run, start, 9199870625876517
1787080804.787838, NoOp Chain Depth 64 Size 0 Mode ref, Ref Stage 23, run, end, 9199870625896837
1787080804.787852, NoOp Chain Depth 64 Size 0 Mode ref, Ref Stage 24, run, start, 9199870625911541
1787080804.787873, NoOp Chain Depth 64 Size 0 Mode ref, Ref Stage 24, run, end, 9199870625931669
1787080804.787889, NoOp Chain Depth 64 Size 0 Mode ref, Ref Stage 25, run, start, 9199870625947989
1787080804.787909, NoOp Chain Depth 64 Size 0 Mode ref, Ref Stage 25, run, end, 9199870625967861
1787080804.787923, NoOp Chain Depth 64 Size 0 Mode ref, Ref Stage 26, run, start, 9199870625982469
1787080804.787946, NoOp Chain Depth 64 Size 0 Mode ref, Ref Stage 26, run, end, 9199870626005621
1787080804.787958, NoOp Chain Depth 64 Size 0 Mode ref, Ref Stage 27, run, start, 9199870626017493
1787080804.787989, NoOp Chain Depth 64 Size 0 Mode ref, Ref Stage 27, run, end, 9199870626048309
1787080804.788004, NoOp Chain Depth 64 Size 0 Mode ref, Ref Stage 28, run, start, 9199870626063301
1787080804.788025, NoOp Chain Depth 64 Size 0 Mode ref, Ref Stage 28, run, end, 9199870626084693
1787080804.788040, NoOp Chain Depth 64 Size 0 Mode ref, Ref Stage 29, run, start, 9199870626099253
1787080804.788060, NoOp Chain Depth 64 Size 0 Mode ref, Ref Stage 29, run, end, 9199870626119157
1787080804.788074, NoOp Chain Depth 64 Size 0 Mode ref, Ref Stage 30, run, start, 9199870626133621
1787080804.788094, NoOp Chain Depth 64 Size 0 Mode ref, Ref Stage 30, run, end, 9199870626153333
1787080804.788109, NoOp Chain Depth 64 Size 0 Mode ref, Ref Stage 31, run, start, 9199870626167957
1787080804.788131, NoOp Chain Depth 64 Size 0 Mode ref, Ref Stage 31, run, end, 9199870626190965
1787080804.788146, NoOp Chain Depth 64 Size 0 Mode ref, Ref Stage 32, run, start, 9199870626205717
1787080804.788167, NoOp Chain Depth 64 Size 0 Mode ref, Ref Stage 32, run, end, 9199870626226277
1787080804.788182, NoOp Chain Depth 64 Size 0 Mode ref, Ref Stage 33, run, start, 9199870626240757
1787080804.788213, NoOp Chain Depth 64 Size 0 Mode ref, Ref Stage 33, run, end, 9199870626272245
1787080804.788228, NoOp Chain Depth 64 Size 0 Mode ref, Ref Stage 34, run, start, 9199870626287269
1787080804.788248, NoOp Chain Depth 64 Size 0 Mode ref, Ref Stage 34, run, end, 9199870626307589
1787080804.788265, NoOp Chain Depth 64 Size 0 Mode ref, Ref Stage 35, run, start, 9199870626323925
1787080804.788285, NoOp Chain Depth 64 Size 0 Mode ref, Ref Stage 35, run, end, 9199870626344357
1787080804.788300, NoOp Chain Depth 64 Size 0 Mode ref, Ref Stage 36, run, start, 9199870626359157
1787080804.788320, NoOp Chain Depth 64 Size 0 Mode ref, Ref Stage 36, run, end, 9199870626379669
1787080804.788335, NoOp Chain Depth 64 Size 0 Mode ref, Ref Stage 37, run, start, 9199870626394021
1787080804.788357, NoOp Chain Depth 64 Size 0 Mode ref, Ref Stage 37, run, end, 9199870626415877
1787080804.788368, NoOp Chain Depth 64 Size 0 Mode ref, Ref Stage 38, run, start, 9199870626427829
1787080804.788399, NoOp Chain Depth 64 Size 0 Mode ref, Ref Stage 38, run, end, 9199870626457925
1787080804.788414, NoOp Chain Depth 64 Size 0 Mode ref, Ref Stage 39, run, start, 9199870626473733
1787080804.788436, NoOp Chain Depth 64 Size 0 Mode ref, Ref Stage 39, run, end, 9199870626495669
1787080804.788449, NoOp Chain Depth 64 Size 0 Mode ref, Ref Stage 40, run, start, 9199870626507957
1787080804.788480, NoOp Chain Depth 64 Size 0 Mode ref, Ref Stage 40, run, end, 9199870626539813
1787080804.788495, NoOp Chain Depth 64 Size 0 Mode ref, Ref Stage 41, run, start, 9199870626554661
1787080804.788587, NoOp Chain Depth 64 Size 0 Mode ref, Ref Stage 41, run, end, 9199870626646965
1787080804.788604, NoOp Chain Depth 64 Size 0 Mode ref, Ref Stage 42, run, start, 9199870626663989
1787080804.788626, NoOp Chain Depth 64 Size 0 Mode ref, Ref Stage 42, run, end, 9199870626685093
1787080804.788640, NoOp Chain Depth 64 Size 0 Mode ref, Ref Stage 43, run, start, 9199870626699669
1787080804.788660, NoOp Chain Depth 64 Size 0 Mode ref, Ref Stage 43, run, end, 9199870626719717
1787080804.788675, NoOp Chain Depth 64 Size 0 Mode ref, Ref Stage 44, run, start, 9199870626734421
1787080804.788697, NoOp Chain Depth 64 Size 0 Mode ref, Ref Stage 44, run, end, 9199870626757093
1787080804.788713, NoOp Chain Depth 64 Size 0 Mode ref, Ref Stage 45, run, start, 9199870626772277
1787080804.788734, NoOp Chain Depth 64 Size 0 Mode ref, Ref Stage 45, run, end, 9199870626793765
1787080804.788751, NoOp Chain Depth 64 Size 0 Mode ref, Ref Stage 46, run, start, 9199870626810325
1787080804.788772, NoOp Chain Depth 64 Size 0 Mode ref, Ref Stage 46, run, end, 9199870626830821
1787080804.788786, NoOp Chain Depth 64 Size 0 Mode ref, Ref Stage 47, run, start, 9199870626845493
1787080804.788806, NoOp Chain Depth 64 Size 0 Mode ref, Ref Stage 47, run, end, 9199870626865573
1787080804.788821, NoOp Chain Depth 64 Size 0 Mode ref, Ref Stage 48, run, start, 9199870626880325
1787080804.788841, NoOp Chain Depth 64 Size 0 Mode ref, Ref Stage 48, run, end, 9199870626900309
1787080804.788856, NoOp Chain Depth 64 Size 0 Mode ref, Ref Stage 49, run, start, 9199870626915653
1787080804.788877, NoOp Chain Depth 64 Size 0 Mode ref, Ref Stage 49, run, end, 9199870626936885
1787080804.788893, NoOp Chain Depth 64 Size 0 Mode ref, Ref Stage 50, run, start, 9199870626951941
1787080804.788918, NoOp Chain Depth 64 Size 0 Mode ref, Ref Stage 50, run, end, 9199870626976933
1787080804.788929, NoOp Chain Depth 64 Size 0 Mode ref, Ref Stage 51, run, start, 9199870626988789
1787080804.788963, NoOp Chain Depth 64 Size 0 Mode ref, Ref Stage 51, run, end, 9199870627021973
1787080804.788977, NoOp Chain Depth 64 Size 0 Mode ref, Ref Stage 52, run, start, 9199870627036437
1787080804.788998, NoOp Chain Depth 64 Size 0 Mode ref, Ref Stage 52, run, end, 9199870627057157
1787080804.789012, NoOp Chain Depth 64 Size 0 Mode ref, Ref Stage 53, run, start, 9199870627071877
1787080804.789035, NoOp Chain Depth 64 Size 0 Mode ref, Ref Stage 53, run, end, 9199870627093797
1787080804.789050, NoOp Chain Depth 64 Size 0 Mode ref, Ref Stage 54, run, start, 9199870627109253
1787080804.789070, NoOp Chain Depth 64 Size 0 Mode ref, Ref Stage 54, run, end, 9199870627129461
1787080804.789086, NoOp Chain Depth 64 Size 0 Mode ref, Ref Stage 55, run, start, 9199870627145205
1787080804.789106, NoOp Chain Depth 64 Size 0 Mode ref, Ref Stage 55, run, end, 9199870627165221
1787080804.789120, NoOp Chain Depth 64 Size 0 Mode ref, Ref Stage 56, run, start, 9199870627179765
1787080804.789143, NoOp Chain Depth 64 Size 0 Mode ref, Ref Stage 56, run, end, 9199870627202213
1787080804.789155, NoOp Chain Depth 64 Size 0 Mode ref, Ref Stage 57, run, start, 9199870627213973
1787080804.789186, NoOp Chain Depth 64 Size 0 Mode ref, Ref Stage 57, run, end, 9199870627245045
1787080804.789200, NoOp Chain Depth 64 Size 0 Mode ref, Ref Stage 58, run, start, 9199870627259509
1787080804.789220, NoOp Chain Depth 64 Size 0 Mode ref, Ref Stage 58, run, end, 9199870627279221
1787080804.789234, NoOp Chain Depth 64 Size 0 Mode ref, Ref Stage 59, run, start, 9199870627293685
1787080804.789255, NoOp Chain Depth 64 Size 0 Mode ref, Ref Stage 59, run, end, 9199870627314645
1787080804.789271, NoOp Chain Depth 64 Size 0 Mode ref, Ref Stage 60, run, start, 9199870627330005
1787080804.789292, NoOp Chain Depth 64 Size 0 Mode ref, Ref Stage 60, run, end, 9199870627350725
1787080804.789306, NoOp Chain Depth 64 Size 0 Mode ref, Ref Stage 61, run, start, 9199870627365045
1787080804.789327, NoOp Chain Depth 64 Size 0 Mode ref, Ref Stage 61, run, end, 9199870627386069
1787080804.789338, NoOp Chain Depth 64 Size 0 Mode ref, Ref Stage 62, run, start, 9199870627397781
1787080804.789369, NoOp Chain Depth 64 Size 0 Mode ref, Ref Stage 62, run, end, 9199870627428661
1787080804.789384, NoOp Chain Depth 64 Size 0 Mode ref, Ref Stage 63, run, start, 9199870627443477
1787080804.789404, NoOp Chain Depth 64 Size 0 Mode ref, Ref Stage 63, run, end, 9199870627463173
1787080804.789418, NoOp Chain Depth 64 Size 0 Mode ref, pipeline - train, run, end, 39897166512317946366268228994076168035, 1787080804.786471, 92, 1, 9199870627477957
1787080804.789455, NoOp Chain Depth 64 Size 0 Mode ref, pipeline - train, run, start, 192876461581864624118823187849013665663, 1787080804.789443, 93, 1, 9199870627514469
1787080804.789481, NoOp Chain Depth 64 Size 0 Mode ref, Ref Stage 0, run, start, 9199870627540757
1787080804.789502, NoOp Chain Depth 64 Size 0 Mode ref, Ref Stage 0, run, end, 9199870627560981
1787080804.789517, NoOp Chain Depth 64 Size 0 Mode ref, Ref Stage 1, run, start, 9199870627576677
1787080804.789537, NoOp Chain Depth 64 Size 0 Mode ref, Ref Stage 1, run, end, 9199870627596709
1787080804.789552, NoOp Chain Depth 64 Size 0 Mode ref, Ref Stage 2, run, start, 9199870627611077
1787080804.789572, NoOp Chain Depth 64 Size 0 Mode ref, Ref Stage 2, run, end, 9199870627631077
1787080804.789587, NoOp Chain Depth 64 Size 0 Mode ref, Ref Stage 3, run, start, 9199870627645941
1787080804.789608, NoOp Chain Depth 64 Size 0 Mode ref, Ref Stage 3, run, end, 9199870627666949
1787080804.789619, NoOp Chain Depth 64 Size 0 Mode ref, Ref Stage 4, run, start, 9199870627678357
1787080804.789649, NoOp Chain Depth 64 Size 0 Mode ref, Ref Stage 4, run, end, 9199870627708021
1787080804.789664, NoOp Chain Depth 64 Size 0 Mode ref, Ref Stage 5, run, start, 9199870627723653
1787080804.789686, NoOp Chain Depth 64 Size 0 Mode ref, Ref Stage 5, run, end, 9199870627745301
1787080804.789700, NoOp Chain Depth 64 Size 0 Mode ref, Ref Stage 6, run, start, 9199870627759685
1787080804.789720, NoOp Chain Depth 64 Size 0 Mode ref, Ref Stage 6, run, end, 9199870627779701
1787080804.789735, NoOp Chain Depth 64 Size 0 Mode ref, Ref Stage 7, run, start, 9199870627794149
1787080804.789755, NoOp Chain Depth 64 Size 0 Mode ref, Ref Stage 7, run, end, 9199870627813845
1787080804.789769, NoOp Chain Depth 64 Size 0 Mode ref, Ref Stage 8, run, start, 9199870627828101
1787080804.789789, NoOp Chain Depth 64 Size 0 Mode ref, Ref Stage 8, run, end, 9199870627848757
1787080804.789804, NoOp Chain Depth 64 Size 0 Mode ref, Ref Stage 9, run, start, 9199870627863317
1787080804.789824, NoOp Chain Depth 64 Size 0 Mode ref, Ref Stage 9, run, end, 9199870627883157
1787080804.789838, NoOp Chain Depth 64 Size 0 Mode ref, Ref Stage 10, run, start, 9199870627897429
1787080804.789858, NoOp Chain Depth 64 Size 0 Mode ref, Ref Stage 10, run, end, 9199870627917445
1787080804.789872, NoOp Chain Depth 64 Size 0 Mode ref, Ref Stage 11, run, start, 9199870627931829
1787080804.789892, NoOp Chain Depth 64 Size 0 Mode ref, Ref Stage 11, run, end, 9199870627951509
1787080804.789908, NoOp Chain Depth 64 Size 0 Mode ref, Ref Stage 12, run, start, 9199870627967349
1787080804.789929, NoOp Chain Depth 64 Size 0 Mode ref, Ref Stage 12, run, end, 9199870627988517
1787080804.789945, NoOp Chain Depth 64 Size 0 Mode ref, Ref Stage 13, run, start, 9199870628004373
1787080804.789966, NoOp Chain Depth 64 Size 0 Mode ref, Ref Stage 13, run, end, 9199870628025413
1787080804.789981, NoOp Chain Depth 64 Size 0 Mode ref, Ref Stage 14, run, start, 9199870628040421
1787080804.790001, NoOp Chain Depth 64 Size 0 Mode ref, Ref Stage 14, run, end, 9199870628060405
1787080804.790015, NoOp Chain Depth 64 Size 0 Mode ref, Ref Stage 15, run, start, 9199870628074821
1787080804.790036, NoOp Chain Depth 64 Size 0 Mode ref, Ref Stage 15, run, end, 9199870628095861
1787080804.790052, NoOp Chain Depth 64 Size 0 Mode ref, Ref Stage 16, run, start, 9199870628111333
1787080804.790532, NoOp Chain Depth 64 Size 0 Mode ref, Ref Stage 16, run, end, 9199870628591941
1787080804.790678, NoOp Chain Depth 64 Size 0 Mode ref, Ref Stage 17, run, start, 9199870628737125
1787080804.790700, NoOp Chain Depth 64 Size 0 Mode ref, Ref Stage 17, run, end, 9199870628759573
1787080804.790715, NoOp Chain Depth 64 Size 0 Mode ref, Ref Stage 18, run, start, 9199870628774725
1787080804.790736, NoOp Chain Depth 64 Size 0 Mode ref, Ref Stage 18, run, end, 9199870628794869
1787080804.790750, NoOp Chain Depth 64 Size 0 Mode ref, Ref Stage 19, run, start, 9199870628809397
1787080804.790770, NoOp Chain Depth 64 Size 0 Mode ref, Ref Stage 19, run, end, 9199870628829413
1787080804.790785, NoOp Chain Depth 64 Size 0 Mode ref, Ref Stage 20, run, start, 9199870628843989
1787080804.790807, NoOp Chain Depth 64 Size 0 Mode ref, Ref Stage 20, run, end, 9199870628865973
1787080804.790818, NoOp Chain Depth 64 Size 0 Mode ref, Ref Stage 21, run, start, 9199870628877829
1787080804.790848, NoOp Chain Depth 64 Size 0 Mode ref, Ref Stage 21, run, end, 9199870628907781
1787080804.790865, NoOp Chain Depth 64 Size 0 Mode ref, Ref Stage 22, run, start, 9199870628924229
1787080804.790885, NoOp Chain Depth 64 Size 0 Mode ref, Ref Stage 22, run, end, 9199870628944309
1787080804.790900, NoOp Chain Depth 64 Size 0 Mode ref, Ref Stage 23, run, start, 9199870628959029
1787080804.790921, NoOp Chain Depth 64 Size 0 Mode ref, Ref Stage 23, run, end, 9199870628979973
1787080804.790935, NoOp Chain Depth 64 Size 0 Mode ref, Ref Stage 24, run, start, 9199870628994821
1787080804.790957, NoOp Chain Depth 64 Size 0 Mode ref, Ref Stage 24, run, end, 9199870629017045
1787080804.790973, NoOp Chain Depth 64 Size 0 Mode ref, Ref Stage 25, run, start, 9199870629032709
1787080804.790995, NoOp Chain Depth 64 Size 0 Mode ref, Ref Stage 25, run, end, 9199870629054325
1787080804.791011, NoOp Chain Depth 64 Size 0 Mode ref, Ref Stage 26, run, start, 9199870629069797
1787080804.791032, NoOp Chain Depth 64 Size 0 Mode ref, Ref Stage 26, run, end, 9199870629091317
1787080804.791044, NoOp Chain Depth 64 Size 0 Mode ref, Ref Stage 27, run, start, 9199870629103029
1787080804.791444, NoOp Chain Depth 64 Size 0 Mode ref, Ref Stage 27, run, end, 9199870629504037
1787080804.791576, NoOp Chain Depth 64 Size 0 Mode ref, Ref Stage 28, run, start, 9199870629635477
1787080804.791597, NoOp Chain Depth 64 Size 0 Mode ref, Ref Stage 28, run, end, 9199870629656517
1787080804.791612, NoOp Chain Depth 64 Size 0 Mode ref, Ref Stage 29, run, start, 9199870629671381
1787080804.791632, NoOp Chain Depth 64 Size 0 Mode ref, Ref Stage 29, run, end, 9199870629691589
1787080804.791647, NoOp Chain Depth 64 Size 0 Mode ref, Ref Stage 30, run, start, 9199870629705957
1787080804.791667, NoOp Chain Depth 64 Size 0 Mode ref, Ref Stage 30, run, end, 9199870629725861
1787080804.791681, NoOp Chain Depth 64 Size 0 Mode ref, Ref Stage 31, run, start, 9199870629740565
1787080804.791701, NoOp Chain Depth 64 Size 0 Mode ref, Ref Stage 31, run, end, 9199870629760613
1787080804.791716, NoOp Chain Depth 64 Size 0 Mode ref, Ref Stage 32, run, start, 9199870629774917
1787080804.791736, NoOp Chain Depth 64 Size 0 Mode ref, Ref Stage 32, run, end, 9199870629794757
1787080804.791750, NoOp Chain Depth 64 Size 0 Mode ref, Ref Stage 33, run, start, 9199870629809269
1787080804.791770, NoOp Chain Depth 64 Size 0 Mode ref, Ref Stage 33, run, end, 9199870629828869
1787080804.791784, NoOp Chain Depth 64 Size 0 Mode ref, Ref Stage 34, run, start, 9199870629843557
1787080804.791804, NoOp Chain Depth 64 Size 0 Mode ref, Ref Stage 34, run, end, 9199870629863717
1787080804.791819, NoOp Chain Depth 64 Size 0 Mode ref, Ref Stage 35, run, start, 9199870629878037
1787080804.791840, NoOp Chain Depth 64 Size 0 Mode ref, Ref Stage 35, run, end, 9199870629899653
1787080804.791855, NoOp Chain Depth 64 Size 0 Mode ref, Ref Stage 36, run, start, 9199870629914085
1787080804.791876, NoOp Chain Depth 64 Size 0 Mode ref, Ref Stage 36, run, end, 9199870629935461
1787080804.791890, NoOp Chain Depth 64 Size 0 Mode ref, Ref Stage 37, run, start, 9199870629949829
1787080804.791910, NoOp Chain Depth 64 Size 0 Mode ref, Ref Stage 37, run, end, 9199870629969493
1787080804.791925, NoOp Chain Depth 64 Size 0 Mode ref, Ref Stage 38, run, start, 9199870629983989
1787080804.791946, NoOp Chain Depth 64 Size 0 Mode ref, Ref Stage 38, run, end, 9199870630005333
1787080804.791961, NoOp Chain Depth 64 Size 0 Mode ref, Ref Stage 39, run, start, 9199870630020405
1787080804.791984, NoOp Chain Depth 64 Size 0 Mode ref, Ref Stage 39, run, end, 9199870630043429
1787080804.791996, NoOp Chain Depth 64 Size 0 Mode ref, Ref Stage 40, run, start, 9199870630055077
1787080804.792026, NoOp Chain Depth 64 Size 0 Mode ref, Ref Stage 40, run, end, 9199870630084885
1787080804.792040, NoOp Chain Depth 64 Size 0 Mode ref, Ref Stage 41, run, start, 9199870630099557
1787080804.792062, NoOp Chain Depth 64 Size 0 Mode ref, Ref Stage 41, run, end, 9199870630121445
1787080804.792077, NoOp Chain Depth 64 Size 0 Mode ref, Ref Stage 42, run, start, 9199870630135845
1787080804.792097, NoOp Chain Depth 64 Size 0 Mode ref, Ref Stage 42, run, end, 9199870630156005
1787080804.792113, NoOp Chain Depth 64 Size 0 Mode ref, Ref Stage 43, run, start, 9199870630172165
1787080804.792133, NoOp Chain Depth 64 Size 0 Mode ref, Ref Stage 43, run, end, 9199870630192085
1787080804.792147, NoOp Chain Depth 64 Size 0 Mode ref, Ref Stage 44, run, start, 9199870630206565
1787080804.792168, NoOp Chain Depth 64 Size 0 Mode ref, Ref Stage 44, run, end, 9199870630227317
1787080804.792183, NoOp Chain Depth 64 Size 0 Mode ref, Ref Stage 45, run, start, 9199870630242789
1787080804.792203, NoOp Chain Depth 64 Size 0 Mode ref, Ref Stage 45, run, end, 9199870630262245
1787080804.792218, NoOp Chain Depth 64 Size 0 Mode ref, Ref Stage 46, run, start, 9199870630277237
1787080804.792239, NoOp Chain Depth 64 Size 0 Mode ref, Ref Stage 46, run, end, 9199870630300149
1787080804.792252, NoOp Chain Depth 64 Size 0 Mode ref, Ref Stage 47, run, start, 9199870630311941
1787080804.792282, NoOp Chain Depth 64 Size 0 Mode ref, Ref Stage 47, run, end, 9199870630341493
1787080804.792297, NoOp Chain Depth 64 Size 0 Mode ref, Ref Stage 48, run, start, 9199870630356037
1787080804.792316, NoOp Chain Depth 64 Size 0 Mode ref, Ref Stage 48, run, end, 9199870630375669
1787080804.792331, NoOp Chain Depth 64 Size 0 Mode ref, Ref Stage 49, run, start, 9199870630391045
1787080804.792352, NoOp Chain Depth 64 Size 0 Mode ref, Ref Stage 49, run, end, 9199870630411685
1787080804.793074, NoOp Chain Depth 64 Size 0 Mode ref, Ref Stage 50, run, start, 9199870631134581
1787080804.793101, NoOp Chain Depth 64 Size 0 Mode ref, Ref Stage 50, run, end, 9199870631159877
1787080804.793116, NoOp Chain Depth 64 Size 0 Mode ref, Ref Stage 51, run, start, 9199870631175461
1787080804.793137, NoOp Chain Depth 64 Size 0 Mode ref, Ref Stage 51, run, end, 9199870631196181
1787080804.793151, NoOp Chain Depth 64 Size 0 Mode ref, Ref Stage 52, run, start, 9199870631210645
1787080804.793171, NoOp Chain Depth 64 Size 0 Mode ref, Ref Stage 52, run, end, 9199870631230582
1787080804.793186, NoOp Chain Depth 64 Size 0 Mode ref, Ref Stage 53, run, start, 9199870631245206
1787080804.793206, NoOp Chain Depth 64 Size 0 Mode ref, Ref Stage 53, run, end, 9199870631265142
1787080804.793220, NoOp Chain Depth 64 Size 0 Mode ref, Ref Stage 54, run, start, 9199870631279766
1787080804.793240, NoOp Chain Depth 64 Size 0 Mode ref, Ref Stage 54, run, end, 9199870631299510
1787080804.793255, NoOp Chain Depth 64 Size 0 Mode ref, Ref Stage 55, run, start, 9199870631314038
1787080804.793274, NoOp Chain Depth 64 Size 0 Mode ref, Ref Stage 55, run, end, 9199870631333670
1787080804.793289, NoOp Chain Depth 64 Size 0 Mode ref, Ref Stage 56, run, start, 9199870631348182
1787080804.793312, NoOp Chain Depth 64 Size 0 Mode ref, Ref Stage 56, run, end, 9199870631371206
1787080804.793324, NoOp Chain Depth 64 Size 0 Mode ref, Ref Stage 57, run, start, 9199870631383062
1787080804.793356, NoOp Chain Depth 64 Size 0 Mode ref, Ref Stage 57, run, end, 9199870631415750
1787080804.793368, NoOp Chain Depth 64 Size 0 Mode ref, Ref Stage 58, run, start, 9199870631427382
1787080804.793398, NoOp Chain Depth 64 Size 0 Mode ref, Ref Stage 58, run, end, 9199870631457526
1787080804.793413, NoOp Chain Depth 64 Size 0 Mode ref, Ref Stage 59, run, start, 9199870631472358
1787080804.793433, NoOp Chain Depth 64 Size 0 Mode ref, Ref Stage 59, run, end, 9199870631492726
1787080804.793449, NoOp Chain Depth 64 Size 0 Mode ref, Ref Stage 60, run, start, 9199870631508950
1787080804.793470, NoOp Chain Depth 64 Size 0 Mode ref, Ref Stage 60, run, end, 9199870631529078
1787080804.793484, NoOp Chain Depth 64 Size 0 Mode ref, Ref Stage 61, run, start, 9199870631543718
1787080804.793506, NoOp Chain Depth 64 Size 0 Mode ref, Ref Stage 61, run, end, 9199870631565686
1787080804.793519, NoOp Chain Depth 64 Size 0 Mode ref, Ref Stage 62, run, start, 9199870631578518
1787080804.793551, NoOp Chain Depth 64 Size 0 Mode ref, Ref Stage 62, run, end, 9199870631610134
1787080804.793563, NoOp Chain Depth 64 Size 0 Mode ref, Ref Stage 63, run, start, 9199870631622406
1787080804.793593, NoOp Chain Depth 64 Size 0 Mode ref, Ref Stage 63, run, end, 9199870631652054
1787080804.793612, NoOp Chain Depth 64 Size 0 Mode ref, pipeline - train, run, end, 192876461581864624118823187849013665663, 1787080804.789443, 93, 1, 9199870631672070
1787080804.793650, NoOp Chain Depth 64 Size 0 Mode ref, pipeline - train, run, start, 36175904876814276472766422820696926669, 1787080804.793639, 94, 1, 9199870631709206
1787080804.793672, NoOp Chain Depth 64 Size 0 Mode ref, Ref Stage 0, run, start, 9199870631731510
1787080804.793693, NoOp Chain Depth 64 Size 0 Mode ref, Ref Stage 0, run, end, 9199870631752070
1787080804.793708, NoOp Chain Depth 64 Size 0 Mode ref, Ref Stage 1, run, start, 9199870631766774
1787080804.793729, NoOp Chain Depth 64 Size 0 Mode ref, Ref Stage 1, run, end, 9199870631788646
1787080804.793744, NoOp Chain Depth 64 Size 0 Mode ref, Ref Stage 2, run, start, 9199870631803622
1787080804.793764, NoOp Chain Depth 64 Size 0 Mode ref, Ref Stage 2, run, end, 9199870631823814
1787080804.793780, NoOp Chain Depth 64 Size 0 Mode ref, Ref Stage 3, run, start, 9199870631839302
1787080804.793802, NoOp Chain Depth 64 Size 0 Mode ref, Ref Stage 3, run, end, 9199870631861222
1787080804.793813, NoOp Chain Depth 64 Size 0 Mode ref, Ref Stage 4, run, start, 9199870631872902
1787080804.793844, NoOp Chain Depth 64 Size 0 Mode ref, Ref Stage 4, run, end, 9199870631903190
1787080804.793859, NoOp Chain Depth 64 Size 0 Mode ref, Ref Stage 5, run, start, 9199870631917910
1787080804.793879, NoOp Chain Depth 64 Size 0 Mode ref, Ref Stage 5, run, end, 9199870631938022
1787080804.793893, NoOp Chain Depth 64 Size 0 Mode ref, Ref Stage 6, run, start, 9199870631952470
1787080804.793913, NoOp Chain Depth 64 Size 0 Mode ref, Ref Stage 6, run, end, 9199870631972310
1787080804.793982, NoOp Chain Depth 64 Size 0 Mode ref, Ref Stage 7, run, start, 9199870632042134
1787080804.794006, NoOp Chain Depth 64 Size 0 Mode ref, Ref Stage 7, run, end, 9199870632065190
1787080804.794020, NoOp Chain Depth 64 Size 0 Mode ref, Ref Stage 8, run, start, 9199870632079670
1787080804.794040, NoOp Chain Depth 64 Size 0 Mode ref, Ref Stage 8, run, end, 9199870632100726
1787080804.794056, NoOp Chain Depth 64 Size 0 Mode ref, Ref Stage 9, run, start, 9199870632114918
1787080804.794075, NoOp Chain Depth 64 Size 0 Mode ref, Ref Stage 9, run, end, 9199870632134598
1787080804.794090, NoOp Chain Depth 64 Size 0 Mode ref, Ref Stage 10, run, start, 9199870632148758
1787080804.794111, NoOp Chain Depth 64 Size 0 Mode ref, Ref Stage 10, run, end, 9199870632170214
1787080804.794126, NoOp Chain Depth 64 Size 0 Mode ref, Ref Stage 11, run, start, 9199870632184854
1787080804.794145, NoOp Chain Depth 64 Size 0 Mode ref, Ref Stage 11, run, end, 9199870632204614
1787080804.794160, NoOp Chain Depth 64 Size 0 Mode ref, Ref Stage 12, run, start, 9199870632218870
1787080804.794182, NoOp Chain Depth 64 Size 0 Mode ref, Ref Stage 12, run, end, 9199870632241462
1787080804.794197, NoOp Chain Depth 64 Size 0 Mode ref, Ref Stage 13, run, start, 9199870632255974
1787080804.794218, NoOp Chain Depth 64 Size 0 Mode ref, Ref Stage 13, run, end, 9199870632277222
1787080804.794233, NoOp Chain Depth 64 Size 0 Mode ref, Ref Stage 14, run, start, 9199870632292790
1787080804.794253, NoOp Chain Depth 64 Size 0 Mode ref, Ref Stage 14, run, end, 9199870632312726
1787080804.794268, NoOp Chain Depth 64 Size 0 Mode ref, Ref Stage 15, run, start, 9199870632327318
1787080804.794289, NoOp Chain Depth 64 Size 0 Mode ref, Ref Stage 15, run, end, 9199870632348742
1787080804.794302, NoOp Chain Depth 64 Size 0 Mode ref, Ref Stage 16, run, start, 9199870632361062
1787080804.794333, NoOp Chain Depth 64 Size 0 Mode ref, Ref Stage 16, run, end, 9199870632392182
1787080804.794344, NoOp Chain Depth 64 Size 0 Mode ref, Ref Stage 17, run, start, 9199870632403750
1787080804.794375, NoOp Chain Depth 64 Size 0 Mode ref, Ref Stage 17, run, end, 9199870632434182
1787080804.794389, NoOp Chain Depth 64 Size 0 Mode ref, Ref Stage 18, run, start, 9199870632448678
1787080804.794409, NoOp Chain Depth 64 Size 0 Mode ref, Ref Stage 18, run, end, 9199870632468390
1787080804.794434, NoOp Chain Depth 64 Size 0 Mode ref, Ref Stage 19, run, start, 9199870632493670
1787080804.794454, NoOp Chain Depth 64 Size 0 Mode ref, Ref Stage 19, run, end, 9199870632513510
1787080804.794469, NoOp Chain Depth 64 Size 0 Mode ref, Ref Stage 20, run, start, 9199870632528454
1787080804.794489, NoOp Chain Depth 64 Size 0 Mode ref, Ref Stage 20, run, end, 9199870632548406
1787080804.794503, NoOp Chain Depth 64 Size 0 Mode ref, Ref Stage 21, run, start, 9199870632562582
1787080804.795874, NoOp Chain Depth 64 Size 0 Mode ref, Ref Stage 21, run, end, 9199870633934438
1787080804.796248, NoOp Chain Depth 64 Size 0 Mode ref, Ref Stage 22, run, start, 9199870634307798
1787080804.796273, NoOp Chain Depth 64 Size 0 Mode ref, Ref Stage 22, run, end, 9199870634332870
1787080804.796289, NoOp Chain Depth 64 Size 0 Mode ref, Ref Stage 23, run, start, 9199870634348630
1787080804.796310, NoOp Chain Depth 64 Size 0 Mode ref, Ref Stage 23, run, end, 9199870634369430
1787080804.796325, NoOp Chain Depth 64 Size 0 Mode ref, Ref Stage 24, run, start, 9199870634384470
1787080804.796345, NoOp Chain Depth 64 Size 0 Mode ref, Ref Stage 24, run, end, 9199870634404662
1787080804.796360, NoOp Chain Depth 64 Size 0 Mode ref, Ref Stage 25, run, start, 9199870634419174
1787080804.796380, NoOp Chain Depth 64 Size 0 Mode ref, Ref Stage 25, run, end, 9199870634439286
1787080804.796395, NoOp Chain Depth 64 Size 0 Mode ref, Ref Stage 26, run, start, 9199870634453942
1787080804.796415, NoOp Chain Depth 64 Size 0 Mode ref, Ref Stage 26, run, end, 9199870634474326
1787080804.796430, NoOp Chain Depth 64 Size 0 Mode ref, Ref Stage 27, run, start, 9199870634489142
1787080804.796452, NoOp Chain Depth 64 Size 0 Mode ref, Ref Stage 27, run, end, 9199870634510742
1787080804.796463, NoOp Chain Depth 64 Size 0 Mode ref, Ref Stage 28, run, start, 9199870634522614
1787080804.796493, NoOp Chain Depth 64 Size 0 Mode ref, Ref Stage 28, run, end, 9199870634552518
1787080804.796508, NoOp Chain Depth 64 Size 0 Mode ref, Ref Stage 29, run, start, 9199870634567174
1787080804.796528, NoOp Chain Depth 64 Size 0 Mode ref, Ref Stage 29, run, end, 9199870634586790
1787080804.796542, NoOp Chain Depth 64 Size 0 Mode ref, Ref Stage 30, run, start, 9199870634601670
1787080804.796562, NoOp Chain Depth 64 Size 0 Mode ref, Ref Stage 30, run, end, 9199870634621750
1787080804.796577, NoOp Chain Depth 64 Size 0 Mode ref, Ref Stage 31, run, start, 9199870634636262
1787080804.796597, NoOp Chain Depth 64 Size 0 Mode ref, Ref Stage 31, run, end, 9199870634655942
1787080804.796611, NoOp Chain Depth 64 Size 0 Mode ref, Ref Stage 32, run, start, 9199870634670294
1787080804.796631, NoOp Chain Depth 64 Size 0 Mode ref, Ref Stage 32, run, end, 9199870634689798
1787080804.796645, NoOp Chain Depth 64 Size 0 Mode ref, Ref Stage 33, run, start, 9199870634704230
1787080804.796664, NoOp Chain Depth 64 Size 0 Mode ref, Ref Stage 33, run, end, 9199870634723606
1787080804.796679, NoOp Chain Depth 64 Size 0 Mode ref, Ref Stage 34, run, start, 9199870634737926
1787080804.796699, NoOp Chain Depth 64 Size 0 Mode ref, Ref Stage 34, run, end, 9199870634757798
1787080804.796713, NoOp Chain Depth 64 Size 0 Mode ref, Ref Stage 35, run, start, 9199870634772422
1787080804.796733, NoOp Chain Depth 64 Size 0 Mode ref, Ref Stage 35, run, end, 9199870634792550
1787080804.796748, NoOp Chain Depth 64 Size 0 Mode ref, Ref Stage 36, run, start, 9199870634807030
1787080804.796767, NoOp Chain Depth 64 Size 0 Mode ref, Ref Stage 36, run, end, 9199870634826886
1787080804.796782, NoOp Chain Depth 64 Size 0 Mode ref, Ref Stage 37, run, start, 9199870634841318
1787080804.796802, NoOp Chain Depth 64 Size 0 Mode ref, Ref Stage 37, run, end, 9199870634861430
1787080804.796816, NoOp Chain Depth 64 Size 0 Mode ref, Ref Stage 38, run, start, 9199870634875862
1787080804.796836, NoOp Chain Depth 64 Size 0 Mode ref, Ref Stage 38, run, end, 9199870634895430
1787080804.796851, NoOp Chain Depth 64 Size 0 Mode ref, Ref Stage 39, run, start, 9199870634910534
1787080804.796871, NoOp Chain Depth 64 Size 0 Mode ref, Ref Stage 39, run, end, 9199870634930678
1787080804.796889, NoOp Chain Depth 64 Size 0 Mode ref, Ref Stage 40, run, start, 9199870634947766
1787080804.796909, NoOp Chain Depth 64 Size 0 Mode ref, Ref Stage 40, run, end, 9199870634968038
1787080804.796923, NoOp Chain Depth 64 Size 0 Mode ref, Ref Stage 41, run, start, 9199870634982518
1787080804.796945, NoOp Chain Depth 64 Size 0 Mode ref, Ref Stage 41, run, end, 9199870635004694
1787080804.796961, NoOp Chain Depth 64 Size 0 Mode ref, Ref Stage 42, run, start, 9199870635020086
1787080804.796982, NoOp Chain Depth 64 Size 0 Mode ref, Ref Stage 42, run, end, 9199870635041606
1787080804.796997, NoOp Chain Depth 64 Size 0 Mode ref, Ref Stage 43, run, start, 9199870635056214
1787080804.797017, NoOp Chain Depth 64 Size 0 Mode ref, Ref Stage 43, run, end, 9199870635075958
1787080804.797031, NoOp Chain Depth 64 Size 0 Mode ref, Ref Stage 44, run, start, 9199870635090214
1787080804.797050, NoOp Chain Depth 64 Size 0 Mode ref, Ref Stage 44, run, end, 9199870635109734
1787080804.797065, NoOp Chain Depth 64 Size 0 Mode ref, Ref Stage 45, run, start, 9199870635124182
1787080804.797086, NoOp Chain Depth 64 Size 0 Mode ref, Ref Stage 45, run, end, 9199870635145078
1787080804.797100, NoOp Chain Depth 64 Size 0 Mode ref, Ref Stage 46, run, start, 9199870635159526
1787080804.797122, NoOp Chain Depth 64 Size 0 Mode ref, Ref Stage 46, run, end, 9199870635180774
1787080804.797133, NoOp Chain Depth 64 Size 0 Mode ref, Ref Stage 47, run, start, 9199870635192470
1787080804.797163, NoOp Chain Depth 64 Size 0 Mode ref, Ref Stage 47, run, end, 9199870635221798
1787080804.797177, NoOp Chain Depth 64 Size 0 Mode ref, Ref Stage 48, run, start, 9199870635236342
1787080804.797199, NoOp Chain Depth 64 Size 0 Mode ref, Ref Stage 48, run, end, 9199870635258790
1787080804.797216, NoOp Chain Depth 64 Size 0 Mode ref, Ref Stage 49, run, start, 9199870635275558
1787080804.797487, NoOp Chain Depth 64 Size 0 Mode ref, Ref Stage 49, run, end, 9199870635547286
1787080804.797502, NoOp Chain Depth 64 Size 0 Mode ref, Ref Stage 50, run, start, 9199870635561270
1787080804.797648, NoOp Chain Depth 64 Size 0 Mode ref, Ref Stage 50, run, end, 9199870635707686
1787080804.797663, NoOp Chain Depth 64 Size 0 Mode ref, Ref Stage 51, run, start, 9199870635722758
1787080804.797684, NoOp Chain Depth 64 Size 0 Mode ref, Ref Stage 51, run, end, 9199870635743078
1787080804.797698, NoOp Chain Depth 64 Size 0 Mode ref, Ref Stage 52, run, start, 9199870635757622
1787080804.797718, NoOp Chain Depth 64 Size 0 Mode ref, Ref Stage 52, run, end, 9199870635777542
1787080804.797733, NoOp Chain Depth 64 Size 0 Mode ref, Ref Stage 53, run, start, 9199870635791766
1787080804.797753, NoOp Chain Depth 64 Size 0 Mode ref, Ref Stage 53, run, end, 9199870635811878
1787080804.797767, NoOp Chain Depth 64 Size 0 Mode ref, Ref Stage 54, run, start, 9199870635826374
1787080804.797787, NoOp Chain Depth 64 Size 0 Mode ref, Ref Stage 54, run, end, 9199870635846326
1787080804.797801, NoOp Chain Depth 64 Size 0 Mode ref, Ref Stage 55, run, start, 9199870635860518
1787080804.797821, NoOp Chain Depth 64 Size 0 Mode ref, Ref Stage 55, run, end, 9199870635880422
1787080804.797836, NoOp Chain Depth 64 Size 0 Mode ref, Ref Stage 56, run, start, 9199870635895046
1787080804.797856, NoOp Chain Depth 64 Size 0 Mode ref, Ref Stage 56, run, end, 9199870635914982
1787080804.797870, NoOp Chain Depth 64 Size 0 Mode ref, Ref Stage 57, run, start, 9199870635929478
1787080804.797892, NoOp Chain Depth 64 Size 0 Mode ref, Ref Stage 57, run, end, 9199870635950838
1787080804.797903, NoOp Chain Depth 64 Size 0 Mode ref, Ref Stage 58, run, start, 9199870635962486
1787080804.797934, NoOp Chain Depth 64 Size 0 Mode ref, Ref Stage 58, run, end, 9199870635993238
1787080804.797952, NoOp Chain Depth 64 Size 0 Mode ref, Ref Stage 59, run, start, 9199870636011414
1787080804.797974, NoOp Chain Depth 64 Size 0 Mode ref, Ref Stage 59, run, end, 9199870636033046
1787080804.797988, NoOp Chain Depth 64 Size 0 Mode ref, Ref Stage 60, run, start, 9199870636047414
1787080804.798007, NoOp Chain Depth 64 Size 0 Mode ref, Ref Stage 60, run, end, 9199870636066758
1787080804.798028, NoOp Chain Depth 64 Size 0 Mode ref, Ref Stage 61, run, start, 9199870636087078
1787080804.798419, NoOp Chain Depth 64 Size 0 Mode ref, Ref Stage 61, run, end, 9199870636479350
1787080804.798556, NoOp Chain Depth 64 Size 0 Mode ref, Ref Stage 62, run, start, 9199870636616134
1787080804.798579, NoOp Chain Depth 64 Size 0 Mode ref, Ref Stage 62, run, end, 9199870636637926
1787080804.798594, NoOp Chain Depth 64 Size 0 Mode ref, Ref Stage 63, run, start, 9199870636653126
1787080804.798614, NoOp Chain Depth 64 Size 0 Mode ref, Ref Stage 63, run, end, 9199870636673030
1787080804.798629, NoOp Chain Depth 64 Size 0 Mode ref, pipeline - train, run, end, 36175904876814276472766422820696926669, 1787080804.793639, 94, 1, 9199870636688054
1787080804.798664, NoOp Chain Depth 64 Size 0 Mode ref, pipeline - train, run, start, 133668993445948472352680769632066769778, 1787080804.798654, 95, 1, 9199870636724006
1787080804.798687, NoOp Chain Depth 64 Size 0 Mode ref, Ref Stage 0, run, start, 9199870636745766
1787080804.798707, NoOp Chain Depth 64 Size 0 Mode ref, Ref Stage 0, run, end, 9199870636766150
1787080804.798721, NoOp Chain Depth 64 Size 0 Mode ref, Ref Stage 1, run, start, 9199870636780598
1787080804.798741, NoOp Chain Depth 64 Size 0 Mode ref, Ref Stage 1, run, end, 9199870636800326
1787080804.798755, NoOp Chain Depth 64 Size 0 Mode ref, Ref Stage 2, run, start, 9199870636814678
1787080804.798775, NoOp Chain Depth 64 Size 0 Mode ref, Ref Stage 2, run, end, 9199870636834662
1787080804.798790, NoOp Chain Depth 64 Size 0 Mode ref, Ref Stage 3, run, start, 9199870636849622
1787080804.798810, NoOp Chain Depth 64 Size 0 Mode ref, Ref Stage 3, run, end, 9199870636869782
1787080804.798825, NoOp Chain Depth 64 Size 0 Mode ref, Ref Stage 4, run, start, 9199870636884358
1787080804.798847, NoOp Chain Depth 64 Size 0 Mode ref, Ref Stage 4, run, end, 9199870636906166
1787080804.798859, NoOp Chain Depth 64 Size 0 Mode ref, Ref Stage 5, run, start, 9199870636918006
1787080804.798890, NoOp Chain Depth 64 Size 0 Mode ref, Ref Stage 5, run, end, 9199870636949462
1787080804.798905, NoOp Chain Depth 64 Size 0 Mode ref, Ref Stage 6, run, start, 9199870636964390
1787080804.798927, NoOp Chain Depth 64 Size 0 Mode ref, Ref Stage 6, run, end, 9199870636985926
1787080804.798942, NoOp Chain Depth 64 Size 0 Mode ref, Ref Stage 7, run, start, 9199870637002998
1787080804.798965, NoOp Chain Depth 64 Size 0 Mode ref, Ref Stage 7, run, end, 9199870637024134
1787080804.798980, NoOp Chain Depth 64 Size 0 Mode ref, Ref Stage 8, run, start, 9199870637038902
1787080804.799000, NoOp Chain Depth 64 Size 0 Mode ref, Ref Stage 8, run, end, 9199870637059126
1787080804.799015, NoOp Chain Depth 64 Size 0 Mode ref, Ref Stage 9, run, start, 9199870637074086
1787080804.799035, NoOp Chain Depth 64 Size 0 Mode ref, Ref Stage 9, run, end, 9199870637094454
1787080804.799050, NoOp Chain Depth 64 Size 0 Mode ref, Ref Stage 10, run, start, 9199870637109318
1787080804.799071, NoOp Chain Depth 64 Size 0 Mode ref, Ref Stage 10, run, end, 9199870637129990
1787080804.799085, NoOp Chain Depth 64 Size 0 Mode ref, Ref Stage 11, run, start, 9199870637144550
1787080804.799107, NoOp Chain Depth 64 Size 0 Mode ref, Ref Stage 11, run, end, 9199870637166070
1787080804.799121, NoOp Chain Depth 64 Size 0 Mode ref, Ref Stage 12, run, start, 9199870637180886
1787080804.799142, NoOp Chain Depth 64 Size 0 Mode ref, Ref Stage 12, run, end, 9199870637200998
1787080804.799156, NoOp Chain Depth 64 Size 0 Mode ref, Ref Stage 13, run, start, 9199870637215510
1787080804.799177, NoOp Chain Depth 64 Size 0 Mode ref, Ref Stage 13, run, end, 9199870637235942
1787080804.799192, NoOp Chain Depth 64 Size 0 Mode ref, Ref Stage 14, run, start, 9199870637251094
1787080804.799213, NoOp Chain Depth 64 Size 0 Mode ref, Ref Stage 14, run, end, 9199870637272294
1787080804.799227, NoOp Chain Depth 64 Size 0 Mode ref, Ref Stage 15, run, start, 9199870637287078
1787080804.799248, NoOp Chain Depth 64 Size 0 Mode ref, Ref Stage 15, run, end, 9199870637307590
1787080804.799265, NoOp Chain Depth 64 Size 0 Mode ref, Ref Stage 16, run, start, 9199870637324022
1787080804.799287, NoOp Chain Depth 64 Size 0 Mode ref, Ref Stage 16, run, end, 9199870637346374
1787080804.799299, NoOp Chain Depth 64 Size 0 Mode ref, Ref Stage 17, run, start, 9199870637358310
1787080804.799331, NoOp Chain Depth 64 Size 0 Mode ref, Ref Stage 17, run, end, 9199870637390598
1787080804.799347, NoOp Chain Depth 64 Size 0 Mode ref, Ref Stage 18, run, start, 9199870637406646
1787080804.799369, NoOp Chain Depth 64 Size 0 Mode ref, Ref Stage 18, run, end, 9199870637428214
1787080804.799384, NoOp Chain Depth 64 Size 0 Mode ref, Ref Stage 19, run, start, 9199870637442838
1787080804.799404, NoOp Chain Depth 64 Size 0 Mode ref, Ref Stage 19, run, end, 9199870637463094
1787080804.799419, NoOp Chain Depth 64 Size 0 Mode ref, Ref Stage 20, run, start, 9199870637478598
1787080804.799442, NoOp Chain Depth 64 Size 0 Mode ref, Ref Stage 20, run, end, 9199870637501270
1787080804.799454, NoOp Chain Depth 64 Size 0 Mode ref, Ref Stage 21, run, start, 9199870637513078
1787080804.799484, NoOp Chain Depth 64 Size 0 Mode ref, Ref Stage 21, run, end, 9199870637543142
1787080804.799499, NoOp Chain Depth 64 Size 0 Mode ref, Ref Stage 22, run, start, 9199870637557782
1787080804.799520, NoOp Chain Depth 64 Size 0 Mode ref, Ref Stage 22, run, end, 9199870637578854
1787080804.799534, NoOp Chain Depth 64 Size 0 Mode ref, Ref Stage 23, run, start, 9199870637593446
1787080804.799554, NoOp Chain Depth 64 Size 0 Mode ref, Ref Stage 23, run, end, 9199870637613270
1787080804.799568, NoOp Chain Depth 64 Size 0 Mode ref, Ref Stage 24, run, start, 9199870637627766
1787080804.799588, NoOp Chain Depth 64 Size 0 Mode ref, Ref Stage 24, run, end, 9199870637647638
1787080804.799603, NoOp Chain Depth 64 Size 0 Mode ref, Ref Stage 25, run, start, 9199870637661846
1787080804.799622, NoOp Chain Depth 64 Size 0 Mode ref, Ref Stage 25, run, end, 9199870637681750
1787080804.799637, NoOp Chain Depth 64 Size 0 Mode ref, Ref Stage 26, run, start, 9199870637696070
1787080804.799657, NoOp Chain Depth 64 Size 0 Mode ref, Ref Stage 26, run, end, 9199870637715974
1787080804.799671, NoOp Chain Depth 64 Size 0 Mode ref, Ref Stage 27, run, start, 9199870637730198
1787080804.799692, NoOp Chain Depth 64 Size 0 Mode ref, Ref Stage 27, run, end, 9199870637751462
1787080804.799707, NoOp Chain Depth 64 Size 0 Mode ref, Ref Stage 28, run, start, 9199870637765878
1787080804.799728, NoOp Chain Depth 64 Size 0 Mode ref, Ref Stage 28, run, end, 9199870637787094
1787080804.799742, NoOp Chain Depth 64 Size 0 Mode ref, Ref Stage 29, run, start, 9199870637801670
1787080804.799762, NoOp Chain Depth 64 Size 0 Mode ref, Ref Stage 29, run, end, 9199870637821526
1787080804.799777, NoOp Chain Depth 64 Size 0 Mode ref, Ref Stage 30, run, start, 9199870637835990
1787080804.799797, NoOp Chain Depth 64 Size 0 Mode ref, Ref Stage 30, run, end, 9199870637855750
1787080804.799811, NoOp Chain Depth 64 Size 0 Mode ref, Ref Stage 31, run, start, 9199870637870054
1787080804.799830, NoOp Chain Depth 64 Size 0 Mode ref, Ref Stage 31, run, end, 9199870637889830
1787080804.799845, NoOp Chain Depth 64 Size 0 Mode ref, Ref Stage 32, run, start, 9199870637904118
1787080804.799867, NoOp Chain Depth 64 Size 0 Mode ref, Ref Stage 32, run, end, 9199870637926150
1787080804.799881, NoOp Chain Depth 64 Size 0 Mode ref, Ref Stage 33, run, start, 9199870637940582
1787080804.799901, NoOp Chain Depth 64 Size 0 Mode ref, Ref Stage 33, run, end, 9199870637960342
1787080804.799915, NoOp Chain Depth 64 Size 0 Mode ref, Ref Stage 34, run, start, 9199870637974486
1787080804.799936, NoOp Chain Depth 64 Size 0 Mode ref, Ref Stage 34, run, end, 9199870637995670
1787080804.799953, NoOp Chain Depth 64 Size 0 Mode ref, Ref Stage 35, run, start, 9199870638011846
1787080804.799973, NoOp Chain Depth 64 Size 0 Mode ref, Ref Stage 35, run, end, 9199870638032246
1787080804.799988, NoOp Chain Depth 64 Size 0 Mode ref, Ref Stage 36, run, start, 9199870638046758
1787080804.800007, NoOp Chain Depth 64 Size 0 Mode ref, Ref Stage 36, run, end, 9199870638066614
1787080804.800023, NoOp Chain Depth 64 Size 0 Mode ref, Ref Stage 37, run, start, 9199870638082438
1787080804.800043, NoOp Chain Depth 64 Size 0 Mode ref, Ref Stage 37, run, end, 9199870638102534
1787080804.800057, NoOp Chain Depth 64 Size 0 Mode ref, Ref Stage 38, run, start, 9199870638116710
1787080804.800078, NoOp Chain Depth 64 Size 0 Mode ref, Ref Stage 38, run, end, 9199870638137494
1787080804.800093, NoOp Chain Depth 64 Size 0 Mode ref, Ref Stage 39, run, start, 9199870638152214
1787080804.800115, NoOp Chain Depth 64 Size 0 Mode ref, Ref Stage 39, run, end, 9199870638174582
1787080804.800130, NoOp Chain Depth 64 Size 0 Mode ref, Ref Stage 40, run, start, 9199870638188934
1787080804.800149, NoOp Chain Depth 64 Size 0 Mode ref, Ref Stage 40, run, end, 9199870638208678
1787080804.800164, NoOp Chain Depth 64 Size 0 Mode ref, Ref Stage 41, run, start, 9199870638223174
1787080804.800646, NoOp Chain Depth 64 Size 0 Mode ref, Ref Stage 41, run, end, 9199870638706262
1787080804.800786, NoOp Chain Depth 64 Size 0 Mode ref, Ref Stage 42, run, start, 9199870638845190
1787080804.800808, NoOp Chain Depth 64 Size 0 Mode ref, Ref Stage 42, run, end, 9199870638867910
1787080804.800823, NoOp Chain Depth 64 Size 0 Mode ref, Ref Stage 43, run, start, 9199870638882774
1787080804.800844, NoOp Chain Depth 64 Size 0 Mode ref, Ref Stage 43, run, end, 9199870638903350
1787080804.800859, NoOp Chain Depth 64 Size 0 Mode ref, Ref Stage 44, run, start, 9199870638918310
1787080804.800879, NoOp Chain Depth 64 Size 0 Mode ref, Ref Stage 44, run, end, 9199870638938454
1787080804.800894, NoOp Chain Depth 64 Size 0 Mode ref, Ref Stage 45, run, start, 9199870638953126
1787080804.800914, NoOp Chain Depth 64 Size 0 Mode ref, Ref Stage 45, run, end, 9199870638972950
1787080804.800928, NoOp Chain Depth 64 Size 0 Mode ref, Ref Stage 46, run, start, 9199870638987702
1787080804.800950, NoOp Chain Depth 64 Size 0 Mode ref, Ref Stage 46, run, end, 9199870639009158
1787080804.800965, NoOp Chain Depth 64 Size 0 Mode ref, Ref Stage 47, run, start, 9199870639024566
1787080804.800985, NoOp Chain Depth 64 Size 0 Mode ref, Ref Stage 47, run, end, 9199870639044262
1787080804.800999, NoOp Chain Depth 64 Size 0 Mode ref, Ref Stage 48, run, start, 9199870639058886
1787080804.801021, NoOp Chain Depth 64 Size 0 Mode ref, Ref Stage 48, run, end, 9199870639080502
1787080804.801404, NoOp Chain Depth 64 Size 0 Mode ref, Ref Stage 49, run, start, 9199870639463734
1787080804.801427, NoOp Chain Depth 64 Size 0 Mode ref, Ref Stage 49, run, end, 9199870639486390
1787080804.801562, NoOp Chain Depth 64 Size 0 Mode ref, Ref Stage 50, run, start, 9199870639621078
1787080804.801583, NoOp Chain Depth 64 Size 0 Mode ref, Ref Stage 50, run, end, 9199870639642054
1787080804.801597, NoOp Chain Depth 64 Size 0 Mode ref, Ref Stage 51, run, start, 9199870639656950
1787080804.801618, NoOp Chain Depth 64 Size 0 Mode ref, Ref Stage 51, run, end, 9199870639677286
1787080804.801633, NoOp Chain Depth 64 Size 0 Mode ref, Ref Stage 52, run, start, 9199870639692198
1787080804.801653, NoOp Chain Depth 64 Size 0 Mode ref, Ref Stage 52, run, end, 9199870639712182
1787080804.801668, NoOp Chain Depth 64 Size 0 Mode ref, Ref Stage 53, run, start, 9199870639726790
1787080804.801687, NoOp Chain Depth 64 Size 0 Mode ref, Ref Stage 53, run, end, 9199870639746614
1787080804.801702, NoOp Chain Depth 64 Size 0 Mode ref, Ref Stage 54, run, start, 9199870639761030
1787080804.801721, NoOp Chain Depth 64 Size 0 Mode ref, Ref Stage 54, run, end, 9199870639780598
1787080804.801736, NoOp Chain Depth 64 Size 0 Mode ref, Ref Stage 55, run, start, 9199870639795190
1787080804.801756, NoOp Chain Depth 64 Size 0 Mode ref, Ref Stage 55, run, end, 9199870639815142
1787080804.801770, NoOp Chain Depth 64 Size 0 Mode ref, Ref Stage 56, run, start, 9199870639829638
1787080804.801791, NoOp Chain Depth 64 Size 0 Mode ref, Ref Stage 56, run, end, 9199870639850022
1787080804.801805, NoOp Chain Depth 64 Size 0 Mode ref, Ref Stage 57, run, start, 9199870639864758
1787080804.801826, NoOp Chain Depth 64 Size 0 Mode ref, Ref Stage 57, run, end, 9199870639884662
1787080804.801842, NoOp Chain Depth 64 Size 0 Mode ref, Ref Stage 58, run, start, 9199870639900966
1787080804.801864, NoOp Chain Depth 64 Size 0 Mode ref, Ref Stage 58, run, end, 9199870639923638
1787080804.801961, NoOp Chain Depth 64 Size 0 Mode ref, Ref Stage 59, run, start, 9199870640020598
1787080804.801983, NoOp Chain Depth 64 Size 0 Mode ref, Ref Stage 59, run, end, 9199870640042134
1787080804.801997, NoOp Chain Depth 64 Size 0 Mode ref, Ref Stage 60, run, start, 9199870640056678
1787080804.802019, NoOp Chain Depth 64 Size 0 Mode ref, Ref Stage 60, run, end, 9199870640078150
1787080804.802030, NoOp Chain Depth 64 Size 0 Mode ref, Ref Stage 61, run, start, 9199870640089766
1787080804.802061, NoOp Chain Depth 64 Size 0 Mode ref, Ref Stage 61, run, end, 9199870640120262
1787080804.802075, NoOp Chain Depth 64 Size 0 Mode ref, Ref Stage 62, run, start, 9199870640134646
1787080804.802097, NoOp Chain Depth 64 Size 0 Mode ref, Ref Stage 62, run, end, 9199870640156198
1787080804.802110, NoOp Chain Depth 64 Size 0 Mode ref, Ref Stage 63, run, start, 9199870640168982
1787080804.802139, NoOp Chain Depth 64 Size 0 Mode ref, Ref Stage 63, run, end, 9199870640198118
1787080804.802153, NoOp Chain Depth 64 Size 0 Mode ref, pipeline - train, run, end, 133668993445948472352680769632066769778, 1787080804.798654, 95, 1, 9199870640212710
1787080804.806851, NoOp Chain Depth 64 Size 0 Mode ref, pipeline - train, run, start, 158868998546276757222566615258817621724, 1787080804.802509, 96, 1, 9199870644913111
1787080804.806887, NoOp Chain Depth 64 Size 0 Mode ref, Ref Stage 0, run, start, 9199870644946967
1787080804.806910, NoOp Chain Depth 64 Size 0 Mode ref, Ref Stage 0, run, end, 9199870644969303
1787080804.806925, NoOp Chain Depth 64 Size 0 Mode ref, Ref Stage 1, run, start, 9199870644984407
1787080804.806947, NoOp Chain Depth 64 Size 0 Mode ref, Ref Stage 1, run, end, 9199870645006839
1787080804.806963, NoOp Chain Depth 64 Size 0 Mode ref, Ref Stage 2, run, start, 9199870645022007
1787080804.806983, NoOp Chain Depth 64 Size 0 Mode ref, Ref Stage 2, run, end, 9199870645042343
1787080804.806998, NoOp Chain Depth 64 Size 0 Mode ref, Ref Stage 3, run, start, 9199870645057191
1787080804.807018, NoOp Chain Depth 64 Size 0 Mode ref, Ref Stage 3, run, end, 9199870645077383
1787080804.807033, NoOp Chain Depth 64 Size 0 Mode ref, Ref Stage 4, run, start, 9199870645092199
1787080804.807055, NoOp Chain Depth 64 Size 0 Mode ref, Ref Stage 4, run, end, 9199870645114167
1787080804.807067, NoOp Chain Depth 64 Size 0 Mode ref, Ref Stage 5, run, start, 9199870645126183
1787080804.807097, NoOp Chain Depth 64 Size 0 Mode ref, Ref Stage 5, run, end, 9199870645156311
1787080804.807112, NoOp Chain Depth 64 Size 0 Mode ref, Ref Stage 6, run, start, 9199870645170855
1787080804.807132, NoOp Chain Depth 64 Size 0 Mode ref, Ref Stage 6, run, end, 9199870645190983
1787080804.807146, NoOp Chain Depth 64 Size 0 Mode ref, Ref Stage 7, run, start, 9199870645205479
1787080804.807167, NoOp Chain Depth 64 Size 0 Mode ref, Ref Stage 7, run, end, 9199870645225751
1787080804.807181, NoOp Chain Depth 64 Size 0 Mode ref, Ref Stage 8, run, start, 9199870645240183
1787080804.807201, NoOp Chain Depth 64 Size 0 Mode ref, Ref Stage 8, run, end, 9199870645260727
1787080804.807216, NoOp Chain Depth 64 Size 0 Mode ref, Ref Stage 9, run, start, 9199870645275591
1787080804.807237, NoOp Chain Depth 64 Size 0 Mode ref, Ref Stage 9, run, end, 9199870645295815
1787080804.807251, NoOp Chain Depth 64 Size 0 Mode ref, Ref Stage 10, run, start, 9199870645310247
1787080804.807271, NoOp Chain Depth 64 Size 0 Mode ref, Ref Stage 10, run, end, 9199870645330231
1787080804.807285, NoOp Chain Depth 64 Size 0 Mode ref, Ref Stage 11, run, start, 9199870645344647
1787080804.807305, NoOp Chain Depth 64 Size 0 Mode ref, Ref Stage 11, run, end, 9199870645364295
1787080804.807319, NoOp Chain Depth 64 Size 0 Mode ref, Ref Stage 12, run, start, 9199870645378775
1787080804.807339, NoOp Chain Depth 64 Size 0 Mode ref, Ref Stage 12, run, end, 9199870645398839
1787080804.807356, NoOp Chain Depth 64 Size 0 Mode ref, Ref Stage 13, run, start, 9199870645415607
1787080804.807376, NoOp Chain Depth 64 Size 0 Mode ref, Ref Stage 13, run, end, 9199870645435655
1787080804.807391, NoOp Chain Depth 64 Size 0 Mode ref, Ref Stage 14, run, start, 9199870645449991
1787080804.807411, NoOp Chain Depth 64 Size 0 Mode ref, Ref Stage 14, run, end, 9199870645469975
1787080804.807426, NoOp Chain Depth 64 Size 0 Mode ref, Ref Stage 15, run, start, 9199870645485191
1787080804.807446, NoOp Chain Depth 64 Size 0 Mode ref, Ref Stage 15, run, end, 9199870645505159
1787080804.807460, NoOp Chain Depth 64 Size 0 Mode ref, Ref Stage 16, run, start, 9199870645519671
1787080804.807480, NoOp Chain Depth 64 Size 0 Mode ref, Ref Stage 16, run, end, 9199870645539239
1787080804.807494, NoOp Chain Depth 64 Size 0 Mode ref, Ref Stage 17, run, start, 9199870645553687
1787080804.807514, NoOp Chain Depth 64 Size 0 Mode ref, Ref Stage 17, run, end, 9199870645573351
1787080804.807529, NoOp Chain Depth 64 Size 0 Mode ref, Ref Stage 18, run, start, 9199870645588023
1787080804.807549, NoOp Chain Depth 64 Size 0 Mode ref, Ref Stage 18, run, end, 9199870645607687
1787080804.807563, NoOp Chain Depth 64 Size 0 Mode ref, Ref Stage 19, run, start, 9199870645621975
1787080804.807582, NoOp Chain Depth 64 Size 0 Mode ref, Ref Stage 19, run, end, 9199870645641719
1787080804.807597, NoOp Chain Depth 64 Size 0 Mode ref, Ref Stage 20, run, start, 9199870645656279
1787080804.807618, NoOp Chain Depth 64 Size 0 Mode ref, Ref Stage 20, run, end, 9199870645677575
1787080804.807630, NoOp Chain Depth 64 Size 0 Mode ref, Ref Stage 21, run, start, 9199870645689031
1787080804.807660, NoOp Chain Depth 64 Size 0 Mode ref, Ref Stage 21, run, end, 9199870645718935
1787080804.807674, NoOp Chain Depth 64 Size 0 Mode ref, Ref Stage 22, run, start, 9199870645733623
1787080804.807694, NoOp Chain Depth 64 Size 0 Mode ref, Ref Stage 22, run, end, 9199870645753207
1787080804.807709, NoOp Chain Depth 64 Size 0 Mode ref, Ref Stage 23, run, start, 9199870645767687
1787080804.807728, NoOp Chain Depth 64 Size 0 Mode ref, Ref Stage 23, run, end, 9199870645787463
1787080804.807742, NoOp Chain Depth 64 Size 0 Mode ref, Ref Stage 24, run, start, 9199870645801943
1787080804.807762, NoOp Chain Depth 64 Size 0 Mode ref, Ref Stage 24, run, end, 9199870645821735
1787080804.807777, NoOp Chain Depth 64 Size 0 Mode ref, Ref Stage 25, run, start, 9199870645836279
1787080804.807797, NoOp Chain Depth 64 Size 0 Mode ref, Ref Stage 25, run, end, 9199870645856071
1787080804.807811, NoOp Chain Depth 64 Size 0 Mode ref, Ref Stage 26, run, start, 9199870645870615
1787080804.807831, NoOp Chain Depth 64 Size 0 Mode ref, Ref Stage 26, run, end, 9199870645890263
1787080804.807845, NoOp Chain Depth 64 Size 0 Mode ref, Ref Stage 27, run, start, 9199870645904407
1787080804.807865, NoOp Chain Depth 64 Size 0 Mode ref, Ref Stage 27, run, end, 9199870645924359
1787080804.807880, NoOp Chain Depth 64 Size 0 Mode ref, Ref Stage 28, run, start, 9199870645939015
1787080804.807900, NoOp Chain Depth 64 Size 0 Mode ref, Ref Stage 28, run, end, 9199870645959015
1787080804.807914, NoOp Chain Depth 64 Size 0 Mode ref, Ref Stage 29, run, start, 9199870645973495
1787080804.807934, NoOp Chain Depth 64 Size 0 Mode ref, Ref Stage 29, run, end, 9199870645993415
1787080804.807950, NoOp Chain Depth 64 Size 0 Mode ref, Ref Stage 30, run, start, 9199870646009207
1787080804.807971, NoOp Chain Depth 64 Size 0 Mode ref, Ref Stage 30, run, end, 9199870646029703
1787080804.807985, NoOp Chain Depth 64 Size 0 Mode ref, Ref Stage 31, run, start, 9199870646044295
1787080804.808005, NoOp Chain Depth 64 Size 0 Mode ref, Ref Stage 31, run, end, 9199870646064039
1787080804.808019, NoOp Chain Depth 64 Size 0 Mode ref, Ref Stage 32, run, start, 9199870646078423
1787080804.808039, NoOp Chain Depth 64 Size 0 Mode ref, Ref Stage 32, run, end, 9199870646097911
1787080804.808053, NoOp Chain Depth 64 Size 0 Mode ref, Ref Stage 33, run, start, 9199870646112135
1787080804.808073, NoOp Chain Depth 64 Size 0 Mode ref, Ref Stage 33, run, end, 9199870646131607
1787080804.808088, NoOp Chain Depth 64 Size 0 Mode ref, Ref Stage 34, run, start, 9199870646147271
1787080804.808108, NoOp Chain Depth 64 Size 0 Mode ref, Ref Stage 34, run, end, 9199870646167047
1787080804.808122, NoOp Chain Depth 64 Size 0 Mode ref, Ref Stage 35, run, start, 9199870646181559
1787080804.808142, NoOp Chain Depth 64 Size 0 Mode ref, Ref Stage 35, run, end, 9199870646201431
1787080804.808156, NoOp Chain Depth 64 Size 0 Mode ref, Ref Stage 36, run, start, 9199870646215671
1787080804.808176, NoOp Chain Depth 64 Size 0 Mode ref, Ref Stage 36, run, end, 9199870646235559
1787080804.808191, NoOp Chain Depth 64 Size 0 Mode ref, Ref Stage 37, run, start, 9199870646250103
1787080804.808211, NoOp Chain Depth 64 Size 0 Mode ref, Ref Stage 37, run, end, 9199870646269911
1787080804.808225, NoOp Chain Depth 64 Size 0 Mode ref, Ref Stage 38, run, start, 9199870646284279
1787080804.808245, NoOp Chain Depth 64 Size 0 Mode ref, Ref Stage 38, run, end, 9199870646304183
1787080804.808259, NoOp Chain Depth 64 Size 0 Mode ref, Ref Stage 39, run, start, 9199870646318695
1787080804.808279, NoOp Chain Depth 64 Size 0 Mode ref, Ref Stage 39, run, end, 9199870646338423
1787080804.808294, NoOp Chain Depth 64 Size 0 Mode ref, Ref Stage 40, run, start, 9199870646353223
1787080804.808316, NoOp Chain Depth 64 Size 0 Mode ref, Ref Stage 40, run, end, 9199870646375463
1787080804.808356, NoOp Chain Depth 64 Size 0 Mode ref, Ref Stage 41, run, start, 9199870646416343
1787080804.808509, NoOp Chain Depth 64 Size 0 Mode ref, Ref Stage 41, run, end, 9199870646568327
1787080804.808523, NoOp Chain Depth 64 Size 0 Mode ref, Ref Stage 42, run, start, 9199870646582903
1787080804.808544, NoOp Chain Depth 64 Size 0 Mode ref, Ref Stage 42, run, end, 9199870646603015
1787080804.808558, NoOp Chain Depth 64 Size 0 Mode ref, Ref Stage 43, run, start, 9199870646617719
1787080804.808578, NoOp Chain Depth 64 Size 0 Mode ref, Ref Stage 43, run, end, 9199870646637815
1787080804.808593, NoOp Chain Depth 64 Size 0 Mode ref, Ref Stage 44, run, start, 9199870646652343
1787080804.808613, NoOp Chain Depth 64 Size 0 Mode ref, Ref Stage 44, run, end, 9199870646671847
1787080804.808627, NoOp Chain Depth 64 Size 0 Mode ref, Ref Stage 45, run, start, 9199870646686423
1787080804.808647, NoOp Chain Depth 64 Size 0 Mode ref, Ref Stage 45, run, end, 9199870646706231
1787080804.808661, NoOp Chain Depth 64 Size 0 Mode ref, Ref Stage 46, run, start, 9199870646720871
1787080804.808681, NoOp Chain Depth 64 Size 0 Mode ref, Ref Stage 46, run, end, 9199870646740615
1787080804.808696, NoOp Chain Depth 64 Size 0 Mode ref, Ref Stage 47, run, start, 9199870646755271
1787080804.808718, NoOp Chain Depth 64 Size 0 Mode ref, Ref Stage 47, run, end, 9199870646777511
1787080804.808730, NoOp Chain Depth 64 Size 0 Mode ref, Ref Stage 48, run, start, 9199870646789127
1787080804.808759, NoOp Chain Depth 64 Size 0 Mode ref, Ref Stage 48, run, end, 9199870646818791
1787080804.808774, NoOp Chain Depth 64 Size 0 Mode ref, Ref Stage 49, run, start, 9199870646833159
1787080804.808793, NoOp Chain Depth 64 Size 0 Mode ref, Ref Stage 49, run, end, 9199870646852487
1787080804.808808, NoOp Chain Depth 64 Size 0 Mode ref, Ref Stage 50, run, start, 9199870646866983
1787080804.808827, NoOp Chain Depth 64 Size 0 Mode ref, Ref Stage 50, run, end, 9199870646886631
1787080804.808841, NoOp Chain Depth 64 Size 0 Mode ref, Ref Stage 51, run, start, 9199870646900791
1787080804.808862, NoOp Chain Depth 64 Size 0 Mode ref, Ref Stage 51, run, end, 9199870646920903
1787080804.808876, NoOp Chain Depth 64 Size 0 Mode ref, Ref Stage 52, run, start, 9199870646935575
1787080804.808897, NoOp Chain Depth 64 Size 0 Mode ref, Ref Stage 52, run, end, 9199870646956791
1787080804.808909, NoOp Chain Depth 64 Size 0 Mode ref, Ref Stage 53, run, start, 9199870646968327
1787080804.808939, NoOp Chain Depth 64 Size 0 Mode ref, Ref Stage 53, run, end, 9199870646998199
1787080804.808956, NoOp Chain Depth 64 Size 0 Mode ref, Ref Stage 54, run, start, 9199870647014935
1787080804.808976, NoOp Chain Depth 64 Size 0 Mode ref, Ref Stage 54, run, end, 9199870647034871
1787080804.808992, NoOp Chain Depth 64 Size 0 Mode ref, Ref Stage 55, run, start, 9199870647050935
1787080804.809012, NoOp Chain Depth 64 Size 0 Mode ref, Ref Stage 55, run, end, 9199870647070951
1787080804.809026, NoOp Chain Depth 64 Size 0 Mode ref, Ref Stage 56, run, start, 9199870647085447
1787080804.809046, NoOp Chain Depth 64 Size 0 Mode ref, Ref Stage 56, run, end, 9199870647105495
1787080804.809061, NoOp Chain Depth 64 Size 0 Mode ref, Ref Stage 57, run, start, 9199870647120007
1787080804.809081, NoOp Chain Depth 64 Size 0 Mode ref, Ref Stage 57, run, end, 9199870647140119
1787080804.809097, NoOp Chain Depth 64 Size 0 Mode ref, Ref Stage 58, run, start, 9199870647156391
1787080804.809591, NoOp Chain Depth 64 Size 0 Mode ref, Ref Stage 58, run, end, 9199870647651799
1787080804.809727, NoOp Chain Depth 64 Size 0 Mode ref, Ref Stage 59, run, start, 9199870647786439
1787080804.809749, NoOp Chain Depth 64 Size 0 Mode ref, Ref Stage 59, run, end, 9199870647808823
1787080804.809765, NoOp Chain Depth 64 Size 0 Mode ref, Ref Stage 60, run, start, 9199870647824247
1787080804.809785, NoOp Chain Depth 64 Size 0 Mode ref, Ref Stage 60, run, end, 9199870647844471
1787080804.809799, NoOp Chain Depth 64 Size 0 Mode ref, Ref Stage 61, run, start, 9199870647858855
1787080804.809819, NoOp Chain Depth 64 Size 0 Mode ref, Ref Stage 61, run, end, 9199870647878695
1787080804.809834, NoOp Chain Depth 64 Size 0 Mode ref, Ref Stage 62, run, start, 9199870647893127
1787080804.809854, NoOp Chain Depth 64 Size 0 Mode ref, Ref Stage 62, run, end, 9199870647913303
1787080804.809869, NoOp Chain Depth 64 Size 0 Mode ref, Ref Stage 63, run, start, 9199870647928183
1787080804.810247, NoOp Chain Depth 64 Size 0 Mode ref, Ref Stage 63, run, end, 9199870648306711
1787080804.810382, NoOp Chain Depth 64 Size 0 Mode ref, pipeline - train, run, end, 158868998546276757222566615258817621724, 1787080804.802509, 96, 1, 9199870648442167
1787080804.810424, NoOp Chain Depth 64 Size 0 Mode ref, pipeline - train, run, start, 321750187833147009906760416731832777481, 1787080804.810413, 97, 1, 9199870648483655
1787080804.810447, NoOp Chain Depth 64 Size 0 Mode ref, Ref Stage 0, run, start, 9199870648506183
1787080804.810467, NoOp Chain Depth 64 Size 0 Mode ref, Ref Stage 0, run, end, 9199870648527015
1787080804.810483, NoOp Chain Depth 64 Size 0 Mode ref, Ref Stage 1, run, start, 9199870648541847
1787080804.810503, NoOp Chain Depth 64 Size 0 Mode ref, Ref Stage 1, run, end, 9199870648561783
1787080804.810517, NoOp Chain Depth 64 Size 0 Mode ref, Ref Stage 2, run, start, 9199870648576359
1787080804.810537, NoOp Chain Depth 64 Size 0 Mode ref, Ref Stage 2, run, end, 9199870648596295
1787080804.810552, NoOp Chain Depth 64 Size 0 Mode ref, Ref Stage 3, run, start, 9199870648611175
1787080804.810572, NoOp Chain Depth 64 Size 0 Mode ref, Ref Stage 3, run, end, 9199870648631111
1787080804.810586, NoOp Chain Depth 64 Size 0 Mode ref, Ref Stage 4, run, start, 9199870648645815
1787080804.810606, NoOp Chain Depth 64 Size 0 Mode ref, Ref Stage 4, run, end, 9199870648666199
1787080804.810622, NoOp Chain Depth 64 Size 0 Mode ref, Ref Stage 5, run, start, 9199870648680647
1787080804.810642, NoOp Chain Depth 64 Size 0 Mode ref, Ref Stage 5, run, end, 9199870648700839
1787080804.810656, NoOp Chain Depth 64 Size 0 Mode ref, Ref Stage 6, run, start, 9199870648715463
1787080804.810677, NoOp Chain Depth 64 Size 0 Mode ref, Ref Stage 6, run, end, 9199870648735799
1787080804.810691, NoOp Chain Depth 64 Size 0 Mode ref, Ref Stage 7, run, start, 9199870648750711
1787080804.810713, NoOp Chain Depth 64 Size 0 Mode ref, Ref Stage 7, run, end, 9199870648772663
1787080804.810728, NoOp Chain Depth 64 Size 0 Mode ref, Ref Stage 8, run, start, 9199870648787623
1787080804.810748, NoOp Chain Depth 64 Size 0 Mode ref, Ref Stage 8, run, end, 9199870648807623
1787080804.810763, NoOp Chain Depth 64 Size 0 Mode ref, Ref Stage 9, run, start, 9199870648822247
1787080804.810783, NoOp Chain Depth 64 Size 0 Mode ref, Ref Stage 9, run, end, 9199870648842263
1787080804.810797, NoOp Chain Depth 64 Size 0 Mode ref, Ref Stage 10, run, start, 9199870648856903
1787080804.810821, NoOp Chain Depth 64 Size 0 Mode ref, Ref Stage 10, run, end, 9199870648879943
1787080804.810835, NoOp Chain Depth 64 Size 0 Mode ref, Ref Stage 11, run, start, 9199870648894631
1787080804.810857, NoOp Chain Depth 64 Size 0 Mode ref, Ref Stage 11, run, end, 9199870648916199
1787080804.810872, NoOp Chain Depth 64 Size 0 Mode ref, Ref Stage 12, run, start, 9199870648930887
1787080804.810891, NoOp Chain Depth 64 Size 0 Mode ref, Ref Stage 12, run, end, 9199870648950583
1787080804.810907, NoOp Chain Depth 64 Size 0 Mode ref, Ref Stage 13, run, start, 9199870648966263
1787080804.810927, NoOp Chain Depth 64 Size 0 Mode ref, Ref Stage 13, run, end, 9199870648986183
1787080804.810943, NoOp Chain Depth 64 Size 0 Mode ref, Ref Stage 14, run, start, 9199870649003912
1787080804.810965, NoOp Chain Depth 64 Size 0 Mode ref, Ref Stage 14, run, end, 9199870649024440
1787080804.810980, NoOp Chain Depth 64 Size 0 Mode ref, Ref Stage 15, run, start, 9199870649039000
1787080804.811000, NoOp Chain Depth 64 Size 0 Mode ref, Ref Stage 15, run, end, 9199870649058904
1787080804.811014, NoOp Chain Depth 64 Size 0 Mode ref, Ref Stage 16, run, start, 9199870649073480
1787080804.811034, NoOp Chain Depth 64 Size 0 Mode ref, Ref Stage 16, run, end, 9199870649093432
1787080804.811049, NoOp Chain Depth 64 Size 0 Mode ref, Ref Stage 17, run, start, 9199870649108776
1787080804.811069, NoOp Chain Depth 64 Size 0 Mode ref, Ref Stage 17, run, end, 9199870649128648
1787080804.811084, NoOp Chain Depth 64 Size 0 Mode ref, Ref Stage 18, run, start, 9199870649143336
1787080804.811105, NoOp Chain Depth 64 Size 0 Mode ref, Ref Stage 18, run, end, 9199870649164392
1787080804.811120, NoOp Chain Depth 64 Size 0 Mode ref, Ref Stage 19, run, start, 9199870649178840
1787080804.811139, NoOp Chain Depth 64 Size 0 Mode ref, Ref Stage 19, run, end, 9199870649198696
1787080804.811154, NoOp Chain Depth 64 Size 0 Mode ref, Ref Stage 20, run, start, 9199870649213176
1787080804.811175, NoOp Chain Depth 64 Size 0 Mode ref, Ref Stage 20, run, end, 9199870649234248
1787080804.811656, NoOp Chain Depth 64 Size 0 Mode ref, Ref Stage 21, run, start, 9199870649715464
1787080804.811795, NoOp Chain Depth 64 Size 0 Mode ref, Ref Stage 21, run, end, 9199870649854744
1787080804.811810, NoOp Chain Depth 64 Size 0 Mode ref, Ref Stage 22, run, start, 9199870649869720
1787080804.811831, NoOp Chain Depth 64 Size 0 Mode ref, Ref Stage 22, run, end, 9199870649889896
1787080804.811845, NoOp Chain Depth 64 Size 0 Mode ref, Ref Stage 23, run, start, 9199870649904600
1787080804.811866, NoOp Chain Depth 64 Size 0 Mode ref, Ref Stage 23, run, end, 9199870649924936
1787080804.811880, NoOp Chain Depth 64 Size 0 Mode ref, Ref Stage 24, run, start, 9199870649939784
1787080804.811900, NoOp Chain Depth 64 Size 0 Mode ref, Ref Stage 24, run, end, 9199870649959384
1787080804.811915, NoOp Chain Depth 64 Size 0 Mode ref, Ref Stage 25, run, start, 9199870649974056
1787080804.811935, NoOp Chain Depth 64 Size 0 Mode ref, Ref Stage 25, run, end, 9199870649993912
1787080804.811950, NoOp Chain Depth 64 Size 0 Mode ref, Ref Stage 26, run, start, 9199870650009816
1787080804.811971, NoOp Chain Depth 64 Size 0 Mode ref, Ref Stage 26, run, end, 9199870650030648
1787080804.811986, NoOp Chain Depth 64 Size 0 Mode ref, Ref Stage 27, run, start, 9199870650045240
1787080804.812006, NoOp Chain Depth 64 Size 0 Mode ref, Ref Stage 27, run, end, 9199870650065320
1787080804.812020, NoOp Chain Depth 64 Size 0 Mode ref, Ref Stage 28, run, start, 9199870650079624
1787080804.812040, NoOp Chain Depth 64 Size 0 Mode ref, Ref Stage 28, run, end, 9199870650099720
1787080804.812055, NoOp Chain Depth 64 Size 0 Mode ref, Ref Stage 29, run, start, 9199870650114232
1787080804.812076, NoOp Chain Depth 64 Size 0 Mode ref, Ref Stage 29, run, end, 9199870650135448
1787080804.812091, NoOp Chain Depth 64 Size 0 Mode ref, Ref Stage 30, run, start, 9199870650149912
1787080804.812112, NoOp Chain Depth 64 Size 0 Mode ref, Ref Stage 30, run, end, 9199870650171128
1787080804.812130, NoOp Chain Depth 64 Size 0 Mode ref, Ref Stage 31, run, start, 9199870650189976
1787080804.812152, NoOp Chain Depth 64 Size 0 Mode ref, Ref Stage 31, run, end, 9199870650211240
1787080804.812164, NoOp Chain Depth 64 Size 0 Mode ref, Ref Stage 32, run, start, 9199870650222904
1787080804.812195, NoOp Chain Depth 64 Size 0 Mode ref, Ref Stage 32, run, end, 9199870650254040
1787080804.812207, NoOp Chain Depth 64 Size 0 Mode ref, Ref Stage 33, run, start, 9199870650265848
1787080804.812238, NoOp Chain Depth 64 Size 0 Mode ref, Ref Stage 33, run, end, 9199870650296856
1787080804.812252, NoOp Chain Depth 64 Size 0 Mode ref, Ref Stage 34, run, start, 9199870650311176
1787080804.812272, NoOp Chain Depth 64 Size 0 Mode ref, Ref Stage 34, run, end, 9199870650330808
1787080804.812287, NoOp Chain Depth 64 Size 0 Mode ref, Ref Stage 35, run, start, 9199870650346296
1787080804.812307, NoOp Chain Depth 64 Size 0 Mode ref, Ref Stage 35, run, end, 9199870650366120
1787080804.812321, NoOp Chain Depth 64 Size 0 Mode ref, Ref Stage 36, run, start, 9199870650380456
1787080804.812341, NoOp Chain Depth 64 Size 0 Mode ref, Ref Stage 36, run, end, 9199870650400088
1787080804.812355, NoOp Chain Depth 64 Size 0 Mode ref, Ref Stage 37, run, start, 9199870650414424
1787080804.812375, NoOp Chain Depth 64 Size 0 Mode ref, Ref Stage 37, run, end, 9199870650434360
1787080804.812391, NoOp Chain Depth 64 Size 0 Mode ref, Ref Stage 38, run, start, 9199870650450072
1787080804.812410, NoOp Chain Depth 64 Size 0 Mode ref, Ref Stage 38, run, end, 9199870650469624
1787080804.812425, NoOp Chain Depth 64 Size 0 Mode ref, Ref Stage 39, run, start, 9199870650483944
1787080804.812444, NoOp Chain Depth 64 Size 0 Mode ref, Ref Stage 39, run, end, 9199870650503512
1787080804.812459, NoOp Chain Depth 64 Size 0 Mode ref, Ref Stage 40, run, start, 9199870650518696
1787080804.812482, NoOp Chain Depth 64 Size 0 Mode ref, Ref Stage 40, run, end, 9199870650541096
1787080804.812494, NoOp Chain Depth 64 Size 0 Mode ref, Ref Stage 41, run, start, 9199870650553464
1787080804.813004, NoOp Chain Depth 64 Size 0 Mode ref, Ref Stage 41, run, end, 9199870651064168
1787080804.813020, NoOp Chain Depth 64 Size 0 Mode ref, Ref Stage 42, run, start, 9199870651079736
1787080804.813042, NoOp Chain Depth 64 Size 0 Mode ref, Ref Stage 42, run, end, 9199870651100920
1787080804.813056, NoOp Chain Depth 64 Size 0 Mode ref, Ref Stage 43, run, start, 9199870651115800
1787080804.813077, NoOp Chain Depth 64 Size 0 Mode ref, Ref Stage 43, run, end, 9199870651136200
1787080804.813092, NoOp Chain Depth 64 Size 0 Mode ref, Ref Stage 44, run, start, 9199870651150952
1787080804.813112, NoOp Chain Depth 64 Size 0 Mode ref, Ref Stage 44, run, end, 9199870651170888
1787080804.813126, NoOp Chain Depth 64 Size 0 Mode ref, Ref Stage 45, run, start, 9199870651185352
1787080804.813146, NoOp Chain Depth 64 Size 0 Mode ref, Ref Stage 45, run, end, 9199870651205144
1787080804.813160, NoOp Chain Depth 64 Size 0 Mode ref, Ref Stage 46, run, start, 9199870651219864
1787080804.813180, NoOp Chain Depth 64 Size 0 Mode ref, Ref Stage 46, run, end, 9199870651239688
1787080804.813195, NoOp Chain Depth 64 Size 0 Mode ref, Ref Stage 47, run, start, 9199870651254376
1787080804.813216, NoOp Chain Depth 64 Size 0 Mode ref, Ref Stage 47, run, end, 9199870651275576
1787080804.813228, NoOp Chain Depth 64 Size 0 Mode ref, Ref Stage 48, run, start, 9199870651287368
1787080804.813712, NoOp Chain Depth 64 Size 0 Mode ref, Ref Stage 48, run, end, 9199870651773096
1787080804.813851, NoOp Chain Depth 64 Size 0 Mode ref, Ref Stage 49, run, start, 9199870651910376
1787080804.813872, NoOp Chain Depth 64 Size 0 Mode ref, Ref Stage 49, run, end, 9199870651931288
1787080804.813886, NoOp Chain Depth 64 Size 0 Mode ref, Ref Stage 50, run, start, 9199870651945800
1787080804.813906, NoOp Chain Depth 64 Size 0 Mode ref, Ref Stage 50, run, end, 9199870651965720
1787080804.813921, NoOp Chain Depth 64 Size 0 Mode ref, Ref Stage 51, run, start, 9199870651980200
1787080804.813941, NoOp Chain Depth 64 Size 0 Mode ref, Ref Stage 51, run, end, 9199870651999976
1787080804.813960, NoOp Chain Depth 64 Size 0 Mode ref, Ref Stage 52, run, start, 9199870652019288
1787080804.813980, NoOp Chain Depth 64 Size 0 Mode ref, Ref Stage 52, run, end, 9199870652039304
1787080804.813994, NoOp Chain Depth 64 Size 0 Mode ref, Ref Stage 53, run, start, 9199870652053704
1787080804.814014, NoOp Chain Depth 64 Size 0 Mode ref, Ref Stage 53, run, end, 9199870652073784
1787080804.814029, NoOp Chain Depth 64 Size 0 Mode ref, Ref Stage 54, run, start, 9199870652088424
1787080804.814051, NoOp Chain Depth 64 Size 0 Mode ref, Ref Stage 54, run, end, 9199870652109848
1787080804.814062, NoOp Chain Depth 64 Size 0 Mode ref, Ref Stage 55, run, start, 9199870652121560
1787080804.814093, NoOp Chain Depth 64 Size 0 Mode ref, Ref Stage 55, run, end, 9199870652151784
1787080804.814107, NoOp Chain Depth 64 Size 0 Mode ref, Ref Stage 56, run, start, 9199870652166456
1787080804.814127, NoOp Chain Depth 64 Size 0 Mode ref, Ref Stage 56, run, end, 9199870652186712
1787080804.814143, NoOp Chain Depth 64 Size 0 Mode ref, Ref Stage 57, run, start, 9199870652202248
1787080804.814164, NoOp Chain Depth 64 Size 0 Mode ref, Ref Stage 57, run, end, 9199870652223816
1787080804.814176, NoOp Chain Depth 64 Size 0 Mode ref, Ref Stage 58, run, start, 9199870652235576
1787080804.814210, NoOp Chain Depth 64 Size 0 Mode ref, Ref Stage 58, run, end, 9199870652269464
1787080804.814226, NoOp Chain Depth 64 Size 0 Mode ref, Ref Stage 59, run, start, 9199870652285192
1787080804.814246, NoOp Chain Depth 64 Size 0 Mode ref, Ref Stage 59, run, end, 9199870652305432
1787080804.814260, NoOp Chain Depth 64 Size 0 Mode ref, Ref Stage 60, run, start, 9199870652319976
1787080804.814281, NoOp Chain Depth 64 Size 0 Mode ref, Ref Stage 60, run, end, 9199870652339800
1787080804.814295, NoOp Chain Depth 64 Size 0 Mode ref, Ref Stage 61, run, start, 9199870652354328
1787080804.814315, NoOp Chain Depth 64 Size 0 Mode ref, Ref Stage 61, run, end, 9199870652373704
1787080804.814330, NoOp Chain Depth 64 Size 0 Mode ref, Ref Stage 62, run, start, 9199870652389144
1787080804.814707, NoOp Chain Depth 64 Size 0 Mode ref, Ref Stage 62, run, end, 9199870652766632
1787080804.814840, NoOp Chain Depth 64 Size 0 Mode ref, Ref Stage 63, run, start, 9199870652899432
1787080804.814861, NoOp Chain Depth 64 Size 0 Mode ref, Ref Stage 63, run, end, 9199870652920184
1787080804.814876, NoOp Chain Depth 64 Size 0 Mode ref, pipeline - train, run, end, 321750187833147009906760416731832777481, 1787080804.810413, 97, 1, 9199870652935368
1787080804.814914, NoOp Chain Depth 64 Size 0 Mode ref, pipeline - train, run, start, 180539971968497608695805272171653366728, 1787080804.814904, 98, 1, 9199870652974152
1787080804.814937, NoOp Chain Depth 64 Size 0 Mode ref, Ref Stage 0, run, start, 9199870652996584
1787080804.814960, NoOp Chain Depth 64 Size 0 Mode ref, Ref Stage 0, run, end, 9199870653019048
1787080804.814976, NoOp Chain Depth 64 Size 0 Mode ref, Ref Stage 1, run, start, 9199870653034808
1787080804.814996, NoOp Chain Depth 64 Size 0 Mode ref, Ref Stage 1, run, end, 9199870653055576
1787080804.815011, NoOp Chain Depth 64 Size 0 Mode ref, Ref Stage 2, run, start, 9199870653070504
1787080804.815032, NoOp Chain Depth 64 Size 0 Mode ref, Ref Stage 2, run, end, 9199870653091208
1787080804.815047, NoOp Chain Depth 64 Size 0 Mode ref, Ref Stage 3, run, start, 9199870653106424
1787080804.815068, NoOp Chain Depth 64 Size 0 Mode ref, Ref Stage 3, run, end, 9199870653127160
1787080804.815083, NoOp Chain Depth 64 Size 0 Mode ref, Ref Stage 4, run, start, 9199870653141848
1787080804.815104, NoOp Chain Depth 64 Size 0 Mode ref, Ref Stage 4, run, end, 9199870653162808
1787080804.815121, NoOp Chain Depth 64 Size 0 Mode ref, Ref Stage 5, run, start, 9199870653180248
1787080804.815142, NoOp Chain Depth 64 Size 0 Mode ref, Ref Stage 5, run, end, 9199870653200888
1787080804.815156, NoOp Chain Depth 64 Size 0 Mode ref, Ref Stage 6, run, start, 9199870653215752
1787080804.815178, NoOp Chain Depth 64 Size 0 Mode ref, Ref Stage 6, run, end, 9199870653237880
1787080804.815191, NoOp Chain Depth 64 Size 0 Mode ref, Ref Stage 7, run, start, 9199870653250008
1787080804.815227, NoOp Chain Depth 64 Size 0 Mode ref, Ref Stage 7, run, end, 9199870653286232
1787080804.815242, NoOp Chain Depth 64 Size 0 Mode ref, Ref Stage 8, run, start, 9199870653301256
1787080804.815263, NoOp Chain Depth 64 Size 0 Mode ref, Ref Stage 8, run, end, 9199870653321752
1787080804.815277, NoOp Chain Depth 64 Size 0 Mode ref, Ref Stage 9, run, start, 9199870653336408
1787080804.815298, NoOp Chain Depth 64 Size 0 Mode ref, Ref Stage 9, run, end, 9199870653357080
1787080804.815312, NoOp Chain Depth 64 Size 0 Mode ref, Ref Stage 10, run, start, 9199870653371816
1787080804.815334, NoOp Chain Depth 64 Size 0 Mode ref, Ref Stage 10, run, end, 9199870653393464
1787080804.815349, NoOp Chain Depth 64 Size 0 Mode ref, Ref Stage 11, run, start, 9199870653408360
1787080804.815369, NoOp Chain Depth 64 Size 0 Mode ref, Ref Stage 11, run, end, 9199870653428968
1787080804.815385, NoOp Chain Depth 64 Size 0 Mode ref, Ref Stage 12, run, start, 9199870653444520
1787080804.815406, NoOp Chain Depth 64 Size 0 Mode ref, Ref Stage 12, run, end, 9199870653464792
1787080804.815420, NoOp Chain Depth 64 Size 0 Mode ref, Ref Stage 13, run, start, 9199870653479416
1787080804.815442, NoOp Chain Depth 64 Size 0 Mode ref, Ref Stage 13, run, end, 9199870653501720
1787080804.815457, NoOp Chain Depth 64 Size 0 Mode ref, Ref Stage 14, run, start, 9199870653516312
1787080804.815477, NoOp Chain Depth 64 Size 0 Mode ref, Ref Stage 14, run, end, 9199870653536184
1787080804.815492, NoOp Chain Depth 64 Size 0 Mode ref, Ref Stage 15, run, start, 9199870653550776
1787080804.815512, NoOp Chain Depth 64 Size 0 Mode ref, Ref Stage 15, run, end, 9199870653571720
1787080804.815527, NoOp Chain Depth 64 Size 0 Mode ref, Ref Stage 16, run, start, 9199870653586344
1787080804.815547, NoOp Chain Depth 64 Size 0 Mode ref, Ref Stage 16, run, end, 9199870653606264
1787080804.815562, NoOp Chain Depth 64 Size 0 Mode ref, Ref Stage 17, run, start, 9199870653620728
1787080804.815581, NoOp Chain Depth 64 Size 0 Mode ref, Ref Stage 17, run, end, 9199870653641864
1787080804.815597, NoOp Chain Depth 64 Size 0 Mode ref, Ref Stage 18, run, start, 9199870653656312
1787080804.815617, NoOp Chain Depth 64 Size 0 Mode ref, Ref Stage 18, run, end, 9199870653676024
1787080804.815631, NoOp Chain Depth 64 Size 0 Mode ref, Ref Stage 19, run, start, 9199870653690744
1787080804.815653, NoOp Chain Depth 64 Size 0 Mode ref, Ref Stage 19, run, end, 9199870653712136
1787080804.816137, NoOp Chain Depth 64 Size 0 Mode ref, Ref Stage 20, run, start, 9199870654196904
1787080804.816160, NoOp Chain Depth 64 Size 0 Mode ref, Ref Stage 20, run, end, 9199870654219336
1787080804.816299, NoOp Chain Depth 64 Size 0 Mode ref, Ref Stage 21, run, start, 9199870654359144
1787080804.816321, NoOp Chain Depth 64 Size 0 Mode ref, Ref Stage 21, run, end, 9199870654380712
1787080804.816336, NoOp Chain Depth 64 Size 0 Mode ref, Ref Stage 22, run, start, 9199870654395544
1787080804.816356, NoOp Chain Depth 64 Size 0 Mode ref, Ref Stage 22, run, end, 9199870654415896
1787080804.816371, NoOp Chain Depth 64 Size 0 Mode ref, Ref Stage 23, run, start, 9199870654430552
1787080804.816391, NoOp Chain Depth 64 Size 0 Mode ref, Ref Stage 23, run, end, 9199870654450568
1787080804.816406, NoOp Chain Depth 64 Size 0 Mode ref, Ref Stage 24, run, start, 9199870654465368
1787080804.816427, NoOp Chain Depth 64 Size 0 Mode ref, Ref Stage 24, run, end, 9199870654485720
1787080804.816441, NoOp Chain Depth 64 Size 0 Mode ref, Ref Stage 25, run, start, 9199870654500600
1787080804.816461, NoOp Chain Depth 64 Size 0 Mode ref, Ref Stage 25, run, end, 9199870654520616
1787080804.816476, NoOp Chain Depth 64 Size 0 Mode ref, Ref Stage 26, run, start, 9199870654535240
1787080804.816496, NoOp Chain Depth 64 Size 0 Mode ref, Ref Stage 26, run, end, 9199870654555176
1787080804.816510, NoOp Chain Depth 64 Size 0 Mode ref, Ref Stage 27, run, start, 9199870654569976
1787080804.816531, NoOp Chain Depth 64 Size 0 Mode ref, Ref Stage 27, run, end, 9199870654590184
1787080804.816548, NoOp Chain Depth 64 Size 0 Mode ref, Ref Stage 28, run, start, 9199870654607480
1787080804.816568, NoOp Chain Depth 64 Size 0 Mode ref, Ref Stage 28, run, end, 9199870654627608
1787080804.816583, NoOp Chain Depth 64 Size 0 Mode ref, Ref Stage 29, run, start, 9199870654642056
1787080804.816603, NoOp Chain Depth 64 Size 0 Mode ref, Ref Stage 29, run, end, 9199870654662184
1787080804.816617, NoOp Chain Depth 64 Size 0 Mode ref, Ref Stage 30, run, start, 9199870654676504
1787080804.816637, NoOp Chain Depth 64 Size 0 Mode ref, Ref Stage 30, run, end, 9199870654696296
1787080804.816652, NoOp Chain Depth 64 Size 0 Mode ref, Ref Stage 31, run, start, 9199870654710744
1787080804.816673, NoOp Chain Depth 64 Size 0 Mode ref, Ref Stage 31, run, end, 9199870654731816
1787080804.816687, NoOp Chain Depth 64 Size 0 Mode ref, Ref Stage 32, run, start, 9199870654746360
1787080804.816709, NoOp Chain Depth 64 Size 0 Mode ref, Ref Stage 32, run, end, 9199870654768024
1787080804.816721, NoOp Chain Depth 64 Size 0 Mode ref, Ref Stage 33, run, start, 9199870654780824
1787080804.820869, NoOp Chain Depth 64 Size 0 Mode ref, Ref Stage 33, run, end, 9199870658929465
1787080804.820886, NoOp Chain Depth 64 Size 0 Mode ref, Ref Stage 34, run, start, 9199870658945497
1787080804.820907, NoOp Chain Depth 64 Size 0 Mode ref, Ref Stage 34, run, end, 9199870658966201
1787080804.820922, NoOp Chain Depth 64 Size 0 Mode ref, Ref Stage 35, run, start, 9199870658980953
1787080804.820942, NoOp Chain Depth 64 Size 0 Mode ref, Ref Stage 35, run, end, 9199870659003001
1787080804.820958, NoOp Chain Depth 64 Size 0 Mode ref, Ref Stage 36, run, start, 9199870659017881
1787080804.820979, NoOp Chain Depth 64 Size 0 Mode ref, Ref Stage 36, run, end, 9199870659038617
1787080804.820994, NoOp Chain Depth 64 Size 0 Mode ref, Ref Stage 37, run, start, 9199870659053417
1787080804.821015, NoOp Chain Depth 64 Size 0 Mode ref, Ref Stage 37, run, end, 9199870659073865
1787080804.821029, NoOp Chain Depth 64 Size 0 Mode ref, Ref Stage 38, run, start, 9199870659088313
1787080804.821049, NoOp Chain Depth 64 Size 0 Mode ref, Ref Stage 38, run, end, 9199870659108153
1787080804.821064, NoOp Chain Depth 64 Size 0 Mode ref, Ref Stage 39, run, start, 9199870659123145
1787080804.821084, NoOp Chain Depth 64 Size 0 Mode ref, Ref Stage 39, run, end, 9199870659143065
1787080804.821098, NoOp Chain Depth 64 Size 0 Mode ref, Ref Stage 40, run, start, 9199870659157449
1787080804.821118, NoOp Chain Depth 64 Size 0 Mode ref, Ref Stage 40, run, end, 9199870659177449
1787080804.821133, NoOp Chain Depth 64 Size 0 Mode ref, Ref Stage 41, run, start, 9199870659192121
1787080804.821153, NoOp Chain Depth 64 Size 0 Mode ref, Ref Stage 41, run, end, 9199870659212313
1787080804.821168, NoOp Chain Depth 64 Size 0 Mode ref, Ref Stage 42, run, start, 9199870659227177
1787080804.821188, NoOp Chain Depth 64 Size 0 Mode ref, Ref Stage 42, run, end, 9199870659247481
1787080804.821203, NoOp Chain Depth 64 Size 0 Mode ref, Ref Stage 43, run, start, 9199870659262345
1787080804.821223, NoOp Chain Depth 64 Size 0 Mode ref, Ref Stage 43, run, end, 9199870659282697
1787080804.821238, NoOp Chain Depth 64 Size 0 Mode ref, Ref Stage 44, run, start, 9199870659297385
1787080804.821258, NoOp Chain Depth 64 Size 0 Mode ref, Ref Stage 44, run, end, 9199870659317369
1787080804.821272, NoOp Chain Depth 64 Size 0 Mode ref, Ref Stage 45, run, start, 9199870659331865
1787080804.821293, NoOp Chain Depth 64 Size 0 Mode ref, Ref Stage 45, run, end, 9199870659352025
1787080804.821308, NoOp Chain Depth 64 Size 0 Mode ref, Ref Stage 46, run, start, 9199870659366937
1787080804.821329, NoOp Chain Depth 64 Size 0 Mode ref, Ref Stage 46, run, end, 9199870659388377
1787080804.821341, NoOp Chain Depth 64 Size 0 Mode ref, Ref Stage 47, run, start, 9199870659400185
1787080804.821371, NoOp Chain Depth 64 Size 0 Mode ref, Ref Stage 47, run, end, 9199870659429817
1787080804.821385, NoOp Chain Depth 64 Size 0 Mode ref, Ref Stage 48, run, start, 9199870659444457
1787080804.821407, NoOp Chain Depth 64 Size 0 Mode ref, Ref Stage 48, run, end, 9199870659465977
1787080804.821418, NoOp Chain Depth 64 Size 0 Mode ref, Ref Stage 49, run, start, 9199870659477625
1787080804.821450, NoOp Chain Depth 64 Size 0 Mode ref, Ref Stage 49, run, end, 9199870659509385
1787080804.821465, NoOp Chain Depth 64 Size 0 Mode ref, Ref Stage 50, run, start, 9199870659524121
1787080804.821485, NoOp Chain Depth 64 Size 0 Mode ref, Ref Stage 50, run, end, 9199870659543913
1787080804.821499, NoOp Chain Depth 64 Size 0 Mode ref, Ref Stage 51, run, start, 9199870659558409
1787080804.821519, NoOp Chain Depth 64 Size 0 Mode ref, Ref Stage 51, run, end, 9199870659578297
1787080804.821535, NoOp Chain Depth 64 Size 0 Mode ref, Ref Stage 52, run, start, 9199870659594265
1787080804.821555, NoOp Chain Depth 64 Size 0 Mode ref, Ref Stage 52, run, end, 9199870659614281
1787080804.821569, NoOp Chain Depth 64 Size 0 Mode ref, Ref Stage 53, run, start, 9199870659628393
1787080804.821590, NoOp Chain Depth 64 Size 0 Mode ref, Ref Stage 53, run, end, 9199870659649945
1787080804.821602, NoOp Chain Depth 64 Size 0 Mode ref, Ref Stage 54, run, start, 9199870659661497
1787080804.822052, NoOp Chain Depth 64 Size 0 Mode ref, Ref Stage 54, run, end, 9199870660112377
1787080804.822069, NoOp Chain Depth 64 Size 0 Mode ref, Ref Stage 55, run, start, 9199870660128089
1787080804.822089, NoOp Chain Depth 64 Size 0 Mode ref, Ref Stage 55, run, end, 9199870660148233
1787080804.822104, NoOp Chain Depth 64 Size 0 Mode ref, Ref Stage 56, run, start, 9199870660162905
1787080804.822123, NoOp Chain Depth 64 Size 0 Mode ref, Ref Stage 56, run, end, 9199870660182713
1787080804.822138, NoOp Chain Depth 64 Size 0 Mode ref, Ref Stage 57, run, start, 9199870660197081
1787080804.822159, NoOp Chain Depth 64 Size 0 Mode ref, Ref Stage 57, run, end, 9199870660218633
1787080804.822171, NoOp Chain Depth 64 Size 0 Mode ref, Ref Stage 58, run, start, 9199870660230201
1787080804.822664, NoOp Chain Depth 64 Size 0 Mode ref, Ref Stage 58, run, end, 9199870660723481
1787080804.822679, NoOp Chain Depth 64 Size 0 Mode ref, Ref Stage 59, run, start, 9199870660738777
1787080804.822700, NoOp Chain Depth 64 Size 0 Mode ref, Ref Stage 59, run, end, 9199870660759209
1787080804.822714, NoOp Chain Depth 64 Size 0 Mode ref, Ref Stage 60, run, start, 9199870660773689
1787080804.822734, NoOp Chain Depth 64 Size 0 Mode ref, Ref Stage 60, run, end, 9199870660793545
1787080804.822749, NoOp Chain Depth 64 Size 0 Mode ref, Ref Stage 61, run, start, 9199870660807897
1787080804.822768, NoOp Chain Depth 64 Size 0 Mode ref, Ref Stage 61, run, end, 9199870660827721
1787080804.822783, NoOp Chain Depth 64 Size 0 Mode ref, Ref Stage 62, run, start, 9199870660841977
1787080804.822804, NoOp Chain Depth 64 Size 0 Mode ref, Ref Stage 62, run, end, 9199870660863177
1787080804.822816, NoOp Chain Depth 64 Size 0 Mode ref, Ref Stage 63, run, start, 9199870660875097
1787080804.822845, NoOp Chain Depth 64 Size 0 Mode ref, Ref Stage 63, run, end, 9199870660904361
1787080804.822860, NoOp Chain Depth 64 Size 0 Mode ref, pipeline - train, run, end, 180539971968497608695805272171653366728, 1787080804.814904, 98, 1, 9199870660919225
1787080804.822896, NoOp Chain Depth 64 Size 0 Mode ref, pipeline - train, run, start, 166195281350283516243043372611330525460, 1787080804.822885, 99, 1, 9199870660955577
1787080804.822918, NoOp Chain Depth 64 Size 0 Mode ref, Ref Stage 0, run, start, 9199870660977833
1787080804.822939, NoOp Chain Depth 64 Size 0 Mode ref, Ref Stage 0, run, end, 9199870660998217
1787080804.822956, NoOp Chain Depth 64 Size 0 Mode ref, Ref Stage 1, run, start, 9199870661015097
1787080804.822976, NoOp Chain Depth 64 Size 0 Mode ref, Ref Stage 1, run, end, 9199870661035177
1787080804.822990, NoOp Chain Depth 64 Size 0 Mode ref, Ref Stage 2, run, start, 9199870661049657
1787080804.823010, NoOp Chain Depth 64 Size 0 Mode ref, Ref Stage 2, run, end, 9199870661069689
1787080804.823025, NoOp Chain Depth 64 Size 0 Mode ref, Ref Stage 3, run, start, 9199870661084281
1787080804.823045, NoOp Chain Depth 64 Size 0 Mode ref, Ref Stage 3, run, end, 9199870661104233
1787080804.823060, NoOp Chain Depth 64 Size 0 Mode ref, Ref Stage 4, run, start, 9199870661118697
1787080804.823082, NoOp Chain Depth 64 Size 0 Mode ref, Ref Stage 4, run, end, 9199870661141049
1787080804.823096, NoOp Chain Depth 64 Size 0 Mode ref, Ref Stage 5, run, start, 9199870661155593
1787080804.823116, NoOp Chain Depth 64 Size 0 Mode ref, Ref Stage 5, run, end, 9199870661175513
1787080804.823131, NoOp Chain Depth 64 Size 0 Mode ref, Ref Stage 6, run, start, 9199870661190169
1787080804.823151, NoOp Chain Depth 64 Size 0 Mode ref, Ref Stage 6, run, end, 9199870661209913
1787080804.823165, NoOp Chain Depth 64 Size 0 Mode ref, Ref Stage 7, run, start, 9199870661224281
1787080804.823185, NoOp Chain Depth 64 Size 0 Mode ref, Ref Stage 7, run, end, 9199870661244089
1787080804.823199, NoOp Chain Depth 64 Size 0 Mode ref, Ref Stage 8, run, start, 9199870661258297
1787080804.823219, NoOp Chain Depth 64 Size 0 Mode ref, Ref Stage 8, run, end, 9199870661278073
1787080804.823234, NoOp Chain Depth 64 Size 0 Mode ref, Ref Stage 9, run, start, 9199870661292857
1787080804.823253, NoOp Chain Depth 64 Size 0 Mode ref, Ref Stage 9, run, end, 9199870661312793
1787080804.823268, NoOp Chain Depth 64 Size 0 Mode ref, Ref Stage 10, run, start, 9199870661327193
1787080804.823288, NoOp Chain Depth 64 Size 0 Mode ref, Ref Stage 10, run, end, 9199870661347513
1787080804.823303, NoOp Chain Depth 64 Size 0 Mode ref, Ref Stage 11, run, start, 9199870661362057
1787080804.823323, NoOp Chain Depth 64 Size 0 Mode ref, Ref Stage 11, run, end, 9199870661382089
1787080804.823337, NoOp Chain Depth 64 Size 0 Mode ref, Ref Stage 12, run, start, 9199870661396617
1787080804.823357, NoOp Chain Depth 64 Size 0 Mode ref, Ref Stage 12, run, end, 9199870661416297
1787080804.823371, NoOp Chain Depth 64 Size 0 Mode ref, Ref Stage 13, run, start, 9199870661430809
1787080804.823391, NoOp Chain Depth 64 Size 0 Mode ref, Ref Stage 13, run, end, 9199870661450361
1787080804.823406, NoOp Chain Depth 64 Size 0 Mode ref, Ref Stage 14, run, start, 9199870661464777
1787080804.823425, NoOp Chain Depth 64 Size 0 Mode ref, Ref Stage 14, run, end, 9199870661484441
1787080804.823439, NoOp Chain Depth 64 Size 0 Mode ref, Ref Stage 15, run, start, 9199870661498713
1787080804.823459, NoOp Chain Depth 64 Size 0 Mode ref, Ref Stage 15, run, end, 9199870661518185
1787080804.823473, NoOp Chain Depth 64 Size 0 Mode ref, Ref Stage 16, run, start, 9199870661532217
1787080804.823492, NoOp Chain Depth 64 Size 0 Mode ref, Ref Stage 16, run, end, 9199870661551641
1787080804.823507, NoOp Chain Depth 64 Size 0 Mode ref, Ref Stage 17, run, start, 9199870661566041
1787080804.823526, NoOp Chain Depth 64 Size 0 Mode ref, Ref Stage 17, run, end, 9199870661585433
1787080804.823541, NoOp Chain Depth 64 Size 0 Mode ref, Ref Stage 18, run, start, 9199870661600361
1787080804.823562, NoOp Chain Depth 64 Size 0 Mode ref, Ref Stage 18, run, end, 9199870661621417
1787080804.823574, NoOp Chain Depth 64 Size 0 Mode ref, Ref Stage 19, run, start, 9199870661632825
1787080804.823602, NoOp Chain Depth 64 Size 0 Mode ref, Ref Stage 19, run, end, 9199870661661849
1787080804.823617, NoOp Chain Depth 64 Size 0 Mode ref, Ref Stage 20, run, start, 9199870661676009
1787080804.823636, NoOp Chain Depth 64 Size 0 Mode ref, Ref Stage 20, run, end, 9199870661695433
1787080804.823651, NoOp Chain Depth 64 Size 0 Mode ref, Ref Stage 21, run, start, 9199870661709897
1787080804.823671, NoOp Chain Depth 64 Size 0 Mode ref, Ref Stage 21, run, end, 9199870661729657
1787080804.823685, NoOp Chain Depth 64 Size 0 Mode ref, Ref Stage 22, run, start, 9199870661744137
1787080804.823704, NoOp Chain Depth 64 Size 0 Mode ref, Ref Stage 22, run, end, 9199870661763465
1787080804.823719, NoOp Chain Depth 64 Size 0 Mode ref, Ref Stage 23, run, start, 9199870661778265
1787080804.823740, NoOp Chain Depth 64 Size 0 Mode ref, Ref Stage 23, run, end, 9199870661799689
1787080804.823752, NoOp Chain Depth 64 Size 0 Mode ref, Ref Stage 24, run, start, 9199870661811385
1787080804.823782, NoOp Chain Depth 64 Size 0 Mode ref, Ref Stage 24, run, end, 9199870661841033
1787080804.823796, NoOp Chain Depth 64 Size 0 Mode ref, Ref Stage 25, run, start, 9199870661855545
1787080804.823817, NoOp Chain Depth 64 Size 0 Mode ref, Ref Stage 25, run, end, 9199870661876697
1787080804.823832, NoOp Chain Depth 64 Size 0 Mode ref, Ref Stage 26, run, start, 9199870661890825
1787080804.823851, NoOp Chain Depth 64 Size 0 Mode ref, Ref Stage 26, run, end, 9199870661910281
1787080804.823865, NoOp Chain Depth 64 Size 0 Mode ref, Ref Stage 27, run, start, 9199870661924409
1787080804.823884, NoOp Chain Depth 64 Size 0 Mode ref, Ref Stage 27, run, end, 9199870661943945
1787080804.823899, NoOp Chain Depth 64 Size 0 Mode ref, Ref Stage 28, run, start, 9199870661958281
1787080804.823919, NoOp Chain Depth 64 Size 0 Mode ref, Ref Stage 28, run, end, 9199870661977929
1787080804.823933, NoOp Chain Depth 64 Size 0 Mode ref, Ref Stage 29, run, start, 9199870661992089
1787080804.823954, NoOp Chain Depth 64 Size 0 Mode ref, Ref Stage 29, run, end, 9199870662012841
1787080804.823969, NoOp Chain Depth 64 Size 0 Mode ref, Ref Stage 30, run, start, 9199870662028569
1787080804.823989, NoOp Chain Depth 64 Size 0 Mode ref, Ref Stage 30, run, end, 9199870662047993
1787080804.824004, NoOp Chain Depth 64 Size 0 Mode ref, Ref Stage 31, run, start, 9199870662063081
1787080804.824025, NoOp Chain Depth 64 Size 0 Mode ref, Ref Stage 31, run, end, 9199870662084121
1787080804.824036, NoOp Chain Depth 64 Size 0 Mode ref, Ref Stage 32, run, start, 9199870662095721
1787080804.824066, NoOp Chain Depth 64 Size 0 Mode ref, Ref Stage 32, run, end, 9199870662125497
1787080804.824081, NoOp Chain Depth 64 Size 0 Mode ref, Ref Stage 33, run, start, 9199870662140057
1787080804.824103, NoOp Chain Depth 64 Size 0 Mode ref, Ref Stage 33, run, end, 9199870662162489
1787080804.824117, NoOp Chain Depth 64 Size 0 Mode ref, Ref Stage 34, run, start, 9199870662177017
1787080804.824138, NoOp Chain Depth 64 Size 0 Mode ref, Ref Stage 34, run, end, 9199870662197321
1787080804.824152, NoOp Chain Depth 64 Size 0 Mode ref, Ref Stage 35, run, start, 9199870662211945
1787080804.824173, NoOp Chain Depth 64 Size 0 Mode ref, Ref Stage 35, run, end, 9199870662232249
1787080804.824187, NoOp Chain Depth 64 Size 0 Mode ref, Ref Stage 36, run, start, 9199870662246793
1787080804.824208, NoOp Chain Depth 64 Size 0 Mode ref, Ref Stage 36, run, end, 9199870662266937
1787080804.824222, NoOp Chain Depth 64 Size 0 Mode ref, Ref Stage 37, run, start, 9199870662281497
1787080804.824244, NoOp Chain Depth 64 Size 0 Mode ref, Ref Stage 37, run, end, 9199870662303257
1787080804.824258, NoOp Chain Depth 64 Size 0 Mode ref, Ref Stage 38, run, start, 9199870662317769
1787080804.824279, NoOp Chain Depth 64 Size 0 Mode ref, Ref Stage 38, run, end, 9199870662337721
1787080804.824293, NoOp Chain Depth 64 Size 0 Mode ref, Ref Stage 39, run, start, 9199870662352313
1787080804.874995, NoOp Chain Depth 64 Size 0 Mode ref, Ref Stage 39, run, end, 9199870713073967
1787080804.875892, NoOp Chain Depth 64 Size 0 Mode ref, Ref Stage 40, run, start, 9199870713955247
1787080804.875939, NoOp Chain Depth 64 Size 0 Mode ref, Ref Stage 40, run, end, 9199870713999279
1787080804.875963, NoOp Chain Depth 64 Size 0 Mode ref, Ref Stage 41, run, start, 9199870714023375
1787080804.875988, NoOp Chain Depth 64 Size 0 Mode ref, Ref Stage 41, run, end, 9199870714047807
1787080804.876005, NoOp Chain Depth 64 Size 0 Mode ref, Ref Stage 42, run, start, 9199870714065375
1787080804.876031, NoOp Chain Depth 64 Size 0 Mode ref, Ref Stage 42, run, end, 9199870714090127
1787080804.876048, NoOp Chain Depth 64 Size 0 Mode ref, Ref Stage 43, run, start, 9199870714107887
1787080804.876072, NoOp Chain Depth 64 Size 0 Mode ref, Ref Stage 43, run, end, 9199870714130975
1787080804.876089, NoOp Chain Depth 64 Size 0 Mode ref, Ref Stage 44, run, start, 9199870714149663
1787080804.876113, NoOp Chain Depth 64 Size 0 Mode ref, Ref Stage 44, run, end, 9199870714171887
1787080804.876130, NoOp Chain Depth 64 Size 0 Mode ref, Ref Stage 45, run, start, 9199870714189471
1787080804.876152, NoOp Chain Depth 64 Size 0 Mode ref, Ref Stage 45, run, end, 9199870714211455
1787080804.876179, NoOp Chain Depth 64 Size 0 Mode ref, Ref Stage 46, run, start, 9199870714237967
1787080804.876204, NoOp Chain Depth 64 Size 0 Mode ref, Ref Stage 46, run, end, 9199870714263583
1787080804.876218, NoOp Chain Depth 64 Size 0 Mode ref, Ref Stage 47, run, start, 9199870714277999
1787080804.876252, NoOp Chain Depth 64 Size 0 Mode ref, Ref Stage 47, run, end, 9199870714310911
1787080804.876268, NoOp Chain Depth 64 Size 0 Mode ref, Ref Stage 48, run, start, 9199870714328143
1787080804.876294, NoOp Chain Depth 64 Size 0 Mode ref, Ref Stage 48, run, end, 9199870714353167
1787080804.876307, NoOp Chain Depth 64 Size 0 Mode ref, Ref Stage 49, run, start, 9199870714366735
1787080804.876339, NoOp Chain Depth 64 Size 0 Mode ref, Ref Stage 49, run, end, 9199870714398351
1787080804.876356, NoOp Chain Depth 64 Size 0 Mode ref, Ref Stage 50, run, start, 9199870714415455
1787080804.876377, NoOp Chain Depth 64 Size 0 Mode ref, Ref Stage 50, run, end, 9199870714436495
1787080804.876394, NoOp Chain Depth 64 Size 0 Mode ref, Ref Stage 51, run, start, 9199870714453535
1787080804.876415, NoOp Chain Depth 64 Size 0 Mode ref, Ref Stage 51, run, end, 9199870714474879
1787080804.876433, NoOp Chain Depth 64 Size 0 Mode ref, Ref Stage 52, run, start, 9199870714492895
1787080804.876458, NoOp Chain Depth 64 Size 0 Mode ref, Ref Stage 52, run, end, 9199870714517439
1787080804.876471, NoOp Chain Depth 64 Size 0 Mode ref, Ref Stage 53, run, start, 9199870714530847
1787080804.876503, NoOp Chain Depth 64 Size 0 Mode ref, Ref Stage 53, run, end, 9199870714561743
1787080804.876519, NoOp Chain Depth 64 Size 0 Mode ref, Ref Stage 54, run, start, 9199870714578255
1787080804.876540, NoOp Chain Depth 64 Size 0 Mode ref, Ref Stage 54, run, end, 9199870714599311
1787080804.876556, NoOp Chain Depth 64 Size 0 Mode ref, Ref Stage 55, run, start, 9199870714615775
1787080804.876577, NoOp Chain Depth 64 Size 0 Mode ref, Ref Stage 55, run, end, 9199870714636655
1787080804.876594, NoOp Chain Depth 64 Size 0 Mode ref, Ref Stage 56, run, start, 9199870714653039
1787080804.876618, NoOp Chain Depth 64 Size 0 Mode ref, Ref Stage 56, run, end, 9199870714677231
1787080804.876631, NoOp Chain Depth 64 Size 0 Mode ref, Ref Stage 57, run, start, 9199870714691055
1787080804.876663, NoOp Chain Depth 64 Size 0 Mode ref, Ref Stage 57, run, end, 9199870714722543
1787080804.876679, NoOp Chain Depth 64 Size 0 Mode ref, Ref Stage 58, run, start, 9199870714738415
1787080804.876700, NoOp Chain Depth 64 Size 0 Mode ref, Ref Stage 58, run, end, 9199870714759295
1787080804.876716, NoOp Chain Depth 64 Size 0 Mode ref, Ref Stage 59, run, start, 9199870714775983
1787080804.876737, NoOp Chain Depth 64 Size 0 Mode ref, Ref Stage 59, run, end, 9199870714796591
1787080804.876753, NoOp Chain Depth 64 Size 0 Mode ref, Ref Stage 60, run, start, 9199870714812575
1787080804.876774, NoOp Chain Depth 64 Size 0 Mode ref, Ref Stage 60, run, end, 9199870714832895
1787080804.876789, NoOp Chain Depth 64 Size 0 Mode ref, Ref Stage 61, run, start, 9199870714848671
1787080804.876810, NoOp Chain Depth 64 Size 0 Mode ref, Ref Stage 61, run, end, 9199870714869103
1787080804.876826, NoOp Chain Depth 64 Size 0 Mode ref, Ref Stage 62, run, start, 9199870714884895
1787080804.876848, NoOp Chain Depth 64 Size 0 Mode ref, Ref Stage 62, run, end, 9199870714907775
1787080804.876861, NoOp Chain Depth 64 Size 0 Mode ref, Ref Stage 63, run, start, 9199870714920671
1787080804.876893, NoOp Chain Depth 64 Size 0 Mode ref, Ref Stage 63, run, end, 9199870714951951
1787080804.876911, NoOp Chain Depth 64 Size 0 Mode ref, pipeline - train, run, end, 166195281350283516243043372611330525460, 1787080804.822885, 99, 1, 9199870714970559
1787080804.876968, NoOp Chain Depth 64 Size 0 Mode ref, pipeline - train, run, start, 319398745691391889929482550567353586297, 1787080804.876947, 100, 1, 9199870715028623
1787080804.876996, NoOp Chain Depth 64 Size 0 Mode ref, Ref Stage 0, run, start, 9199870715055551
1787080804.877018, NoOp Chain Depth 64 Size 0 Mode ref, Ref Stage 0, run, end, 9199870715077679
1787080804.877035, NoOp Chain Depth 64 Size 0 Mode ref, Ref Stage 1, run, start, 9199870715094495
1787080804.877059, NoOp Chain Depth 64 Size 0 Mode ref, Ref Stage 1, run, end, 9199870715118303
1787080804.877075, NoOp Chain Depth 64 Size 0 Mode ref, Ref Stage 2, run, start, 9199870715134383
1787080804.877096, NoOp Chain Depth 64 Size 0 Mode ref, Ref Stage 2, run, end, 9199870715155935
1787080804.877112, NoOp Chain Depth 64 Size 0 Mode ref, Ref Stage 3, run, start, 9199870715172127
1787080804.877134, NoOp Chain Depth 64 Size 0 Mode ref, Ref Stage 3, run, end, 9199870715193663
1787080804.877150, NoOp Chain Depth 64 Size 0 Mode ref, Ref Stage 4, run, start, 9199870715209375
1787080804.877171, NoOp Chain Depth 64 Size 0 Mode ref, Ref Stage 4, run, end, 9199870715230479
1787080804.877187, NoOp Chain Depth 64 Size 0 Mode ref, Ref Stage 5, run, start, 9199870715246511
1787080804.877208, NoOp Chain Depth 64 Size 0 Mode ref, Ref Stage 5, run, end, 9199870715267807
1787080804.877224, NoOp Chain Depth 64 Size 0 Mode ref, Ref Stage 6, run, start, 9199870715284031
1787080804.877246, NoOp Chain Depth 64 Size 0 Mode ref, Ref Stage 6, run, end, 9199870715304879
1787080804.877262, NoOp Chain Depth 64 Size 0 Mode ref, Ref Stage 7, run, start, 9199870715321135
1787080804.877286, NoOp Chain Depth 64 Size 0 Mode ref, Ref Stage 7, run, end, 9199870715345023
1787080804.877299, NoOp Chain Depth 64 Size 0 Mode ref, Ref Stage 8, run, start, 9199870715358383
1787080804.877331, NoOp Chain Depth 64 Size 0 Mode ref, Ref Stage 8, run, end, 9199870715389599
1787080804.877346, NoOp Chain Depth 64 Size 0 Mode ref, Ref Stage 9, run, start, 9199870715405903
1787080804.877368, NoOp Chain Depth 64 Size 0 Mode ref, Ref Stage 9, run, end, 9199870715427455
1787080804.877384, NoOp Chain Depth 64 Size 0 Mode ref, Ref Stage 10, run, start, 9199870715443439
1787080804.877406, NoOp Chain Depth 64 Size 0 Mode ref, Ref Stage 10, run, end, 9199870715464895
1787080804.877421, NoOp Chain Depth 64 Size 0 Mode ref, Ref Stage 11, run, start, 9199870715480911
1787080804.877443, NoOp Chain Depth 64 Size 0 Mode ref, Ref Stage 11, run, end, 9199870715501823
1787080804.877458, NoOp Chain Depth 64 Size 0 Mode ref, Ref Stage 12, run, start, 9199870715518127
1787080804.877480, NoOp Chain Depth 64 Size 0 Mode ref, Ref Stage 12, run, end, 9199870715538927
1787080804.877495, NoOp Chain Depth 64 Size 0 Mode ref, Ref Stage 13, run, start, 9199870715554959
1787080804.877517, NoOp Chain Depth 64 Size 0 Mode ref, Ref Stage 13, run, end, 9199870715576223
1787080804.877533, NoOp Chain Depth 64 Size 0 Mode ref, Ref Stage 14, run, start, 9199870715592815
1787080804.877554, NoOp Chain Depth 64 Size 0 Mode ref, Ref Stage 14, run, end, 9199870715613167
1787080804.877570, NoOp Chain Depth 64 Size 0 Mode ref, Ref Stage 15, run, start, 9199870715629455
1787080804.877592, NoOp Chain Depth 64 Size 0 Mode ref, Ref Stage 15, run, end, 9199870715650703
1787080804.877607, NoOp Chain Depth 64 Size 0 Mode ref, Ref Stage 16, run, start, 9199870715666655
1787080804.877628, NoOp Chain Depth 64 Size 0 Mode ref, Ref Stage 16, run, end, 9199870715687375
1787080804.877644, NoOp Chain Depth 64 Size 0 Mode ref, Ref Stage 17, run, start, 9199870715703007
1787080804.877665, NoOp Chain Depth 64 Size 0 Mode ref, Ref Stage 17, run, end, 9199870715723743
1787080804.877680, NoOp Chain Depth 64 Size 0 Mode ref, Ref Stage 18, run, start, 9199870715739871
1787080804.877701, NoOp Chain Depth 64 Size 0 Mode ref, Ref Stage 18, run, end, 9199870715760543
1787080804.877718, NoOp Chain Depth 64 Size 0 Mode ref, Ref Stage 19, run, start, 9199870715778319
1787080804.877870, NoOp Chain Depth 64 Size 0 Mode ref, Ref Stage 19, run, end, 9199870715930783
1787080804.877887, NoOp Chain Depth 64 Size 0 Mode ref, Ref Stage 20, run, start, 9199870715946687
1787080804.878060, NoOp Chain Depth 64 Size 0 Mode ref, Ref Stage 20, run, end, 9199870716119775
1787080804.878077, NoOp Chain Depth 64 Size 0 Mode ref, Ref Stage 21, run, start, 9199870716136863
1787080804.878100, NoOp Chain Depth 64 Size 0 Mode ref, Ref Stage 21, run, end, 9199870716159391
1787080804.878116, NoOp Chain Depth 64 Size 0 Mode ref, Ref Stage 22, run, start, 9199870716175951
1787080804.878141, NoOp Chain Depth 64 Size 0 Mode ref, Ref Stage 22, run, end, 9199870716200047
1787080804.878158, NoOp Chain Depth 64 Size 0 Mode ref, Ref Stage 23, run, start, 9199870716217679
1787080804.878182, NoOp Chain Depth 64 Size 0 Mode ref, Ref Stage 23, run, end, 9199870716241343
1787080804.878194, NoOp Chain Depth 64 Size 0 Mode ref, Ref Stage 24, run, start, 9199870716254095
1787080804.878226, NoOp Chain Depth 64 Size 0 Mode ref, Ref Stage 24, run, end, 9199870716284975
1787080804.878241, NoOp Chain Depth 64 Size 0 Mode ref, Ref Stage 25, run, start, 9199870716301215
1787080804.878263, NoOp Chain Depth 64 Size 0 Mode ref, Ref Stage 25, run, end, 9199870716322175
1787080804.878279, NoOp Chain Depth 64 Size 0 Mode ref, Ref Stage 26, run, start, 9199870716339007
1787080804.878300, NoOp Chain Depth 64 Size 0 Mode ref, Ref Stage 26, run, end, 9199870716359807
1787080804.878317, NoOp Chain Depth 64 Size 0 Mode ref, Ref Stage 27, run, start, 9199870716376015
1787080804.878338, NoOp Chain Depth 64 Size 0 Mode ref, Ref Stage 27, run, end, 9199870716397311
1787080804.878354, NoOp Chain Depth 64 Size 0 Mode ref, Ref Stage 28, run, start, 9199870716413375
1787080804.878375, NoOp Chain Depth 64 Size 0 Mode ref, Ref Stage 28, run, end, 9199870716434223
1787080804.878391, NoOp Chain Depth 64 Size 0 Mode ref, Ref Stage 29, run, start, 9199870716450367
1787080804.878412, NoOp Chain Depth 64 Size 0 Mode ref, Ref Stage 29, run, end, 9199870716471343
1787080804.878428, NoOp Chain Depth 64 Size 0 Mode ref, Ref Stage 30, run, start, 9199870716487551
1787080804.878452, NoOp Chain Depth 64 Size 0 Mode ref, Ref Stage 30, run, end, 9199870716510943
1787080804.878464, NoOp Chain Depth 64 Size 0 Mode ref, Ref Stage 31, run, start, 9199870716524015
1787080804.878495, NoOp Chain Depth 64 Size 0 Mode ref, Ref Stage 31, run, end, 9199870716554847
1787080804.878511, NoOp Chain Depth 64 Size 0 Mode ref, Ref Stage 32, run, start, 9199870716570591
1787080804.878532, NoOp Chain Depth 64 Size 0 Mode ref, Ref Stage 32, run, end, 9199870716591487
1787080804.878548, NoOp Chain Depth 64 Size 0 Mode ref, Ref Stage 33, run, start, 9199870716607327
1787080804.878569, NoOp Chain Depth 64 Size 0 Mode ref, Ref Stage 33, run, end, 9199870716627999
1787080804.878584, NoOp Chain Depth 64 Size 0 Mode ref, Ref Stage 34, run, start, 9199870716643695
1787080804.878605, NoOp Chain Depth 64 Size 0 Mode ref, Ref Stage 34, run, end, 9199870716664319
1787080804.878621, NoOp Chain Depth 64 Size 0 Mode ref, Ref Stage 35, run, start, 9199870716680703
1787080804.878642, NoOp Chain Depth 64 Size 0 Mode ref, Ref Stage 35, run, end, 9199870716701359
1787080804.878658, NoOp Chain Depth 64 Size 0 Mode ref, Ref Stage 36, run, start, 9199870716716959
1787080804.878679, NoOp Chain Depth 64 Size 0 Mode ref, Ref Stage 36, run, end, 9199870716738063
1787080804.878695, NoOp Chain Depth 64 Size 0 Mode ref, Ref Stage 37, run, start, 9199870716754367
1787080804.878716, NoOp Chain Depth 64 Size 0 Mode ref, Ref Stage 37, run, end, 9199870716775023
1787080804.878731, NoOp Chain Depth 64 Size 0 Mode ref, Ref Stage 38, run, start, 9199870716790927
1787080804.878752, NoOp Chain Depth 64 Size 0 Mode ref, Ref Stage 38, run, end, 9199870716810703
1787080804.878766, NoOp Chain Depth 64 Size 0 Mode ref, Ref Stage 39, run, start, 9199870716825359
1787080804.878788, NoOp Chain Depth 64 Size 0 Mode ref, Ref Stage 39, run, end, 9199870716847087
1787080804.878800, NoOp Chain Depth 64 Size 0 Mode ref, Ref Stage 40, run, start, 9199870716859039
1787080804.878829, NoOp Chain Depth 64 Size 0 Mode ref, Ref Stage 40, run, end, 9199870716888543
1787080804.878844, NoOp Chain Depth 64 Size 0 Mode ref, Ref Stage 41, run, start, 9199870716902863
1787080804.878863, NoOp Chain Depth 64 Size 0 Mode ref, Ref Stage 41, run, end, 9199870716922575
1787080804.878878, NoOp Chain Depth 64 Size 0 Mode ref, Ref Stage 42, run, start, 9199870716937103
1787080804.878898, NoOp Chain Depth 64 Size 0 Mode ref, Ref Stage 42, run, end, 9199870716957567
1787080804.878913, NoOp Chain Depth 64 Size 0 Mode ref, Ref Stage 43, run, start, 9199870716972303
1787080804.878935, NoOp Chain Depth 64 Size 0 Mode ref, Ref Stage 43, run, end, 9199870716994367
1787080804.878953, NoOp Chain Depth 64 Size 0 Mode ref, Ref Stage 44, run, start, 9199870717011695
1787080804.878973, NoOp Chain Depth 64 Size 0 Mode ref, Ref Stage 44, run, end, 9199870717032687
1787080804.878989, NoOp Chain Depth 64 Size 0 Mode ref, Ref Stage 45, run, start, 9199870717049007
1787080804.879009, NoOp Chain Depth 64 Size 0 Mode ref, Ref Stage 45, run, end, 9199870717068943
1787080804.879024, NoOp Chain Depth 64 Size 0 Mode ref, Ref Stage 46, run, start, 9199870717083327
1787080804.879045, NoOp Chain Depth 64 Size 0 Mode ref, Ref Stage 46, run, end, 9199870717104831
1787080804.879057, NoOp Chain Depth 64 Size 0 Mode ref, Ref Stage 47, run, start, 9199870717116655
1787080804.879591, NoOp Chain Depth 64 Size 0 Mode ref, Ref Stage 47, run, end, 9199870717651343
1787080804.879608, NoOp Chain Depth 64 Size 0 Mode ref, Ref Stage 48, run, start, 9199870717667375
1787080804.879629, NoOp Chain Depth 64 Size 0 Mode ref, Ref Stage 48, run, end, 9199870717687871
1787080804.879643, NoOp Chain Depth 64 Size 0 Mode ref, Ref Stage 49, run, start, 9199870717702607
1787080804.879663, NoOp Chain Depth 64 Size 0 Mode ref, Ref Stage 49, run, end, 9199870717722511
1787080804.879678, NoOp Chain Depth 64 Size 0 Mode ref, Ref Stage 50, run, start, 9199870717737599
1787080804.879699, NoOp Chain Depth 64 Size 0 Mode ref, Ref Stage 50, run, end, 9199870717758543
1787080804.879714, NoOp Chain Depth 64 Size 0 Mode ref, Ref Stage 51, run, start, 9199870717773471
1787080804.879734, NoOp Chain Depth 64 Size 0 Mode ref, Ref Stage 51, run, end, 9199870717793311
1787080804.879749, NoOp Chain Depth 64 Size 0 Mode ref, Ref Stage 52, run, start, 9199870717808191
1787080804.879771, NoOp Chain Depth 64 Size 0 Mode ref, Ref Stage 52, run, end, 9199870717830383
1787080804.879783, NoOp Chain Depth 64 Size 0 Mode ref, Ref Stage 53, run, start, 9199870717842367
1787080804.880413, NoOp Chain Depth 64 Size 0 Mode ref, Ref Stage 53, run, end, 9199870718473599
1787080804.880431, NoOp Chain Depth 64 Size 0 Mode ref, Ref Stage 54, run, start, 9199870718490575
1787080804.880452, NoOp Chain Depth 64 Size 0 Mode ref, Ref Stage 54, run, end, 9199870718511279
1787080804.880467, NoOp Chain Depth 64 Size 0 Mode ref, Ref Stage 55, run, start, 9199870718526671
1787080804.880488, NoOp Chain Depth 64 Size 0 Mode ref, Ref Stage 55, run, end, 9199870718547199
1787080804.880503, NoOp Chain Depth 64 Size 0 Mode ref, Ref Stage 56, run, start, 9199870718562239
1787080804.880525, NoOp Chain Depth 64 Size 0 Mode ref, Ref Stage 56, run, end, 9199870718584607
1787080804.880537, NoOp Chain Depth 64 Size 0 Mode ref, Ref Stage 57, run, start, 9199870718596895
1787080804.880568, NoOp Chain Depth 64 Size 0 Mode ref, Ref Stage 57, run, end, 9199870718627455
1787080804.880583, NoOp Chain Depth 64 Size 0 Mode ref, Ref Stage 58, run, start, 9199870718642847
1787080804.880605, NoOp Chain Depth 64 Size 0 Mode ref, Ref Stage 58, run, end, 9199870718663631
1787080804.880620, NoOp Chain Depth 64 Size 0 Mode ref, Ref Stage 59, run, start, 9199870718679247
1787080804.880641, NoOp Chain Depth 64 Size 0 Mode ref, Ref Stage 59, run, end, 9199870718699887
1787080804.880656, NoOp Chain Depth 64 Size 0 Mode ref, Ref Stage 60, run, start, 9199870718714863
1787080804.880676, NoOp Chain Depth 64 Size 0 Mode ref, Ref Stage 60, run, end, 9199870718735679
1787080804.880691, NoOp Chain Depth 64 Size 0 Mode ref, Ref Stage 61, run, start, 9199870718750735
1787080804.880712, NoOp Chain Depth 64 Size 0 Mode ref, Ref Stage 61, run, end, 9199870718770911
1787080804.880727, NoOp Chain Depth 64 Size 0 Mode ref, Ref Stage 62, run, start, 9199870718786271
1787080804.880750, NoOp Chain Depth 64 Size 0 Mode ref, Ref Stage 62, run, end, 9199870718809535
1787080804.881138, NoOp Chain Depth 64 Size 0 Mode ref, Ref Stage 63, run, start, 9199870719197935
1787080804.881289, NoOp Chain Depth 64 Size 0 Mode ref, Ref Stage 63, run, end, 9199870719348127
1787080804.881308, NoOp Chain Depth 64 Size 0 Mode ref, pipeline - train, run, end, 319398745691391889929482550567353586297, 1787080804.876947, 100, 1, 9199870719367231
1787080804.881363, NoOp Chain Depth 64 Size 0 Mode ref, pipeline - train, run, start, 320987493796020332427573852198737042772, 1787080804.881335, 101, 1, 9199870719423167
1787080804.881396, NoOp Chain Depth 64 Size 0 Mode ref, Ref Stage 0, run, start, 9199870719455535
1787080804.881418, NoOp Chain Depth 64 Size 0 Mode ref, Ref Stage 0, run, end, 9199870719476719
1787080804.881433, NoOp Chain Depth 64 Size 0 Mode ref, Ref Stage 1, run, start, 9199870719492319
1787080804.881453, NoOp Chain Depth 64 Size 0 Mode ref, Ref Stage 1, run, end, 9199870719512751
1787080804.881469, NoOp Chain Depth 64 Size 0 Mode ref, Ref Stage 2, run, start, 9199870719527967
1787080804.881489, NoOp Chain Depth 64 Size 0 Mode ref, Ref Stage 2, run, end, 9199870719548095
1787080804.881504, NoOp Chain Depth 64 Size 0 Mode ref, Ref Stage 3, run, start, 9199870719563135
1787080804.881525, NoOp Chain Depth 64 Size 0 Mode ref, Ref Stage 3, run, end, 9199870719583791
1787080804.881540, NoOp Chain Depth 64 Size 0 Mode ref, Ref Stage 4, run, start, 9199870719598911
1787080804.881560, NoOp Chain Depth 64 Size 0 Mode ref, Ref Stage 4, run, end, 9199870719619439
1787080804.881575, NoOp Chain Depth 64 Size 0 Mode ref, Ref Stage 5, run, start, 9199870719634399
1787080804.881595, NoOp Chain Depth 64 Size 0 Mode ref, Ref Stage 5, run, end, 9199870719654639
1787080804.881610, NoOp Chain Depth 64 Size 0 Mode ref, Ref Stage 6, run, start, 9199870719670063
1787080804.881631, NoOp Chain Depth 64 Size 0 Mode ref, Ref Stage 6, run, end, 9199870719690239
1787080804.881646, NoOp Chain Depth 64 Size 0 Mode ref, Ref Stage 7, run, start, 9199870719705311
1787080804.881667, NoOp Chain Depth 64 Size 0 Mode ref, Ref Stage 7, run, end, 9199870719725983
1787080804.881682, NoOp Chain Depth 64 Size 0 Mode ref, Ref Stage 8, run, start, 9199870719741471
1787080804.881703, NoOp Chain Depth 64 Size 0 Mode ref, Ref Stage 8, run, end, 9199870719762015
1787080804.881717, NoOp Chain Depth 64 Size 0 Mode ref, Ref Stage 9, run, start, 9199870719777055
1787080804.881738, NoOp Chain Depth 64 Size 0 Mode ref, Ref Stage 9, run, end, 9199870719797951
1787080804.881754, NoOp Chain Depth 64 Size 0 Mode ref, Ref Stage 10, run, start, 9199870719813007
1787080804.881774, NoOp Chain Depth 64 Size 0 Mode ref, Ref Stage 10, run, end, 9199870719833711
1787080804.881789, NoOp Chain Depth 64 Size 0 Mode ref, Ref Stage 11, run, start, 9199870719848591
1787080804.881810, NoOp Chain Depth 64 Size 0 Mode ref, Ref Stage 11, run, end, 9199870719868943
1787080804.881824, NoOp Chain Depth 64 Size 0 Mode ref, Ref Stage 12, run, start, 9199870719883983
1787080804.881845, NoOp Chain Depth 64 Size 0 Mode ref, Ref Stage 12, run, end, 9199870719904191
1787080804.881860, NoOp Chain Depth 64 Size 0 Mode ref, Ref Stage 13, run, start, 9199870719918991
1787080804.881880, NoOp Chain Depth 64 Size 0 Mode ref, Ref Stage 13, run, end, 9199870719939151
1787080804.881894, NoOp Chain Depth 64 Size 0 Mode ref, Ref Stage 14, run, start, 9199870719953839
1787080804.881915, NoOp Chain Depth 64 Size 0 Mode ref, Ref Stage 14, run, end, 9199870719973871
1787080804.881930, NoOp Chain Depth 64 Size 0 Mode ref, Ref Stage 15, run, start, 9199870719988991
1787080804.881953, NoOp Chain Depth 64 Size 0 Mode ref, Ref Stage 15, run, end, 9199870720012111
1787080804.882004, NoOp Chain Depth 64 Size 0 Mode ref, Ref Stage 16, run, start, 9199870720063551
1787080804.882026, NoOp Chain Depth 64 Size 0 Mode ref, Ref Stage 16, run, end, 9199870720085151
1787080804.882041, NoOp Chain Depth 64 Size 0 Mode ref, Ref Stage 17, run, start, 9199870720100319
1787080804.882062, NoOp Chain Depth 64 Size 0 Mode ref, Ref Stage 17, run, end, 9199870720121183
1787080804.882091, NoOp Chain Depth 64 Size 0 Mode ref, Ref Stage 18, run, start, 9199870720150591
1787080804.882114, NoOp Chain Depth 64 Size 0 Mode ref, Ref Stage 18, run, end, 9199870720173183
1787080804.882128, NoOp Chain Depth 64 Size 0 Mode ref, Ref Stage 19, run, start, 9199870720187999
1787080804.882178, NoOp Chain Depth 64 Size 0 Mode ref, Ref Stage 19, run, end, 9199870720237071
1787080804.882679, NoOp Chain Depth 64 Size 0 Mode ref, Ref Stage 20, run, start, 9199870720740015
1787080804.882704, NoOp Chain Depth 64 Size 0 Mode ref, Ref Stage 20, run, end, 9199870720763503
1787080804.882850, NoOp Chain Depth 64 Size 0 Mode ref, Ref Stage 21, run, start, 9199870720909567
1787080804.882872, NoOp Chain Depth 64 Size 0 Mode ref, Ref Stage 21, run, end, 9199870720931199
1787080804.882888, NoOp Chain Depth 64 Size 0 Mode ref, Ref Stage 22, run, start, 9199870720947135
1787080804.882908, NoOp Chain Depth 64 Size 0 Mode ref, Ref Stage 22, run, end, 9199870720967727
1787080804.882923, NoOp Chain Depth 64 Size 0 Mode ref, Ref Stage 23, run, start, 9199870720982863
1787080804.882950, NoOp Chain Depth 64 Size 0 Mode ref, Ref Stage 23, run, end, 9199870721009647
1787080804.882966, NoOp Chain Depth 64 Size 0 Mode ref, Ref Stage 24, run, start, 9199870721025695
1787080804.882987, NoOp Chain Depth 64 Size 0 Mode ref, Ref Stage 24, run, end, 9199870721046223
1787080804.883002, NoOp Chain Depth 64 Size 0 Mode ref, Ref Stage 25, run, start, 9199870721061439
1787080804.883024, NoOp Chain Depth 64 Size 0 Mode ref, Ref Stage 25, run, end, 9199870721083727
1787080804.883036, NoOp Chain Depth 64 Size 0 Mode ref, Ref Stage 26, run, start, 9199870721095967
1787080804.883067, NoOp Chain Depth 64 Size 0 Mode ref, Ref Stage 26, run, end, 9199870721126192
1787080804.883082, NoOp Chain Depth 64 Size 0 Mode ref, Ref Stage 27, run, start, 9199870721140976
1787080804.883102, NoOp Chain Depth 64 Size 0 Mode ref, Ref Stage 27, run, end, 9199870721161040
1787080804.883116, NoOp Chain Depth 64 Size 0 Mode ref, Ref Stage 28, run, start, 9199870721175408
1787080804.883136, NoOp Chain Depth 64 Size 0 Mode ref, Ref Stage 28, run, end, 9199870721194992
1787080804.883150, NoOp Chain Depth 64 Size 0 Mode ref, Ref Stage 29, run, start, 9199870721209280
1787080804.883170, NoOp Chain Depth 64 Size 0 Mode ref, Ref Stage 29, run, end, 9199870721229152
1787080804.883185, NoOp Chain Depth 64 Size 0 Mode ref, Ref Stage 30, run, start, 9199870721244048
1787080804.883206, NoOp Chain Depth 64 Size 0 Mode ref, Ref Stage 30, run, end, 9199870721265360
1787080804.883218, NoOp Chain Depth 64 Size 0 Mode ref, Ref Stage 31, run, start, 9199870721277440
1787080804.883248, NoOp Chain Depth 64 Size 0 Mode ref, Ref Stage 31, run, end, 9199870721307168
1787080804.883262, NoOp Chain Depth 64 Size 0 Mode ref, Ref Stage 32, run, start, 9199870721321552
1787080804.883282, NoOp Chain Depth 64 Size 0 Mode ref, Ref Stage 32, run, end, 9199870721341152
1787080804.883296, NoOp Chain Depth 64 Size 0 Mode ref, Ref Stage 33, run, start, 9199870721355616
1787080804.883316, NoOp Chain Depth 64 Size 0 Mode ref, Ref Stage 33, run, end, 9199870721375184
1787080804.883330, NoOp Chain Depth 64 Size 0 Mode ref, Ref Stage 34, run, start, 9199870721389696
1787080804.883350, NoOp Chain Depth 64 Size 0 Mode ref, Ref Stage 34, run, end, 9199870721409456
1787080804.883365, NoOp Chain Depth 64 Size 0 Mode ref, Ref Stage 35, run, start, 9199870721424000
1787080804.883384, NoOp Chain Depth 64 Size 0 Mode ref, Ref Stage 35, run, end, 9199870721443696
1787080804.883399, NoOp Chain Depth 64 Size 0 Mode ref, Ref Stage 36, run, start, 9199870721458032
1787080804.883419, NoOp Chain Depth 64 Size 0 Mode ref, Ref Stage 36, run, end, 9199870721478112
1787080804.883433, NoOp Chain Depth 64 Size 0 Mode ref, Ref Stage 37, run, start, 9199870721492560
1787080804.883453, NoOp Chain Depth 64 Size 0 Mode ref, Ref Stage 37, run, end, 9199870721512464
1787080804.883467, NoOp Chain Depth 64 Size 0 Mode ref, Ref Stage 38, run, start, 9199870721526816
1787080804.883487, NoOp Chain Depth 64 Size 0 Mode ref, Ref Stage 38, run, end, 9199870721546480
1787080804.883502, NoOp Chain Depth 64 Size 0 Mode ref, Ref Stage 39, run, start, 9199870721560960
1787080804.883522, NoOp Chain Depth 64 Size 0 Mode ref, Ref Stage 39, run, end, 9199870721581056
1787080804.883536, NoOp Chain Depth 64 Size 0 Mode ref, Ref Stage 40, run, start, 9199870721595776
1787080804.883559, NoOp Chain Depth 64 Size 0 Mode ref, Ref Stage 40, run, end, 9199870721618160
1787080804.883573, NoOp Chain Depth 64 Size 0 Mode ref, Ref Stage 41, run, start, 9199870721632528
1787080804.883593, NoOp Chain Depth 64 Size 0 Mode ref, Ref Stage 41, run, end, 9199870721652320
1787080804.883608, NoOp Chain Depth 64 Size 0 Mode ref, Ref Stage 42, run, start, 9199870721666800
1787080804.883636, NoOp Chain Depth 64 Size 0 Mode ref, Ref Stage 42, run, end, 9199870721695808
1787080804.883651, NoOp Chain Depth 64 Size 0 Mode ref, Ref Stage 43, run, start, 9199870721710480
1787080804.883671, NoOp Chain Depth 64 Size 0 Mode ref, Ref Stage 43, run, end, 9199870721730464
1787080804.883686, NoOp Chain Depth 64 Size 0 Mode ref, Ref Stage 44, run, start, 9199870721745088
1787080804.883706, NoOp Chain Depth 64 Size 0 Mode ref, Ref Stage 44, run, end, 9199870721765344
1787080804.883720, NoOp Chain Depth 64 Size 0 Mode ref, Ref Stage 45, run, start, 9199870721779600
1787080804.883740, NoOp Chain Depth 64 Size 0 Mode ref, Ref Stage 45, run, end, 9199870721799504
1787080804.883754, NoOp Chain Depth 64 Size 0 Mode ref, Ref Stage 46, run, start, 9199870721813808
1787080804.883775, NoOp Chain Depth 64 Size 0 Mode ref, Ref Stage 46, run, end, 9199870721833872
1787080804.883789, NoOp Chain Depth 64 Size 0 Mode ref, Ref Stage 47, run, start, 9199870721848512
1787080804.883809, NoOp Chain Depth 64 Size 0 Mode ref, Ref Stage 47, run, end, 9199870721868224
1787080804.883823, NoOp Chain Depth 64 Size 0 Mode ref, Ref Stage 48, run, start, 9199870721882672
1787080804.883843, NoOp Chain Depth 64 Size 0 Mode ref, Ref Stage 48, run, end, 9199870721902416
1787080804.883858, NoOp Chain Depth 64 Size 0 Mode ref, Ref Stage 49, run, start, 9199870721917072
1787080804.883878, NoOp Chain Depth 64 Size 0 Mode ref, Ref Stage 49, run, end, 9199870721937056
1787080804.883893, NoOp Chain Depth 64 Size 0 Mode ref, Ref Stage 50, run, start, 9199870721952768
1787080804.883913, NoOp Chain Depth 64 Size 0 Mode ref, Ref Stage 50, run, end, 9199870721972592
1787080804.883928, NoOp Chain Depth 64 Size 0 Mode ref, Ref Stage 51, run, start, 9199870721986848
1787080804.883952, NoOp Chain Depth 64 Size 0 Mode ref, Ref Stage 51, run, end, 9199870722011136
1787080804.883964, NoOp Chain Depth 64 Size 0 Mode ref, Ref Stage 52, run, start, 9199870722023024
1787080804.883994, NoOp Chain Depth 64 Size 0 Mode ref, Ref Stage 52, run, end, 9199870722053488
1787080804.884009, NoOp Chain Depth 64 Size 0 Mode ref, Ref Stage 53, run, start, 9199870722067888
1787080804.884028, NoOp Chain Depth 64 Size 0 Mode ref, Ref Stage 53, run, end, 9199870722087424
1787080804.884042, NoOp Chain Depth 64 Size 0 Mode ref, Ref Stage 54, run, start, 9199870722101648
1787080804.884062, NoOp Chain Depth 64 Size 0 Mode ref, Ref Stage 54, run, end, 9199870722121328
1787080804.884077, NoOp Chain Depth 64 Size 0 Mode ref, Ref Stage 55, run, start, 9199870722136016
1787080804.884097, NoOp Chain Depth 64 Size 0 Mode ref, Ref Stage 55, run, end, 9199870722155728
1787080804.884111, NoOp Chain Depth 64 Size 0 Mode ref, Ref Stage 56, run, start, 9199870722169888
1787080804.884132, NoOp Chain Depth 64 Size 0 Mode ref, Ref Stage 56, run, end, 9199870722191232
1787080804.884147, NoOp Chain Depth 64 Size 0 Mode ref, Ref Stage 57, run, start, 9199870722206624
1787080804.884167, NoOp Chain Depth 64 Size 0 Mode ref, Ref Stage 57, run, end, 9199870722226688
1787080804.884677, NoOp Chain Depth 64 Size 0 Mode ref, Ref Stage 58, run, start, 9199870722737328
1787080804.884701, NoOp Chain Depth 64 Size 0 Mode ref, Ref Stage 58, run, end, 9199870722760880
1787080804.884717, NoOp Chain Depth 64 Size 0 Mode ref, Ref Stage 59, run, start, 9199870722776128
1787080804.884737, NoOp Chain Depth 64 Size 0 Mode ref, Ref Stage 59, run, end, 9199870722796432
1787080804.884752, NoOp Chain Depth 64 Size 0 Mode ref, Ref Stage 60, run, start, 9199870722811120
1787080804.884772, NoOp Chain Depth 64 Size 0 Mode ref, Ref Stage 60, run, end, 9199870722831504
1787080804.884789, NoOp Chain Depth 64 Size 0 Mode ref, Ref Stage 61, run, start, 9199870722847984
1787080804.884810, NoOp Chain Depth 64 Size 0 Mode ref, Ref Stage 61, run, end, 9199870722869632
1787080804.884822, NoOp Chain Depth 64 Size 0 Mode ref, Ref Stage 62, run, start, 9199870722881408
1787080804.884852, NoOp Chain Depth 64 Size 0 Mode ref, Ref Stage 62, run, end, 9199870722911152
1787080804.884867, NoOp Chain Depth 64 Size 0 Mode ref, Ref Stage 63, run, start, 9199870722926048
1787080804.884887, NoOp Chain Depth 64 Size 0 Mode ref, Ref Stage 63, run, end, 9199870722945712
1787080804.884902, NoOp Chain Depth 64 Size 0 Mode ref, pipeline - train, run, end, 320987493796020332427573852198737042772, 1787080804.881335, 101, 1, 9199870722961296
